20 74.316499999999991
20.290906698750476 74.292742540410515
20.586044732869844 74.267686193752084
20.885475648548283 74.242234569873403
21.189261887185914 74.216412821546456
21.49746679841394 74.191080802830868
21.810154653305165 74.165687551797845
22.12739065777668 74.140467985700084
22.449240966187475 74.114978667832460
22.77577269513385 74.088059384444904
23.107053937445478 74.059365113513621
23.44315377638505 74.028400341575619
23.784142300054445 73.994625414244410
24.130090616010463 73.958406802954869
24.481070866093134 73.920308533019707
24.837156241469714 73.882098651641186
25.1984209978975 73.845901978952369
25.56494047120865 73.811242968270619
25.936791093020236 73.775478880571029
26.3140504066728 73.734814025579340
26.69679708340074 73.686178390095151
27.08511093873791 73.634318623772856
27.47907294916184 73.588650849655778
27.878765268980047 73.555289517998943
28.284271247461966 73.530012267647209
28.695675446220072 73.495780025469571
29.11306365684382 73.438821950347005
29.536522918790062 73.350734499490386
29.966141537533712 73.247626030991910
30.402009102982383 73.169849317778585
30.844216508158908 73.148581619015232
31.29285596815558 73.157732098805837
31.74802103936409 73.164259894803166
32.20980663898519 73.146005662242203
32.67830906482211 73.102529384739924
33.153626015361866 73.052059154555991
33.63585661014871 73.009446610848983
34.125101410453844 72.972366785753238
34.62146244024586 72.930339605736393
35.12504320746613 72.881745765668313
35.635948725613716 72.833036512145995
36.15428553564419 72.786651445185086
36.68016172818701 72.736303665453107
37.21368696608603 72.680921807662713
37.754972507267915 72.624138539779196
38.30413122794313 72.568795237661575
38.86127764614443 72.513166729017087
39.4265279456077 72.454168655263018
40.000000000000206 72.392999999999972
40.58181339750116 72.332879081855140
41.1720894657399 72.271407436948238
41.77095129709678 72.209025812471793
42.37852377437204 72.148147605209076
42.9949335968281 72.088568705532992
43.62030930661056 72.029937854193747
44.25478131555359 71.973362385104707
44.89848193237519 71.916467459198387
45.55154539026795 71.856529558753365
46.21410787489121 71.792671598186402
46.88630755277036 71.729855539103852
47.56828460010916 71.669451944058977
48.260181232021196 71.607963418654052
48.962141732186545 71.542971152243751
49.674312482939705 71.476854788579828
50.39684199579528 71.412276281963258
51.129880942417586 71.349666963818308
51.873582186040764 71.289913999923982
52.628100813345895 71.231054660275674
53.393594166801776 71.166084487384950
54.17022187747612 71.089597764328957
54.95814589832399 71.003776776575876
55.75753053796041 70.922640802099863
56.56854249492426 70.858917754107836
57.39135089244048 70.795039498696326
58.226127313687975 70.716656167955350
59.073045837580466 70.620911993425096
59.932283075067765 70.555180344757304
60.804018205965114 70.495626788550680
61.68843301631817 70.412022130467776
62.58571193631152 70.324580624156766
63.49604207872855 70.237635897323969
64.41961327797075 70.143181765979165
65.35661812964459 70.045373114230003
66.3072520307241 69.955729951373087
67.27171322029778 69.869736247800674
68.25020282090806 69.771728703804655
69.2429248804921 69.673323084680135
70.25008641493265 69.590867697938194
71.27189745122783 69.502077588310200
72.30857107128878 69.410702884117683
73.36032345637442 69.330935255587349
74.42737393217246 69.241613163409710
75.50994501453623 69.147766684950767
76.60826245588666 69.074842972816924
77.72255529228926 69.019817909261533
78.85305589121582 68.953104189114939
80.00000000000082 68.890499999999975
81.16362679500274 68.846863886097111
82.34417893148023 68.796652345650614
83.541902594194 68.739107183036253
84.75704754874454 68.676653805137391
85.98986719365665 68.601720700034193
87.24061861322157 68.508852606482037
88.50956263110764 68.410846553540978
89.79696386475084 68.322874135908691
91.10309078053635 68.237758542320051
92.42821574978288 68.163003343177465
93.77261510554118 68.110053378125230
95.13656920021877 68.096093311319166
96.52036246404286 68.113551905274733
97.92428346437356 68.138791134275237
99.34862496587989 68.176830258466737
100.79368399159105 68.242181742198568
102.25976188483567 68.340254919093951
103.74716437208203 68.455672000152106
105.25620162669229 68.565363797914841
106.78718833360406 68.658220981681012
108.34044375495276 68.725135383505034
109.9162917966485 68.761171711041456
111.51506107592134 68.761522574538560
113.13708498984903 68.723335076404283
114.78270178488147 68.665101409185297
116.45225462737648 68.584547286253553
118.14609167516147 68.494987343918353
119.86456615013608 68.394853081138677
121.60803641193078 68.291877794891562
123.3768660326369 68.189166214944464
125.17142387262359 68.087514545714825
126.99208415745765 67.987755511602245
128.83922655594208 67.893477346298795
130.71323625928977 67.802989449194285
132.61450406144883 67.717651707465237
134.5434264405962 67.639442225426905
136.50040564181674 67.564610092663230
138.48584976098482 67.492981108126514
140.50017282986593 67.426661539380646
142.5437949024563 67.366034084560454
144.61714214257822 67.311262875364264
146.7206469127495 67.260204474094024
148.8547478643456 67.208173202537097
151.01989002907314 67.153074903232465
153.216524911774 67.094367217417386
155.4451105845792 67.032947881514872
157.70611178243232 66.968816646527046
160.00000000000236 66.899999999999920
162.3272535900062 66.825062434401815
164.6883578629612 66.748159533667462
167.08380518838874 66.671734995009245
169.51409509748981 66.597271509036318
171.97973438731407 66.523503915258047
174.4812372264439 66.450940367878417
177.01912526221608 66.380675967815279
179.5939277295025 66.310126380211642
182.20618156107355 66.239433097851020
184.85643149956664 66.173531785110669
187.54523021108326 66.115095395778326
190.27313840043846 66.061028881112023
193.04072492808663 66.011956546136233
195.84856692874806 65.969629203154767
198.69724993176072 65.934090800764267
201.58736798318304 65.902832636176583
204.5195237696723 65.872298254380041
207.49432874416505 65.841558602976960
210.5124032533856 65.811128034675050
213.57437666720915 65.782330609995114
216.68088750990657 65.755712456165782
219.83258359329807 65.726174164067018
223.03012215184378 65.685487177295016
226.2741699796992 65.638887450304509
229.5654035697641 65.585243273837264
232.90450925475412 65.524750663662843
236.2921833503241 65.457145012130454
239.72913230027333 65.382391372469044
243.21607282386276 65.303557334154135
246.75373206527502 65.222633379006851
250.34284774524843 65.140157357827434
253.9841683149166 65.056862149796274
257.67845311188546 64.973734804982570
261.42647251858085 64.888976059267108
265.22900812289896 64.803933195280877
269.08685288119375 64.718618187574137
273.0008112836349 64.634608064454113
276.97169952197106 64.552808934441074
281.00034565973334 64.473793363333115
285.0875898049141 64.395353311667606
289.23428428515797 64.317395455439026
293.44129382550057 64.241400840523539
297.7094957286928 64.165541925602142
302.0397800581479 64.088793903967868
306.4330498235497 64.010205103176105
310.89022116916016 63.930462296601270
315.41222356486645 63.848456308762941
320.00000000000654 63.764499999999877
324.6545071800142 63.679322518605737
329.3767157259242 63.596407474796322
334.16761037677935 63.516317667745469
339.02819019498156 63.440868690016785
343.95946877463007 63.371359330910103
348.9624744528898 63.313016533572920
354.03825052443415 63.271616946119195
359.187855459007 63.250261291439372
364.4123631221491 63.247500000000002
369.71286299913527 63.258339584898010
375.0904604221685 63.273174459385608
380.54627680087896 63.283696390973120
386.08144985617537 63.292622174784263
391.6971338574982 63.309265685036870
397.3944998635236 63.335564249112906
403.1747359663683 63.375781397086698
409.0390475393468 63.417013570890589
414.9886574883323 63.457920602418326
421.0248065067734 63.496932781433017
427.1487533344206 63.529990327227026
433.3617750198154 63.554675768814398
439.6651671865984 63.574114763390284
446.06024430368984 63.592509045885762
452.54833995940066 63.612919189857905
459.13080713953053 63.642154035697658
465.8090185095106 63.679036692847937
472.58436670065066 63.721143474025567
479.45826460054917 63.766434062317970
486.432145647728 63.815411448663639
493.50746413055253 63.865981886646800
500.6856954904994 63.912485605038526
507.9683366298358 63.954815956660923
515.3569062237735 63.994386504325654
522.8529450371643 64.034564361158161
530.4580162458005 64.079919853566992
538.1737057623901 64.129029827019878
546.0016225672724 64.175509735403637
553.9433990439449 64.223524781584402
562.0006913194694 64.271303560295280
570.1751796098309 64.313367139068660
578.4685685703187 64.354419414423091
586.8825876510039 64.399854232080514
595.4189914573883 64.440843562412510
604.0795601162986 64.477828185479723
612.8660996471021 64.514159555680848
621.780442338323 64.551090403973049
630.8244471297356 64.588003900301374
640.0000000000159 64.627000000000066
649.3090143600314 64.667494212466138
658.7534314518515 64.705076054234809
668.3352207535618 64.736255945373713
678.0563803899662 64.764057865091900
687.9189375492632 64.788505450118237
697.9249489057827 64.810934887592722
708.0765010488715 64.831249177045294
718.3757109180171 64.848819923014730
728.8247262443015 64.863854616742032
739.425725998274 64.877282157497831
750.1809208443404 64.894361841688692
761.0925536017613 64.916185107203518
772.1628997123541 64.941061964731887
783.3942677149998 64.969131382188664
794.7889997270506 65.000235499226648
806.34947193274 65.034048415798225
818.0780950786972 65.070636922561945
829.9773149766683 65.110037732035522
842.0496130135506 65.151842379422988
854.2975066688449 65.195936587230307
866.7235500396347 65.243394200158548
879.3303343732008 65.294903921086103
892.1204886073838 65.351042198733239
905.0966799188055 65.411346314604174
918.2616142790653 65.477993890624305
931.6180370190256 65.550153743490000
945.1687334013056 65.627616308732684
958.9165292011028 65.710242219306707
972.8642912954606 65.797110749275390
987.0149282611097 65.889521258948065
1001.3713909810035 65.987554023834321
1015.9366732596762 66.089181602585697
1030.7138124475518 66.194777113451551
1045.7058900743334 66.305687557427859
1060.916032491606 66.418839709270657
1076.3474115247852 66.534105586435885
1092.0032451345498 66.651524338509120
1107.8867980878947 66.770516214367220
1124.0013826389438 66.890510369792082
1140.350359219667 67.013127694147499
1156.9371371406426 67.138001515178047
1173.765175302013 67.265349138221467
1190.837982914782 67.395035408351021
1208.1591202326028 67.527078958928911
1225.73219929421 67.661537418448887
1243.5608846766518 67.796848906445803
1261.648894259477 67.934419892847345
1280.0000000000375 68.075000000000273
1298.6180287200684 68.215699102755949
1317.5068629037087 68.358301471777821
1336.6704415071292 68.500361267152755
1356.112760779938 68.644234429771544
1375.8378750985323 68.789012435096751
1395.8498978115715 68.933223016798024
1416.153002097749 69.078224748297288
1436.7514218360407 69.225610237219485
1457.6494524886093 69.375923068868218
1478.8514519965543 69.527229076856088
1500.3618416886875 69.676554602322142
1522.1851072035295 69.830626856856924
1544.3257994247153 69.988486207892464
1566.788535430007 70.151892079347647
1589.5779994541087 70.316961596069589
1612.6989438654878 70.485210247972674
1636.156190157402 70.658502054771077
1659.9546299533442 70.837155187645422
1684.099226027109 71.021018086847107
1708.5950133376978 71.206274998965711
1733.4471000792773 71.391691134597750
1758.6606687464096 71.581974655722860
1784.2409772147755 71.774807329110814
1810.193359837619 71.969654065978887
1836.5232285581387 72.163045387333938
1863.2360740380593 72.348211139016513
1890.3374668026197 72.527500283553081
1917.833058402214 72.699638317421545
1945.7285825909298 72.862067492420124
1974.0298565222283 73.013377642437376
2002.7427819620161 73.147742562684556
2031.8733465193618 73.260401041535985
2061.4276248951132 73.352450093496529
2091.411780148677 73.423782377907031
2121.832064983222 73.471786263358638
2152.694823049581 73.494101873355476
2184.0064902691106 73.502798052919275
2215.7735961758003 73.479860364397823
2248.002765277899 73.438261919606276
2280.7007184393456 73.379098563121303
2313.874274281297 73.308357931248338
2347.530350604038 73.226589778469773
2381.6759658295764 73.136745841833019
2416.318240465218 73.043440750743912
2451.4643985884327 72.944253244093545
2487.1217693533167 72.838278603472389
2523.2977885189675 72.730853968582011
2560.0000000000887 72.626249999999743
2597.236057440151 72.523100842039582
2635.0137258074315 72.420463397846845
2673.340883014273 72.322147792464307
2712.225521559891 72.229010875052921
2751.6757501970797 72.142501190198814
2791.699795623158 72.056345439410208
2832.3060041955137 71.975503291818754
2873.502843672097 71.901045165757438
2915.2989049772345 71.832439686335050
2957.7029039931244 71.767907818249896
3000.723683377391 71.706041119524954
3044.370214407075 71.648682905804733
3088.6515988494466 71.597682676222462
3133.57707086003 71.553191209454468
3179.1559989082334 71.510593361026253
3225.3978877309914 71.472967499710990
3272.3123803148205 71.446575047874063
3319.9092599067053 71.432712703613063
3368.198452054235 71.430319845205418
3417.190026675413 71.439172708802886
3466.8942001585724 71.460136520095148
3517.3213374928373 71.495935630493420
3568.4819544295697 71.548363164859779
3620.386719675257 71.618099415496658
3673.0464571162966 71.704561764524669
3726.472148076138 71.804944296152286
3780.6749336052594 71.926277160658458
3835.6661168044484 72.064425160044195
3891.45716518188 72.221932744568932
3948.059713044477 72.389264026687741
4005.4855639240527 72.567913822099158
4063.746693038744 72.747364968884199
4122.855249790247 72.926351605636469
4182.823560297375 73.101587483423202
4243.664129966465 73.275852257975373
4305.389646099183 73.456476295224263
4368.012980538242 73.645972707632666
4431.5471923516225 73.840598182277461
4496.00553055582 74.031716315139676
4561.401436878714 74.207316110646801
4627.748548562617 74.350460540559538
4695.060701208099 74.421537882186016
4763.351931659176 74.400706345238973
4832.63648093046 74.263057801785308
4902.928797176889 73.990762738680431
4974.243538706657 73.631589811468274
5046.595577037959 73.225361322666060
5120.000000000202 72.830571428570380
5194.472114880326 72.485905221941465
5270.027451614888 72.209220708662713
5346.6817660285715 71.995796717380713
5424.451043119808 71.843243316106594
5503.351500394186 71.745980924586107
5583.399591246343 71.687290265689882
5664.612008391055 71.672623279496548
5747.005687344222 71.690947473994726
5830.597809954497 71.729145915927475
5915.405807986278 71.765040580798626
6001.447366754812 71.772622533904894
6088.740428814181 71.713824737444725
6177.303197698925 71.586159221301216
6267.154141720092 71.409976302387804
6358.3119978165005 71.224667564356082
6450.795775462017 71.071655808739735
6544.624760629676 70.973208915165515
6639.818519813445 70.918674406876491
6736.396904108505 70.871979873014354
6834.380053350861 70.799119946649142
6933.788400317181 70.684168935536917
7034.642674985712 70.519427143653076
7136.963908859177 70.306907107345367
7240.773439350552 70.080933785315125
7346.092914232631 69.879415541808243
7452.944296152315 69.664610612176531
7561.349867210557 69.359112931565676
7671.332233608935 68.949153417155657
7782.914330363799 68.450580439012469
7896.119426088994 67.886134206003703
8010.971127848146 67.275384518638987
8127.49338607753 66.631152320828562
8245.710499580537 65.970955210034845
8365.647120594791 65.321615955552787
8487.328259932974 64.720327531743692
8610.77929219841 64.234769207341088
8736.025961076528 63.871949786807036
8863.094384703289 63.593973397058470
8992.011061111683 63.416498105869579
9122.802873757471 63.360772073474543
9255.497097125279 63.425011945825325
9390.121402416245 63.590381144268704
9526.7038633184 63.844249894174922
9665.272961860968 64.174018109589895
9805.857594353829 64.570006315173742
9948.487077413367 65.020436629819002
10093.19115407597 65.510577570021326
10240.000000000457 66.013800000001567
10388.944229760706 66.506798114868559
10540.05490322983 66.964973263519838
10693.363532057198 67.382933971575198
10848.902086239672 67.756485777488848
11006.703000788428 68.083904979679687
11166.799182492743 68.373228589799979
11329.224016782166 68.646232316905781
11494.0113746885 68.920068863025094
11661.195619909053 69.169595307773903
11830.811615972614 69.363616845277988
12002.894733509682 69.453629552912759
12177.48085762842 69.493989362288261
12354.606395397908 69.491950784882434
12534.308283440243 69.464550597802329
12716.62399563306 69.412567361208190
12901.591550924093 69.416494326388403
13089.249521259411 69.466357729934643
13279.637039626952 69.649955559440428
13472.793808217073 70.000473542186867
13668.760106701786 70.494497705700610
13867.576800634426 71.057518795755783
14069.285349971487 71.545249362450107
14273.927817718419 71.903373681007224
14481.54687870117 71.958985078328567
14692.18582846533 71.624827915156459
14905.888592304698 71.065063984254962
15122.699734421185 70.516097388522653
15342.664467217943 70.222324277130539
15565.828660727671 70.287813944303053
15792.238852178061 70.600671424424661
16021.942255696367 71.015616112010491
16254.986772155136 71.549385819248869
16491.42099916115 72.160331861832418
16731.294241189662 72.425821541731523
16974.65651986603 71.989896577711704
17221.558584396902 70.917558043099064
17472.051922153143 69.579425751175506
17726.188769406665 68.273032520948391
17984.022122223458 67.084827166905484
18245.605747515034 65.954912862695295
18510.99419425065 64.686424892553603
18780.242804832582 63.014529521573508
19053.40772663689 60.811080760407862
19330.545923722028 58.202545181778930
19611.71518870775 55.418668176132059
19896.974154826825 54.045500000000004
20186.382308152035 54.045500000000004
