20 103.373999999999995
20.290906698750476 103.369636384973361
20.586044732869844 103.364732587010224
20.885475648548283 103.356887316038723
21.189261887185914 103.344929563080683
21.49746679841394 103.328151977475102
21.810154653305165 103.309314496829415
22.12739065777668 103.288219607244514
22.449240966187475 103.267545551876907
22.77577269513385 103.248458829455629
23.107053937445478 103.230968861461520
23.44315377638505 103.213603694541121
23.784142300054445 103.195832529247141
24.130090616010463 103.176911355437241
24.481070866093134 103.154777710150171
24.837156241469714 103.129256136938665
25.1984209978975 103.098394083941855
25.56494047120865 103.063918263852827
25.936791093020236 103.028175805400323
26.3140504066728 102.994376017052900
26.69679708340074 102.966216196870448
27.08511093873791 102.940159311886433
27.47907294916184 102.909825347443956
27.878765268980047 102.870381190170860
28.284271247461966 102.824240264046949
28.695675446220072 102.780606508055314
29.11306365684382 102.744311671334628
29.536522918790062 102.715041643578019
29.966141537533712 102.680242535459769
30.402009102982383 102.630742165976699
30.844216508158908 102.577177063950771
31.29285596815558 102.538669711870853
31.74802103936409 102.520051452976531
32.20980663898519 102.497974308715101
32.67830906482211 102.446722386174713
33.153626015361866 102.364271935127334
33.63585661014871 102.287408761696767
34.125101410453844 102.259003245134522
34.62146244024586 102.275008260528125
35.12504320746613 102.277371500195244
35.635948725613716 102.219402408700418
36.15428553564419 102.108317185909755
36.68016172818701 101.989688301275351
37.21368696608603 101.897511198680121
37.754972507267915 101.829770941308283
38.30413122794313 101.770086977205693
38.86127764614443 101.718505034449294
39.4265279456077 101.676464490876043
40.000000000000206 101.642499999999984
40.58181339750116 101.607591079786857
41.1720894657399 101.567884019142454
41.77095129709678 101.525557552480819
42.37852377437204 101.483003323646358
42.9949335968281 101.441091870853683
43.62030930661056 101.398879162407979
44.25478131555359 101.352684077949874
44.89848193237519 101.305029281779781
45.55154539026795 101.255045011919677
46.21410787489121 101.197624575113366
46.88630755277036 101.132670592469267
47.56828460010916 101.071342141216462
48.260181232021196 101.013764319814157
48.962141732186545 100.951907367806967
49.674312482939705 100.891926645201664
50.39684199579528 100.844929583276127
51.129880942417586 100.801500222863723
51.873582186040764 100.752882972410106
52.628100813345895 100.704813979091725
53.393594166801776 100.661344287089761
54.17022187747612 100.615699991876539
54.95814589832399 100.562429832931855
55.75753053796041 100.505079057971699
56.56854249492426 100.446849211612914
57.39135089244048 100.387431384851851
58.226127313687975 100.324796751248115
59.073045837580466 100.256583287155991
59.932283075067765 100.186985070919519
60.804018205965114 100.120201430840552
61.68843301631817 100.053963759507226
62.58571193631152 99.984607365070062
63.49604207872855 99.913064654741078
64.41961327797075 99.838381904567427
65.35661812964459 99.761792240563608
66.3072520307241 99.686341593634239
67.27171322029778 99.611806368816772
68.25020282090806 99.536860295484161
69.2429248804921 99.464645021283843
70.25008641493265 99.390368562087517
71.27189745122783 99.315739075865281
72.30857107128878 99.242820026260276
73.36032345637442 99.165876549412843
74.42737393217246 99.091720694408792
75.50994501453623 99.019441192603608
76.60826245588666 98.945305781794076
77.72255529228926 98.873133125327058
78.85305589121582 98.802684186009486
80.00000000000082 98.730999999999952
81.16362679500274 98.657788297785146
82.34417893148023 98.588169449410316
83.541902594194 98.514081603558054
84.75704754874454 98.435791948811470
85.98986719365665 98.356070917253646
87.24061861322157 98.277661418342149
88.50956263110764 98.196397554240221
89.79696386475084 98.115291276520693
91.10309078053635 98.024364207705872
92.42821574978288 97.948058561704059
93.77261510554118 97.836806898094267
95.13656920021877 97.780334684984695
96.52036246404286 97.660790391975254
97.92428346437356 97.561250638869723
99.34862496587989 97.518026776246927
100.79368399159105 97.426184931401053
102.25976188483567 97.284471748130642
103.74716437208203 97.144058495249581
105.25620162669229 97.035184768287664
106.78718833360406 96.951264544431808
108.34044375495276 96.892786687351418
109.9162917966485 96.856392190425993
111.51506107592134 96.831254496793235
113.13708498984903 96.809970604900911
114.78270178488147 96.785531104823434
116.45225462737648 96.757575684324607
118.14609167516147 96.735612378298100
119.86456615013608 96.736934282757247
121.60803641193078 96.751180501761198
123.3768660326369 96.782726044646452
125.17142387262359 96.815471347125481
126.99208415745765 96.848013627044182
128.83922655594208 96.889439779962487
130.71323625928977 96.938431747921442
132.61450406144883 96.997507642150708
134.5434264405962 97.069231480335489
136.50040564181674 97.151516225672680
138.48584976098482 97.230205215797909
140.50017282986593 97.306672946151792
142.5437949024563 97.380924548122579
144.61714214257822 97.434694269279305
146.7206469127495 97.475504032577135
148.8547478643456 97.507069823090745
151.01989002907314 97.527619340174439
153.216524911774 97.534923645194084
155.4451105845792 97.527884225907940
157.70611178243232 97.511438882175668
160.00000000000236 97.488499999999974
162.3272535900062 97.458711154047919
164.6883578629612 97.434616421370393
167.08380518838874 97.401076444249526
169.51409509748981 97.366399849615647
171.97973438731407 97.319905312253724
174.4812372264439 97.266309028463525
177.01912526221608 97.225116946119215
179.5939277295025 97.187428655149262
182.20618156107355 97.125462988348730
184.85643149956664 97.059089212510827
187.54523021108326 97.001959705145083
190.27313840043846 96.939818721270882
193.04072492808663 96.883009936395126
195.84856692874806 96.829895508668287
198.69724993176072 96.782062351050882
201.58736798318304 96.736072989608004
204.5195237696723 96.686661587992347
207.49432874416505 96.626381384093520
210.5124032533856 96.555958523545442
213.57437666720915 96.491874031656636
216.68088750990657 96.447137796738787
219.83258359329807 96.401053100202205
223.03012215184378 96.354563228798270
226.2741699796992 96.315863158553256
229.5654035697641 96.281918397040727
232.90450925475412 96.250875331831423
236.2921833503241 96.224016441522252
239.72913230027333 96.194802375447679
243.21607282386276 96.169028335482253
246.75373206527502 96.136747194904359
250.34284774524843 96.106957226260931
253.9841683149166 96.074640506205114
257.67845311188546 96.026220302906495
261.42647251858085 95.975314311934341
265.22900812289896 95.923622130187240
269.08685288119375 95.866784059663289
273.0008112836349 95.811863540618646
276.97169952197106 95.754317194969204
281.00034565973334 95.692394953367881
285.0875898049141 95.632694911906782
289.23428428515797 95.570909164151146
293.44129382550057 95.515451439033598
297.7094957286928 95.457838009371159
302.0397800581479 95.396168216649585
306.4330498235497 95.333437302470301
310.89022116916016 95.272495736570193
315.41222356486645 95.214305983082681
320.00000000000654 95.156499999999909
324.6545071800142 95.084820589427778
329.3767157259242 95.037483529031135
334.16761037677935 94.978571348214899
339.02819019498156 94.917244803543241
343.95946877463007 94.856298534072053
348.9624744528898 94.795950306565317
354.03825052443415 94.737867769073887
359.187855459007 94.687634158685341
364.4123631221491 94.629257824095291
369.71286299913527 94.593280249405367
375.0904604221685 94.545078479080217
380.54627680087896 94.459344221700462
386.08144985617537 94.406297271064290
391.6971338574982 94.436489929127788
397.3944998635236 94.434963251569485
403.1747359663683 94.397856844075676
409.0390475393468 94.402643174310938
414.9886574883323 94.429190451813753
421.0248065067734 94.481081620473645
427.1487533344206 94.559477860571235
433.3617750198154 94.645899889842582
439.6651671865984 94.745851498308184
446.06024430368984 94.871003076896642
452.54833995940066 94.992350783285445
459.13080713953053 95.120476604013206
465.8090185095106 95.257267461235841
472.58436670065066 95.386810783962034
479.45826460054917 95.509838077981073
486.432145647728 95.617879682762506
493.50746413055253 95.714315584628920
500.6856954904994 95.816042609280970
507.9683366298358 95.912082439305962
515.3569062237735 96.008037807702266
522.8529450371643 96.103321740159018
530.4580162458005 96.199524820964967
538.1737057623901 96.292522431376398
546.0016225672724 96.382302403549090
553.9433990439449 96.462948140678463
562.0006913194694 96.540106256441192
570.1751796098309 96.613813847073743
578.4685685703187 96.676014264277399
586.8825876510039 96.727419008375819
595.4189914573883 96.772865906859806
604.0795601162986 96.813338130494273
612.8660996471021 96.848769241495972
621.780442338323 96.881215865494013
630.8244471297356 96.908978673111363
640.0000000000159 96.931000000000040
649.3090143600314 96.956134338772088
658.7534314518515 96.981196593347391
668.3352207535618 97.004504529808543
678.0563803899662 97.031057865091896
687.9189375492632 97.058673025137935
697.9249489057827 97.089067341607915
708.0765010488715 97.124171578723491
718.3757109180171 97.159896202667156
728.8247262443015 97.196386541855063
739.425725998274 97.234903899893709
750.1809208443404 97.277329220536558
761.0925536017613 97.327340870674732
772.1628997123541 97.207590799660920
783.3942677149998 97.132965800128460
794.7889997270506 97.261206618960998
806.34947193274 97.462217871091980
818.0780950786972 97.560007105663090
829.9773149766683 97.607855093352057
842.0496130135506 97.666423000570006
854.2975066688449 97.730599098345039
866.7235500396347 97.798161200219511
879.3303343732008 97.869115939364562
892.1204886073838 97.944485582024058
905.0966799188055 98.022717164502694
918.2616142790653 98.104496336221800
931.6180370190256 98.189762700738328
945.1687334013056 98.278194161558588
958.9165292011028 98.369443528007352
972.8642912954606 98.463542894923108
987.0149282611097 98.560256047326050
1001.3713909810035 98.660145449899716
1015.9366732596762 98.762775269911657
1030.7138124475518 98.869675140244752
1045.7058900743334 98.978367703038913
1060.916032491606 99.088564899523178
1076.3474115247852 99.199291190413447
1092.0032451345498 99.313086128635945
1107.8867980878947 99.428679286137225
1124.0013826389438 99.545398874614591
1140.350359219667 99.663246309440126
1156.9371371406426 99.780559959984501
1173.765175302013 99.898245903657710
1190.837982914782 100.016740612158401
1208.1591202326028 100.136574061570059
1225.73219929421 100.254987623832548
1243.5608846766518 100.374430293140080
1261.648894259477 100.494270998587865
1280.0000000000375 100.616000000000241
1298.6180287200684 100.738613017713590
1317.5068629037087 100.863045295164483
1336.6704415071292 100.988274630834013
1356.112760779938 101.114330126050106
1375.8378750985323 101.241258347508079
1395.8498978115715 101.369043098548758
1416.153002097749 101.496725479812554
1436.7514218360407 101.625190029837555
1457.6494524886093 101.753202693031199
1478.8514519965543 101.880569508699807
1500.3618416886875 102.006569734459276
1522.1851072035295 102.131398813204186
1544.3257994247153 102.253405380847425
1566.788535430007 102.372136154944627
1589.5779994541087 102.485557517357890
1612.6989438654878 102.591875353008149
1636.156190157402 102.689062894007577
1659.9546299533442 102.774753001048836
1684.099226027109 102.847339972191037
1708.5950133376978 102.906018126408640
1733.4471000792773 102.949481230103061
1758.6606687464096 102.976716041372640
1784.2409772147755 102.988054458632888
1810.193359837619 102.983495585687677
1836.5232285581387 102.963285377728369
1863.2360740380593 102.931793103750522
1890.3374668026197 102.898095039836846
1917.833058402214 102.874730181454538
1945.7285825909298 102.874974859821819
1974.0298565222283 102.908200007739779
2002.7427819620161 102.982965441128655
2031.8733465193618 103.090554949105098
2061.4276248951132 103.226399855706347
2091.411780148677 103.382335379825150
2121.832064983222 103.551488572028944
2152.694823049581 103.728653917823209
2184.0064902691106 103.909337805817557
2215.7735961758003 104.093395347963053
2248.002765277899 104.278215623820131
2280.7007184393456 104.461888987338369
2313.874274281297 104.644614794833075
2347.530350604038 104.825703030711466
2381.6759658295764 105.004715022313803
2416.318240465218 105.182407114349346
2451.4643985884327 105.355870638136253
2487.1217693533167 105.525901590315470
2523.2977885189675 105.689966381265890
2560.0000000000887 105.849250000000382
2597.236057440151 106.003806032632610
2635.0137258074315 106.155554445702805
2673.340883014273 106.306321204793335
2712.225521559891 106.457438683364899
2751.6757501970797 106.607867850748903
2791.699795623158 106.757185491250965
2832.3060041955137 106.902686314894083
2873.502843672097 107.043999497864803
2915.2989049772345 107.179467638280116
2957.7029039931244 107.307105956941157
3000.723683377391 107.424682563852429
3044.370214407075 107.524230570466656
3088.6515988494466 107.597213368475508
3133.57707086003 107.635225541729767
3179.1559989082334 107.610219961190026
3225.3978877309914 107.498353414064212
3272.3123803148205 107.262730175693846
3319.9092599067053 106.882986530711491
3368.198452054235 106.388635042882868
3417.190026675413 105.877085649517880
3466.8942001585724 105.474054595108811
3517.3213374928373 105.274835783505438
3568.4819544295697 105.302119111491379
3620.386719675257 105.463372854847165
3673.0464571162966 105.624272426221438
3726.472148076138 105.710412996980153
3780.6749336052594 105.700516133080839
3835.6661168044484 105.631101154710649
3891.45716518188 105.502809048679950
3948.059713044477 105.354581126464780
4005.4855639240527 105.207020342072781
4063.746693038744 105.076474509624177
4122.855249790247 104.975240256489471
4182.823560297375 104.908285695533735
4243.664129966465 104.871346778234653
4305.389646099183 104.852267847322722
4368.012980538242 104.844231818937203
4431.5471923516225 104.839164149172376
4496.00553055582 104.828699032152741
4561.401436878714 104.800286044671267
4627.748548562617 104.745685171820682
4695.060701208099 104.652390737825414
4763.351931659176 104.521836847779667
4832.63648093046 104.351738758966803
4902.928797176889 104.139451820563352
4974.243538706657 103.894511083720701
5046.595577037959 103.612370357709239
5120.000000000202 103.303214285713409
5194.472114880326 102.970151877294512
5270.027451614888 102.620434335272989
5346.6817660285715 102.264013310042515
5424.451043119808 101.913280395371146
5503.351500394186 101.584426423403556
5583.399591246343 101.298667657645410
5664.612008391055 101.071247357889575
5747.005687344222 100.869181833798123
5830.597809954497 100.645374238100388
5915.405807986278 100.427631385029628
6001.447366754812 100.491129112269078
6088.740428814181 100.471249726537550
6177.303197698925 100.489186895778658
6267.154141720092 100.563127708648850
6358.3119978165005 100.667557517357963
6450.795775462017 100.776161162904003
6544.624760629676 100.878240379645419
6639.818519813445 100.981388575582670
6736.396904108505 101.115376566710424
6834.380053350861 101.319998044314076
6933.788400317181 101.624037559187840
7034.642674985712 102.028758104310356
7136.963908859177 102.499339288903911
7240.773439350552 102.965486570124270
7346.092914232631 103.323349498154599
7452.944296152315 103.453058620750099
7561.349867210557 103.269784765068991
7671.332233608935 102.839851673616693
7782.914330363799 102.258274471974602
7896.119426088994 101.621059577597762
8010.971127848146 101.013578524931233
8127.49338607753 100.484688009366096
8245.710499580537 100.045920645787618
8365.647120594791 99.664377180273391
8487.328259932974 99.287623997456933
8610.77929219841 98.883851496513557
8736.025961076528 98.447855389928606
8863.094384703289 98.008470927929693
8992.011061111683 97.604532008516728
9122.802873757471 97.263021049506762
9255.497097125279 96.955320685230561
9390.121402416245 96.616232278013030
9526.7038633184 96.215050427129995
9665.272961860968 95.786462226982366
9805.857594353829 95.385414765384127
9948.487077413367 95.058808747753716
10093.19115407597 94.850640809992882
10240.000000000457 94.767799999999909
10388.944229760706 94.817943302869054
10540.05490322983 95.006709070570679
10693.363532057198 95.316659453240320
10848.902086239672 95.731530293024662
11006.703000788428 96.218616155645492
11166.799182492743 96.745632984395399
11329.224016782166 97.240941449926936
11494.0113746885 97.514562227790137
11661.195619909053 97.857312679719342
11830.811615972614 98.158872530017547
12002.894733509682 98.241935727136394
12177.48085762842 98.263206382627047
12354.606395397908 98.194267674397111
12534.308283440243 98.056846000657330
12716.62399563306 97.832560166157378
12901.591550924093 97.541568709493873
13089.249521259411 97.221209745850004
13279.637039626952 96.818791975116767
13472.793808217073 96.291515689869698
13668.760106701786 95.634134707604176
13867.576800634426 94.908392459717646
14069.285349971487 94.227954644333977
14273.927817718419 93.625282576819259
14481.54687870117 93.120049366265235
14692.18582846533 92.690206484784682
14905.888592304698 92.343596660573667
15122.699734421185 92.122045778468959
15342.664467217943 92.056700853853513
15565.828660727671 92.152483969119643
15792.238852178061 92.360909890577489
16021.942255696367 92.503444202009860
16254.986772155136 92.092721642258496
16491.42099916115 90.633449593177374
16731.294241189662 88.183829072792719
16974.65651986603 84.806167800458638
17221.558584396902 81.174579708457756
17472.051922153143 77.749693389423669
17726.188769406665 74.663115675124601
17984.022122223458 71.983953689654015
18245.605747515034 70.888671793927955
18510.99419425065 72.715272784501451
18780.242804832582 75.086126145582867
19053.40772663689 76.401836189009529
19330.545923722028 76.353864301260387
19611.71518870775 76.637476678979539
19896.974154826825 77.557311474524255
20186.382308152035 77.822500000000005
