20 69.409999999999997
20.290906698750476 69.380509458374092
20.586044732869844 69.350995586556309
20.885475648548283 69.321453060998522
21.189261887185914 69.291473641224798
21.49746679841394 69.260450039147386
21.810154653305165 69.226982192915955
22.12739065777668 69.190453897529466
22.449240966187475 69.152470892463597
22.77577269513385 69.113027457315638
23.107053937445478 69.074494060459870
23.44315377638505 69.037484216500076
23.784142300054445 69.002484988578061
24.130090616010463 68.965990189719662
24.481070866093134 68.927991738924533
24.837156241469714 68.886480740317452
25.1984209978975 68.841946658304551
25.56494047120865 68.795507542476287
25.936791093020236 68.748026674950381
26.3140504066728 68.701493814324749
26.69679708340074 68.654524900992584
27.08511093873791 68.607486625405954
27.47907294916184 68.559991337287030
27.878765268980047 68.512527874308631
28.284271247461966 68.463967410802510
28.695675446220072 68.414538993718708
29.11306365684382 68.362992268095624
29.536522918790062 68.311557947363951
29.966141537533712 68.259483444004090
30.402009102982383 68.208498929060895
30.844216508158908 68.156473478956030
31.29285596815558 68.101517643098987
31.74802103936409 68.043997381464422
32.20980663898519 67.986524065494265
32.67830906482211 67.930965911968144
33.153626015361866 67.878541248305680
33.63585661014871 67.826015618189189
34.125101410453844 67.770988550432634
34.62146244024586 67.714948617750466
35.12504320746613 67.658995349489942
35.635948725613716 67.604005518769569
36.15428553564419 67.546967700815912
36.68016172818701 67.487481828293596
37.21368696608603 67.427535172349877
37.754972507267915 67.371002871237266
38.30413122794313 67.316487042124123
38.86127764614443 67.261471793898750
39.4265279456077 67.204047956055746
40.000000000000206 67.142999999999972
40.58181339750116 67.081019878616715
41.1720894657399 67.017990739773168
41.77095129709678 66.956005041035056
42.37852377437204 66.892549737380548
42.9949335968281 66.827007060726885
43.62030930661056 66.759467608047885
44.25478131555359 66.693022901599505
44.89848193237519 66.627951733072507
45.55154539026795 66.562545530485409
46.21410787489121 66.495989405144599
46.88630755277036 66.429970236828666
47.56828460010916 66.363973472966705
48.260181232021196 66.299483477422569
48.962141732186545 66.235487359559201
49.674312482939705 66.171972338992902
50.39684199579528 66.108013986540939
51.129880942417586 66.044010395205007
51.873582186040764 65.979536221774694
52.628100813345895 65.915991840173049
53.393594166801776 65.854032848117868
54.17022187747612 65.791481838709132
54.95814589832399 65.726987963388268
55.75753053796041 65.661038730618259
56.56854249492426 65.593538078412593
57.39135089244048 65.522970373752031
58.226127313687975 65.452489403051942
59.073045837580466 65.381995971202173
59.932283075067765 65.306475977574536
60.804018205965114 65.232498537756200
61.68843301631817 65.161465281542405
62.58571193631152 65.089523096420464
63.49604207872855 65.019997062686159
64.41961327797075 64.955526995206583
65.35661812964459 64.887027916882971
66.3072520307241 64.814482632079631
67.27171322029778 64.748019762539073
68.25020282090806 64.683987540709580
69.2429248804921 64.623004614592134
70.25008641493265 64.554993700672725
71.27189745122783 64.480507475424190
72.30857107128878 64.410029160534378
73.36032345637442 64.331475445204944
74.42737393217246 64.250473413871390
75.50994501453623 64.173503909400466
76.60826245588666 64.098982699096254
77.72255529228926 64.025529314813213
78.85305589121582 63.958496662120069
80.00000000000082 63.889999999999951
81.16362679500274 63.821521962665216
82.34417893148023 63.754489395546656
83.541902594194 63.683505772798185
84.75704754874454 63.607996857078120
85.98986719365665 63.526508778359272
87.24061861322157 63.439526523301140
88.50956263110764 63.350530674414046
89.79696386475084 63.264502414632034
91.10309078053635 63.170493936545306
92.42821574978288 63.081987087094781
93.77261510554118 63.001523036434151
95.13656920021877 62.928523056000017
96.52036246404286 62.867488253480090
97.92428346437356 62.821997215086853
99.34862496587989 62.808003684545739
100.79368399159105 62.805500546727345
102.25976188483567 62.802000568487777
103.74716437208203 62.797498529474424
105.25620162669229 62.783996839294176
106.78718833360406 62.759996301239582
108.34044375495276 62.729491834458358
109.9162917966485 62.700495072852092
111.51506107592134 62.673499341042771
113.13708498984903 62.655999767646222
114.78270178488147 62.651500815290419
116.45225462737648 62.674005486363193
118.14609167516147 62.710503066504820
119.86456615013608 62.767985487860869
121.60803641193078 62.840001801042362
123.3768660326369 62.927493373575878
125.17142387262359 63.027526302914040
126.99208415745765 63.140505672768526
128.83922655594208 63.265015474472037
130.71323625928977 63.393014905948881
132.61450406144883 63.512968710501511
134.5434264405962 63.613516669752485
136.50040564181674 63.690010314658480
138.48584976098482 63.740496179722925
140.50017282986593 63.766000295941552
142.5437949024563 63.769499648805578
144.61714214257822 63.755498311043510
146.7206469127495 63.730504195428352
148.8547478643456 63.695504135308298
151.01989002907314 63.654002107987743
153.216524911774 63.606010379715450
155.4451105845792 63.548996943150726
157.70611178243232 63.486496735212306
160.00000000000236 63.419499999999928
162.3272535900062 63.347491944408951
164.6883578629612 63.272488947471146
167.08380518838874 63.198506016719215
169.51409509748981 63.123497088458848
171.97973438731407 63.048008132099667
174.4812372264439 62.974993690786064
177.01912526221608 62.907496935332190
179.5939277295025 62.844501768171398
182.20618156107355 62.787996745603394
184.85643149956664 62.740493741731832
187.54523021108326 62.701497552741415
190.27313840043846 62.672499049996993
193.04072492808663 62.653501888138138
195.84856692874806 62.644501388048880
198.69724993176072 62.645000562130257
201.58736798318304 62.651501066436097
204.5195237696723 62.659998619857561
207.49432874416505 62.666500163391731
210.5124032533856 62.667998946431389
213.57437666720915 62.659997878443463
216.68088750990657 62.642500633594025
219.83258359329807 62.615003632989939
223.03012215184378 62.577998456157346
226.2741699796992 62.536997675756169
229.5654035697641 62.491994018951097
232.90450925475412 62.442507273020858
236.2921833503241 62.392997386044257
239.72913230027333 62.343998102949911
243.21607282386276 62.293999001707931
246.75373206527502 62.245503672932216
250.34284774524843 62.198002015074032
253.9841683149166 62.152497972383927
257.67845311188546 62.107994559755909
261.42647251858085 62.062994284550427
265.22900812289896 62.016999903148431
269.08685288119375 61.971001754138179
273.0008112836349 61.924502242031423
276.97169952197106 61.875503707736947
281.00034565973334 61.824995729986171
285.0875898049141 61.774505067233818
289.23428428515797 61.725496688858392
293.44129382550057 61.676496627442134
297.7094957286928 61.627505788075439
302.0397800581479 61.578502488949368
306.4330498235497 61.526999413117267
310.89022116916016 61.474497456701386
315.41222356486645 61.422497417406731
320.00000000000654 61.369499999999931
324.6545071800142 61.315505716923568
329.3767157259242 61.261503250910650
334.16761037677935 61.206004513481275
339.02819019498156 61.147997762865756
343.95946877463007 61.089994284378889
348.9624744528898 61.028994345074899
354.03825052443415 60.968497008300446
359.187855459007 60.907001726072053
364.4123631221491 60.847496061210421
369.71286299913527 60.790001486049746
375.0904604221685 60.740496708859133
380.54627680087896 60.701498899797770
386.08144985617537 60.679500240307789
391.6971338574982 60.682500904442556
397.3944998635236 60.720996620699481
403.1747359663683 60.806996071471914
409.0390475393468 60.946001538037692
414.9886574883323 61.138488918740165
421.0248065067734 61.375992386573671
427.1487533344206 61.646489104663743
433.3617750198154 61.928489788441652
439.6651671865984 62.187005999894339
446.06024430368984 62.416507474457831
452.54833995940066 62.615007694660591
459.13080713953053 62.763995634785061
465.8090185095106 62.880500232222644
472.58436670065066 62.965503254108185
479.45826460054917 63.026501650433595
486.432145647728 63.070000627880660
493.50746413055253 63.100501583952990
500.6856954904994 63.124998960790812
507.9683366298358 63.149001321188962
515.3569062237735 63.177999631951465
522.8529450371643 63.214499732371465
530.4580162458005 63.264000128433622
538.1737057623901 63.324997673860267
546.0016225672724 63.390496841869741
553.9433990439449 63.462503590306028
562.0006913194694 63.534997222717990
570.1751796098309 63.606501483394432
578.4685685703187 63.674996436829858
586.8825876510039 63.738496888024571
595.4189914573883 63.797499940954296
604.0795601162986 63.850997282787432
612.8660996471021 63.899000486274275
621.780442338323 63.942502078657526
630.8244471297356 63.985001949127010
640.0000000000159 64.025000000000077
649.3090143600314 64.065000059301269
658.7534314518515 64.104001733552110
668.3352207535618 64.142500862939542
678.0563803899662 64.180501465560042
687.9189375492632 64.218499759390852
697.9249489057827 64.254999813617928
708.0765010488715 64.292501872852569
718.3757109180171 64.330998919450849
728.8247262443015 64.371998925831790
739.425725998274 64.415998862741617
750.1809208443404 64.463499650405041
761.0925536017613 64.515497872735665
772.1628997123541 64.570999497202848
783.3942677149998 64.629001397897540
794.7889997270506 64.688499998574770
806.34947193274 64.750502534893229
818.0780950786972 64.813500515385826
829.9773149766683 64.878001747986147
842.0496130135506 64.944997852390287
854.2975066688449 65.015503037485217
866.7235500396347 65.089997302482715
879.3303343732008 65.168002130681458
892.1204886073838 65.249503200402842
905.0966799188055 65.334497903452132
918.2616142790653 65.422997407041194
931.6180370190256 65.513500258157904
945.1687334013056 65.607998140832663
958.9165292011028 65.705996643999725
972.8642912954606 65.805502089356878
987.0149282611097 65.906999485442910
1001.3713909810035 66.011002831834134
1015.9366732596762 66.116497633454330
1030.7138124475518 66.222998648282086
1045.7058900743334 66.330499211778999
1060.916032491606 66.438000226352642
1076.3474115247852 66.545502838827076
1092.0032451345498 66.653501651309284
1107.8867980878947 66.760498639851733
1124.0013826389438 66.867502492571248
1140.350359219667 66.974002306438450
1156.9371371406426 67.080500859777629
1173.765175302013 67.186001093519849
1190.837982914782 67.292499893423781
1208.1591202326028 67.399500735503608
1225.73219929421 67.507001207233984
1243.5608846766518 67.614999301423438
1261.648894259477 67.724499359874642
1280.0000000000375 67.834000000000231
1298.6180287200684 67.945000166490956
1317.5068629037087 68.054499205249414
1336.6704415071292 68.164502486500567
1356.112760779938 68.273998652749228
1375.8378750985323 68.381999316128855
1395.8498978115715 68.489999448513373
1416.153002097749 68.596500010897131
1436.7514218360407 68.703502149753007
1457.6494524886093 68.810002272900533
1478.8514519965543 68.916502248320910
1500.3618416886875 69.023499212527994
1522.1851072035295 69.130500520499496
1544.3257994247153 69.237999026157667
1566.788535430007 69.345497776731776
1589.5779994541087 69.453499997412948
1612.6989438654878 69.559999741433103
1636.156190157402 69.666000818989602
1659.9546299533442 69.768498406244703
1684.099226027109 69.870500968845789
1708.5950133376978 69.975500061182103
1733.4471000792773 70.089500514010723
1758.6606687464096 70.218998298669788
1784.2409772147755 70.362999871732910
1810.193359837619 70.513001954302297
1836.5232285581387 70.656001129400451
1863.2360740380593 70.788000333283264
1890.3374668026197 70.909997599805166
1917.833058402214 71.026500235526555
1945.7285825909298 71.138998316657577
1974.0298565222283 71.249999437262545
2002.7427819620161 71.359999164692709
2031.8733465193618 71.469501289701569
2061.4276248951132 71.579498603906700
2091.411780148677 71.688999197114470
2121.832064983222 71.799500235820261
2152.694823049581 71.911499357857394
2184.0064902691106 72.025498144183643
2215.7735961758003 72.138998557180514
2248.002765277899 72.244999228007600
2280.7007184393456 72.324999311124458
2313.874274281297 72.356999999999999
2347.530350604038 72.357000210489758
2381.6759658295764 72.377499979485336
2416.318240465218 72.422999958948637
2451.4643985884327 72.416997551997682
2487.1217693533167 72.198001416557958
2523.2977885189675 71.581503603993156
2560.0000000000887 70.791499999999218
2597.236057440151 70.465000188537743
2635.0137258074315 70.588999100008508
2673.340883014273 70.813999313231179
2712.225521559891 71.001497693004495
2751.6757501970797 71.133999160991465
2791.699795623158 71.221499553193752
2832.3060041955137 71.276500003055219
2873.502843672097 71.306499886160708
2915.2989049772345 71.328499949983240
2957.7029039931244 71.378999885662978
3000.723683377391 71.452499459060419
3044.370214407075 71.489500043576712
3088.6515988494466 71.498499918469008
3133.57707086003 71.503500022542624
3179.1559989082334 71.517999999652687
3225.3978877309914 71.565999883462808
3272.3123803148205 71.644000199757770
3319.9092599067053 71.668999884280183
3368.198452054235 71.647500632056563
3417.190026675413 71.716000077819388
3466.8942001585724 71.861000609283536
3517.3213374928373 72.014500458469385
3568.4819544295697 72.083999938094550
3620.386719675257 71.864501185459602
3673.0464571162966 71.192999713371847
3726.472148076138 71.159501380965779
3780.6749336052594 71.664999380799202
3835.6661168044484 72.207000812319649
3891.45716518188 72.594999563721160
3948.059713044477 72.445500757907723
4005.4855639240527 71.095510251498069
4063.746693038744 69.200009986870469
4122.855249790247 68.167492377459126
4182.823560297375 66.337513417862624
4243.664129966465 66.119501827607365
4305.389646099183 66.987495023395169
4368.012980538242 67.345499888742012
4431.5471923516225 67.647501289147982
4496.00553055582 68.079502758409973
4561.401436878714 68.419501063421848
4627.748548562617 68.580998901140390
4695.060701208099 68.816498954636728
4763.351931659176 69.199999616220197
4832.63648093046 69.343498924926337
4902.928797176889 69.329500040396113
4974.243538706657 69.535498667511348
5046.595577037959 69.581499731088925
5120.000000000202 69.589500000000683
5194.472114880326 69.841000362635924
5270.027451614888 70.079500565586443
5346.6817660285715 70.175499706982492
5424.451043119808 69.980499939884425
5503.351500394186 69.870500696526534
5583.399591246343 70.170502850195703
5664.612008391055 70.562000029737447
5747.005687344222 70.853998891964380
5830.597809954497 70.881499937479049
5915.405807986278 70.854500061130679
6001.447366754812 71.188002880075416
6088.740428814181 71.873503655642949
6177.303197698925 72.628501519305388
6267.154141720092 73.319000901705323
6358.3119978165005 73.898999986107313
6450.795775462017 74.267499105334480
6544.624760629676 74.134500339300786
6639.818519813445 74.216504184708413
6736.396904108505 74.993999228034681
6834.380053350861 75.281499718779486
6933.788400317181 74.757503161019599
7034.642674985712 74.391501179479548
7136.963908859177 75.152999321705835
7240.773439350552 76.069502100389315
7346.092914232631 76.572999589974643
7452.944296152315 76.626998377262566
7561.349867210557 76.033000727606677
7671.332233608935 74.390996067193186
7782.914330363799 72.512511273326609
7896.119426088994 71.308506103872190
8010.971127848146 70.590999157897627
8127.49338607753 69.823497807008579
8245.710499580537 69.152002842474673
8365.647120594791 69.112500123388628
8487.328259932974 69.237000588502866
8610.77929219841 69.516499534571039
8736.025961076528 69.317000061999352
8863.094384703289 69.156000779598259
8992.011061111683 69.565000156526494
9122.802873757471 69.899999676652641
9255.497097125279 70.225000260445583
9390.121402416245 70.586000397752230
9526.7038633184 70.720999864902538
9665.272961860968 70.563500043349507
9805.857594353829 70.630001835608653
9948.487077413367 71.070500305204604
10093.19115407597 71.641000638095676
10240.000000000457 72.249000000001871
10388.944229760706 72.857001233106345
10540.05490322983 73.667999480642663
10693.363532057198 74.829504197237867
10848.902086239672 76.056500680950251
11006.703000788428 77.302500007401861
11166.799182492743 78.805501510614079
11329.224016782166 80.150000081981972
11494.0113746885 80.954996945313013
11661.195619909053 81.104497529383735
11830.811615972614 80.428501530521785
12002.894733509682 79.083002083661512
12177.48085762842 77.545993451314672
12354.606395397908 76.193497585186648
12534.308283440243 75.096004376244878
12716.62399563306 73.858500029641505
12901.591550924093 72.388003570164159
13089.249521259411 71.274502840687035
13279.637039626952 70.433499828388591
13472.793808217073 69.597000830549334
13668.760106701786 68.652999624053280
13867.576800634426 67.952500702432815
14069.285349971487 67.988500707149569
14273.927817718419 68.401999631683310
14481.54687870117 68.365000021616794
14692.18582846533 67.643500587556261
14905.888592304698 66.450002276918639
15122.699734421185 65.192001540964952
15342.664467217943 64.147998151352397
15565.828660727671 63.265001342403451
15792.238852178061 62.592500439071827
16021.942255696367 62.297000139893271
16254.986772155136 62.424501237742120
16491.42099916115 62.803498395684571
16731.294241189662 63.057499196500544
16974.65651986603 62.896498959859464
17221.558584396902 62.402500831532748
17472.051922153143 61.482003960805571
17726.188769406665 60.256501111972057
17984.022122223458 59.068995924397967
18245.605747515034 58.118998615603360
18510.99419425065 57.627499373775983
18780.242804832582 56.759489487554603
19053.40772663689 53.191503570574561
19330.545923722028 46.025027831326810
19611.71518870775 36.231493281842731
19896.974154826825 26.076030088887912
20186.382308152035 26.076000000000001
