20 105.389000000000010
20.290906698750476 105.355060772015023
20.586044732869844 105.319674626473528
20.885475648548283 105.283742922174213
21.189261887185914 105.248252892318675
21.49746679841394 105.214387794384038
21.810154653305165 105.182035217759932
22.12739065777668 105.152375602477889
22.449240966187475 105.122986259811938
22.77577269513385 105.093054238126854
23.107053937445478 105.061972994394509
23.44315377638505 105.028207389082240
23.784142300054445 104.991744346994011
24.130090616010463 104.953689984538798
24.481070866093134 104.914629516916946
24.837156241469714 104.875370058810091
25.1984209978975 104.837413821468132
25.56494047120865 104.799387383330554
25.936791093020236 104.759952945003050
26.3140504066728 104.718074357491616
26.69679708340074 104.673876342700424
27.08511093873791 104.628403795801262
27.47907294916184 104.583255486421564
27.878765268980047 104.538487363825965
28.284271247461966 104.493730162779187
28.695675446220072 104.447301648238465
29.11306365684382 104.398432361178735
29.536522918790062 104.347617249745184
29.966141537533712 104.296063015495946
30.402009102982383 104.246272302420977
30.844216508158908 104.196455984607283
31.29285596815558 104.146062633622307
31.74802103936409 104.094225601512491
32.20980663898519 104.041582043155685
32.67830906482211 103.988529384739920
33.153626015361866 103.935447512294829
33.63585661014871 103.881919916273489
34.125101410453844 103.827613743439628
34.62146244024586 103.772760594013192
35.12504320746613 103.717870290386188
35.635948725613716 103.662045640182498
36.15428553564419 103.604720020007846
36.68016172818701 103.545641724714869
37.21368696608603 103.485353372832279
37.754972507267915 103.424588818348980
38.30413122794313 103.363441544698304
38.86127764614443 103.301759546748542
39.4265279456077 103.239581936085571
40.000000000000206 103.178499999999985
40.58181339750116 103.116924543512937
41.1720894657399 103.052546993921766
41.77095129709678 102.984316290469081
42.37852377437204 102.916949134338623
42.9949335968281 102.849882014950339
43.62030930661056 102.782133223617734
44.25478131555359 102.712870523556603
44.89848193237519 102.642997827318766
45.55154539026795 102.573624559836972
46.21410787489121 102.504565796272061
46.88630755277036 102.436430805930939
47.56828460010916 102.368476451165265
48.260181232021196 102.297241255869793
48.962141732186545 102.224911478004685
49.674312482939705 102.151925896113426
50.39684199579528 102.073851272781866
51.129880942417586 101.993419927039355
51.873582186040764 101.919610807250862
52.628100813345895 101.853879033097741
53.393594166801776 101.783386530782224
54.17022187747612 101.701482208051317
54.95814589832399 101.617049242603244
55.75753053796041 101.546352212019755
56.56854249492426 101.477321074189064
57.39135089244048 101.400473559863514
58.226127313687975 101.326902188717696
59.073045837580466 101.281044203907584
59.932283075067765 101.228630732420868
60.804018205965114 101.140997599972067
61.68843301631817 101.027754010221386
62.58571193631152 100.911419977968563
63.49604207872855 100.833237475276292
64.41961327797075 100.776564363487836
65.35661812964459 100.699880460414988
66.3072520307241 100.593702276620348
67.27171322029778 100.496306368816761
68.25020282090806 100.422986613820072
69.2429248804921 100.356859645686285
70.25008641493265 100.287869080577110
71.27189745122783 100.216243639883530
72.30857107128878 100.136542886618685
73.36032345637442 100.049412991392742
74.42737393217246 99.961382711494025
75.50994501453623 99.875266684950759
76.60826245588666 99.789938012591819
77.72255529228926 99.703024421720272
78.85305589121582 99.612153655770996
80.00000000000082 99.528999999999940
81.16362679500274 99.439788389354092
82.34417893148023 99.342385174007958
83.541902594194 99.239335560497295
84.75704754874454 99.123289153658305
85.98986719365665 99.009174392764820
87.24061861322157 98.911153082798791
88.50956263110764 98.815750927229914
89.79696386475084 98.714904497261188
91.10309078053635 98.614889117706895
92.42821574978288 98.508297945291503
93.77261510554118 98.393838499438033
95.13656920021877 98.282529668474069
96.52036246404286 98.178081600460928
97.92428346437356 98.073241473322923
99.34862496587989 97.960353249692133
100.79368399159105 97.868111941793018
102.25976188483567 97.795817223105615
103.74716437208203 97.734180843961354
105.25620162669229 97.678765412889192
106.78718833360406 97.639380194439923
108.34044375495276 97.608169793636080
109.9162917966485 97.586414144479278
111.51506107592134 97.586728924392517
113.13708498984903 97.603397682268678
114.78270178488147 97.609452705746605
116.45225462737648 97.597447958802178
118.14609167516147 97.580342002970013
119.86456615013608 97.531431537981931
121.60803641193078 97.441737477989761
123.3768660326369 97.374021805239906
125.17142387262359 97.372714238726246
126.99208415745765 97.382063326740337
128.83922655594208 97.359613259040998
130.71323625928977 97.327487378412172
132.61450406144883 97.296550569155073
134.5434264405962 97.270027886441795
136.50040564181674 97.240492292805470
138.48584976098482 97.204833716025462
140.50017282986593 97.177748358116276
142.5437949024563 97.158333948426673
144.61714214257822 97.162489996248539
146.7206469127495 97.172414975798645
148.8547478643456 97.186567033341888
151.01989002907314 97.204882988267471
153.216524911774 97.226095164064816
155.4451105845792 97.246424353870651
157.70611178243232 97.252010663444324
160.00000000000236 97.240999999999971
162.3272535900062 97.211211154047916
164.6883578629612 97.167858872176339
167.08380518838874 97.112822197554038
169.51409509748981 97.049022251387271
171.97973438731407 96.978587702767896
174.4812372264439 96.898911666417931
177.01912526221608 96.815368866346873
179.5939277295025 96.741707594665726
182.20618156107355 96.648430045928052
184.85643149956664 96.549840748216127
187.54523021108326 96.462170231794147
190.27313840043846 96.382898401588591
193.04072492808663 96.312238891697149
195.84856692874806 96.249707514968037
198.69724993176072 96.199322901064534
201.58736798318304 96.149633692311113
204.5195237696723 96.101466905339748
207.49432874416505 96.073773630232637
210.5124032533856 96.063718991866523
213.57437666720915 96.030480437489828
216.68088750990657 95.942743596580286
219.83258359329807 95.856310972472585
223.03012215184378 95.783822251583516
226.2741699796992 95.723718138675054
229.5654035697641 95.695680011319794
232.90450925475412 95.677025199098864
236.2921833503241 95.639347708120951
239.72913230027333 95.596385846246591
243.21607282386276 95.546596853024170
246.75373206527502 95.490878719971931
250.34284774524843 95.434814427853127
253.9841683149166 95.379739454236869
257.67845311188546 95.326162429877655
261.42647251858085 95.263678276248953
265.22900812289896 95.190005715588114
269.08685288119375 95.114451123618707
273.0008112836349 95.044985802536388
276.97169952197106 94.975252333485017
281.00034565973334 94.902393397899090
285.0875898049141 94.824370829628606
289.23428428515797 94.747242312296066
293.44129382550057 94.673121487436291
297.7094957286928 94.598583824747877
302.0397800581479 94.522548876475128
306.4330498235497 94.445421628087871
310.89022116916016 94.366934851893546
315.41222356486645 94.291352537161316
320.00000000000654 94.228499999999912
324.6545071800142 94.163802350197813
329.3767157259242 94.094662278828906
334.16761037677935 94.020902039159921
339.02819019498156 93.937103852568328
343.95946877463007 93.861003915258010
348.9624744528898 93.790421605104825
354.03825052443415 93.716233892238378
359.187855459007 93.642532452482101
364.4123631221491 93.570550625226559
369.71286299913527 93.497933776911850
375.0904604221685 93.434517858273608
380.54627680087896 93.375283280447604
386.08144985617537 93.313787761610840
391.6971338574982 93.265629358273912
397.3944998635236 93.225351350777913
403.1747359663683 93.193832636176566
409.0390475393468 93.177986984153563
414.9886574883323 93.188954629953329
421.0248065067734 93.220445184686398
427.1487533344206 93.273217542235983
433.3617750198154 93.353687148182530
439.6651671865984 93.436576066171511
446.06024430368984 93.524620534808420
452.54833995940066 93.633889455252984
459.13080713953053 93.756010047386951
465.8090185095106 93.873301060034294
472.58436670065066 93.984659686267747
479.45826460054917 94.097242918437587
486.432145647728 94.214346476011372
493.50746413055253 94.324400875157096
500.6856954904994 94.395871308751936
507.9683366298358 94.442298146015204
515.3569062237735 94.503431729695279
522.8529450371643 94.564503705908379
530.4580162458005 94.622349243797416
538.1737057623901 94.678790385663476
546.0016225672724 94.736225180094550
553.9433990439449 94.787188694741701
562.0006913194694 94.828302696145926
570.1751796098309 94.860235754361284
578.4685685703187 94.895067987995333
586.8825876510039 94.924900798013411
595.4189914573883 94.957175965829549
604.0795601162986 94.992838130494277
612.8660996471021 95.026183770218637
621.780442338323 95.055778596254498
630.8244471297356 95.088550454380012
640.0000000000159 95.122500000000059
649.3090143600314 95.156943353132107
658.7534314518515 95.192325367944449
668.3352207535618 95.230757644051920
678.0563803899662 95.272142435676855
687.9189375492632 95.316927112726603
697.9249489057827 95.363747259857178
708.0765010488715 95.412267205034595
718.3757109180171 95.463378554590079
728.8247262443015 95.516506103845927
739.425725998274 95.573398920390673
750.1809208443404 95.634040294854969
761.0925536017613 95.696782183210132
772.1628997123541 95.762586517515956
783.3942677149998 95.831479888542873
794.7889997270506 95.903562748248575
806.34947193274 95.977742444901736
818.0780950786972 96.053975163786816
829.9773149766683 96.132618288113974
842.0496130135506 96.213503621717024
854.2975066688449 96.296687232792578
866.7235500396347 96.381338150271347
879.3303343732008 96.467446273737764
892.1204886073838 96.554656672150458
905.0966799188055 96.642902589451950
918.2616142790653 96.731886312042889
931.6180370190256 96.821789940050394
945.1687334013056 96.912590253233759
958.9165292011028 97.005558094157493
972.8642912954606 97.100042894923121
987.0149282611097 97.198142385202345
1001.3713909810035 97.301194006292135
1015.9366732596762 97.409774828983487
1030.7138124475518 97.524735992882114
1045.7058900743334 97.645573593113255
1060.916032491606 97.771194672929497
1076.3474115247852 97.900997911678161
1092.0032451345498 98.034590185054128
1107.8867980878947 98.170172555039102
1124.0013826389438 98.307900602913264
1140.350359219667 98.446086326830567
1156.9371371406426 98.583889043618044
1173.765175302013 98.722842049328847
1190.837982914782 98.860412286066619
1208.1591202326028 98.999195850423945
1225.73219929421 99.138948151546941
1243.5608846766518 99.280202534671361
1261.648894259477 99.423414561125185
1280.0000000000375 99.569500000000289
1298.6180287200684 99.714454652177679
1317.5068629037087 99.861052158068190
1336.6704415071292 100.005028311303477
1356.112760779938 100.147623153693559
1375.8378750985323 100.289636753831971
1395.8498978115715 100.433619264243319
1416.153002097749 100.586532032644527
1436.7514218360407 100.748036801239138
1457.6494524886093 100.926845072397484
1478.8514519965543 101.119665823007196
1500.3618416886875 101.324480917045179
1522.1851072035295 101.534420731297956
1544.3257994247153 101.741229934649851
1566.788535430007 101.940396028949664
1589.5779994541087 102.128040875654705
1612.6989438654878 102.300146585935721
1636.156190157402 102.454775883763304
1659.9546299533442 102.593852279545260
1684.099226027109 102.725863758628549
1708.5950133376978 102.866976683760740
1733.4471000792773 103.033860076599325
1758.6606687464096 103.233654964594052
1784.2409772147755 103.458408073110164
1810.193359837619 103.693036371341819
1836.5232285581387 103.924638836457675
1863.2360740380593 104.144300263419922
1890.3374668026197 104.344975766290446
1917.833058402214 104.524278284429812
1945.7285825909298 104.683007204250117
1974.0298565222283 104.825688088350262
2002.7427819620161 104.960433944894476
2031.8733465193618 105.092211502243202
2061.4276248951132 105.221543612055967
2091.411780148677 105.348241239271289
2121.832064983222 105.471645053434571
2152.694823049581 105.589312159995330
2184.0064902691106 105.703722229171703
2215.7735961758003 105.804637768814217
2248.002765277899 105.893106083611372
2280.7007184393456 105.955945969893108
2313.874274281297 105.987549709712511
2347.530350604038 105.984650479677839
2381.6759658295764 105.946569849547117
2416.318240465218 105.884643812325351
2451.4643985884327 105.797046123811242
2487.1217693533167 105.693351789359610
2523.2977885189675 105.570292850757667
2560.0000000000887 105.434999999999661
2597.236057440151 105.294364784599438
2635.0137258074315 105.155451044620150
2673.340883014273 105.021473953600761
2712.225521559891 104.887692375977707
2751.6757501970797 104.749738927432759
2791.699795623158 104.607965725537781
2832.3060041955137 104.474797726532401
2873.502843672097 104.357597691762720
2915.2989049772345 104.257984255746891
2957.7029039931244 104.172557743772444
3000.723683377391 104.094778784300644
3044.370214407075 104.021289146228327
3088.6515988494466 103.947525426941553
3133.57707086003 103.865229998437201
3179.1559989082334 103.753112562991447
3225.3978877309914 103.591614681425625
3272.3123803148205 103.365104422630708
3319.9092599067053 103.073917940035329
3368.198452054235 102.738881067812216
3417.190026675413 102.401311929010603
3466.8942001585724 102.107204767213489
3517.3213374928373 101.880989611775647
3568.4819544295697 101.718349572558964
3620.386719675257 101.609104451700105
3673.0464571162966 101.547137015447433
3726.472148076138 101.527205835557709
3780.6749336052594 101.540961040128195
3835.6661168044484 101.569526314754853
3891.45716518188 101.602496797155709
3948.059713044477 101.631505602935292
4005.4855639240527 101.645457130327003
4063.746693038744 101.649937555116026
4122.855249790247 101.648595506279719
4182.823560297375 101.639834446501339
4243.664129966465 101.625493455079322
4305.389646099183 101.618461035390084
4368.012980538242 101.634920452656985
4431.5471923516225 101.682539639868736
4496.00553055582 101.753873072893825
4561.401436878714 101.849708198033198
4627.748548562617 101.967078238267433
4695.060701208099 102.110462342090230
4763.351931659176 102.271475200088361
4832.63648093046 102.446354850419198
4902.928797176889 102.631466929601117
4974.243538706657 102.824669731443308
5046.595577037959 103.024220281567352
5120.000000000202 103.220214285714803
5194.472114880326 103.397744600517314
5270.027451614888 103.538795981454939
5346.6817660285715 103.635973527066255
5424.451043119808 103.690772999207326
5503.351500394186 103.712527053641821
5583.399591246343 103.710745030656540
5664.612008391055 103.677840115888387
5747.005687344222 103.613729341092494
5830.597809954497 103.526883441900736
5915.405807986278 103.436944266491182
6001.447366754812 103.367339638918111
6088.740428814181 103.330001640774711
6177.303197698925 103.322035296929187
6267.154141720092 103.342209236216291
6358.3119978165005 103.387904078711728
6450.795775462017 103.451612747105756
6544.624760629676 103.532786017810793
6639.818519813445 103.636074057167747
6736.396904108505 103.768689093011972
6834.380053350861 103.934478300833121
6933.788400317181 104.129962466670833
7034.642674985712 104.347079951843213
7136.963908859177 104.572896501768696
7240.773439350552 104.788081136356311
7346.092914232631 104.963725434214055
7452.944296152315 105.059001325864742
7561.349867210557 105.019695128363125
7671.332233608935 104.819072314227242
7782.914330363799 104.445448363808325
7896.119426088994 103.894798365277310
8010.971127848146 103.176050749166336
8127.49338607753 102.326841118536578
8245.710499580537 101.385651022570357
8365.647120594791 100.407641577299444
8487.328259932974 99.447525958443094
8610.77929219841 98.556851221549692
8736.025961076528 97.777440339379353
8863.094384703289 97.115452130642666
8992.011061111683 96.553805143756762
9122.802873757471 96.056793637735069
9255.497097125279 95.624601834068017
9390.121402416245 95.279944095570215
9526.7038633184 95.053242595944681
9665.272961860968 94.971965071055536
9805.857594353829 95.067067696319867
9948.487077413367 95.370902807805535
10093.19115407597 95.919775148427931
10240.000000000457 96.683700000002631
10388.944229760706 97.625426339396725
10540.05490322983 98.663819592165098
10693.363532057198 99.674169640336729
10848.902086239672 100.495872742739266
11006.703000788428 100.950240129719106
11166.799182492743 100.982859146603317
11329.224016782166 100.562854059599189
11494.0113746885 99.896324050874426
11661.195619909053 99.086235828714649
11830.811615972614 98.332455609634053
12002.894733509682 97.731819343615243
12177.48085762842 97.282014028556546
12354.606395397908 97.081234156928261
12534.308283440243 97.044300384236152
12716.62399563306 97.217437273580600
12901.591550924093 97.612265356476570
13089.249521259411 98.115188716975226
13279.637039626952 98.765880824941377
13472.793808217073 99.533680722046199
13668.760106701786 100.301911586260474
13867.576800634426 100.961991491736740
14069.285349971487 101.428889927290371
14273.927817718419 101.737217912029081
14481.54687870117 101.874081447301876
14692.18582846533 101.912059130955953
14905.888592304698 101.925488434953763
15122.699734421185 101.898070465863540
15342.664467217943 101.778839414011827
15565.828660727671 101.492813071043528
15792.238852178061 100.954236845619576
16021.942255696367 100.076574391275074
16254.986772155136 98.837955716183998
16491.42099916115 97.484606200801579
16731.294241189662 95.853909978745094
16974.65651986603 93.575138478802643
17221.558584396902 90.667150229705271
17472.051922153143 87.277559420370267
17726.188769406665 83.545501457703750
17984.022122223458 79.547403380002976
18245.605747515034 75.426770996173019
18510.99419425065 72.421400434947287
18780.242804832582 73.241118748507802
19053.40772663689 76.356781920815024
19330.545923722028 79.379549794428755
19611.71518870775 81.541548234302638
19896.974154826825 82.277500000000003
20186.382308152035 82.277500000000003
