20 73.421999999999997
20.290906698750476 73.381757772532097
20.586044732869844 73.339023506988852
20.885475648548283 73.295130238212920
21.189261887185914 73.249128760014273
21.49746679841394 73.203245445095575
21.810154653305165 73.157552826639886
22.12739065777668 73.112824546233483
22.449240966187475 73.068106287712794
22.77577269513385 73.022139354161993
23.107053937445478 72.973585008208389
23.44315377638505 72.921333902626031
23.784142300054445 72.867497587741425
24.130090616010463 72.813335887304675
24.481070866093134 72.760065694590168
24.837156241469714 72.708298202188246
25.1984209978975 72.657969086541726
25.56494047120865 72.606908276301482
25.936791093020236 72.554336234947158
26.3140504066728 72.500152863886456
26.69679708340074 72.444718426552640
27.08511093873791 72.388159003352996
27.47907294916184 72.329987943782029
27.878765268980047 72.269488296480546
28.284271247461966 72.206369414148469
28.695675446220072 72.142561656728333
29.11306365684382 72.079718833414489
29.536522918790062 72.018850268450606
29.966141537533712 71.958274043207751
30.402009102982383 71.895705332544807
30.844216508158908 71.831990048218074
31.29285596815558 71.772151934020371
31.74802103936409 71.718469664630589
32.20980663898519 71.666372236516708
32.67830906482211 71.608215039989716
33.153626015361866 71.539227089572819
33.63585661014871 71.463713938647260
34.125101410453844 71.391361512409645
34.62146244024586 71.326438657409511
35.12504320746613 71.262744210199543
35.635948725613716 71.192787434785998
36.15428553564419 71.117937168402875
36.68016172818701 71.045078975335684
37.21368696608603 70.975934381374913
37.754972507267915 70.902575408139711
38.30413122794313 70.823380465808526
38.86127764614443 70.741622837376013
39.4265279456077 70.663194260289757
40.000000000000206 70.589999999999975
40.58181339750116 70.516303390661164
41.1720894657399 70.441058702824648
41.77095129709678 70.362800420464580
42.37852377437204 70.280072804249528
42.9949335968281 70.195446403590807
43.62030930661056 70.114660640103949
44.25478131555359 70.037530186150761
44.89848193237519 69.956858998095811
45.55154539026795 69.870262290754553
46.21410787489121 69.783771902065496
46.88630755277036 69.701642988463277
47.56828460010916 69.619610761114075
48.260181232021196 69.534176569837243
48.962141732186545 69.441798294823101
49.674312482939705 69.348711075336126
50.39684199579528 69.264843379011495
51.129880942417586 69.187069334395147
51.873582186040764 69.111374990727342
52.628100813345895 69.042111470379936
53.393594166801776 68.979750417281622
54.17022187747612 68.915473322231279
54.95814589832399 68.850502873699014
55.75753053796041 68.806759595827501
56.56854249492426 68.770415587728422
57.39135089244048 68.718126525034990
58.226127313687975 68.650718833414459
59.073045837580466 68.591019001851862
59.932283075067765 68.544190572408809
60.804018205965114 68.491824877704545
61.68843301631817 68.459211888070584
62.58571193631152 68.450107164361611
63.49604207872855 68.430878632441321
64.41961327797075 68.393729142740455
65.35661812964459 68.350200347619761
66.3072520307241 68.311824422832487
67.27171322029778 68.269468920002424
68.25020282090806 68.218243306910040
69.2429248804921 68.183661542340076
70.25008641493265 68.136994469444318
71.27189745122783 68.072958050377565
72.30857107128878 68.005314314296896
73.36032345637442 67.930362371627581
74.42737393217246 67.875413425187901
75.50994501453623 67.808129252089003
76.60826245588666 67.720524789275032
77.72255529228926 67.632321979548252
78.85305589121582 67.549446282119675
80.00000000000082 67.450999999999908
81.16362679500274 67.347243018053135
82.34417893148023 67.253785863588973
83.541902594194 67.160151639026452
84.75704754874454 67.064632553367744
85.98986719365665 66.966310426533539
87.24061861322157 66.869052130165258
88.50956263110764 66.771792365298040
89.79696386475084 66.676524674008448
91.10309078053635 66.576469873091668
92.42821574978288 66.474994243395287
93.77261510554118 66.372096222469224
95.13656920021877 66.266143476425441
96.52036246404286 66.160240473626288
97.92428346437356 66.050689256891729
99.34862496587989 65.943539028863938
100.79368399159105 65.840206681919156
102.25976188483567 65.741108969562447
103.74716437208203 65.649004421904621
105.25620162669229 65.566049463410479
106.78718833360406 65.485541414430188
108.34044375495276 65.405977812252360
109.9162917966485 65.327185352899278
111.51506107592134 65.244959257143762
113.13708498984903 65.153170152808542
114.78270178488147 65.051852795845804
116.45225462737648 64.941292912258220
118.14609167516147 64.829307371788232
119.86456615013608 64.715293112187595
121.60803641193078 64.602777662849149
123.3768660326369 64.494076657131330
125.17142387262359 64.384657426351708
126.99208415745765 64.273170641975199
128.83922655594208 64.155769058451682
130.71323625928977 64.036903300125047
132.61450406144883 63.912828227882926
134.5434264405962 63.782775288819160
136.50040564181674 63.650848937513274
138.48584976098482 63.524498777259183
140.50017282986593 63.404074029325557
142.5437949024563 63.294059041084438
144.61714214257822 63.209665740724603
146.7206469127495 63.165904873100715
148.8547478643456 63.178511158995434
151.01989002907314 63.254758149546689
153.216524911774 63.397127412165531
155.4451105845792 63.605797496057448
157.70611178243232 63.863434193952152
160.00000000000236 64.146500000000273
162.3272535900062 64.422512275774736
164.6883578629612 64.674965933473885
167.08380518838874 64.895125705917309
169.51409509748981 65.067041552512308
171.97973438731407 65.185024525531958
174.4812372264439 65.247520991974170
177.01912526221608 65.264865025891538
179.5939277295025 65.239278939516481
182.20618156107355 65.182816587783094
184.85643149956664 65.108134772812477
187.54523021108326 65.015889804485425
190.27313840043846 64.918557762224040
193.04072492808663 64.816628017775855
195.84856692874806 64.707396749621580
198.69724993176072 64.597222852552150
201.58736798318304 64.490561068613829
204.5195237696723 64.384803652215027
207.49432874416505 64.280943767907701
210.5124032533856 64.179842759847162
213.57437666720915 64.081013540816116
216.68088750990657 63.989084040335236
219.83258359329807 63.901020242980948
223.03012215184378 63.817716824052063
226.2741699796992 63.736403807167420
229.5654035697641 63.657785448848912
232.90450925475412 63.581180372016448
236.2921833503241 63.506645012130448
239.72913230027333 63.431891372469053
243.21607282386276 63.362340598140648
246.75373206527502 63.294240657743458
250.34284774524843 63.229057292044182
253.9841683149166 63.171251328000693
257.67845311188546 63.113983976765773
261.42647251858085 63.058887839415753
265.22900812289896 63.005937016356228
269.08685288119375 62.954399863504875
273.0008112836349 62.903989047670933
276.97169952197106 62.850382056453391
281.00034565973334 62.794594849669977
285.0875898049141 62.733546009238424
289.23428428515797 62.664710880866380
293.44129382550057 62.593153875583937
297.7094957286928 62.524231866632391
302.0397800581479 62.453568766504219
306.4330498235497 62.376205103176105
310.89022116916016 62.299866240124274
315.41222356486645 62.226574644110244
320.00000000000654 62.149499999999890
324.6545071800142 62.074096983683773
329.3767157259242 61.998472548385209
334.16761037677935 61.924735561235281
339.02819019498156 61.856410975309259
343.95946877463007 61.777668765218607
348.9624744528898 61.703440367878386
354.03825052443415 61.625099466766386
359.187855459007 61.544250669293589
364.4123631221491 61.466197025792198
369.71286299913527 61.396232781011243
375.0904604221685 61.335024319732327
380.54627680087896 61.276179443076231
386.08144985617537 61.231521706021155
391.6971338574982 61.199165763783760
397.3944998635236 61.186267899699750
403.1747359663683 61.212371222450862
409.0390475393468 61.260130713508630
414.9886574883323 61.333082697952904
421.0248065067734 61.432162574729546
427.1487533344206 61.549661008356438
433.3617750198154 61.684639937945846
439.6651671865984 61.831986965156418
446.06024430368984 61.992066351895936
452.54833995940066 62.158973000972836
459.13080713953053 62.318369025431792
465.8090185095106 62.470750661836611
472.58436670065066 62.602673510140377
479.45826460054917 62.708278809464751
486.432145647728 62.798015391467054
493.50746413055253 62.874258011103734
500.6856954904994 62.923271325197746
507.9683366298358 62.963325851464099
515.3569062237735 62.985392265559433
522.8529450371643 63.003705890074329
530.4580162458005 63.018858780460874
538.1737057623901 63.033384634188153
546.0016225672724 63.050860967479991
553.9433990439449 63.071073122012322
562.0006913194694 63.097002419618143
570.1751796098309 63.125691959458834
578.4685685703187 63.158450845852755
586.8825876510039 63.192374479986562
595.4189914573883 63.226134066683812
604.0795601162986 63.260318240465196
612.8660996471021 63.294074084403519
621.780442338323 63.325731548184130
630.8244471297356 63.359091676736512
640.0000000000159 63.393500000000060
649.3090143600314 63.430270606722125
658.7534314518515 63.465825367944447
668.3352207535618 63.502590599901211
678.0563803899662 63.538808607442874
687.9189375492632 63.573320334544960
697.9249489057827 63.606256083943791
708.0765010488715 63.640460103566163
718.3757109180171 63.675058631575354
728.8247262443015 63.709621596606198
739.425725998274 63.745076182094216
750.1809208443404 63.781678453166279
761.0925536017613 63.822597076006602
772.1628997123541 63.865088075816743
783.3942677149998 63.909254214409430
794.7889997270506 63.955504623874091
806.34947193274 64.004249817044666
818.0780950786972 64.054916336303563
829.9773149766683 64.107589352586416
842.0496130135506 64.163066927938786
854.2975066688449 64.221808470566344
866.7235500396347 64.284526125205787
879.3303343732008 64.351316839052600
892.1204886073838 64.423561484302581
905.0966799188055 64.499792441176112
918.2616142790653 64.580514673584943
931.6180370190256 64.665517240623672
945.1687334013056 64.755090253233760
958.9165292011028 64.849172660307630
972.8642912954606 64.946967896425747
987.0149282611097 65.049801398831193
1001.3713909810035 65.155239719324825
1015.9366732596762 65.264087494331562
1030.7138124475518 65.375879086658330
1045.7058900743334 65.488847484622312
1060.916032491606 65.603339709270656
1076.3474115247852 65.718336104130941
1092.0032451345498 65.832460925815028
1107.8867980878947 65.946774972261267
1124.0013826389438 66.059342781366126
1140.350359219667 66.170571129830293
1156.9371371406426 66.279906715829668
1173.765175302013 66.389752992550342
1190.837982914782 66.497445815965762
1208.1591202326028 66.605686055706258
1225.73219929421 66.712393195765259
1243.5608846766518 66.819223036688982
1261.648894259477 66.926228476130916
1280.0000000000375 67.034000000000219
1298.6180287200684 67.142516510254111
1317.5068629037087 67.252289118551147
1336.6704415071292 67.362355038665996
1356.112760779938 67.474551193504141
1375.8378750985323 67.587275888061640
1395.8498978115715 67.700948170080665
1416.153002097749 67.815226028449018
1436.7514218360407 67.930301605644132
1457.6494524886093 68.045113021538043
1478.8514519965543 68.159989724621681
1500.3618416886875 68.274388813614948
1522.1851072035295 68.388306259602430
1544.3257994247153 68.501175061077561
1566.788535430007 68.614949989275829
1589.5779994541087 68.727932197325131
1612.6989438654878 68.840970846063584
1636.156190157402 68.954103465149231
1659.9546299533442 69.066985853379791
1684.099226027109 69.180766362327404
1708.5950133376978 69.295380861886912
1733.4471000792773 69.410356660364670
1758.6606687464096 69.525992649483641
1784.2409772147755 69.642638856099381
1810.193359837619 69.760573986466028
1836.5232285581387 69.879124063940452
1863.2360740380593 69.998797611690506
1890.3374668026197 70.119905101939679
1917.833058402214 70.242178779305831
1945.7285825909298 70.365205763400098
1974.0298565222283 70.488770174436908
2002.7427819620161 70.613385388502081
2031.8733465193618 70.739555390033260
2061.4276248951132 70.866591199552488
2091.411780148677 70.994500065631883
2121.832064983222 71.123740474554111
2152.694823049581 71.254294312672599
2184.0064902691106 71.386927421386986
2215.7735961758003 71.520749103938357
2248.002765277899 71.655978234745874
2280.7007184393456 71.792586326830616
2313.874274281297 71.929884524553316
2347.530350604038 72.066997919946346
2381.6759658295764 72.202307216308213
2416.318240465218 72.336009313767832
2451.4643985884327 72.465540139900710
2487.1217693533167 72.590999378623820
2523.2977885189675 72.710135367973663
2560.0000000000887 72.824000000000268
2597.236057440151 72.931399157960414
2635.0137258074315 73.032285000808955
2673.340883014273 73.125059314045870
2712.225521559891 73.211414445994436
2751.6757501970797 73.289371766006838
2791.699795623158 73.359785900004653
2832.3060041955137 73.421166766125452
2873.502843672097 73.474968383969795
2915.2989049772345 73.520727981628823
2957.7029039931244 73.558315003755268
3000.723683377391 73.587834703562038
3044.370214407075 73.607383901228900
3088.6515988494466 73.618764029798655
3133.57707086003 73.622205286614246
3179.1559989082334 73.617043480185600
3225.3978877309914 73.604356760416835
3272.3123803148205 73.583674438433150
3319.9092599067053 73.555063518065310
3368.198452054235 73.518713300274442
3417.190026675413 73.475497574391596
3466.8942001585724 73.425754263828736
3517.3213374928373 73.369387608383519
3568.4819544295697 73.306658278785861
3620.386719675257 73.237866326848149
3673.0464571162966 73.163352172610203
3726.472148076138 73.083232891962751
3780.6749336052594 72.997262786225747
3835.6661168044484 72.906554279096341
3891.45716518188 72.809011209955003
3948.059713044477 72.707480389726470
4005.4855639240527 72.598120298217296
4063.746693038744 72.482131944618644
4122.855249790247 72.357599481720200
4182.823560297375 72.222804128437645
4243.664129966465 72.078525063222372
4305.389646099183 71.924102723983708
4368.012980538242 71.759732484582628
4431.5471923516225 71.587003712243089
4496.00553055582 71.409518078216863
4561.401436878714 71.229390365088079
4627.748548562617 71.049030917547086
4695.060701208099 70.873133094105356
4763.351931659176 70.703622960600939
4832.63648093046 70.542194282715769
4902.928797176889 70.386997468987332
4974.243538706657 70.232876391780678
5046.595577037959 70.077901954081369
5120.000000000202 69.920214285713854
5194.472114880326 69.759567295043865
5270.027451614888 69.597878993745780
5346.6817660285715 69.438302379641414
5424.451043119808 69.284590495719797
5503.351500394186 69.142515956455838
5583.399591246343 69.016023128458741
5664.612008391055 68.911673349762907
5747.005687344222 68.827840080447245
5830.597809954497 68.766548105972973
5915.405807986278 68.729189128802062
6001.447366754812 68.716699012928785
6088.740428814181 68.731058603160051
6177.303197698925 68.774137124185714
6267.154141720092 68.845822867705323
6358.3119978165005 68.945682837390720
6450.795775462017 69.070423768806478
6544.624760629676 69.219754588283052
6639.818519813445 69.389659724650215
6736.396904108505 69.573655947532131
6834.380053350861 69.763837802166904
6933.788400317181 69.949643352564578
7034.642674985712 70.120156865978274
7136.963908859177 70.260529938833685
7240.773439350552 70.354760196413579
7346.092914232631 70.391382787426977
7452.944296152315 70.362292308231659
7561.349867210557 70.251922054819033
7671.332233608935 70.046933459325828
7782.914330363799 69.732843571232252
7896.119426088994 69.297432726077290
8010.971127848146 68.745624457241320
8127.49338607753 68.124978073749972
8245.710499580537 67.485696298422170
8365.647120594791 66.870030905260535
8487.328259932974 66.301001199976099
8610.77929219841 65.794305446980601
8736.025961076528 65.351355389928585
8863.094384703289 64.972311589018034
8992.011061111683 64.660333232109721
9122.802873757471 64.416399385250017
9255.497097125279 64.248729178387279
9390.121402416245 64.148921406765055
9526.7038633184 64.119839377789233
9665.272961860968 64.162337903892976
9805.857594353829 64.270431778860626
9948.487077413367 64.443308722491480
10093.19115407597 64.688282360680034
10240.000000000457 64.999100000001050
10388.944229760706 65.379825999988213
10540.05490322983 65.837174317754716
10693.363532057198 66.374189915705728
10848.902086239672 67.002196477552218
11006.703000788428 67.687159756591626
11166.799182492743 68.338016811721701
11329.224016782166 68.751074925716424
11494.0113746885 68.851573909925690
11661.195619909053 68.446179181819303
11830.811615972614 67.857261669408061
12002.894733509682 67.129879568741771
12177.48085762842 66.427807208299981
12354.606395397908 65.822304796347481
12534.308283440243 65.304418090136224
12716.62399563306 64.904414408297185
12901.591550924093 64.606674444446952
13089.249521259411 64.349314942272812
13279.637039626952 64.099281829895219
13472.793808217073 63.809745036853073
13668.760106701786 63.406802226576673
13867.576800634426 62.832967545769989
14069.285349971487 62.050173097130582
14273.927817718419 61.112910594849644
14481.54687870117 60.018139394177965
14692.18582846533 58.808165911470397
14905.888592304698 57.545839321417830
15122.699734421185 56.265497958416489
15342.664467217943 55.007918785629130
15565.828660727671 53.823705855292623
15792.238852178061 52.773126986001394
16021.942255696367 51.909947300890678
16254.986772155136 51.259005899869528
16491.42099916115 50.974811959008299
16731.294241189662 50.986241658671830
16974.65651986603 51.343855927467786
17221.558584396902 52.360187122852750
17472.051922153143 52.982896305623044
17726.188769406665 49.496598208009438
17984.022122223458 49.144998079489014
18245.605747515034 50.335723029467793
18510.99419425065 50.093267273233444
18780.242804832582 47.755716219492768
19053.40772663689 43.099149188996734
19330.545923722028 36.752507966954873
19611.71518870775 32.081947906231761
19896.974154826825 31.192500000000003
20186.382308152035 31.192500000000003
