20 103.706999999999994
20.290906698750476 103.735605920730194
20.586044732869844 103.760813806247910
20.885475648548283 103.782459088145970
21.189261887185914 103.804230366147095
21.49746679841394 103.826310028156115
21.810154653305165 103.849837837208483
22.12739065777668 103.876965159199898
22.449240966187475 103.906177876194903
22.77577269513385 103.937072048452649
23.107053937445478 103.967813310310191
23.44315377638505 103.996952343936329
23.784142300054445 104.021699427378607
24.130090616010463 104.042504552482370
24.481070866093134 104.057111144924917
24.837156241469714 104.067700299635291
25.1984209978975 104.075716446205320
25.56494047120865 104.084742050402369
25.936791093020236 104.096629677839871
26.3140504066728 104.111061991473548
26.69679708340074 104.125387897919026
27.08511093873791 104.137436275245420
27.47907294916184 104.147127975362537
27.878765268980047 104.157666044896956
28.284271247461966 104.172370849898471
28.695675446220072 104.189022693295016
29.11306365684382 104.203761273136877
29.536522918790062 104.211244339568466
29.966141537533712 104.208237009237251
30.402009102982383 104.203503348493811
30.844216508158908 104.207425126881589
31.29285596815558 104.220973168766022
31.74802103936409 104.237680736377740
32.20980663898519 104.248807873028838
32.67830906482211 104.250038600286956
33.153626015361866 104.243734731723492
33.63585661014871 104.235326294237609
34.125101410453844 104.227248174611830
34.62146244024586 104.217341976553598
35.12504320746613 104.203873746983490
35.635948725613716 104.188921538231597
36.15428553564419 104.173217148395025
36.68016172818701 104.157095148154383
37.21368696608603 104.142371512813924
37.754972507267915 104.131129048976760
38.30413122794313 104.121833916352912
38.86127764614443 104.111972068955680
39.4265279456077 104.099607203198843
40.000000000000206 104.087000000000003
40.58181339750116 104.076818231604506
41.1720894657399 104.066488449407302
41.77095129709678 104.053629368994137
42.37852377437204 104.036883975736814
42.9949335968281 104.017827050523948
43.62030930661056 103.996289195322646
44.25478131555359 103.971705090167404
44.89848193237519 103.943152926942560
45.55154539026795 103.908738643751875
46.21410787489121 103.873423967355166
46.88630755277036 103.846540853846648
47.56828460010916 103.822378422740130
48.260181232021196 103.790250267470853
48.962141732186545 103.757325087480496
49.674312482939705 103.742685778493268
50.39684199579528 103.755405274755446
51.129880942417586 103.779752740357310
51.873582186040764 103.800171100934861
52.628100813345895 103.795832616723800
53.393594166801776 103.763138323810551
54.17022187747612 103.703857765953629
54.95814589832399 103.618677063945768
55.75753053796041 103.529717043354339
56.56854249492426 103.471945891531703
57.39135089244048 103.432150288856164
58.226127313687975 103.395854443345058
59.073045837580466 103.351872910176695
59.932283075067765 103.303326006258672
60.804018205965114 103.258342102848360
61.68843301631817 103.223597284934243
62.58571193631152 103.183250150531336
63.49604207872855 103.130993412158205
64.41961327797075 103.076291849794657
65.35661812964459 103.027273875101173
66.3072520307241 102.982637398463794
67.27171322029778 102.931697206782133
68.25020282090806 102.871861918051422
69.2429248804921 102.809045969610722
70.25008641493265 102.750495333593648
71.27189745122783 102.696948922341065
72.30857107128878 102.650120013755384
73.36032345637442 102.605844150637651
74.42737393217246 102.546507007442699
75.50994501453623 102.475428535947700
76.60826245588666 102.401107434412410
77.72255529228926 102.321736381556448
78.85305589121582 102.239529448023262
80.00000000000082 102.164499999999961
81.16362679500274 102.107288206216211
82.34417893148023 102.051811587111501
83.541902594194 101.995210106405182
84.75704754874454 101.936742731167499
85.98986719365665 101.874681625193176
87.24061861322157 101.812369277568749
88.50956263110764 101.753072869143850
89.79696386475084 101.695568947374468
91.10309078053635 101.635941546162627
92.42821574978288 101.571506376438208
93.77261510554118 101.504858857781556
95.13656920021877 101.437626754723340
96.52036246404286 101.374322890597654
97.92428346437356 101.310469947880719
99.34862496587989 101.232539785868241
100.79368399159105 101.142939663207642
102.25976188483567 101.053180556717919
103.74716437208203 100.972374990727303
105.25620162669229 100.883579391980902
106.78718833360406 100.784095154426936
108.34044375495276 100.690655001804316
109.9162917966485 100.603676571277944
111.51506107592134 100.519766488241885
113.13708498984903 100.428670152808550
114.78270178488147 100.336360890560783
116.45225462737648 100.260798744252014
118.14609167516147 100.203600973615153
119.86456615013608 100.193025737942037
121.60803641193078 100.182379775527892
123.3768660326369 100.169181756583328
125.17142387262359 100.156414315473370
126.99208415745765 100.148164028052491
128.83922655594208 100.155213812447528
130.71323625928977 100.170205890074314
132.61450406144883 100.185530536553046
134.5434264405962 100.202347411524769
136.50040564181674 100.215251014104538
138.48584976098482 100.214870277031622
140.50017282986593 100.184827399507924
142.5437949024563 100.114663041682320
144.61714214257822 100.033101457689938
146.7206469127495 99.993066813838965
148.8547478643456 99.997444125653544
151.01989002907314 100.011927846040692
153.216524911774 100.000529331658640
155.4451105845792 99.959789208529813
157.70611178243232 99.924644993958111
160.00000000000236 99.903999999999954
162.3272535900062 99.852800421019865
164.6883578629612 99.770219116933390
167.08380518838874 99.674814270389092
169.51409509748981 99.574616462963917
171.97973438731407 99.470955208855344
174.4812372264439 99.374901727730986
177.01912526221608 99.290080341504193
179.5939277295025 99.192418033003491
182.20618156107355 99.067514630882954
184.85643149956664 98.948845727719146
187.54523021108326 98.844973686543469
190.27313840043846 98.722271750539562
193.04072492808663 98.608334371351972
195.84856692874806 98.556904648825537
198.69724993176072 98.463130153725871
201.58736798318304 98.290143887745757
204.5195237696723 98.144290636368567
207.49432874416505 98.045919192465746
210.5124032533856 97.921850896406156
213.57437666720915 97.765674760806348
216.68088750990657 97.643966718378493
219.83258359329807 97.508368571115000
223.03012215184378 97.332706985841639
226.2741699796992 97.165670529344993
229.5654035697641 97.016622242930382
232.90450925475412 96.875026526424534
236.2921833503241 96.738922234743399
239.72913230027333 96.602733132601671
243.21607282386276 96.468194369237963
246.75373206527502 96.340396429141947
250.34284774524843 96.215400304247595
253.9841683149166 96.097512550804581
257.67845311188546 95.976530660585752
261.42647251858085 95.852069788757191
265.22900812289896 95.744375943250134
269.08685288119375 95.657886579890942
273.0008112836349 95.559602791110507
276.97169952197106 95.449199251422584
281.00034565973334 95.333990667187209
285.0875898049141 95.223670111189278
289.23428428515797 95.113368038014798
293.44129382550057 94.999396807946397
297.7094957286928 94.882488867460950
302.0397800581479 94.763151075893660
306.4330498235497 94.639658080028838
310.89022116916016 94.508738475509773
315.41222356486645 94.370468403628053
320.00000000000654 94.230999999999824
324.6545071800142 94.100673798959605
329.3767157259242 93.962762229230407
334.16761037677935 93.820305210771977
339.02819019498156 93.677474027287047
343.95946877463007 93.536155139923039
348.9624744528898 93.397531952545535
354.03825052443415 93.254313685106069
359.187855459007 93.101364336229778
364.4123631221491 92.949041469457669
369.71286299913527 92.807109130522917
375.0904604221685 92.670686797775971
380.54627680087896 92.531173778948954
386.08144985617537 92.393596333538085
391.6971338574982 92.265020917340195
397.3944998635236 92.143328352688584
403.1747359663683 92.030621771316873
409.0390475393468 91.927881747293668
414.9886574883323 91.845385164930704
421.0248065067734 91.776875301248367
427.1487533344206 91.716093722213174
433.3617750198154 91.671797495730956
439.6651671865984 91.646337082033511
446.06024430368984 91.634298190822847
452.54833995940066 91.633274169979700
459.13080713953053 91.637745634181059
465.8090185095106 91.642856763882136
472.58436670065066 91.648429457172000
479.45826460054917 91.657187396900810
486.432145647728 91.668091433036352
493.50746413055253 91.675507464130547
500.6856954904994 91.674400016445816
507.9683366298358 91.668027705448893
515.3569062237735 91.672382399525475
522.8529450371643 91.679606618129640
530.4580162458005 91.680643130076817
538.1737057623901 91.683223335980216
546.0016225672724 91.693430889381816
553.9433990439449 91.703943399043936
562.0006913194694 91.711800622187525
570.1751796098309 91.719201456551303
578.4685685703187 91.728738853855873
586.8825876510039 91.730155870617452
595.4189914573883 91.739754184623308
604.0795601162986 91.762533432914324
612.8660996471021 91.789012827663981
621.780442338323 91.802249076958077
630.8244471297356 91.793609103323774
640.0000000000159 91.766999999999925
649.3090143600314 91.718127674609832
658.7534314518515 91.740760294355553
668.3352207535618 91.811181766028497
678.0563803899662 91.852697331364880
687.9189375492632 91.873754087588679
697.9249489057827 91.892557402920971
708.0765010488715 91.911845351992866
718.3757109180171 91.931832636290125
728.8247262443015 91.957061815610757
739.425725998274 91.985920746495253
750.1809208443404 92.016587992744093
761.0925536017613 92.052050799205716
772.1628997123541 92.087833983686068
783.3942677149998 92.126702793453077
794.7889997270506 92.170721748885455
806.34947193274 92.216604203739365
818.0780950786972 92.261643515876585
829.9773149766683 92.308866435863720
842.0496130135506 92.359879589183151
854.2975066688449 92.414771282232749
866.7235500396347 92.474527700189014
879.3303343732008 92.535868188584658
892.1204886073838 92.601763890378635
905.0966799188055 92.669545207910446
918.2616142790653 92.739698047216422
931.6180370190256 92.812644663719297
945.1687334013056 92.886031942032020
958.9165292011028 92.959554822405892
972.8642912954606 93.032410743264890
987.0149282611097 93.105885204432681
1001.3713909810035 93.184954067689816
1015.9366732596762 93.269651262000053
1030.7138124475518 93.359088794305691
1045.7058900743334 93.456068067066582
1060.916032491606 93.559442761857639
1076.3474115247852 93.668515759000911
1092.0032451345498 93.785462548382299
1107.8867980878947 93.908392227765162
1124.0013826389438 94.036233360147051
1140.350359219667 94.168488395196405
1156.9371371406426 94.308096314526423
1173.765175302013 94.453055607349000
1190.837982914782 94.608251341961733
1208.1591202326028 94.769474310831001
1225.73219929421 94.942913840426712
1243.5608846766518 95.125531560475764
1261.648894259477 95.319308058002349
1280.0000000000375 95.523000000000437
1298.6180287200684 95.738969133152793
1317.5068629037087 95.958580982263769
1336.6704415071292 96.185544731859494
1356.112760779938 96.414324939164274
1375.8378750985323 96.641739616755643
1395.8498978115715 96.864245123372569
1416.153002097749 97.075029838098672
1436.7514218360407 97.279794579712885
1457.6494524886093 97.469938280451814
1478.8514519965543 97.650157557892570
1500.3618416886875 97.821177628496287
1522.1851072035295 97.982669793306115
1544.3257994247153 98.140713175915465
1566.788535430007 98.298855518718653
1589.5779994541087 98.459420676146010
1612.6989438654878 98.624940353586140
1636.156190157402 98.798117673786805
1659.9546299533442 98.980743391433279
1684.099226027109 99.173795637942831
1708.5950133376978 99.378073314170692
1733.4471000792773 99.593679190705558
1758.6606687464096 99.821024579216811
1784.2409772147755 100.059974103084670
1810.193359837619 100.309691059211914
1836.5232285581387 100.569732285581381
1863.2360740380593 100.839243233707450
1890.3374668026197 101.117896156075147
1917.833058402214 101.405603774391295
1945.7285825909298 101.699893832160228
1974.0298565222283 102.000677673396495
2002.7427819620161 102.307302053960882
2031.8733465193618 102.618451140431205
2061.4276248951132 102.933109030139946
2091.411780148677 103.250300161891957
2121.832064983222 103.569053475825513
2152.694823049581 103.887963250970088
2184.0064902691106 104.207965551718019
2215.7735961758003 104.525855772092626
2248.002765277899 104.843626823195621
2280.7007184393456 105.158300134559141
2313.874274281297 105.469568275006679
2347.530350604038 105.777065327946417
2381.6759658295764 106.078351852290183
2416.318240465218 106.374257307884562
2451.4643985884327 106.658873663795688
2487.1217693533167 106.933271818859652
2523.2977885189675 107.188298628998439
2560.0000000000887 107.422500000000539
2597.236057440151 107.629542090072761
2635.0137258074315 107.805555818283551
2673.340883014273 107.937981454231206
2712.225521559891 108.032710192401112
2751.6757501970797 108.076112228299905
2791.699795623158 108.073593813867774
2832.3060041955137 108.020602633454985
2873.502843672097 107.928367179901727
2915.2989049772345 107.799506007783322
2957.7029039931244 107.638838309550039
3000.723683377391 107.450544411872954
3044.370214407075 107.241294601778193
3088.6515988494466 107.019109990853451
3133.57707086003 106.789667511842339
3179.1559989082334 106.557387525546176
3225.3978877309914 106.325780455731604
3272.3123803148205 106.098239317307758
3319.9092599067053 105.876811052622628
3368.198452054235 105.662428640687324
3417.190026675413 105.456036591431072
3466.8942001585724 105.257626271391075
3517.3213374928373 105.067103904776218
3568.4819544295697 104.882813159496507
3620.386719675257 104.703389020300875
3673.0464571162966 104.526485762373895
3726.472148076138 104.349906632829516
3780.6749336052594 104.171053612434036
3835.6661168044484 103.988048525200966
3891.45716518188 103.797972780122507
3948.059713044477 103.602693989996567
4005.4855639240527 103.404623360854430
4063.746693038744 103.210229139369943
4122.855249790247 103.025386331846050
4182.823560297375 102.856223455286298
4243.664129966465 102.710206088080483
4305.389646099183 102.592990735100670
4368.012980538242 102.509566566804764
4431.5471923516225 102.468752816181492
4496.00553055582 102.467700414791679
4561.401436878714 102.517403306777169
4627.748548562617 102.608915955983036
4695.060701208099 102.747797211643444
4763.351931659176 102.930035439428508
4832.63648093046 103.158013168298510
4902.928797176889 103.439153005084137
4974.243538706657 103.761583622969397
5046.595577037959 104.128461890023345
5120.000000000202 104.526428571429705
5194.472114880326 104.951302950379031
5270.027451614888 105.389159219366348
5346.6817660285715 105.823834367684640
5424.451043119808 106.240827916772133
5503.351500394186 106.623870969706999
5583.399591246343 106.961542076664728
5664.612008391055 107.253380609075009
5747.005687344222 107.517957175779543
5830.597809954497 107.765203758370319
5915.405807986278 108.005057855802534
6001.447366754812 108.239482726253755
6088.740428814181 108.444232771865529
6177.303197698925 108.579267900769736
6267.154141720092 108.601496050397969
6358.3119978165005 108.469002604530772
6450.795775462017 108.182872602434259
6544.624760629676 107.747633797387152
6639.818519813445 107.193656936189285
6736.396904108505 106.565412804390846
6834.380053350861 105.915045354019668
6933.788400317181 105.294709872171453
7034.642674985712 104.748966933942654
7136.963908859177 104.306245108562663
7240.773439350552 103.977474136017122
7346.092914232631 103.761552022364540
7452.944296152315 103.648674536385556
7561.349867210557 103.631514348995410
7671.332233608935 103.691963053596226
7782.914330363799 103.818650179955512
7896.119426088994 104.002567209424285
8010.971127848146 104.228673664219514
8127.49338607753 104.467257529214095
8245.710499580537 104.676410883873274
8365.647120594791 104.791640781476701
8487.328259932974 104.766540706857342
8610.77929219841 104.551519344823021
8736.025961076528 104.126124121446367
8863.094384703289 103.520314456414980
8992.011061111683 102.775176066774463
9122.802873757471 101.950561607952181
9255.497097125279 101.102819708767043
9390.121402416245 100.282856248858280
9526.7038633184 99.526977893659108
9665.272961860968 98.853428333929799
9805.857594353829 98.271467553285390
9948.487077413367 97.788541228002003
10093.19115407597 97.421266717427812
10240.000000000457 97.165899999999368
10388.944229760706 97.031945357704757
10540.05490322983 97.043521961291930
10693.363532057198 97.201632274388842
10848.902086239672 97.527288153011995
11006.703000788428 98.043966293510152
11166.799182492743 98.766130250732033
11329.224016782166 99.749495639760227
11494.0113746885 100.930385689320019
11661.195619909053 102.258470593003409
11830.811615972614 103.389659660400625
12002.894733509682 103.965807175077600
12177.48085762842 103.865395728386602
12354.606395397908 102.767011162459823
12534.308283440243 101.303169585099425
12716.62399563306 99.715964996216485
12901.591550924093 98.389117414363312
13089.249521259411 97.215450851323283
13279.637039626952 96.331270361305670
13472.793808217073 95.756951018223603
13668.760106701786 95.409566375959173
13867.576800634426 95.202431733487714
14069.285349971487 95.011318299784648
14273.927817718419 94.762677701472114
14481.54687870117 94.363821437826886
14692.18582846533 93.852954118661430
14905.888592304698 93.337926264391768
15122.699734421185 92.811158653323886
15342.664467217943 92.147542984981740
15565.828660727671 91.142124129023699
15792.238852178061 89.627282285390066
16021.942255696367 87.597055921213496
16254.986772155136 85.188306405786960
16491.42099916115 82.571452381284388
16731.294241189662 79.822629876589815
16974.65651986603 76.982663908845581
17221.558584396902 74.187762285171743
17472.051922153143 71.642927947714114
17726.188769406665 69.613203679870054
17984.022122223458 68.227530424504764
18245.605747515034 67.434225755196465
18510.99419425065 67.117461756158534
18780.242804832582 67.148730448992467
19053.40772663689 67.294668394644646
19330.545923722028 67.049586751051962
19611.71518870775 66.015346714945551
19896.974154826825 65.293499999999995
20186.382308152035 65.293499999999995
