20 103.340499999999992
20.290906698750476 103.331772769946724
20.586044732869844 103.321965174020420
20.885475648548283 103.311508352300820
21.189261887185914 103.300393766157299
21.49746679841394 103.288601318316736
21.810154653305165 103.276042997886279
22.12739065777668 103.261608182077822
22.449240966187475 103.246537959897438
22.77577269513385 103.230085116035141
23.107053937445478 103.212612013813882
23.44315377638505 103.193410742047760
23.784142300054445 103.172030750496461
24.130090616010463 103.148893626524682
24.481070866093134 103.124325032748317
24.837156241469714 103.099856286756307
25.1984209978975 103.076846713878780
25.56494047120865 103.056046779717505
25.936791093020236 103.037502408069486
26.3140504066728 103.018727261723882
26.69679708340074 102.995216196870444
27.08511093873791 102.965457105452359
27.47907294916184 102.926197372081432
27.878765268980047 102.883532733584644
28.284271247461966 102.844631316480957
28.695675446220072 102.813063797780572
29.11306365684382 102.789412135442035
29.536522918790062 102.769589487359866
29.966141537533712 102.741234658522785
30.402009102982383 102.701275650914795
30.844216508158908 102.651955984607284
31.29285596815558 102.604455473144640
31.74802103936409 102.563910295811510
32.20980663898519 102.526505662242201
32.67830906482211 102.485882329777070
33.153626015361866 102.438101138310202
33.63585661014871 102.383833063392302
34.125101410453844 102.324737222282806
34.62146244024586 102.261952807648527
35.12504320746613 102.198869944726454
35.635948725613716 102.143308409597225
36.15428553564419 102.103360010003925
36.68016172818701 102.074271266677897
37.21368696608603 102.038195546984426
37.754972507267915 101.978396637732729
38.30413122794313 101.903630028543844
38.86127764614443 101.834485083703356
39.4265279456077 101.783612493160916
40.000000000000206 101.737499999999969
40.58181339750116 101.661864006204866
41.1720894657399 101.559861234577454
41.77095129709678 101.480300420464573
42.37852377437204 101.453359042083633
42.9949335968281 101.422928345591700
43.62030930661056 101.345957553053282
44.25478131555359 101.247820360669635
44.89848193237519 101.195921907017805
45.55154539026795 101.189643642668273
46.21410787489121 101.158083809773302
46.88630755277036 101.066293522117448
47.56828460010916 100.974281113018634
48.260181232021196 100.922870627934898
48.962141732186545 100.880339473172484
49.674312482939705 100.816411374971409
50.39684199579528 100.727166396387489
51.129880942417586 100.633942964216487
51.873582186040764 100.555110807250855
52.628100813345895 100.491787097557875
53.393594166801776 100.423386530782238
54.17022187747612 100.344391097933070
54.95814589832399 100.273021133890808
55.75753053796041 100.220745098701201
56.56854249492426 100.174661620284240
57.39135089244048 100.115865446019015
58.226127313687975 100.022766911075138
59.073045837580466 99.876337868042853
59.932283075067765 99.733274868001217
60.804018205965114 99.615322477676628
61.68843301631817 99.467581570820670
62.58571193631152 99.335580724510990
63.49604207872855 99.224463076788766
64.41961327797075 99.192355249790126
65.35661812964459 99.251432014973147
66.3072520307241 99.217413138641575
67.27171322029778 99.019166126784569
68.25020282090806 98.942883417067691
69.2429248804921 98.949707511950791
70.25008641493265 98.826233494747854
71.27189745122783 98.620599534943210
72.30857107128878 98.395951495204642
73.36032345637442 98.234931212382676
74.42737393217246 98.159622920916576
75.50994501453623 98.108015342185809
76.60826245588666 98.033342970446810
77.72255529228926 97.928172512088906
78.85305589121582 97.817371541027995
80.00000000000082 97.706499999999934
81.16362679500274 97.600803635212998
82.34417893148023 97.481321795060950
83.541902594194 97.363714366072514
84.75704754874454 97.263531322926653
85.98986719365665 97.143450804691241
87.24061861322157 97.008332363019576
88.50956263110764 96.880594737588467
89.79696386475084 96.758720754136917
91.10309078053635 96.628271401557754
92.42821574978288 96.494733626982736
93.77261510554118 96.371007039938064
95.13656920021877 96.249834684984691
96.52036246404286 96.132754736011719
97.92428346437356 96.019373329035460
99.34862496587989 95.914196517780198
100.79368399159105 95.824730889818255
102.25976188483567 95.743479366142097
103.74716437208203 95.666374990727320
105.25620162669229 95.592027778741823
106.78718833360406 95.515853394986181
108.34044375495276 95.435516776824130
109.9162917966485 95.348313155834148
111.51506107592134 95.251808639456868
113.13708498984903 95.148537168089405
114.78270178488147 95.035163618832172
116.45225462737648 94.933354778496238
118.14609167516147 94.807712100514578
119.86456615013608 94.710221646653167
121.60803641193078 94.651939392604874
123.3768660326369 94.569444470525269
125.17142387262359 94.463771654114069
126.99208415745765 94.385401503328765
128.83922655594208 94.334879004625421
130.71323625928977 94.288831909057450
132.61450406144883 94.235221365972194
134.5434264405962 94.169257365087788
136.50040564181674 94.094733571506424
138.48584976098482 94.015537709082579
140.50017282986593 93.943161539380640
142.5437949024563 93.882534084560461
144.61714214257822 93.847168581075209
146.7206469127495 93.832708506671167
148.8547478643456 93.837441335904686
151.01989002907314 93.866213712604718
153.216524911774 93.913766682935517
155.4451105845792 93.961019371248781
157.70611178243232 93.987448114199196
160.00000000000236 93.997999999999990
162.3272535900062 93.985432830613973
164.6883578629612 93.950361617337805
167.08380518838874 93.893821631327953
169.51409509748981 93.818243318841326
171.97973438731407 93.731625508934158
174.4812372264439 93.640090470066866
177.01912526221608 93.541850289721140
179.5939277295025 93.437148963090394
182.20618156107355 93.329605319683765
184.85643149956664 93.222771453717414
187.54523021108326 93.116290298021056
190.27313840043846 93.013557762224039
193.04072492808663 92.912925757603261
195.84856692874806 92.811621303950830
198.69724993176072 92.711314602347429
201.58736798318304 92.613587733893894
204.5195237696723 92.516862223524043
207.49432874416505 92.421179589768116
210.5124032533856 92.328379969607340
213.57437666720915 92.238736670817730
216.68088750990657 92.151770260661351
219.83258359329807 92.065978388879273
223.03012215184378 91.985368180934927
226.2741699796992 91.907557005477059
229.5654035697641 91.832778419680295
232.90450925475412 91.759584881271195
236.2921833503241 91.691204176775386
239.72913230027333 91.628909477057533
243.21607282386276 91.569123862127142
246.75373206527502 91.513847936480076
250.34284774524843 91.460442995757575
253.9841683149166 91.406733517354979
257.67845311188546 91.351783009960712
261.42647251858085 91.297316148480576
265.22900812289896 91.243093504171867
269.08685288119375 91.185653780341511
273.0008112836349 91.124987425103654
276.97169952197106 91.063317194969201
281.00034565973334 91.000294573142185
285.0875898049141 90.936089804140892
289.23428428515797 90.869328023008961
293.44129382550057 90.800906910644343
297.7094957286928 90.731877118768040
302.0397800581479 90.662108546562365
306.4330498235497 90.591571202823218
310.89022116916016 90.523174127170307
315.41222356486645 90.455775424170525
320.00000000000654 90.386499999999899
324.6545071800142 90.315751490863789
329.3767157259242 90.247475293546700
334.16761037677935 90.181403737838110
339.02819019498156 90.117633527465244
343.95946877463007 90.057090427826978
348.9624744528898 89.999724038682331
354.03825052443415 89.948021319808106
359.187855459007 89.905415941873841
364.4123631221491 89.873849530203756
369.71286299913527 89.854004979503031
375.0904604221685 89.852400610441038
380.54627680087896 89.876562082975326
386.08144985617537 89.920549338676821
391.6971338574982 89.990356311013571
397.3944998635236 90.070854197870972
403.1747359663683 90.167322440741970
409.0390475393468 90.275501665132424
414.9886574883323 90.392771259348038
421.0248065067734 90.514644302958345
427.1487533344206 90.638512255022022
433.3617750198154 90.765703646246152
439.6651671865984 90.896897403664298
446.06024430368984 91.027174763921948
452.54833995940066 91.150634621257041
459.13080713953053 91.268969355553082
465.8090185095106 91.384435896452558
472.58436670065066 91.494849867210405
479.45826460054917 91.601010863951174
486.432145647728 91.705095755586370
493.50746413055253 91.806928592160077
500.6856954904994 91.906714033153591
507.9683366298358 92.004574523463418
515.3569062237735 92.099833861288687
522.8529450371643 92.190148940732911
530.4580162458005 92.275694666519456
538.1737057623901 92.354625389633782
546.0016225672724 92.427013791821821
553.9433990439449 92.493061342590579
562.0006913194694 92.553804770104335
570.1751796098309 92.610086113580962
578.4685685703187 92.661505125135974
586.8825876510039 92.709198361463066
595.4189914573883 92.753324007714070
604.0795601162986 92.794103048016069
612.8660996471021 92.832007134227069
621.780442338323 92.868121769353280
630.8244471297356 92.904715343805975
640.0000000000159 92.940500000000071
649.3090143600314 92.976805156004119
658.7534314518515 93.014076054234820
668.3352207535618 93.052757644051923
678.0563803899662 93.093739616657359
687.9189375492632 93.137239272094220
697.9249489057827 93.182558517521301
708.0765010488715 93.230363379982137
718.3757109180171 93.279703412406491
728.8247262443015 93.330741158597078
739.425725998274 93.384099916291291
750.1809208443404 93.438942296064269
761.0925536017613 93.495773716675842
772.1628997123541 93.553268902352613
783.3942677149998 93.613845615981916
794.7889997270506 93.677470998453288
806.34947193274 93.743774024943775
818.0780950786972 93.813202343359819
829.9773149766683 93.886012501008466
842.0496130135506 93.961985016836948
854.2975066688449 94.041650044458962
866.7235500396347 94.124793125266763
879.3303343732008 94.210812340612407
892.1204886073838 94.301055469112427
905.0966799188055 94.394163291074619
918.2616142790653 94.490980444456142
931.6180370190256 94.591398897298745
945.1687334013056 94.695557683860130
958.9165292011028 94.803217667458682
972.8642912954606 94.914832187721203
987.0149282611097 95.029505763965162
1001.3713909810035 95.147428258175040
1015.9366732596762 95.268836832939286
1030.7138124475518 95.392490925899097
1045.7058900743334 95.518286829372528
1060.916032491606 95.645603069680334
1076.3474115247852 95.773548774503240
1092.0032451345498 95.901525961076402
1107.8867980878947 96.028392227765167
1124.0013826389438 96.154788416416324
1140.350359219667 96.280127694147495
1156.9371371406426 96.403267230892880
1173.765175302013 96.525966550570473
1190.837982914782 96.645032189410031
1208.1591202326028 96.764419838696313
1225.73219929421 96.880895776347941
1243.5608846766518 96.996861207656394
1261.648894259477 97.111388033834700
1280.0000000000375 97.224000000000231
1298.6180287200684 97.334644284964980
1317.5068629037087 97.446539804841507
1336.6704415071292 97.556021516590633
1356.112760779938 97.664425822328667
1375.8378750985323 97.772316419286994
1395.8498978115715 97.880589448182491
1416.153002097749 97.989418561222948
1436.7514218360407 98.099788892368721
1457.6494524886093 98.211848076289172
1478.8514519965543 98.324912695581730
1500.3618416886875 98.438896050448719
1522.1851072035295 98.553249961746502
1544.3257994247153 98.667721125031534
1566.788535430007 98.781614218567228
1589.5779994541087 98.895598437281450
1612.6989438654878 99.009724824940889
1636.156190157402 99.124219084164977
1659.9546299533442 99.239083131176983
1684.099226027109 99.354130331368495
1708.5950133376978 99.469896562687182
1733.4471000792773 99.586532428371015
1758.6606687464096 99.704185502983336
1784.2409772147755 99.822693314732263
1810.193359837619 99.942389455253050
1836.5232285581387 100.063045922225115
1863.2360740380593 100.184856497613566
1890.3374668026197 100.307825349947848
1917.833058402214 100.431748762809960
1945.7285825909298 100.557278621659179
1974.0298565222283 100.683192562958695
2002.7427819620161 100.810431101534761
2031.8733465193618 100.937055390033265
2061.4276248951132 101.063972230811231
2091.411780148677 101.189311828278704
2121.832064983222 101.314419863182053
2152.694823049581 101.437827180469611
2184.0064902691106 101.560324825279338
2215.7735961758003 101.680059475802665
2248.002765277899 101.798676575579151
2280.7007184393456 101.914417478615746
2313.874274281297 102.027247580937654
2347.530350604038 102.137389294442997
2381.6759658295764 102.243882645353068
2416.318240465218 102.347594868023549
2451.4643985884327 102.446795401100559
2487.1217693533167 102.542801963141187
2523.2977885189675 102.633288359514978
2560.0000000000887 102.719250000000201
2597.236057440151 102.800264819188314
2635.0137258074315 102.876526536561045
2673.340883014273 102.946638306312650
2712.225521559891 103.011931259855146
2751.6757501970797 103.070825784663228
2791.699795623158 103.124605981755394
2832.3060041955137 103.172651904824846
2873.502843672097 103.216032786798664
2915.2989049772345 103.254698091131104
2957.7029039931244 103.288737974715332
3000.723683377391 103.317916117942005
3044.370214407075 103.342685107203536
3088.6515988494466 103.364126364467865
3133.57707086003 103.384314968501258
3179.1559989082334 103.404911759497793
3225.3978877309914 103.428976796006665
3272.3123803148205 103.458172418614083
3319.9092599067053 103.491732852330955
3368.198452054235 103.526738916437949
3417.190026675413 103.557595013337703
3466.8942001585724 103.577885666036480
3517.3213374928373 103.583421439500867
3568.4819544295697 103.572292037772471
3620.386719675257 103.547564100998102
3673.0464571162966 103.512676086305106
3726.472148076138 103.472616445981373
3780.6749336052594 103.432370226470482
3835.6661168044484 103.394756991085387
3891.45716518188 103.365514812080079
3948.059713044477 103.341812495162628
4005.4855639240527 103.327948600247893
4063.746693038744 103.316500881856328
4122.855249790247 103.299929612615358
4182.823560297375 103.265898290868847
4243.664129966465 103.209838051673756
4305.389646099183 103.132916620839381
4368.012980538242 103.037563321670206
4431.5471923516225 102.926352790582143
4496.00553055582 102.803689353680042
4561.401436878714 102.669812666050163
4627.748548562617 102.528840620590373
4695.060701208099 102.384657374588585
4763.351931659176 102.241033169158271
4832.63648093046 102.099479767757686
4902.928797176889 101.962700079669787
4974.243538706657 101.830361630328014
5046.595577037959 101.703331407253032
5120.000000000202 101.578642857142512
5194.472114880326 101.456709300264620
5270.027451614888 101.337644778424334
5346.6817660285715 101.222144395107861
5424.451043119808 101.112038569435697
5503.351500394186 101.009548460215925
5583.399591246343 100.915986717511998
5664.612008391055 100.834649411902632
5747.005687344222 100.765245734491828
5830.597809954497 100.709130171674346
5915.405807986278 100.667301228564185
6001.447366754812 100.641382401451168
6088.740428814181 100.636123769418958
6177.303197698925 100.652776027831791
6267.154141720092 100.691550637788794
6358.3119978165005 100.754774918285960
6450.795775462017 100.839565669848554
6544.624760629676 100.944665331771347
6639.818519813445 101.065856816550010
6736.396904108505 101.196727727669725
6834.380053350861 101.329365969622870
6933.788400317181 101.452336182350479
7034.642674985712 101.551828432989140
7136.963908859177 101.608892781771843
7240.773439350552 101.598870741160454
7346.092914232631 101.496399699508729
7452.944296152315 101.278138994446266
7561.349867210557 100.924137377940013
7671.332233608935 100.444351673616694
7782.914330363799 99.853279953600435
7896.119426088994 99.169723730421538
8010.971127848146 98.420353460959603
8127.49338607753 97.631910918927773
8245.710499580537 96.818031560580152
8365.647120594791 95.991424461131288
8487.328259932974 95.164009435704941
8610.77929219841 94.349626153795455
8736.025961076528 93.566961519146844
8863.094384703289 92.837028076483548
8992.011061111683 92.192444694441591
9122.802873757471 91.707396818867537
9255.497097125279 91.506534218875402
9390.121402416245 91.739866117262437
9526.7038633184 92.515359018239280
9665.272961860968 93.723483434988879
9805.857594353829 95.100744480725339
9948.487077413367 96.371247787290372
10093.19115407597 97.323159773117084
10240.000000000457 97.970400000001632
10388.944229760706 98.392701281974226
10540.05490322983 98.720739267347085
10693.363532057198 99.084821853839955
10848.902086239672 99.572860565630862
11006.703000788428 100.249836869318287
11166.799182492743 101.141439371911730
11329.224016782166 102.292591301359778
11494.0113746885 103.602343367234766
11661.195619909053 104.892339919618109
11830.811615972614 105.829281574184478
12002.894733509682 106.023536939558056
12177.48085762842 105.564371034570485
12354.606395397908 104.304452034515691
12534.308283440243 102.852531099410029
12716.62399563306 101.438026751165395
12901.591550924093 100.325173351861196
13089.249521259411 99.368653868780598
13279.637039626952 98.668072733799761
13472.793808217073 98.239039055482522
13668.760106701786 98.018276146115596
13867.576800634426 97.961122868085653
14069.285349971487 98.006945091155160
14273.927817718419 98.089484219813102
14481.54687870117 98.117700820673377
14692.18582846533 97.993810468183682
14905.888592304698 97.690365838712808
15122.699734421185 97.207545097941136
15342.664467217943 96.586852125230990
15565.828660727671 95.901407500673699
15792.238852178061 95.230982564023776
16021.942255696367 94.640021210121219
16254.986772155136 94.223123650885185
16491.42099916115 94.157867804231529
16731.294241189662 94.159200707859043
16974.65651986603 93.918668210703615
17221.558584396902 93.186057467280278
17472.051922153143 91.855562066696848
17726.188769406665 90.181320979742480
17984.022122223458 88.383813188680250
18245.605747515034 86.860749374778607
18510.99419425065 85.900940929565110
18780.242804832582 85.131235811572807
19053.40772663689 84.520892993698823
19330.545923722028 84.183609966935308
19611.71518870775 84.149568923596021
19896.974154826825 84.357234965948862
20186.382308152035 84.465000000000003
