20 104.900499999999994
20.290906698750476 104.860742618646171
20.586044732869844 104.820883954782730
20.885475648548283 104.780936580193568
21.189261887185914 104.741396080012223
21.49746679841394 104.702072952134614
21.810154653305165 104.662179771671475
22.12739065777668 104.620461499522378
22.449240966187475 104.577106287712795
22.77577269513385 104.531265640741509
23.107053937445478 104.484512398798955
23.44315377638505 104.437696988610099
23.784142300054445 104.391140789492653
24.130090616010463 104.344437708297619
24.481070866093134 104.296376404197559
24.837156241469714 104.246341016526060
25.1984209978975 104.193980929057489
25.56494047120865 104.140583571883667
25.936791093020236 104.087520191992468
26.3140504066728 104.035793361754827
26.69679708340074 103.985170382803659
27.08511093873791 103.933818623772865
27.47907294916184 103.879778670250474
27.878765268980047 103.822927492584114
28.284271247461966 103.764849211612940
28.695675446220072 103.706996788421634
29.11306365684382 103.649962533639780
29.536522918790062 103.593642451800918
29.966141537533712 103.536503175508017
30.402009102982383 103.479235468989089
30.844216508158908 103.421071667233321
31.29285596815558 103.361946584219396
31.74802103936409 103.301265180725210
32.20980663898519 103.238756490459025
32.67830906482211 103.174928276249005
33.153626015361866 103.111989496049034
33.63585661014871 103.051561350171994
34.125101410453844 102.992362729335085
34.62146244024586 102.931452807648526
35.12504320746613 102.866494296614462
35.635948725613716 102.798782870767752
36.15428553564419 102.730097165901896
36.68016172818701 102.663340107433001
37.21368696608603 102.598571251035764
37.754972507267915 102.533903342837363
38.30413122794313 102.467796112190939
38.86127764614443 102.399743586151786
39.4265279456077 102.330500337913477
40.000000000000206 102.261499999999970
40.58181339750116 102.191682159573716
41.1720894657399 102.115128481311416
41.77095129709678 102.035373039963901
42.37852377437204 101.964143283207704
42.9949335968281 101.904630935727198
43.62030930661056 101.849906578894206
44.25478131555359 101.785144421171665
44.89848193237519 101.709351406065707
45.55154539026795 101.628740925837576
46.21410787489121 101.548318925138545
46.88630755277036 101.468821126123430
47.56828460010916 101.393220324388693
48.260181232021196 101.324542157029896
48.962141732186545 101.252913533103538
49.674312482939705 101.177197303282341
50.39684199579528 101.107532202291054
51.129880942417586 101.039690000995449
51.873582186040764 100.966908678802127
52.628100813345895 100.910419355398489
53.393594166801776 100.864900333825304
54.17022187747612 100.779735535156661
54.95814589832399 100.633561964822903
55.75753053796041 100.509581874688905
56.56854249492426 100.431800871653522
57.39135089244048 100.370301112975397
58.226127313687975 100.319067971109320
59.073045837580466 100.281925874617755
59.932283075067765 100.204594523243912
60.804018205965114 100.093055017118132
61.68843301631817 99.999579432035944
62.58571193631152 99.920768111612489
63.49604207872855 99.835883918363322
64.41961327797075 99.745668092119871
65.35661812964459 99.654442968618952
66.3072520307241 99.565654569265547
67.27171322029778 99.479274096952906
68.25020282090806 99.389230732013743
69.2429248804921 99.295286523673980
70.25008641493265 99.202367352278458
71.27189745122783 99.113704408999325
72.30857107128878 99.029468599832541
73.36032345637442 98.945674123490051
74.42737393217246 98.862446955087080
75.50994501453623 98.782741371638949
76.60826245588666 98.703479335160509
77.72255529228926 98.622393989589199
78.85305589121582 98.538264182904001
80.00000000000082 98.457499999999953
81.16362679500274 98.379924686394872
82.34417893148023 98.311489656284621
83.541902594194 98.246397682087206
84.75704754874454 98.180659957342897
85.98986719365665 98.118006516583449
87.24061861322157 98.059071182835808
88.50956263110764 97.999627057386803
89.79696386475084 97.949418409274728
91.10309078053635 97.907487949236668
92.42821574978288 97.873322211377342
93.77261510554118 97.836258432250176
95.13656920021877 97.782956042796286
96.52036246404286 97.719801497019517
97.92428346437356 97.666181442874603
99.34862496587989 97.608497728987075
100.79368399159105 97.544019659047876
102.25976188483567 97.474518413681437
103.74716437208203 97.395571798054192
105.25620162669229 97.303382080134284
106.78718833360406 97.208006303872551
108.34044375495276 97.113172635111255
109.9162917966485 97.014659008035323
111.51506107592134 96.917576717202166
113.13708498984903 96.823617722054138
114.78270178488147 96.725309548949880
116.45225462737648 96.619913728737345
118.14609167516147 96.516077329983418
119.86456615013608 96.422883065614215
121.60803641193078 96.328277992955194
123.3768660326369 96.224715784921727
125.17142387262359 96.116728839260460
126.99208415745765 96.014755511602260
128.83922655594208 95.914482870899207
130.71323625928977 95.810609190199358
132.61450406144883 95.704855902635671
134.5434264405962 95.600334255258559
136.50040564181674 95.495477284058268
138.48584976098482 95.384292413384856
140.50017282986593 95.271490321527509
142.5437949024563 95.157047485462442
144.61714214257822 95.040535754479976
146.7206469127495 94.924020290416223
148.8547478643456 94.805134119596644
151.01989002907314 94.683886158371905
153.216524911774 94.560874604940665
155.4451105845792 94.436073807263568
157.70611178243232 94.309169183688383
160.00000000000236 94.177499999999867
162.3272535900062 94.042053841061630
164.6883578629612 93.904199900803064
167.08380518838874 93.765139299073454
169.51409509748981 93.627807855521070
171.97973438731407 93.492802449330114
174.4812372264439 93.359098179553172
177.01912526221608 93.230543736889189
179.5939277295025 93.111854466626482
182.20618156107355 93.009665100679200
184.85643149956664 92.929220913912729
187.54523021108326 92.878246710817933
190.27313840043846 92.867176756324298
193.04072492808663 92.902409978216539
195.84856692874806 92.983245543292426
198.69724993176072 93.103946896697224
201.58736798318304 93.257479975041434
204.5195237696723 93.432210473719692
207.49432874416505 93.615652162975451
210.5124032533856 93.797987993576442
213.57437666720915 93.980962600032541
216.68088750990657 94.171709692798004
219.83258359329807 94.368452766377771
223.03012215184378 94.570276460835146
226.2741699796992 94.763780887152507
229.5654035697641 94.936408014796342
232.90450925475412 95.078068964320721
236.2921833503241 95.176284502361568
239.72913230027333 95.232564541416991
243.21607282386276 95.245163380997155
246.75373206527502 95.215093277445163
250.34284774524843 95.152028789922980
253.9841683149166 95.067368086678187
257.67845311188546 94.970440605812996
261.42647251858085 94.863917224155614
265.22900812289896 94.753301512405201
269.08685288119375 94.640481266445377
273.0008112836349 94.526726269953684
276.97169952197106 94.410699251422585
281.00034565973334 94.293790079565653
285.0875898049141 94.176494931579455
289.23428428515797 94.057899469444479
293.44129382550057 93.938955514120877
297.7094957286928 93.821572665752427
302.0397800581479 93.705700800966341
306.4330498235497 93.591957229499485
310.89022116916016 93.480730748417145
315.41222356486645 93.371147856799695
320.00000000000654 93.261499999999842
324.6545071800142 93.153515433423678
329.3767157259242 93.048774582457071
334.16761037677935 92.948730465200669
339.02819019498156 92.851339015119862
343.95946877463007 92.759145774546809
348.9624744528898 92.672241686855585
354.03825052443415 92.591099466766394
359.187855459007 92.515694881390289
364.4123631221491 92.447521752036494
369.71286299913527 92.384388216610205
375.0904604221685 92.327744009329024
380.54627680087896 92.282148972449789
386.08144985617537 92.246327590834184
391.6971338574982 92.226615027561422
397.3944998635236 92.219852299808935
403.1747359663683 92.241490170476084
409.0390475393468 92.288650237278304
414.9886574883323 92.362584588371504
421.0248065067734 92.458569883438031
427.1487533344206 92.573914447801513
433.3617750198154 92.717831633835317
439.6651671865984 92.879103977766817
446.06024430368984 93.043521168668178
452.54833995940066 93.205179495009375
459.13080713953053 93.358533275945092
465.8090185095106 93.499045533771948
472.58436670065066 93.621416598204064
479.45826460054917 93.724460361993295
486.432145647728 93.806480743865919
493.50746413055253 93.870137539442041
500.6856954904994 93.924657028911156
507.9683366298358 93.968808040818374
515.3569062237735 94.012590450739253
522.8529450371643 94.056137888639583
530.4580162458005 94.097461837321177
538.1737057623901 94.138930566584236
546.0016225672724 94.180579657305458
553.9433990439449 94.219745295697749
562.0006913194694 94.253902385052172
570.1751796098309 94.281999261888018
578.4685685703187 94.305635420425403
586.8825876510039 94.324453434067109
595.4189914573883 94.335064243593038
604.0795601162986 94.340794752565415
612.8660996471021 94.344737892731104
621.780442338323 94.347437269239521
630.8244471297356 94.349953445921358
640.0000000000159 94.355000000000018
649.3090143600314 94.363843563642035
658.7534314518515 94.375004117742208
668.3352207535618 94.388586070092657
678.0563803899662 94.405501484701944
687.9189375492632 94.424837875098518
697.9249489057827 94.446434887592716
708.0765010488715 94.469979777464843
718.3757109180171 94.495439277295048
728.8247262443015 94.522003051922979
739.425725998274 94.549506887595513
750.1809208443404 94.577959840479366
761.0925536017613 94.605693573737810
772.1628997123541 94.634970772313551
783.3942677149998 94.666391377342705
794.7889997270506 94.702695749067431
806.34947193274 94.744310519747771
818.0780950786972 94.790747471865359
829.9773149766683 94.840940741437947
842.0496130135506 94.893554524685413
854.2975066688449 94.948875968343401
866.7235500396347 95.007027700189028
879.3303343732008 95.067935155147353
892.1204886073838 95.132077142277410
905.0966799188055 95.198545207910456
918.2616142790653 95.267975553261152
931.6180370190256 95.340399203604647
945.1687334013056 95.415525428157281
958.9165292011028 95.494141564956394
972.8642912954606 95.576350033057722
987.0149282611097 95.661551682192083
1001.3713909810035 95.749548337114931
1015.9366732596762 95.840401041535955
1030.7138124475518 95.933563301004000
1045.7058900743334 96.029534976418347
1060.916032491606 96.127862607946270
1076.3474115247852 96.226623433758618
1092.0032451345498 96.326520282090939
1107.8867980878947 96.425657716757343
1124.0013826389438 96.524841744386919
1140.350359219667 96.623906292049696
1156.9371371406426 96.721203862974193
1173.765175302013 96.818429111073812
1190.837982914782 96.912900483282925
1208.1591202326028 97.007335381221168
1225.73219929421 97.098979882084507
1243.5608846766518 97.190162152012334
1261.648894259477 97.278302988920814
1280.0000000000375 97.365000000000180
1298.6180287200684 97.449579044756888
1317.5068629037087 97.535030196776319
1336.6704415071292 97.617266137442982
1356.112760779938 97.698770776256254
1375.8378750985323 97.779539341026521
1395.8498978115715 97.858710848910420
1416.153002097749 97.936650624673064
1436.7514218360407 98.014649046339258
1457.6494524886093 98.092149985158088
1478.8514519965543 98.169865227187600
1500.3618416886875 98.247302630079275
1522.1851072035295 98.325866385932713
1544.3257994247153 98.406345909905966
1566.788535430007 98.489117581091023
1589.5779994541087 98.574896397925613
1612.6989438654878 98.664279859952714
1636.156190157402 98.758240379645343
1659.9546299533442 98.857008538403107
1684.099226027109 98.960354609998745
1708.5950133376978 99.068677560019637
1733.4471000792773 99.180680892358339
1758.6606687464096 99.294299795983918
1784.2409772147755 99.409269217010788
1810.193359837619 99.527797189646549
1836.5232285581387 99.652502890792547
1863.2360740380593 99.785239256113343
1890.3374668026197 99.925061576709666
1917.833058402214 100.067875242523456
1945.7285825909298 100.208642912954645
1974.0298565222283 100.343901519915363
2002.7427819620161 100.473748249403968
2031.8733465193618 100.598180720729374
2061.4276248951132 100.719115324587449
2091.411780148677 100.836935353572400
2121.832064983222 100.953870243687078
2152.694823049581 101.069288215859700
2184.0064902691106 101.186024338509156
2215.7735961758003 101.305150985659253
2248.002765277899 101.426277128634723
2280.7007184393456 101.550876111298805
2313.874274281297 101.680072145506443
2347.530350604038 101.813621402416146
2381.6759658295764 101.951558611182648
2416.318240465218 102.093448727256231
2451.4643985884327 102.239345559124345
2487.1217693533167 102.388411431283927
2523.2977885189675 102.540059489423186
2560.0000000000887 102.692750000000359
2597.236057440151 102.845952384786614
2635.0137258074315 102.998804674466271
2673.340883014273 103.150112965831028
2712.225521559891 103.301068258005586
2751.6757501970797 103.450971903871448
2791.699795623158 103.600581738696263
2832.3060041955137 103.751032215523395
2873.502843672097 103.902520407839873
2915.2989049772345 104.055493992216668
2957.7029039931244 104.210538570534965
3000.723683377391 104.367132398285264
3044.370214407075 104.525805608772259
3088.6515988494466 104.685412610872390
3133.57707086003 104.845698601553096
3179.1559989082334 105.006337556167892
3225.3978877309914 105.166614754917305
3272.3123803148205 105.326192721660945
3319.9092599067053 105.484802372493988
3368.198452054235 105.641371077532469
3417.190026675413 105.795101481626773
3466.8942001585724 105.944662122461438
3517.3213374928373 106.088633678105310
3568.4819544295697 106.225998622883992
3620.386719675257 106.355724260023862
3673.0464571162966 106.476510811942376
3726.472148076138 106.586620688748468
3780.6749336052594 106.683332747117277
3835.6661168044484 106.769492596517949
3891.45716518188 106.836420736052332
3948.059713044477 106.891608220218359
4005.4855639240527 106.924962817046406
4063.746693038744 106.939156553138105
4122.855249790247 106.932691343846130
4182.823560297375 106.904160478610748
4243.664129966465 106.853749720884920
4305.389646099183 106.782955585449301
4368.012980538242 106.689997087688141
4431.5471923516225 106.574456562557032
4496.00553055582 106.439521534814247
4561.401436878714 106.282856264115338
4627.748548562617 106.108804064024667
4695.060701208099 105.917640625687312
4763.351931659176 105.712513640916143
4832.63648093046 105.496568720259745
4902.928797176889 105.273363054728065
4974.243538706657 105.046847490251480
5046.595577037959 104.821927378251786
5120.000000000202 104.600142857142259
5194.472114880326 104.384572130554488
5270.027451614888 104.179739924793139
5346.6817660285715 103.986713195305356
5424.451043119808 103.806120167882142
5503.351500394186 103.639629424191924
5583.399591246343 103.487418261303688
5664.612008391055 103.353443846616273
5747.005687344222 103.234717464268897
5830.597809954497 103.132678277647329
5915.405807986278 103.048560498810630
6001.447366754812 102.982222040369294
6088.740428814181 102.937128144818189
6177.303197698925 102.912709497504451
6267.154141720092 102.904231719685498
6358.3119978165005 102.910288999727072
6450.795775462017 102.929214859374738
6544.624760629676 102.959903656645565
6639.818519813445 103.000015611713252
6736.396904108505 103.044924560410450
6834.380053350861 103.088252021340338
6933.788400317181 103.123284984082460
7034.642674985712 103.141539280249560
7136.963908859177 103.132965285975132
7240.773439350552 103.086458592454619
7346.092914232631 102.990379896634337
7452.944296152315 102.835965253579545
7561.349867210557 102.613884056522295
7671.332233608935 102.326872479185909
7782.914330363799 101.979173250148392
7896.119426088994 101.576537223905149
8010.971127848146 101.129384080084208
8127.49338607753 100.655248296366437
8245.710499580537 100.170103449798347
8365.647120594791 99.690356314238500
8487.328259932974 99.228283019836084
8610.77929219841 98.796926700763009
8736.025961076528 98.410674565020145
8863.094384703289 98.078065312632987
8992.011061111683 97.803043069628416
9122.802873757471 97.593567762838333
9255.497097125279 97.457984020931121
9390.121402416245 97.402307347812098
9526.7038633184 97.435415236517201
9665.272961860968 97.560528977195645
9805.857594353829 97.778848124483162
9948.487077413367 98.094929870468746
10093.19115407597 98.512960666094756
10240.000000000457 99.013400000001639
10388.944229760706 99.574976548286173
10540.05490322983 100.154146646991137
10693.363532057198 100.691844502882844
10848.902086239672 101.118513375079203
11006.703000788428 101.377379432250308
11166.799182492743 101.458349897811587
11329.224016782166 101.327532693583066
11494.0113746885 101.033175923576010
11661.195619909053 100.494782466887528
11830.811615972614 99.829962998157910
12002.894733509682 99.031100217899279
12177.48085762842 98.211322522197236
12354.606395397908 97.440560610254238
12534.308283440243 96.750125747481604
12716.62399563306 96.189393131805303
12901.591550924093 95.786505047456899
13089.249521259411 95.458639764999631
13279.637039626952 95.252421405827562
13472.793808217073 95.176816185753495
13668.760106701786 95.203426347215526
13867.576800634426 95.314378846496439
14069.285349971487 95.472042572977756
14273.927817718419 95.631663697820358
14481.54687870117 95.651546132803247
14692.18582846533 95.339774586229240
14905.888592304698 94.647387805549954
15122.699734421185 93.606488870775479
15342.664467217943 92.316231225051467
15565.828660727671 90.890532328305028
15792.238852178061 89.393508639623832
16021.942255696367 87.816252451917791
16254.986772155136 86.134687647950784
16491.42099916115 84.389330184192389
16731.294241189662 82.553823524004812
16974.65651986603 80.639307997376235
17221.558584396902 78.740145657675754
17472.051922153143 76.930331822006281
17726.188769406665 75.260677753934317
17984.022122223458 73.766457372392921
18245.605747515034 72.473005471661423
18510.99419425065 71.434642671289907
18780.242804832582 70.541339158480099
19053.40772663689 69.338446224445605
19330.545923722028 67.647832521524890
19611.71518870775 65.208883012339768
19896.974154826825 63.745000000000005
20186.382308152035 63.745000000000005
