20 70.627499999999998
20.290906698750476 70.600833463726076
20.586044732869844 70.568535074267402
20.885475648548283 70.530839751183876
21.189261887185914 70.488503470782405
21.49746679841394 70.448547622555424
21.810154653305165 70.412060606766232
22.12739065777668 70.384786462344522
22.449240966187475 70.360224871842718
22.77577269513385 70.334054238126868
23.107053937445478 70.301367179980105
23.44315377638505 70.262321484095509
23.784142300054445 70.225085769994564
24.130090616010463 70.194610444940764
24.481070866093134 70.176209838972312
24.837156241469714 70.161599400729415
25.1984209978975 70.133909873962878
25.56494047120865 70.083398288750146
25.936791093020236 70.009721932960787
26.3140504066728 69.928260291566431
26.69679708340074 69.872566288014184
27.08511093873791 69.856510723636916
27.47907294916184 69.886558423875783
27.878765268980047 69.925331157139325
28.284271247461966 69.935862915010148
28.695675446220072 69.904278954943450
29.11306365684382 69.827103449220601
29.536522918790062 69.716565766089104
29.966141537533712 69.599709501790826
30.402009102982383 69.500631665680999
30.844216508158908 69.421663572157115
31.29285596815558 69.342580575931038
31.74802103936409 69.249187350300531
32.20980663898519 69.150070025730059
32.67830906482211 69.072347402582608
33.153626015361866 69.047720422722008
33.63585661014871 69.081253789488883
34.125101410453844 69.139634836814025
34.62146244024586 69.176485849760979
35.12504320746613 69.167121240950451
35.635948725613716 69.115331229688451
36.15428553564419 69.037925744476127
36.68016172818701 68.945809756829021
37.21368696608603 68.843689980714970
37.754972507267915 68.739465907622332
38.30413122794313 68.639422642617319
38.86127764614443 68.551618847226820
39.4265279456077 68.471423860746739
40.000000000000206 68.403499999999980
40.58181339750116 68.355015388592875
41.1720894657399 68.324418829230751
41.77095129709678 68.300161911989164
42.37852377437204 68.270487033995892
42.9949335968281 68.234803885203263
43.62030930661056 68.195547115345761
44.25478131555359 68.148098993598410
44.89848193237519 68.088813445915221
45.55154539026795 68.021161377920279
46.21410787489121 67.952554040503799
46.88630755277036 67.882697828367043
47.56828460010916 67.804366887890637
48.260181232021196 67.716977470997350
48.962141732186545 67.632415588202392
49.674312482939705 67.557397602917632
50.39684199579528 67.495252600652123
51.129880942417586 67.435195704573800
51.873582186040764 67.372245559550024
52.628100813345895 67.312392473864662
53.393594166801776 67.254242410605130
54.17022187747612 67.192853323043636
54.95814589832399 67.134911572740066
55.75753053796041 67.076336775987713
56.56854249492426 66.997165953043108
57.39135089244048 66.924388139314047
58.226127313687975 66.869771552149246
59.073045837580466 66.815004041114548
59.932283075067765 66.703303200241194
60.804018205965114 66.583072242261949
61.68843301631817 66.491771863119681
62.58571193631152 66.413419877614345
63.49604207872855 66.361394464126420
64.41961327797075 66.318452623238699
65.35661812964459 66.234751770914585
66.3072520307241 66.109205138420634
67.27171322029778 66.008936648138558
68.25020282090806 65.941988236387346
69.2429248804921 65.886596680855888
70.25008641493265 65.836745592838440
71.27189745122783 65.781098563121418
72.30857107128878 65.711511455188983
73.36032345637442 65.636939298792043
74.42737393217246 65.575486051255723
75.50994501453623 65.515065968809466
76.60826245588666 65.433442144137643
77.72255529228926 65.339489105245150
78.85305589121582 65.273957875940596
80.00000000000082 65.218999999999937
81.16362679500274 65.144818606365092
82.34417893148023 65.048765311924171
83.541902594194 64.973485988611458
84.75704754874454 64.900178413959381
85.98986719365665 64.796411729850234
87.24061861322157 64.693449986739836
88.50956263110764 64.602757302317301
89.79696386475084 64.502769139837682
91.10309078053635 64.410243074628710
92.42821574978288 64.307132289711745
93.77261510554118 64.199691026500489
95.13656920021877 64.097326324133647
96.52036246404286 64.000313772479160
97.92428346437356 63.906421638458092
99.34862496587989 63.812239331665651
100.79368399159105 63.712442120588626
102.25976188483567 63.612855715600844
103.74716437208203 63.515167541156721
105.25620162669229 63.417114517416493
106.78718833360406 63.323080680539761
108.34044375495276 63.234715297640960
109.9162917966485 63.149608278999850
111.51506107592134 63.086374954713818
113.13708498984903 63.051153476596973
114.78270178488147 63.013204092407094
116.45225462737648 62.997268192081926
118.14609167516147 63.018208900970443
119.86456615013608 63.091244122337798
121.60803641193078 63.155981227994516
123.3768660326369 63.179490417858588
125.17142387262359 63.197099901325096
126.99208415745765 63.238614328356334
128.83922655594208 63.286761326850602
130.71323625928977 63.332005275402850
132.61450406144883 63.363223284522313
134.5434264405962 63.377037849152231
136.50040564181674 63.383625912694086
138.48584976098482 63.388214624402465
140.50017282986593 63.387831893084453
142.5437949024563 63.370801709146200
144.61714214257822 63.328188588578129
146.7206469127495 63.264283428174565
148.8547478643456 63.189916228164947
151.01989002907314 63.106796442825441
153.216524911774 63.016332733776068
155.4451105845792 62.920949266980017
157.70611178243232 62.825002862841629
160.00000000000236 62.735999999999933
162.3272535900062 62.665251490863810
164.6883578629612 62.588659533667467
167.08380518838874 62.519736693687442
169.51409509748981 62.466509640991710
171.97973438731407 62.408590427827001
174.4812372264439 62.363111462041033
177.01912526221608 62.334308747377833
179.5939277295025 62.302697725062373
182.20618156107355 62.263083567647257
184.85643149956664 62.220797096006933
187.54523021108326 62.174222040369372
190.27313840043846 62.126919625751846
193.04072492808663 62.074252921495798
195.84856692874806 62.015510381110545
198.69724993176072 61.958710051241951
201.58736798318304 61.909602112269070
204.5195237696723 61.857875794414610
207.49432874416505 61.797870041581845
210.5124032533856 61.737516405394572
213.57437666720915 61.679980437489832
216.68088750990657 61.619052471679346
219.83258359329807 61.559555349422311
223.03012215184378 61.513320759336224
226.2741699796992 61.463492308654764
229.5654035697641 61.408815706575638
232.90450925475412 61.361805040185033
236.2921833503241 61.313617249745135
239.72913230027333 61.262063015495897
243.21607282386276 61.215204889436095
246.75373206527502 61.161255586004557
250.34284774524843 61.101657275598370
253.9841683149166 61.050223622551805
257.67845311188546 61.004019336101436
261.42647251858085 60.949887839415752
265.22900812289896 60.880162203403756
269.08685288119375 60.798806368816720
273.0008112836349 60.724986208178208
276.97169952197106 60.657359645686249
281.00034565973334 60.588994296614402
285.0875898049141 60.521712429867762
289.23428428515797 60.460756021008180
293.44129382550057 60.396848204469840
297.7094957286928 60.329648068340916
302.0397800581479 60.260108546562364
306.4330498235497 60.189165694519275
310.89022116916016 60.123591793047183
315.41222356486645 60.063811314804845
320.00000000000654 60.000499999999896
324.6545071800142 59.928820589427787
329.3767157259242 59.857849264111138
334.16761037677935 59.801406002742397
339.02819019498156 59.746884269816206
343.95946877463007 59.686110693439659
348.9624744528898 59.629412781018218
354.03825052443415 59.581251920227658
359.187855459007 59.528527517680430
364.4123631221491 59.474552659841862
369.71286299913527 59.424670374108040
375.0904604221685 59.377256932246475
380.54627680087896 59.332441297707064
386.08144985617537 59.294378720920477
391.6971338574982 59.271472889766571
397.3944998635236 59.257584400109181
403.1747359663683 59.259468419957955
409.0390475393468 59.281994047120918
414.9886574883323 59.315194232650967
421.0248065067734 59.356142970522825
427.1487533344206 59.412345658899937
433.3617750198154 59.476495452293044
439.6651671865984 59.546791637154428
446.06024430368984 59.625969924049201
452.54833995940066 59.712902589451907
459.13080713953053 59.799110377508249
465.8090185095106 59.884882404205385
472.58436670065066 59.970304583758136
479.45826460054917 60.054636070149527
486.432145647728 60.138685747772740
493.50746413055253 60.218476562035477
500.6856954904994 60.299314057822301
507.9683366298358 60.387616081636757
515.3569062237735 60.451239305749240
522.8529450371643 60.467025744463271
530.4580162458005 60.488322528319742
538.1737057623901 60.561013721643690
546.0016225672724 60.627082091156367
553.9433990439449 60.680346718188112
562.0006913194694 60.736704562708496
570.1751796098309 60.790857641976189
578.4685685703187 60.855131406419972
586.8825876510039 60.916898760469778
595.4189914573883 60.959550268392334
604.0795601162986 61.017550573670256
612.8660996471021 61.111222253210570
621.780442338323 61.157762913564369
630.8244471297356 61.184416123866242
640.0000000000159 61.228000000000080
649.3090143600314 61.275941423954158
658.7534314518515 61.321516470968888
668.3352207535618 61.366258776504061
678.0563803899662 61.411462168813344
687.9189375492632 61.457719006481533
697.9249489057827 61.505539754747758
708.0765010488715 61.555882505244355
718.3757109180171 61.609472482319589
728.8247262443015 61.665653521719229
739.425725998274 61.726197924490080
750.1809208443404 61.789600601803073
761.0925536017613 61.855979701077381
772.1628997123541 61.924040921306798
783.3942677149998 61.993802744993459
794.7889997270506 62.070022998089357
806.34947193274 62.151210864859706
818.0780950786972 62.232845346887956
829.9773149766683 62.315724075219499
842.0496130135506 62.401690960472678
854.2975066688449 62.490694111682728
866.7235500396347 62.583289975300303
879.3303343732008 62.679776608110970
892.1204886073838 62.782150656960297
905.0966799188055 62.889821779309841
918.2616142790653 63.002446215327332
931.6180370190256 63.118280553973804
945.1687334013056 63.238518600611748
958.9165292011028 63.363363328960062
972.8642912954606 63.491785765804252
987.0149282611097 63.624255480604262
1001.3713909810035 63.761119640384933
1015.9366732596762 63.900554508176867
1030.7138124475518 64.043485164665327
1045.7058900743334 64.190132428224757
1060.916032491606 64.338354980752200
1076.3474115247852 64.487659719225405
1092.0032451345498 64.640531640061852
1107.8867980878947 64.795396281356972
1124.0013826389438 64.952846929282941
1140.350359219667 65.113807728928364
1156.9371371406426 65.278240722575447
1173.765175302013 65.444931106107390
1190.837982914782 65.615505097392912
1208.1591202326028 65.789899648073543
1225.73219929421 65.968277359491140
1243.5608846766518 66.149535660879295
1261.648894259477 66.334595314397291
1280.0000000000375 66.524500000000387
1298.6180287200684 66.718127498688716
1317.5068629037087 66.914571374198573
1336.6704415071292 67.115539635824859
1356.112760779938 67.321698083286833
1375.8378750985323 67.531673369799364
1395.8498978115715 67.744801411693231
1416.153002097749 67.961567905744289
1436.7514218360407 68.182415355829235
1457.6494524886093 68.407655119727664
1478.8514519965543 68.634517275003759
1500.3618416886875 68.860821048232538
1522.1851072035295 69.091274732069280
1544.3257994247153 69.325466957913491
1566.788535430007 69.562786934140874
1589.5779994541087 69.799944954366396
1612.6989438654878 70.038299121814532
1636.156190157402 70.279016263408650
1659.9546299533442 70.522037225524116
1684.099226027109 70.765582337668377
1708.5950133376978 71.001558421906566
1733.4471000792773 71.222117756662755
1758.6606687464096 71.422683601599218
1784.2409772147755 71.594891404655769
1810.193359837619 71.736408791236812
1836.5232285581387 71.844487583384193
1863.2360740380593 71.918884084364493
1890.3374668026197 71.969539946884197
1917.833058402214 72.003903041906355
1945.7285825909298 72.024766292858203
1974.0298565222283 72.037111942608902
2002.7427819620161 72.040905730574906
2031.8733465193618 72.034188216508284
2061.4276248951132 72.021309981300703
2091.411780148677 72.006747050587364
2121.832064983222 71.990446562634645
2152.694823049581 71.974604700203926
2184.0064902691106 71.961597728405820
2215.7735961758003 71.947718862007704
2248.002765277899 71.932199032152738
2280.7007184393456 71.923608273463387
2313.874274281297 71.923849903237510
2347.530350604038 71.931551277691284
2381.6759658295764 71.949318428216344
2416.318240465218 71.977318240465223
2451.4643985884327 72.015952363359048
2487.1217693533167 72.059472937336750
2523.2977885189675 72.115023795769275
2560.0000000000887 72.184250000000191
2597.236057440151 72.265789284266361
2635.0137258074315 72.358035687099317
2673.340883014273 72.464396799703707
2712.225521559891 72.582510392913662
2751.6757501970797 72.713509710037670
2791.699795623158 72.850071800009317
2832.3060041955137 72.994155495019939
2873.502843672097 73.142110237219555
2915.2989049772345 73.290281222171473
2957.7029039931244 73.434341176618261
3000.723683377391 73.570053451583334
3044.370214407075 73.692644046738053
3088.6515988494466 73.801831257296200
3133.57707086003 73.902985415734818
3179.1559989082334 73.995937317849226
3225.3978877309914 74.098462888309001
3272.3123803148205 74.233192721660942
3319.9092599067053 74.419675336363383
3368.198452054235 74.673148418215717
3417.190026675413 74.998065698731835
3466.8942001585724 75.379511963286021
3517.3213374928373 75.781374298694843
3568.4819544295697 76.145000643843190
3620.386719675257 76.404295510912107
3673.0464571162966 76.498890708576738
3726.472148076138 76.391582229906874
3780.6749336052594 76.074662811326903
3835.6661168044484 75.630658732980322
3891.45716518188 75.056934753869768
3948.059713044477 74.432891663684643
4005.4855639240527 73.792210196587533
4063.746693038744 73.165408179844604
4122.855249790247 72.574969639412245
4182.823560297375 72.031330844469664
4243.664129966465 71.542867985126378
4305.389646099183 71.109349861531484
4368.012980538242 70.737640622346802
4431.5471923516225 70.428814985502171
4496.00553055582 70.172378707360096
4561.401436878714 69.987115687407723
4627.748548562617 69.861557737723317
4695.060701208099 69.806924235628003
4763.351931659176 69.815493593195370
4832.63648093046 69.891119300865512
4902.928797176889 70.043614872659916
4974.243538706657 70.258140208537966
5046.595577037959 70.549981982471607
5120.000000000202 70.903500000001060
5194.472114880326 71.316485292415592
5270.027451614888 71.770105469568605
5346.6817660285715 72.233007074096065
5424.451043119808 72.669360558338411
5503.351500394186 73.021192494450773
5583.399591246343 73.212921697820946
5664.612008391055 73.195748753538879
5747.005687344222 72.990583473402125
5830.597809954497 72.601517490680294
5915.405807986278 72.058764556262645
6001.447366754812 71.414746723481329
6088.740428814181 70.738446783893636
6177.303197698925 70.088852730311061
6267.154141720092 69.498260181178182
6358.3119978165005 68.988153571452457
6450.795775462017 68.556665700814136
6544.624760629676 68.201453299496876
6639.818519813445 67.902021755536339
6736.396904108505 67.625450807811291
6834.380053350861 67.332249125809440
6933.788400317181 66.983015340732862
7034.642674985712 66.554813360692506
7136.963908859177 66.057114425729608
7240.773439350552 65.533579209608263
7346.092914232631 65.033581885953168
7452.944296152315 64.567575070237226
7561.349867210557 64.096759964253152
7671.332233608935 63.547065175112699
7782.914330363799 62.864997698440774
7896.119426088994 62.031066977229891
8010.971127848146 61.107439419582988
8127.49338607753 60.242198591642044
8245.710499580537 59.614283846458761
8365.647120594791 59.491865557641411
8487.328259932974 60.048339777644763
8610.77929219841 61.251449325417852
8736.025961076528 62.651738315807386
8863.094384703289 64.011856551134869
8992.011061111683 65.300163870709426
9122.802873757471 66.419128330203506
9255.497097125279 67.294501464695273
9390.121402416245 68.020980176215403
9526.7038633184 68.634032405970160
9665.272961860968 69.124420955514864
9805.857594353829 69.455294108149786
9948.487077413367 69.568787823064667
10093.19115407597 69.391679355976663
10240.000000000457 68.944299999998265
10388.944229760706 68.266425691927850
10540.05490322983 67.450319257638881
10693.363532057198 66.630698421529047
10848.902086239672 65.915006786239786
11006.703000788428 65.383726488306522
11166.799182492743 65.046967092369385
11329.224016782166 64.932490236845865
11494.0113746885 64.964130450371570
11661.195619909053 65.176187952200152
11830.811615972614 65.480936508855137
12002.894733509682 65.907835011975948
12177.48085762842 66.390614061613945
12354.606395397908 66.875645930365749
12534.308283440243 67.251039638397870
12716.62399563306 67.349908802037902
12901.591550924093 66.986777821765116
13089.249521259411 66.387880813580679
13279.637039626952 65.545665616317464
13472.793808217073 64.541920754531674
13668.760106701786 63.497523523543606
13867.576800634426 62.420037494540793
14069.285349971487 61.360811296805430
14273.927817718419 60.364884620437032
14481.54687870117 59.551752798509575
14692.18582846533 58.857780429144611
14905.888592304698 58.067334702150035
15122.699734421185 57.011473497864515
15342.664467217943 55.357403552164342
15565.828660727671 53.257301250074725
15792.238852178061 52.536930028730445
16021.942255696367 56.428923803770147
16254.986772155136 60.719262086238729
16491.42099916115 63.363069612619974
16731.294241189662 64.114950468013888
16974.65651986603 63.206470094973398
17221.558584396902 61.420801516115446
17472.051922153143 59.580524033683304
17726.188769406665 58.152771135048759
17984.022122223458 57.244706332995889
18245.605747515034 56.836845300588294
18510.99419425065 56.969864077813057
18780.242804832582 57.670443179564501
19053.40772663689 58.888533449250524
19330.545923722028 60.396675977777065
19611.71518870775 61.683809894812867
19896.974154826825 62.149000000000001
20186.382308152035 62.149000000000001
