20 98.423499999999990
20.290906698750476 98.412833385490416
20.586044732869844 98.408209328309198
20.885475648548283 98.415612683961285
21.189261887185914 98.434801959993877
21.49746679841394 98.453155014078050
21.810154653305165 98.464373054968405
22.12739065777668 98.456108182077827
22.449240966187475 98.441694503924779
22.77577269513385 98.435025731590230
23.107053937445478 98.456417058258097
23.44315377638505 98.510846631336833
23.784142300054445 98.581439705136376
24.130090616010463 98.642110925957667
24.481070866093134 98.657973225981550
24.837156241469714 98.631698052370609
25.1984209978975 98.567563826667865
25.56494047120865 98.506057685137080
25.936791093020236 98.476012967783987
26.3140504066728 98.487834729749693
26.69679708340074 98.527147679174078
27.08511093873791 98.562149205316416
27.47907294916184 98.573139567276996
27.878765268980047 98.568576238034183
28.284271247461966 98.565147186257619
28.695675446220072 98.572327017848806
29.11306365684382 98.590492373812737
29.536522918790062 98.612205256320067
29.966141537533712 98.626382670738607
30.402009102982383 98.631513393975240
30.844216508158908 98.634401349179370
31.29285596815558 98.637446419761162
31.74802103936409 98.640488126236178
32.20980663898519 98.642419613277966
32.67830906482211 98.642643381870357
33.153626015361866 98.640463739846382
33.63585661014871 98.634282867797026
34.125101410453844 98.623497160507284
34.62146244024586 98.609963438993844
35.12504320746613 98.597999135850671
35.635948725613716 98.587781025487729
36.15428553564419 98.576025719466315
36.68016172818701 98.559694339513456
37.21368696608603 98.541662017085244
37.754972507267915 98.527582680098874
38.30413122794313 98.517542176808803
38.86127764614443 98.509177655164535
39.4265279456077 98.499285762559069
40.000000000000206 98.487499999999997
40.58181339750116 98.471500078235636
41.1720894657399 98.450500158310192
41.77095129709678 98.433798814492548
42.37852377437204 98.431760305825918
42.9949335968281 98.432324892077688
43.62030930661056 98.420793054135999
44.25478131555359 98.398393903431000
44.89848193237519 98.381784164135439
45.55154539026795 98.371137730917582
46.21410787489121 98.353494501964732
46.88630755277036 98.328862716186507
47.56828460010916 98.299390676293257
48.260181232021196 98.262930808166914
48.962141732186545 98.234695463508075
49.674312482939705 98.222714071689069
50.39684199579528 98.204870379998283
51.129880942417586 98.171827778330808
51.873582186040764 98.143460990803362
52.628100813345895 98.122354301392477
53.393594166801776 98.088606297104519
54.17022187747612 98.063355554652944
54.95814589832399 98.065254205835572
55.75753053796041 98.023942950400524
56.56854249492426 97.959800871653513
57.39135089244048 97.959743203088550
58.226127313687975 98.016844164332696
59.073045837580466 98.022841507917121
59.932283075067765 97.938636258643356
60.804018205965114 97.907068900575254
61.68843301631817 97.921153517110042
62.58571193631152 97.927723208909583
63.49604207872855 97.935444589102204
64.41961327797075 97.950892265559418
65.35661812964459 97.961251836546239
66.3072520307241 97.957156487815666
67.27171322029778 97.963596815591615
68.25020282090806 98.000506895910874
69.2429248804921 98.031951659572059
70.25008641493265 98.061878931879448
71.27189745122783 98.105108564616131
72.30857107128878 98.134282851604979
73.36032345637442 98.143558706174503
74.42737393217246 98.136939947644365
75.50994501453623 98.129587701414749
76.60826245588666 98.119148759351191
77.72255529228926 98.096778522499704
78.85305589121582 98.070018936417569
80.00000000000082 98.037999999999982
81.16362679500274 98.000182034617495
82.34417893148023 97.955433173147853
83.541902594194 97.906621799880938
84.75704754874454 97.858515661463315
85.98986719365665 97.815591898693839
87.24061861322157 97.780883567071655
88.50956263110764 97.750283247028221
89.79696386475084 97.721102152398970
91.10309078053635 97.689841906158478
92.42821574978288 97.653487866957079
93.77261510554118 97.610874303843957
95.13656920021877 97.560947681945251
96.52036246404286 97.513055062615877
97.92428346437356 97.455417731449529
99.34862496587989 97.388940391471692
100.79368399159105 97.319374045742563
102.25976188483567 97.250810715182382
103.74716437208203 97.184144495325626
105.25620162669229 97.113795341459621
106.78718833360406 97.044938089988619
108.34044375495276 96.977460178945449
109.9162917966485 96.906480476064957
111.51506107592134 96.839224337026920
113.13708498984903 96.776727671117953
114.78270178488147 96.715467621140064
116.45225462737648 96.669213234887209
118.14609167516147 96.631055772016154
119.86456615013608 96.602304350029911
121.60803641193078 96.579199603872738
123.3768660326369 96.556313943189394
125.17142387262359 96.525885827057039
126.99208415745765 96.480713727748650
128.83922655594208 96.432759115117420
130.71323625928977 96.386444303877568
132.61450406144883 96.344670796817113
134.5434264405962 96.312158165763577
136.50040564181674 96.298251419746350
138.48584976098482 96.314917469383147
140.50017282986593 96.376258900738094
142.5437949024563 96.481505437476500
144.61714214257822 96.627498517300296
146.7206469127495 96.811702351530016
148.8547478643456 97.016390988143087
151.01989002907314 97.217302586488671
153.216524911774 97.396879538488918
155.4451105845792 97.554316413905596
157.70611178243232 97.682445251357564
160.00000000000236 97.782000000000068
162.3272535900062 97.851352156982188
164.6883578629612 97.895890441533297
167.08380518838874 97.920254246695507
169.51409509748981 97.928431009214478
171.97973438731407 97.922372956205663
174.4812372264439 97.898706390509119
177.01912526221608 97.869578146958290
179.5939277295025 97.832591084057455
182.20618156107355 97.784141314027394
184.85643149956664 97.724773361809881
187.54523021108326 97.664441613060660
190.27313840043846 97.599789146228431
193.04072492808663 97.528022601725922
195.84856692874806 97.461652674024549
198.69724993176072 97.396942151542220
201.58736798318304 97.334958956344749
204.5195237696723 97.272317223105603
207.49432874416505 97.205628548465597
210.5124032533856 97.137470926798827
213.57437666720915 97.068576524987790
216.68088750990657 96.997004476333416
219.83258359329807 96.927557598642409
223.03012215184378 96.863397556963122
226.2741699796992 96.797758543746113
229.5654035697641 96.733402197651230
232.90450925475412 96.668362069532293
236.2921833503241 96.604178974719645
239.72913230027333 96.547469317045483
243.21607282386276 96.498542834818210
246.75373206527502 96.441940286955600
250.34284774524843 96.381185859948658
253.9841683149166 96.324745391118796
257.67845311188546 96.271162429877663
261.42647251858085 96.220242620999159
265.22900812289896 96.173337780571302
269.08685288119375 96.128588044747460
273.0008112836349 96.088242089984561
276.97169952197106 96.050376166742510
281.00034565973334 96.015297165590198
285.0875898049141 95.981790522580198
289.23428428515797 95.948202297290223
293.44129382550057 95.913437261248333
297.7094957286928 95.876927387160379
302.0397800581479 95.838896951983941
306.4330498235497 95.799602551588066
310.89022116916016 95.758515454185272
315.41222356486645 95.716083876133766
320.00000000000654 95.672499999999957
324.6545071800142 95.628747632507867
329.3767157259242 95.583045857458529
334.16761037677935 95.536574179345251
339.02819019498156 95.491440650206158
343.95946877463007 95.446468834150863
348.9624744528898 95.401337729923995
354.03825052443415 95.356463395384978
359.187855459007 95.311565657506648
364.4123631221491 95.265229968212878
369.71286299913527 95.217584233007784
375.0904604221685 95.170211702035388
380.54627680087896 95.122668159306627
386.08144985617537 95.078164691121827
391.6971338574982 95.038120062997507
397.3944998635236 94.996801801037222
403.1747359663683 94.955570532227014
409.0390475393468 94.919531984571989
414.9886574883323 94.885815219442094
421.0248065067734 94.852727794643243
427.1487533344206 94.820719044994291
433.3617750198154 94.789872012410825
439.6651671865984 94.764743022101186
446.06024430368984 94.746207824367303
452.54833995940066 94.735451660040596
459.13080713953053 94.734770345916942
465.8090185095106 94.743935455228154
472.58436670065066 94.765855102509605
479.45826460054917 94.800794245188882
486.432145647728 94.848297877793186
493.50746413055253 94.903630075311483
500.6856954904994 94.964971251191599
507.9683366298358 95.033701176944078
515.3569062237735 95.104967089030936
522.8529450371643 95.177922832241990
530.4580162458005 95.253080162458005
538.1737057623901 95.330261872732819
546.0016225672724 95.409802403549094
553.9433990439449 95.492148614841909
562.0006913194694 95.578407569948183
570.1751796098309 95.667944493669125
578.4685685703187 95.760001111130549
586.8825876510039 95.853740852308704
595.4189914573883 95.948108906031280
604.0795601162986 96.041590353728395
612.8660996471021 96.131313417924801
621.780442338323 96.214008298354784
630.8244471297356 96.287436019334095
640.0000000000159 96.353500000000096
649.3090143600314 96.413543142622188
658.7534314518515 96.467456887702951
668.3352207535618 96.517009625843173
678.0563803899662 96.564976263910836
687.9189375492632 96.612906847113933
697.9249489057827 96.662624744528912
708.0765010488715 96.714997805454132
718.3757109180171 96.771485195594991
728.8247262443015 96.831242175904734
739.425725998274 96.895025642289554
750.1809208443404 96.961138293645632
761.0925536017613 97.029790649744427
772.1628997123541 97.099213563581301
783.3942677149998 97.169625601444039
794.7889997270506 97.241496998271316
806.34947193274 97.314977883571217
818.0780950786972 97.389572526460967
829.9773149766683 97.465278241774115
842.0496130135506 97.542316282961394
854.2975066688449 97.621291918903239
866.7235500396347 97.703066425260673
879.3303343732008 97.786513240300451
892.1204886073838 97.872919322530208
905.0966799188055 97.961752036105082
918.2616142790653 98.054053793908736
931.6180370190256 98.149853498445253
945.1687334013056 98.248570711609574
958.9165292011028 98.350130924908171
972.8642912954606 98.455317899430980
987.0149282611097 98.562536187209176
1001.3713909810035 98.672513997521023
1015.9366732596762 98.784212384099504
1030.7138124475518 98.897981059865131
1045.7058900743334 99.013114029946436
1060.916032491606 99.129961846936197
1076.3474115247852 99.247105586435893
1092.0032451345498 99.364399135688217
1107.8867980878947 99.482314057429235
1124.0013826389438 99.599898874614595
1140.350359219667 99.717746309440116
1156.9371371406426 99.835217622192232
1173.765175302013 99.953135580201348
1190.837982914782 100.069990075668215
1208.1591202326028 100.187996950133197
1225.73219929421 100.305305219154661
1243.5608846766518 100.422645750398232
1261.648894259477 100.539829516211284
1280.0000000000375 100.656000000000233
1298.6180287200684 100.770899834386711
1317.5068629037087 100.887041177422248
1336.6704415071292 101.001605888005088
1356.112760779938 101.116968107621133
1375.8378750985323 101.232255622448946
1395.8498978115715 101.348429407307123
1416.153002097749 101.465110545360432
1436.7514218360407 101.582645533373636
1457.6494524886093 101.700030955836667
1478.8514519965543 101.817605956941108
1500.3618416886875 101.935446708285127
1522.1851072035295 102.052855876754990
1544.3257994247153 102.170040220962505
1566.788535430007 102.287300384236033
1589.5779994541087 102.403764677237788
1612.6989438654878 102.520248698204739
1636.156190157402 102.636888455574422
1659.9546299533442 102.753379501573249
1684.099226027109 102.869812315889035
1708.5950133376978 102.986068462953938
1733.4471000792773 103.102694544367836
1758.6606687464096 103.218819436108703
1784.2409772147755 103.334214758377897
1810.193359837619 103.448943048892033
1836.5232285581387 103.562358489086506
1863.2360740380593 103.674297346517562
1890.3374668026197 103.784656616546528
1917.833058402214 103.893048927768632
1945.7285825909298 103.998524898890082
1974.0298565222283 104.101488080610466
2002.7427819620161 104.200005467441954
2031.8733465193618 104.295276151768036
2061.4276248951132 104.386092524699336
2091.411780148677 104.471741217393998
2121.832064983222 104.552034360833474
2152.694823049581 104.625087295997190
2184.0064902691106 104.693412818281502
2215.7735961758003 104.752406623355455
2248.002765277899 104.806104009652955
2280.7007184393456 104.850840862127214
2313.874274281297 104.887180560567231
2347.530350604038 104.914771245422827
2381.6759658295764 104.932441335904699
2416.318240465218 104.942447736069781
2451.4643985884327 104.941816950176445
2487.1217693533167 104.933222017903788
2523.2977885189675 104.913647659819162
2560.0000000000887 104.885499999999922
2597.236057440151 104.848609435379828
2635.0137258074315 104.803482156450343
2673.340883014273 104.749280436516273
2712.225521559891 104.687827889426188
2751.6757501970797 104.617983649645254
2791.699795623158 104.540392903644261
2832.3060041955137 104.455834331147457
2873.502843672097 104.364913516427620
2915.2989049772345 104.268088606154180
2957.7029039931244 104.166550856176912
3000.723683377391 104.060699837598747
3044.370214407075 103.952074463982314
3088.6515988494466 103.841837292847615
3133.57707086003 103.731825603164424
3179.1559989082334 103.623774962554734
3225.3978877309914 103.518616689237206
3272.3123803148205 103.417367125142022
3319.9092599067053 103.320676943181923
3368.198452054235 103.228878817261290
3417.190026675413 103.142120755185303
3466.8942001585724 103.060982931755802
3517.3213374928373 102.985403700760173
3568.4819544295697 102.915158278785853
3620.386719675257 102.851055272373458
3673.0464571162966 102.793492613741378
3726.472148076138 102.742969231173760
3780.6749336052594 102.700589333139106
3835.6661168044484 102.663256991085376
3891.45716518188 102.632271417409058
3948.059713044477 102.603970143477767
4005.4855639240527 102.578760061397674
4063.746693038744 102.555094990110462
4122.855249790247 102.532953075076904
4182.823560297375 102.511011753895929
4243.664129966465 102.489717554511742
4305.389646099183 102.468575204249447
4368.012980538242 102.447178898316096
4431.5471923516225 102.424079237071908
4496.00553055582 102.398597787777675
4561.401436878714 102.369217842725789
4627.748548562617 102.335044584576508
4695.060701208099 102.295210544214740
4763.351931659176 102.249772164076887
4832.63648093046 102.198769909683548
4902.928797176889 102.143186550870240
4974.243538706657 102.084463717744455
5046.595577037959 102.023976204230706
5120.000000000202 101.963142857142685
5194.472114880326 101.902922308095725
5270.027451614888 101.843416053425869
5346.6817660285715 101.786155719629278
5424.451043119808 101.732154299619552
5503.351500394186 101.682226935472144
5583.399591246343 101.635148987588053
5664.612008391055 101.593840115888383
5747.005687344222 101.558872867245924
5830.597809954497 101.531350547511380
5915.405807986278 101.511535070722203
6001.447366754812 101.497791941028993
6088.740428814181 101.486999453075100
6177.303197698925 101.503176484645934
6267.154141720092 101.561607453533327
6358.3119978165005 101.650893837663659
6450.795775462017 101.763058381364488
6544.624760629676 101.902130855038962
6639.818519813445 102.072937947027825
6736.396904108505 102.276894863970114
6834.380053350861 102.509278233110393
6933.788400317181 102.757133116789788
7034.642674985712 102.999079951843214
7136.963908859177 103.204011893263271
7240.773439350552 103.331187266790849
7346.092914232631 103.336926353750641
7452.944296152315 103.188816978080141
7561.349867210557 102.889079184885418
7671.332233608935 102.531552262445047
7782.914330363799 102.242427204491435
7896.119426088994 102.166380638409436
8010.971127848146 102.388476156735379
8127.49338607753 102.766837377438677
8245.710499580537 103.095571889218178
8365.647120594791 103.215585578094363
8487.328259932974 103.110044511907617
8610.77929219841 102.792280107222695
8736.025961076528 102.312713737015741
8863.094384703289 101.737273994443996
8992.011061111683 101.109879502589806
9122.802873757471 100.471848053907252
9255.497097125279 99.850749344605020
9390.121402416245 99.260213112643726
9526.7038633184 98.711860512556001
9665.272961860968 98.208768436778257
9805.857594353829 97.754212380037146
9948.487077413367 97.350009244854576
10093.19115407597 97.002577354608064
10240.000000000457 96.707799999999153
10388.944229760706 96.467713208883538
10540.05490322983 96.289693037899056
10693.363532057198 96.172415516086261
10848.902086239672 96.116252520164878
11006.703000788428 96.120172003240810
11166.799182492743 96.181781016898128
11329.224016782166 96.308340414264848
11494.0113746885 96.479287749130023
11661.195619909053 96.714971051007169
11830.811615972614 97.006593190157076
12002.894733509682 97.372931673067725
12177.48085762842 97.758412355172410
12354.606395397908 98.131464767544202
12534.308283440243 98.473180472400401
12716.62399563306 98.758163193959064
12901.591550924093 98.972769458331541
13089.249521259411 99.156138103630624
13279.637039626952 99.320302372494098
13472.793808217073 99.495433498627932
13668.760106701786 99.714606332843715
13867.576800634426 99.951996596694698
14069.285349971487 100.090302416169422
14273.927817718419 100.070520310953881
14481.54687870117 99.630018155133428
14692.18582846533 98.634564520753543
14905.888592304698 97.243249880559688
15122.699734421185 95.608389894354531
15342.664467217943 93.898582088733718
15565.828660727671 92.256841455981316
15792.238852178061 90.781053771733355
16021.942255696367 89.527420951336012
16254.986772155136 88.547742514042667
16491.42099916115 87.966587184061893
16731.294241189662 87.634640539841087
16974.65651986603 87.500316931345111
17221.558584396902 87.650624000947317
17472.051922153143 88.152464463383708
17726.188769406665 89.064374528046670
17984.022122223458 90.441121672229031
18245.605747515034 92.287537152207648
18510.99419425065 94.429466979397304
18780.242804832582 96.338528161255908
19053.40772663689 97.348443004462808
19330.545923722028 97.001716740556787
19611.71518870775 95.317181857505886
19896.974154826825 94.201499999999996
20186.382308152035 94.201499999999996
