20 94.515500000000003
20.290906698750476 94.506772769946707
20.586044732869844 94.496011691422467
20.885475648548283 94.482653595815336
21.189261887185914 94.466090649235952
21.49746679841394 94.448017478882917
21.810154653305165 94.430542997886278
22.12739065777668 94.418178280266702
22.449240966187475 94.409179319965801
22.77577269513385 94.403989707363905
23.107053937445478 94.397788371171202
23.44315377638505 94.385319466037146
23.784142300054445 94.364649683246057
24.130090616010463 94.338809534444295
24.481070866093134 94.313730387552013
24.837156241469714 94.294699550547051
25.1984209978975 94.287511842515769
25.56494047120865 94.286000000000001
25.936791093020236 94.282580214773418
26.3140504066728 94.269347095767742
26.69679708340074 94.241034258848188
27.08511093873791 94.203563416221130
27.47907294916184 94.162546212889993
27.878765268980047 94.123168842860679
28.284271247461966 94.086199858975888
28.695675446220072 94.049584885286407
29.11306365684382 94.013567971109339
29.536522918790062 93.980735579035013
29.966141537533712 93.954099224672916
30.402009102982383 93.929879454222885
30.844216508158908 93.901003540011729
31.29285596815558 93.864384032826194
31.74802103936409 93.825910295811497
32.20980663898519 93.794799861411761
32.67830906482211 93.775542273379443
33.153626015361866 93.761969463446974
33.63585661014871 93.739039041018543
34.125101410453844 93.696363134976906
34.62146244024586 93.637681582290000
35.12504320746613 93.579370808875794
35.635948725613716 93.533211691755810
36.15428553564419 93.496354298040558
36.68016172818701 93.457186253104112
37.21368696608603 93.409486051255740
37.754972507267915 93.358870384168711
38.30413122794313 93.308607628345399
38.86127764614443 93.249630817674387
39.4265279456077 93.174735059375806
40.000000000000206 93.096499999999992
40.58181339750116 93.047530542478796
41.1720894657399 93.015488607717487
41.77095129709678 92.960235334474504
42.37852377437204 92.869481713639516
42.9949335968281 92.782946403590813
43.62030930661056 92.726875303594625
44.25478131555359 92.697120005815947
44.89848193237519 92.668152926942554
45.55154539026795 92.628265920419523
46.21410787489121 92.573495261662472
46.88630755277036 92.500211446315916
47.56828460010916 92.415696056850308
48.260181232021196 92.338565220974260
48.962141732186545 92.287146064763277
49.674312482939705 92.241841016526052
50.39684199579528 92.183528255405861
51.129880942417586 92.129620889464036
51.873582186040764 92.100194146765972
52.628100813345895 92.067884229962900
53.393594166801776 92.003942577517790
54.17022187747612 91.920862208863667
54.95814589832399 91.845094174657959
55.75753053796041 91.768095432909476
56.56854249492426 91.666962491937767
57.39135089244048 91.543144400962433
58.226127313687975 91.403397547643578
59.073045837580466 91.264124930733971
59.932283075067765 91.159727606379278
60.804018205965114 91.130465549712369
61.68843301631817 91.114001604088543
62.58571193631152 91.061875175619889
63.49604207872855 91.039972294551092
64.41961327797075 91.037625414108405
65.35661812964459 91.016483438267969
66.3072520307241 90.998376910537672
67.27171322029778 91.006967728136118
68.25020282090806 90.977108470095999
69.2429248804921 90.895715772478923
70.25008641493265 90.810367352278462
71.27189745122783 90.722248203901771
72.30857107128878 90.663691428928701
73.36032345637442 90.674350188875792
74.42737393217246 90.682960903831344
75.50994501453623 90.610131042442276
76.60826245588666 90.483508258351463
77.72255529228926 90.358952411679326
78.85305589121582 90.271391559660785
80.00000000000082 90.214999999999975
81.16362679500274 90.159242743346311
82.34417893148023 90.097650621698051
83.541902594194 90.036603528825083
84.75704754874454 89.971261187783995
85.98986719365665 89.889121568911975
87.24061861322157 89.803257607808035
88.50956263110764 89.731970867745375
89.79696386475084 89.660734666150461
91.10309078053635 89.569985340783020
92.42821574978288 89.486000309916747
93.77261510554118 89.388501418437954
95.13656920021877 89.330692019550071
96.52036246404286 89.241849428442691
97.92428346437356 89.138789782745562
99.34862496587989 89.028895306573290
100.79368399159105 88.903330544706350
102.25976188483567 88.788790636368617
103.74716437208203 88.687234917306313
105.25620162669229 88.594127958183407
106.78718833360406 88.501219115538959
108.34044375495276 88.406232930947880
109.9162917966485 88.303291201780866
111.51506107592134 88.199962255005914
113.13708498984903 88.116620265831642
114.78270178488147 88.046191950334617
116.45225462737648 87.973138627612116
118.14609167516147 87.895111126899437
119.86456615013608 87.808195908711127
121.60803641193078 87.716277992955185
123.3768660326369 87.624189679454560
125.17142387262359 87.533743110878333
126.99208415745765 87.436411623812205
128.83922655594208 87.343597235806783
130.71323625928977 87.253377054374198
132.61450406144883 87.171766211526688
134.5434264405962 87.090187244071686
136.50040564181674 87.003110498305062
138.48584976098482 86.932252333485039
140.50017282986593 86.857075930454073
142.5437949024563 86.769540785011458
144.61714214257822 86.680867173404778
146.7206469127495 86.600147805463166
148.8547478643456 86.522229076883562
151.01989002907314 86.445711804994062
153.216524911774 86.371714507805592
155.4451105845792 86.300845483410370
157.70611178243232 86.229522758309457
160.00000000000236 86.162999999999940
162.3272535900062 86.102025955941841
164.6883578629612 86.044979411288935
167.08380518838874 85.994573613119201
169.51409509748981 85.949343469225681
171.97973438731407 85.901697206008649
174.4812372264439 85.849497770799388
177.01912526221608 85.805386345699645
179.5939277295025 85.764834727419768
182.20618156107355 85.710405241968601
184.85643149956664 85.644617926210927
187.54523021108326 85.574742600131884
190.27313840043846 85.499616912308937
193.04072492808663 85.432793646423889
195.84856692874806 85.372785826781296
198.69724993176072 85.297737551924342
201.58736798318304 85.219992993767775
204.5195237696723 85.147284683489488
207.49432874416505 85.074392726605168
210.5124032533856 84.995413044949686
213.57437666720915 84.911704641651738
216.68088750990657 84.826945815355046
219.83258359329807 84.743352826574238
223.03012215184378 84.665898303086777
226.2741699796992 84.590573118796868
229.5654035697641 84.508154641709382
232.90450925475412 84.416641910618466
236.2921833503241 84.327804984998266
239.72913230027333 84.243170117105763
243.21607282386276 84.156895279536229
246.75373206527502 84.073318079957886
250.34284774524843 83.985557374273256
253.9841683149166 83.895889855245173
257.67845311188546 83.806757318675764
261.42647251858085 83.717192968618889
265.22900812289896 83.630104951373028
269.08685288119375 83.547574761133532
273.0008112836349 83.460356644707758
276.97169952197106 83.371486997837394
281.00034565973334 83.284992741145601
285.0875898049141 83.199151855116313
289.23428428515797 83.111656601583164
293.44129382550057 83.016694371396028
297.7094957286928 82.924100589697446
302.0397800581479 82.839538931460595
306.4330498235497 82.762732644695717
310.89022116916016 82.684434851893570
315.41222356486645 82.594255528702661
320.00000000000654 82.502499999999884
324.6545071800142 82.421511575067754
329.3767157259242 82.344159533667437
334.16761037677935 82.266067950858499
339.02819019498156 82.195702518250755
343.95946877463007 82.141613418498778
348.9624744528898 82.101281441603334
354.03825052443415 82.068059021696058
359.187855459007 82.041479508250859
364.4123631221491 82.037941236312207
369.71286299913527 82.062978173895416
375.0904604221685 82.112175985488193
380.54627680087896 82.183101598411426
386.08144985617537 82.268527632655662
391.6971338574982 82.374213397622924
397.3944998635236 82.481340447529789
403.1747359663683 82.587497176708354
409.0390475393468 82.693943093823407
414.9886574883323 82.795812848557489
421.0248065067734 82.895841422577007
427.1487533344206 82.996380053350720
433.3617750198154 83.092442552372304
439.6651671865984 83.183573816951395
446.06024430368984 83.272454862973277
452.54833995940066 83.357892921460035
459.13080713953053 83.452757164745776
465.8090185095106 83.553770114060910
472.58436670065066 83.650853679044786
479.45826460054917 83.752647758894113
486.432145647728 83.861084686669329
493.50746413055253 83.963428592160085
500.6856954904994 84.063014024930681
507.9683366298358 84.164060670738962
515.3569062237735 84.257655408176788
522.8529450371643 84.343689377566108
530.4580162458005 84.420364512073945
538.1737057623901 84.485340015881292
546.0016225672724 84.544510546687263
553.9433990439449 84.593338457659968
562.0006913194694 84.632202834409838
570.1751796098309 84.665472984946547
578.4685685703187 84.687865135139873
586.8825876510039 84.704044528389261
595.4189914573883 84.717628487186090
604.0795601162986 84.729344477638108
612.8660996471021 84.739213678193323
621.780442338323 84.747796125028444
630.8244471297356 84.756118335347310
640.0000000000159 84.763000000000005
649.3090143600314 84.769050859334016
658.7534314518515 84.776502745161480
668.3352207535618 84.782501132452140
678.0563803899662 84.787931009214475
687.9189375492632 84.794543256284499
697.9249489057827 84.803528701460493
708.0765010488715 84.812768850943982
718.3757109180171 84.823713282009820
728.8247262443015 84.835648435180957
739.425725998274 84.848782157497837
750.1809208443404 84.863771381266503
761.0925536017613 84.880138830402643
772.1628997123541 84.895962588052186
783.3942677149998 84.914205683825386
794.7889997270506 84.934163624510973
806.34947193274 84.955669821204424
818.0780950786972 84.980993919033821
829.9773149766683 85.010517593015891
842.0496130135506 85.043648839040657
854.2975066688449 85.081466896673746
866.7235500396347 85.123032425138717
879.3303343732008 85.169104820774152
892.1204886073838 85.221880751391495
905.0966799188055 85.277373251318210
918.2616142790653 85.335418095574227
931.6180370190256 85.397562945783051
945.1687334013056 85.464739758681688
958.9165292011028 85.537426344455923
972.8642912954606 85.614171459482549
987.0149282611097 85.693468443312383
1001.3713909810035 85.777411198016821
1015.9366732596762 85.866838596651974
1030.7138124475518 85.958986821098904
1045.7058900743334 86.053694903612808
1060.916032491606 86.153606883277376
1076.3474115247852 86.256482743498566
1092.0032451345498 86.361084506068664
1107.8867980878947 86.468803272739279
1124.0013826389438 86.578231631848368
1140.350359219667 86.689462856366902
1156.9371371406426 86.801983337907075
1173.765175302013 86.915914933288590
1190.837982914782 87.030322693681342
1208.1591202326028 87.145842727259435
1225.73219929421 87.262441700090250
1243.5608846766518 87.380288021769161
1261.648894259477 87.498994405637234
1280.0000000000375 87.619500000000244
1298.6180287200684 87.741049130358164
1317.5068629037087 87.864043922583733
1336.6704415071292 87.986274064607954
1356.112760779938 88.109413211933116
1375.8378750985323 88.233382666243301
1395.8498978115715 88.359354356212904
1416.153002097749 88.486456263110938
1436.7514218360407 88.615533957567067
1457.6494524886093 88.747344539728005
1478.8514519965543 88.881649292777951
1500.3618416886875 89.019337497308925
1522.1851072035295 89.160315792534803
1544.3257994247153 89.304504212249142
1566.788535430007 89.451968563129441
1589.5779994541087 89.601923236408041
1612.6989438654878 89.754567008389529
1636.156190157402 89.910077102645147
1659.9546299533442 90.068098742890214
1684.099226027109 90.227690922737821
1708.5950133376978 90.387523786161523
1733.4471000792773 90.547899324510553
1758.6606687464096 90.709235426477306
1784.2409772147755 90.870163697820203
1810.193359837619 91.031291096599730
1836.5232285581387 91.193252623346979
1863.2360740380593 91.357534216074441
1890.3374668026197 91.525092294176233
1917.833058402214 91.696278284429809
1945.7285825909298 91.870760927019219
1974.0298565222283 92.048407498959591
2002.7427819620161 92.225548117837505
2031.8733465193618 92.400802964928317
2061.4276248951132 92.570613999440610
2091.411780148677 92.729894193059380
2121.832064983222 92.877606887550755
2152.694823049581 93.006716383452769
2184.0064902691106 93.124621255631325
2215.7735961758003 93.219983049579056
2248.002765277899 93.303472704190085
2280.7007184393456 93.370582947883491
2313.874274281297 93.425811411421947
2347.530350604038 93.472497283275175
2381.6759658295764 93.513427360704014
2416.318240465218 93.552450064511746
2451.4643985884327 93.591110838447278
2487.1217693533167 93.629192494998421
2523.2977885189675 93.665797788518972
2560.0000000000887 93.701250000000073
2597.236057440151 93.735727902414141
2635.0137258074315 93.770512810753601
2673.340883014273 93.807840883014279
2712.225521559891 93.848577648356553
2751.6757501970797 93.895802793991422
2791.699795623158 93.950775961317703
2832.3060041955137 94.015804906922597
2873.502843672097 94.089890431413707
2915.2989049772345 94.174004601900151
2957.7029039931244 94.268795085743221
3000.723683377391 94.373917760950093
3044.370214407075 94.490236600339813
3088.6515988494466 94.616089636663389
3133.57707086003 94.748436499194327
3179.1559989082334 94.885259556713777
3225.3978877309914 95.021653874419883
3272.3123803148205 95.151681560227985
3319.9092599067053 95.268897649591963
3368.198452054235 95.366573399451113
3417.190026675413 95.438221428275938
3466.8942001585724 95.480264506068181
3517.3213374928373 95.492594652875795
3568.4819544295697 95.477541188253667
3620.386719675257 95.437409413127995
3673.0464571162966 95.377309141177648
3726.472148076138 95.300703449001233
3780.6749336052594 95.209442439516351
3835.6661168044484 95.109264394567418
3891.45716518188 95.001292635177720
3948.059713044477 94.891271432769798
4005.4855639240527 94.785580271904010
4063.746693038744 94.680068617878334
4122.855249790247 94.570313294167761
4182.823560297375 94.450146989330904
4243.664129966465 94.313255707575451
4305.389646099183 94.156371661294600
4368.012980538242 93.975295473430123
4431.5471923516225 93.764196151227083
4496.00553055582 93.528312824188845
4561.401436878714 93.273290079668470
4627.748548562617 93.014378371652171
4695.060701208099 92.765395122208844
4763.351931659176 92.530869189631062
4832.63648093046 92.312848746064446
4902.928797176889 92.113857041928284
4974.243538706657 91.928461878878466
5046.595577037959 91.758786284595118
5120.000000000202 91.600428571428154
5194.472114880326 91.454638297654242
5270.027451614888 91.323016690117655
5346.6817660285715 91.206478483409285
5424.451043119808 91.107563792961372
5503.351500394186 91.030745813936591
5583.399591246343 90.979148987588061
5664.612008391055 90.956254538279836
5747.005687344222 90.958166109032121
5830.597809954497 90.987011675022472
5915.405807986278 91.044405807986280
6001.447366754812 91.130953945119003
6088.740428814181 91.251484139177791
6177.303197698925 91.405461144150081
6267.154141720092 91.591239111784205
6358.3119978165005 91.807239074617669
6450.795775462017 92.045624720483588
6544.624760629676 92.298379348912704
6639.818519813445 92.552129966316812
6736.396904108505 92.789165096161966
6834.380053350861 92.984632883227334
6933.788400317181 93.103387374153826
7034.642674985712 93.106226939637068
7136.963908859177 92.969309761421215
7240.773439350552 92.692389642191898
7346.092914232631 92.302597193361564
7452.944296152315 91.861045892448658
7561.349867210557 91.466357307118983
7671.332233608935 91.175599576130310
7782.914330363799 90.962114863140258
7896.119426088994 90.738059635646366
8010.971127848146 90.401909670321572
8127.49338607753 89.975630367934741
8245.710499580537 89.535953641944701
8365.647120594791 89.166386688950539
8487.328259932974 88.908290681217096
8610.77929219841 88.786991280094696
8736.025961076528 88.801758938518844
8863.094384703289 88.927978693740641
8992.011061111683 89.149285654908383
9122.802873757471 89.454095993045627
9255.497097125279 89.840295843632191
9390.121402416245 90.305093916832746
9526.7038633184 90.841099895451492
9665.272961860968 91.423932468238277
9805.857594353829 91.999192390656788
9948.487077413367 92.484110064256669
10093.19115407597 92.788765404225359
10240.000000000457 92.901100000000099
10388.944229760706 92.835356140995941
10540.05490322983 92.634164213703400
10693.363532057198 92.362798077317791
10848.902086239672 92.060162890107847
11006.703000788428 91.782773154944167
11166.799182492743 91.596473607497728
11329.224016782166 91.608715716658537
11494.0113746885 91.844971896275368
11661.195619909053 92.480400319784366
11830.811615972614 93.292904634741745
12002.894733509682 94.239030852123420
12177.48085762842 95.095509817548361
12354.606395397908 95.641600668744957
12534.308283440243 95.874388414500686
12716.62399563306 95.660654410116749
12901.591550924093 95.045895063665014
13089.249521259411 94.267114486773437
13279.637039626952 93.472447304487531
13472.793808217073 92.804328005758862
13668.760106701786 92.388346564755494
13867.576800634426 92.146651867292618
14069.285349971487 91.870937578136036
14273.927817718419 91.492690083583796
14481.54687870117 90.950238622736066
14692.18582846533 90.105888156781248
14905.888592304698 89.055443988461747
15122.699734421185 87.925252785790263
15342.664467217943 86.825847661944536
15565.828660727671 85.796168976905150
15792.238852178061 84.803660699878094
16021.942255696367 83.855979007341261
16254.986772155136 83.143305106198838
16491.42099916115 82.873297218957958
16731.294241189662 82.815390797832549
16974.65651986603 82.603468062604065
17221.558584396902 82.248105240573437
17472.051922153143 82.286771003508051
17726.188769406665 83.222564444412072
17984.022122223458 84.271533948960581
18245.605747515034 84.156716592818995
18510.99419425065 84.862535920251304
18780.242804832582 86.375039439103617
19053.40772663689 87.141839381256261
19330.545923722028 86.616144472187784
19611.71518870775 84.834234996751050
19896.974154826825 82.509284550704194
20186.382308152035 81.662000000000006
