20 69.350999999999999
20.290906698750476 69.365545383422130
20.586044732869844 69.381732462866296
20.885475648548283 69.400104331660486
21.189261887185914 69.417873553840678
21.49746679841394 69.434751518301482
21.810154653305165 69.449906224101085
22.12739065777668 69.461162481411080
22.449240966187475 69.469984816041034
22.77577269513385 69.476262865795121
23.107053937445478 69.481248966766742
23.44315377638505 69.485408723989394
23.784142300054445 69.490031956625756
24.130090616010463 69.495601820992931
24.481070866093134 69.503753112719380
24.837156241469714 69.514071856621854
25.1984209978975 69.527684866163270
25.56494047120865 69.543422339760241
25.936791093020236 69.559642645623853
26.3140504066728 69.574111576583221
26.69679708340074 69.583689945313751
27.08511093873791 69.589351103217041
27.47907294916184 69.593639567276995
27.878765268980047 69.599529935620922
28.284271247461966 69.606332611206852
28.695675446220072 69.609608649107571
29.11306365684382 69.605947281265216
29.536522918790062 69.594696495786621
29.966141537533712 69.585244886174252
30.402009102982383 69.589066969876185
30.844216508158908 69.603867285568583
31.29285596815558 69.612982139920391
31.74802103936409 69.602835095307341
32.20980663898519 69.580460634855811
32.67830906482211 69.562895218416600
33.153626015361866 69.566913170691294
33.63585661014871 69.587798407795788
34.125101410453844 69.599998377432740
34.62146244024586 69.586347866264504
35.12504320746613 69.554872364344561
35.635948725613716 69.527785589505982
36.15428553564419 69.514031431429686
36.68016172818701 69.504176118523503
37.21368696608603 69.490730451915681
37.754972507267915 69.483000000000004
38.30413122794313 69.484666083647085
38.86127764614443 69.488480049254065
39.4265279456077 69.479648002284875
40.000000000000206 69.453999999999994
40.58181339750116 69.436545539893430
41.1720894657399 69.436476740504418
41.77095129709678 69.436024206499781
42.37852377437204 69.419057512954083
42.9949335968281 69.400651942601627
43.62030930661056 69.385359463548440
44.25478131555359 69.360516276903809
44.89848193237519 69.323344900376213
45.55154539026795 69.290027276667658
46.21410787489121 69.270994501964736
46.88630755277036 69.245992822917344
47.56828460010916 69.214963718476355
48.260181232021196 69.188852069791068
48.962141732186545 69.153584335425336
49.674312482939705 69.114655987121012
50.39684199579528 69.092311176720429
51.129880942417586 69.063057704374700
51.873582186040764 69.017118788933630
52.628100813345895 69.034388529620060
53.393594166801776 69.105851459202995
54.17022187747612 69.135628885007691
54.95814589832399 69.109792163068661
55.75753053796041 69.099409261619229
56.56854249492426 69.026010831897167
57.39135089244048 68.912297366133927
58.226127313687975 68.792734085788993
59.073045837580466 68.693991239466541
59.932283075067765 68.670362215435631
60.804018205965114 68.727465549712377
61.68843301631817 68.704137268300300
62.58571193631152 68.617705649245323
63.49604207872855 68.524159644851608
64.41961327797075 68.434024998343645
65.35661812964459 68.353148858693260
66.3072520307241 68.268816780681789
67.27171322029778 68.177968920002428
68.25020282090806 68.119737627924607
69.2429248804921 68.048614349988583
70.25008641493265 67.954244728689105
71.27189745122783 67.894089435084922
72.30857107128878 67.845934296790048
73.36032345637442 67.812068840755074
74.42737393217246 67.800043287406055
75.50994501453623 67.839209792090685
76.60826245588666 67.868033057106913
77.72255529228926 67.847809768688109
78.85305589121582 67.810922089899265
80.00000000000082 67.766000000000020
81.16362679500274 67.769393919970227
82.34417893148023 67.739135241890921
83.541902594194 67.646438483866234
84.75704754874454 67.594193513523535
85.98986719365665 67.525045591424458
87.24061861322157 67.419544985413808
88.50956263110764 67.361766864948422
89.79696386475084 67.263066103702442
91.10309078053635 67.173041186166770
92.42821574978288 67.152800668635507
93.77261510554118 67.167662918999923
95.13656920021877 67.291953609823850
96.52036246404286 67.427048747933611
97.92428346437356 67.547893011658743
99.34862496587989 67.719463242148990
100.79368399159105 67.842562794173347
102.25976188483567 67.919962062548876
103.74716437208203 67.971010642243698
105.25620162669229 67.998913261325328
106.78718833360406 68.008900831110395
108.34044375495276 68.012042662529723
109.9162917966485 68.030317077218967
111.51506107592134 68.024986419047906
113.13708498984903 68.001338892070521
114.78270178488147 67.953601409185296
116.45225462737648 67.906053118247343
118.14609167516147 67.844077329983435
119.86456615013608 67.750883065614204
121.60803641193078 67.673558626758819
123.3768660326369 67.612448770752536
125.17142387262359 67.547614447039933
126.99208415745765 67.488385671643670
128.83922655594208 67.435682871845714
130.71323625928977 67.380265727761000
132.61450406144883 67.316070601757104
134.5434264405962 67.245121508477638
136.50040564181674 67.170108470095968
138.48584976098482 67.091145021283808
140.50017282986593 67.018244037369627
142.5437949024563 66.947739075865258
144.61714214257822 66.877017167152346
146.7206469127495 66.803433228671224
148.8547478643456 66.732919017913815
151.01989002907314 66.665495343116177
153.216524911774 66.599004252646779
155.4451105845792 66.532146682462624
157.70611178243232 66.465099871300268
160.00000000000236 66.404999999999930
162.3272535900062 66.335647843017824
164.6883578629612 66.264849264111163
167.08380518838874 66.187151189820852
169.51409509748981 66.100992576490370
171.97973438731407 66.019752552728477
174.4812372264439 65.936430429191489
177.01912526221608 65.851965041294420
179.5939277295025 65.757268317370702
182.20618156107355 65.653311501244843
184.85643149956664 65.552898175616292
187.54523021108326 65.450808390105493
190.27313840043846 65.348402230062987
193.04072492808663 65.241452452732716
195.84856692874806 65.136281877179329
198.69724993176072 65.030046702647681
201.58736798318304 64.919444577969571
204.5195237696723 64.803699525443449
207.49432874416505 64.686464562512413
210.5124032533856 64.572532810789141
213.57437666720915 64.457067280812851
216.68088750990657 64.336445387113642
219.83258359329807 64.210780364471432
223.03012215184378 64.087340297154014
226.2741699796992 63.957896115822180
229.5654035697641 63.829304395302458
232.90450925475412 63.703580902946726
236.2921833503241 63.572385711824623
239.72913230027333 63.435766991064135
243.21607282386276 63.300965123457424
246.75373206527502 63.161227583421635
250.34284774524843 63.014000370030843
253.9841683149166 62.870623372600157
257.67845311188546 62.726540328636474
261.42647251858085 62.573086317673358
265.22900812289896 62.417725171022596
269.08685288119375 62.261482458311654
273.0008112836349 62.102341635960514
276.97169952197106 61.940860793762639
281.00034565973334 61.782086208176636
285.0875898049141 61.619013925764420
289.23428428515797 61.453975485450712
293.44129382550057 61.287224764510185
297.7094957286928 61.120642515299593
302.0397800581479 60.954743330297646
306.4330498235497 60.784394531969781
310.89022116916016 60.611740207341192
315.41222356486645 60.450989730516703
320.00000000000654 60.289499999999762
324.6545071800142 60.122403192237492
329.3767157259242 59.959440979028209
334.16761037677935 59.791716875775045
339.02819019498156 59.615068238863671
343.95946877463007 59.444086167907656
348.9624744528898 59.280512075171657
354.03825052443415 59.119391283427881
359.187855459007 58.956663767495378
364.4123631221491 58.804365178394320
369.71286299913527 58.669678425021615
375.0904604221685 58.551688323878551
380.54627680087896 58.472578986387255
386.08144985617537 58.407012196567692
391.6971338574982 58.373514330712510
397.3944998635236 58.361549549740701
403.1747359663683 58.382373679831844
409.0390475393468 58.416253809005752
414.9886574883323 58.449945177860272
421.0248065067734 58.477463456457599
427.1487533344206 58.501841573892605
433.3617750198154 58.523659841739317
439.6651671865984 58.544424394305523
446.06024430368984 58.559418679430223
452.54833995940066 58.575448193833545
459.13080713953053 58.602318286210945
465.8090185095106 58.632092837920176
472.58436670065066 58.674263112140224
479.45826460054917 58.737174883362833
486.432145647728 58.817128962337506
493.50746413055253 58.911850765762459
500.6856954904994 59.024756806892682
507.9683366298358 59.154934017258313
515.3569062237735 59.301300950319629
522.8529450371643 59.465424718012081
530.4580162458005 59.635164145991382
538.1737057623901 59.823317828950834
546.0016225672724 60.018112108650904
553.9433990439449 60.216113276576650
562.0006913194694 60.411516246007537
570.1751796098309 60.603467818162670
578.4685685703187 60.791313078117724
586.8825876510039 60.972943246348933
595.4189914573883 61.147337930002024
604.0795601162986 61.314736779673325
612.8660996471021 61.474894636555398
621.780442338323 61.631657740920659
630.8244471297356 61.784773598788746
640.0000000000159 61.932500000000253
649.3090143600314 62.080513328324500
658.7534314518515 62.228491202221477
668.3352207535618 62.371361267152707
678.0563803899662 62.511206239576509
687.9189375492632 62.644321869405204
697.9249489057827 62.771458108767575
708.0765010488715 62.892802712376685
718.3757109180171 63.005120106822787
728.8247262443015 63.109864789818587
739.425725998274 63.209159251783944
750.1809208443404 63.301485058597294
761.0925536017613 63.391051377481119
772.1628997123541 63.480194078457004
783.3942677149998 63.567894146565962
794.7889997270506 63.654700372941505
806.34947193274 63.741091916834492
818.0780950786972 63.826247984213808
829.9773149766683 63.910149769645272
842.0496130135506 63.993334887841471
854.2975066688449 64.075650044458968
866.7235500396347 64.157703075257629
879.3303343732008 64.240080206863126
892.1204886073838 64.323308476707496
905.0966799188055 64.405854249492535
918.2616142790653 64.488255504903378
931.6180370190256 64.571735461426243
945.1687334013056 64.655408492082998
958.9165292011028 64.740728307506885
972.8642912954606 64.828528606632901
987.0149282611097 64.918248583195492
1001.3713909810035 65.011005467441919
1015.9366732596762 65.106588376187887
1030.7138124475518 65.202614287607389
1045.7058900743334 65.299428358288694
1060.916032491606 65.396740470280733
1076.3474115247852 65.493398865171159
1092.0032451345498 65.590582072217757
1107.8867980878947 65.686051245943389
1124.0013826389438 65.780452548244924
1140.350359219667 65.876308360415550
1156.9371371406426 65.972888538558692
1173.765175302013 66.069649757986582
1190.837982914782 66.168026824508360
1208.1591202326028 66.268069164211227
1225.73219929421 66.371120233894104
1243.5608846766518 66.477365308059916
1261.648894259477 66.584340179655598
1280.0000000000375 66.692000000000206
1298.6180287200684 66.798920679220970
1317.5068629037087 66.907289118551148
1336.6704415071292 67.013187428289214
1356.112760779938 67.118508908211666
1375.8378750985323 67.223044791144758
1395.8498978115715 67.326626973729589
1416.153002097749 67.429034227190371
1436.7514218360407 67.531581966996598
1457.6494524886093 67.633676339094649
1478.8514519965543 67.737026172862983
1500.3618416886875 67.843287497942129
1522.1851072035295 67.951094429585439
1544.3257994247153 68.061628997123577
1566.788535430007 68.175285759984433
1589.5779994541087 68.292222477183202
1612.6989438654878 68.413050423609775
1636.156190157402 68.538020303046821
1659.9546299533442 68.667449557342451
1684.099226027109 68.800363758628549
1708.5950133376978 68.935116373890850
1733.4471000792773 69.073134818442355
1758.6606687464096 69.213480104855108
1784.2409772147755 69.356303931035626
1810.193359837619 69.503398283877686
1836.5232285581387 69.651569150783246
1863.2360740380593 69.800092571651618
1890.3374668026197 69.951083064758620
1917.833058402214 70.103081821212186
1945.7285825909298 70.255263489294663
1974.0298565222283 70.405858239567806
2002.7427819620161 70.554942474973586
2031.8733465193618 70.702679397944877
2061.4276248951132 70.847138455762277
2091.411780148677 70.986117713977592
2121.832064983222 71.117419863182050
2152.694823049581 71.237970845283456
2184.0064902691106 71.352121255631346
2215.7735961758003 71.449849089005426
2248.002765277899 71.538306498403060
2280.7007184393456 71.610153019727434
2313.874274281297 71.665923983993821
2347.530350604038 71.703692970523491
2381.6759658295764 71.720460890603135
2416.318240465218 71.719516645162756
2451.4643985884327 71.694108821340990
2487.1217693533167 71.649675894679802
2523.2977885189675 71.581157088823147
2560.0000000000887 71.493249999999762
2597.236057440151 71.385706419063524
2635.0137258074315 71.260951502147080
2673.340883014273 71.119304644545764
2712.225521559891 70.966727488401119
2751.6757501970797 70.803253742927183
2791.699795623158 70.632190878820410
2832.3060041955137 70.454999701623649
2873.502843672097 70.273617430969338
2915.2989049772345 70.088113894751757
2957.7029039931244 69.898799106270531
3000.723683377391 69.707824839181697
3044.370214407075 69.516562404236012
3088.6515988494466 69.326230704889852
3133.57707086003 69.139423436245380
3179.1559989082334 68.961124084170564
3225.3978877309914 68.789813625291117
3272.3123803148205 68.624914783126457
3319.9092599067053 68.466392183100410
3368.198452054235 68.314176705755131
3417.190026675413 68.167992723174805
3466.8942001585724 68.028561427578211
3517.3213374928373 67.899102003392130
3568.4819544295697 67.781263797976436
3620.386719675257 67.674153631026741
3673.0464571162966 67.578051487473459
3726.472148076138 67.493056499366560
3780.6749336052594 67.420532759667864
3835.6661168044484 67.356990544363597
3891.45716518188 67.309455164478933
3948.059713044477 67.273724806140663
4005.4855639240527 67.254860017542200
4063.746693038744 67.249405450817690
4122.855249790247 67.264499006139886
4182.823560297375 67.297121877418988
4243.664129966465 67.353616692111729
4305.389646099183 67.432429700697256
4368.012980538242 67.536638625410532
4431.5471923516225 67.672326463555990
4496.00553055582 67.835647666690505
4561.401436878714 68.034172079561870
4627.748548562617 68.265719339394195
4695.060701208099 68.535874661752842
4763.351931659176 68.843519836070385
4832.63648093046 69.188978808168656
4902.928797176889 69.578546200849473
4974.243538706657 70.005095302803824
5046.595577037959 70.479520145006219
5120.000000000202 70.995285714287178
5194.472114880326 71.557658890322529
5270.027451614888 72.167601132677646
5346.6817660285715 72.819464320297868
5424.451043119808 73.502526746512018
5503.351500394186 74.198493203468843
5583.399591246343 74.872009102235225
5664.612008391055 75.464545479031074
5747.005687344222 75.935601872701454
5830.597809954497 76.237863287872869
5915.405807986278 76.334008897859150
6001.447366754812 76.210635696964971
6088.740428814181 75.875485697757171
6177.303197698925 75.408836476186934
6267.154141720092 74.871502028421432
6358.3119978165005 74.314379933297516
6450.795775462017 73.775789678535403
6544.624760629676 73.281784920520892
6639.818519813445 72.848341346562080
6736.396904108505 72.485301968770614
6834.380053350861 72.199191173825227
6933.788400317181 71.992641631517884
7034.642674985712 71.869828688009150
7136.963908859177 71.836871338126201
7240.773439350552 71.896646916088855
7346.092914232631 72.047463285043861
7452.944296152315 72.279037132976981
7561.349867210557 72.572647741570478
7671.332233608935 72.888494297453192
7782.914330363799 73.178955254305919
7896.119426088994 73.378402992102068
8010.971127848146 73.387966318238313
8127.49338607753 73.134069292592443
8245.710499580537 72.582995671186126
8365.647120594791 71.753025359218782
8487.328259932974 70.745129002483310
8610.77929219841 69.634062664451903
8736.025961076528 68.496448768989396
8863.094384703289 67.388368060566222
8992.011061111683 66.338556592347189
9122.802873757471 65.369033374051725
9255.497097125279 64.499962543923431
9390.121402416245 63.750483721395341
9526.7038633184 63.154484332523118
9665.272961860968 62.748740104700275
9805.857594353829 62.570105927608822
9948.487077413367 62.633755218541154
10093.19115407597 62.923386415945366
10240.000000000457 63.356600000001492
10388.944229760706 63.888446809383240
10540.05490322983 64.504669980863810
10693.363532057198 65.217848577721412
10848.902086239672 66.053978092770947
11006.703000788428 67.009560648682594
11166.799182492743 68.052070286621458
11329.224016782166 69.083380705308087
11494.0113746885 69.954005072450144
11661.195619909053 70.235051332948700
11830.811615972614 70.004228477133296
12002.894733509682 69.070015706350318
12177.48085762842 67.813020372616634
12354.606395397908 66.314032644930677
12534.308283440243 64.858661258762993
12716.62399563306 63.574828507933859
12901.591550924093 62.570695726860350
13089.249521259411 61.701035075763528
13279.637039626952 61.059791975116767
13472.793808217073 60.684290780002307
13668.760106701786 60.562533827208952
13867.576800634426 60.708853257059488
14069.285349971487 61.176193943565352
14273.927817718419 61.903356845626114
14481.54687870117 62.961829394690227
14692.18582846533 64.130475064551888
14905.888592304698 64.823826626869788
15122.699734421185 64.648980463662298
15342.664467217943 63.505359985125921
15565.828660727671 61.628225305584500
15792.238852178061 59.455000770118467
16021.942255696367 57.382151087684818
16254.986772155136 55.627005689226877
16491.42099916115 54.631617593531558
16731.294241189662 53.787820509765695
16974.65651986603 53.165351830732249
17221.558584396902 52.896007399342089
17472.051922153143 53.024936345507200
17726.188769406665 53.614043321365983
17984.022122223458 54.721014974827753
18245.605747515034 56.139401919372446
18510.99419425065 56.935368215296634
18780.242804832582 56.213481607402443
19053.40772663689 54.001509031932599
19330.545923722028 50.462916692105701
19611.71518870775 46.320260420748525
19896.974154826825 44.459499999999998
20186.382308152035 44.459499999999998
