20 70.875499999999988
20.290906698750476 70.884996954082922
20.586044732869844 70.895001346474345
20.885475648548283 70.904014081700439
21.189261887185914 70.913005951981489
21.49746679841394 70.920006711159317
21.810154653305165 70.924501219663284
22.12739065777668 70.926998786777091
22.449240966187475 70.925998526200686
22.77577269513385 70.924001390243831
23.107053937445478 70.922000080264070
23.44315377638505 70.922501803828567
23.784142300054445 70.926502673266924
24.130090616010463 70.933001936239549
24.481070866093134 70.940500995310302
24.837156241469714 70.945500865603705
25.1984209978975 70.947498852866758
25.56494047120865 70.946500162203790
25.936791093020236 70.942502246311619
26.3140504066728 70.938999670974724
26.69679708340074 70.936501324520876
27.08511093873791 70.934500000000000
27.47907294916184 70.934499817627099
27.878765268980047 70.933500586827563
28.284271247461966 70.932999012448562
28.695675446220072 70.931501181627837
29.11306365684382 70.928999399463734
29.536522918790062 70.925004500766136
29.966141537533712 70.920998214549456
30.402009102982383 70.915499855835122
30.844216508158908 70.908494695791205
31.29285596815558 70.897503528619794
31.74802103936409 70.883499385213383
32.20980663898519 70.870005650159527
32.67830906482211 70.862500649295839
33.153626015361866 70.863499214317983
33.63585661014871 70.866499107532050
34.125101410453844 70.861497137608154
34.62146244024586 70.847483484276921
35.12504320746613 70.829498689401703
35.635948725613716 70.814001555289607
36.15428553564419 70.800991857348549
36.68016172818701 70.785994851349855
37.21368696608603 70.769009965499123
37.754972507267915 70.757000609820295
38.30413122794313 70.751998704212411
38.86127764614443 70.746491660804850
39.4265279456077 70.729514178312130
40.000000000000206 70.702999999999975
40.58181339750116 70.678507855259824
41.1720894657399 70.659997386226308
41.77095129709678 70.642501422872812
42.37852377437204 70.621516448582540
42.9949335968281 70.599502371541860
43.62030930661056 70.577987822574386
44.25478131555359 70.553008609623873
44.89848193237519 70.526482314408241
45.55154539026795 70.502516682925943
46.21410787489121 70.477495344684741
46.88630755277036 70.448488275114329
47.56828460010916 70.422491157655571
48.260181232021196 70.400992255041828
48.962141732186545 70.370992435641739
49.674312482939705 70.332984872886726
50.39684199579528 70.298007648889580
51.129880942417586 70.264505441240118
51.873582186040764 70.231018812859730
52.628100813345895 70.205996578137075
53.393594166801776 70.180013775017173
54.17022187747612 70.141489018754356
54.95814589832399 70.102493525761872
55.75753053796041 70.067020832378006
56.56854249492426 70.028022000860602
57.39135089244048 69.985981509859428
58.226127313687975 69.941993611768908
59.073045837580466 69.899497892218363
59.932283075067765 69.859985554081987
60.804018205965114 69.815499145308195
61.68843301631817 69.773978542064413
62.58571193631152 69.729514274870979
63.49604207872855 69.675997905171528
64.41961327797075 69.630019252395385
65.35661812964459 69.583019154649634
66.3072520307241 69.535987202584977
67.27171322029778 69.487014561870893
68.25020282090806 69.426488970464220
69.2429248804921 69.372504085048760
70.25008641493265 69.321495222657830
71.27189745122783 69.265005669281436
72.30857107128878 69.208523369789958
73.36032345637442 69.148982417554151
74.42737393217246 69.090979801447745
75.50994501453623 69.032502970128917
76.60826245588666 68.971985641426841
77.72255529228926 68.911024329300773
78.85305589121582 68.844996710848235
80.00000000000082 68.777499999999961
81.16362679500274 68.711021321419523
82.34417893148023 68.643989619584403
83.541902594194 68.574505650837665
84.75704754874454 68.505997184867510
85.98986719365665 68.433007862824866
87.24061861322157 68.357023169780305
88.50956263110764 68.282525676897137
89.79696386475084 68.204002204053666
91.10309078053635 68.123494107829345
92.42821574978288 68.037487327707922
93.77261510554118 67.958522607183824
95.13656920021877 67.875526214356185
96.52036246404286 67.785476119712285
97.92428346437356 67.692981798603384
99.34862496587989 67.601524081138251
100.79368399159105 67.513519244802751
102.25976188483567 67.417015674020035
103.74716437208203 67.315988344723138
105.25620162669229 67.208985184191448
106.78718833360406 67.096486842114587
108.34044375495276 66.987968886470640
109.9162917966485 66.877479926434432
111.51506107592134 66.767495236680617
113.13708498984903 66.640993390825841
114.78270178488147 66.513023190483096
116.45225462737648 66.395990680698148
118.14609167516147 66.333999466694820
119.86456615013608 66.324002523850282
121.60803641193078 66.365001060042076
123.3768660326369 66.416496099876099
125.17142387262359 66.490498603385092
126.99208415745765 66.484499521573738
128.83922655594208 66.473998186585305
130.71323625928977 66.458998260972635
132.61450406144883 66.445003650441492
134.5434264405962 66.417484419773814
136.50040564181674 66.345979166432386
138.48584976098482 66.244007716203186
140.50017282986593 66.134490149374074
142.5437949024563 66.018011689757259
144.61714214257822 65.909993480627946
146.7206469127495 65.813516194353468
148.8547478643456 65.719511106256562
151.01989002907314 65.619005104885986
153.216524911774 65.502525192434376
155.4451105845792 65.371993470569961
157.70611178243232 65.238493835885919
160.00000000000236 65.111999999999881
162.3272535900062 65.000491407369537
164.6883578629612 64.920494847131820
167.08380518838874 64.886002805092062
169.51409509748981 64.896001831764295
171.97973438731407 64.943494883778357
174.4812372264439 64.998004486552134
177.01912526221608 65.046000413486922
179.5939277295025 65.054499761437185
182.20618156107355 65.015995375331144
184.85643149956664 64.948486440418975
187.54523021108326 64.863993924047662
190.27313840043846 64.791998949996668
193.04072492808663 64.771002086889524
195.84856692874806 64.802495141828899
198.69724993176072 64.857001124260520
201.58736798318304 64.869993099531172
204.5195237696723 64.815008930333448
207.49432874416505 64.692480992095170
210.5124032533856 64.517974846049441
213.57437666720915 64.326975753639573
216.68088750990657 64.127007241074566
219.83258359329807 63.924526752016860
223.03012215184378 63.721492506714881
226.2741699796992 63.522489592552603
229.5654035697641 63.320975471658045
232.90450925475412 63.118029826732013
236.2921833503241 62.910488663967456
239.72913230027333 62.697992127242124
243.21607282386276 62.490495821581646
246.75373206527502 62.287515373303890
250.34284774524843 62.100507933028297
253.9841683149166 61.937994031062786
257.67845311188546 61.806988938170349
261.42647251858085 61.715498571137601
265.22900812289896 61.704000229496110
269.08685288119375 61.812995843455191
273.0008112836349 62.048988621087851
276.97169952197106 62.410472645981500
281.00034565973334 62.860539529335938
285.0875898049141 63.327953090459225
289.23428428515797 63.751021049400222
293.44129382550057 64.062513386989892
297.7094957286928 64.256977024884222
302.0397800581479 64.334996037998977
306.4330498235497 64.318999038630182
310.89022116916016 64.232993641753467
315.41222356486645 64.102992325312442
320.00000000000654 63.945499999999768
324.6545071800142 63.777517785984458
329.3767157259242 63.604010445055522
334.16761037677935 63.422014800965592
339.02819019498156 63.235492517171686
343.95946877463007 63.041481681902823
348.9624744528898 62.845981773381894
354.03825052443415 62.650990173604718
359.187855459007 62.449005669374870
364.4123631221491 62.253986984869208
369.71286299913527 62.064004910425261
375.0904604221685 61.875985316448435
380.54627680087896 61.701991323405153
386.08144985617537 61.528487103482149
391.6971338574982 61.367496605403915
397.3944998635236 61.223012683348699
403.1747359663683 61.101505550187937
409.0390475393468 61.016999712366982
414.9886574883323 60.981002072339500
421.0248065067734 60.995999519152022
427.1487533344206 61.064997220782985
433.3617750198154 61.182995727078421
439.6651671865984 61.330003999929559
446.06024430368984 61.483006250680106
452.54833995940066 61.649008469290862
459.13080713953053 61.812995195333890
465.8090185095106 61.969500387948415
472.58436670065066 62.111506748273541
479.45826460054917 62.238003585424707
486.432145647728 62.332501204295696
493.50746413055253 62.391001648604131
500.6856954904994 62.416498918374117
507.9683366298358 62.410999066056078
515.3569062237735 62.390500260172232
522.8529450371643 62.363500197971796
530.4580162458005 62.340999976839839
538.1737057623901 62.330000419467822
546.0016225672724 62.328500072323592
553.9433990439449 62.334500792343398
562.0006913194694 62.350499387082593
570.1751796098309 62.363500346486290
578.4685685703187 62.379499167726678
586.8825876510039 62.389999485421384
595.4189914573883 62.399499990492643
604.0795601162986 62.412499339742737
612.8660996471021 62.419500027946796
621.780442338323 62.421999730997257
630.8244471297356 62.416499707630948
640.0000000000159 62.410499999999985
649.3090143600314 62.400499990876725
658.7534314518515 62.394499684808707
668.3352207535618 62.387499920518721
678.0563803899662 62.383999614326299
687.9189375492632 62.374000063318192
697.9249489057827 62.369500022978613
708.0765010488715 62.369000000000000
718.3757109180171 62.369000000000000
728.8247262443015 62.375499829705035
739.425725998274 62.387499689838627
750.1809208443404 62.402999885921645
761.0925536017613 62.420999263639267
772.1628997123541 62.442499805222724
783.3942677149998 62.465000704822295
794.7889997270506 62.494999999281390
806.34947193274 62.532001468628607
818.0780950786972 62.568500303638160
829.9773149766683 62.606501134886528
842.0496130135506 62.649998605656378
854.2975066688449 62.699002181281344
866.7235500396347 62.752498062856716
879.3303343732008 62.809001529384844
892.1204886073838 62.867501976719396
905.0966799188055 62.919998705073382
918.2616142790653 62.956498930587614
931.6180370190256 62.960500166641623
945.1687334013056 63.021498799902560
958.9165292011028 63.256491952448293
972.8642912954606 63.491502212865669
987.0149282611097 63.598999455025748
1001.3713909810035 63.730003033149345
1015.9366732596762 63.842997465216492
1030.7138124475518 63.975498318285211
1045.7058900743334 64.127498885492173
1060.916032491606 64.259000269517557
1076.3474115247852 64.387003390821235
1092.0032451345498 64.516001983114435
1107.8867980878947 64.644498366550891
1124.0013826389438 64.777003206406221
1140.350359219667 64.914002956139427
1156.9371371406426 65.050501071665934
1173.765175302013 65.182001365616344
1190.837982914782 65.314999866904827
1208.1591202326028 65.435500694452230
1225.73219929421 65.537000849535019
1243.5608846766518 65.612999508409089
1261.648894259477 65.655499751549513
1280.0000000000375 65.666500000000013
1298.6180287200684 65.677000057777690
1317.5068629037087 65.714999724196147
1336.6704415071292 65.795502940655922
1356.112760779938 65.924998406676025
1375.8378750985323 66.086498977359341
1395.8498978115715 66.272999047664314
1416.153002097749 66.471000020164780
1436.7514218360407 66.669003915981989
1457.6494524886093 66.863003990914535
1478.8514519965543 67.050003855765311
1500.3618416886875 67.233498649522289
1522.1851072035295 67.417500963529307
1544.3257994247153 67.616498197259304
1566.788535430007 67.825995667212140
1589.5779994541087 68.048499994670195
1612.6989438654878 68.276999445234367
1636.156190157402 68.508001821752501
1659.9546299533442 68.735996454866282
1684.099226027109 68.959002034576159
1708.5950133376978 69.179500118070720
1733.4471000792773 69.399500871238246
1758.6606687464096 69.618997116278138
1784.2409772147755 69.850499793792835
1810.193359837619 70.085003293614363
1836.5232285581387 70.326002139016012
1863.2360740380593 70.576000713007659
1890.3374668026197 70.836994865156953
1917.833058402214 71.110000588293019
1945.7285825909298 71.390995795384697
1974.0298565222283 71.678498542459295
2002.7427819620161 71.974997748467160
2031.8733465193618 72.278503617026672
2061.4276248951132 72.586996084592869
2091.411780148677 72.899497708660007
2121.832064983222 73.217500681141559
2152.694823049581 73.540998145239911
2184.0064902691106 73.859494815109599
2215.7735961758003 74.158996192736254
2248.002765277899 74.429498029962815
2280.7007184393456 74.648498114203221
2313.874274281297 74.804000737534381
2347.530350604038 74.894500256694812
2381.6759658295764 74.919499974982131
2416.318240465218 74.886999438964665
2451.4643985884327 74.804998658628861
2487.1217693533167 74.685000776196148
2523.2977885189675 74.531500897344614
2560.0000000000887 74.334999999999425
2597.236057440151 74.093999580351479
2635.0137258074315 73.818002003206857
2673.340883014273 73.507000949267123
2712.225521559891 73.156004318695594
2751.6757501970797 72.768502453704230
2791.699795623158 72.356002106372358
2832.3060041955137 71.939499957787206
2873.502843672097 71.525001572879489
2915.2989049772345 71.102500960549307
2957.7029039931244 70.679000958846132
3000.723683377391 70.258503094763199
3044.370214407075 69.854498082624957
3088.6515988494466 69.458503587363225
3133.57707086003 69.073499417001017
3179.1559989082334 68.698500008982478
3225.3978877309914 68.327500900735316
3272.3123803148205 67.960497135473588
3319.9092599067053 67.601998073130517
3368.198452054235 67.243996747446147
3417.190026675413 66.891499812965122
3466.8942001585724 66.542998640523706
3517.3213374928373 66.200497836288378
3568.4819544295697 65.872500292158122
3620.386719675257 65.565501658023237
3673.0464571162966 65.267497552965580
3726.472148076138 64.981499251464641
3780.6749336052594 64.707500335630101
3835.6661168044484 64.452999487066194
3891.45716518188 64.207999315669639
3948.059713044477 63.973501188825153
4005.4855639240527 63.750501693395613
4063.746693038744 63.537001124873036
4122.855249790247 63.333999200258006
4182.823560297375 63.142001407775751
4243.664129966465 62.963499662061082
4305.389646099183 62.803000920213222
4368.012980538242 62.656500045528759
4431.5471923516225 62.521999634442992
4496.00553055582 62.399499075121362
4561.401436878714 62.285499325072820
4627.748548562617 62.183000697418635
4695.060701208099 62.094000395062977
4763.351931659176 62.018500075555082
4832.63648093046 61.957000460745860
4902.928797176889 61.907500142829115
4974.243538706657 61.875500206988534
5046.595577037959 61.866000055535984
5120.000000000202 61.869500000000059
5194.472114880326 61.893500070702601
5270.027451614888 61.940000347600005
5346.6817660285715 61.998999819916321
5424.451043119808 62.081500061755087
5503.351500394186 62.194499284477288
5583.399591246343 62.328501175751228
5664.612008391055 62.490000019451557
5747.005687344222 62.680999275223272
5830.597809954497 62.901499498695642
5915.405807986278 63.153999428314961
6001.447366754812 63.438001323448219
6088.740428814181 63.753001653512676
6177.303197698925 64.094500828411981
6267.154141720092 64.471000644408363
6358.3119978165005 64.885499990071509
6450.795775462017 65.331498917175509
6544.624760629676 65.800498803518295
6639.818519813445 66.289002588867845
6736.396904108505 66.769999522424030
6834.380053350861 67.215000197230040
6933.788400317181 67.582497783063559
7034.642674985712 67.851499133114771
7136.963908859177 67.977999887322113
7240.773439350552 67.935499111453979
7346.092914232631 67.722500173456609
7452.944296152315 67.358998649084754
7561.349867210557 66.864500605726434
7671.332233608935 66.278498665337054
7782.914330363799 65.641003825789568
7896.119426088994 64.972503389068564
8010.971127848146 64.297999271458011
8127.49338607753 63.633997891919627
8245.710499580537 62.988502732416066
8365.647120594791 62.371999421213189
8487.328259932974 61.787998838785953
8610.77929219841 61.236498797350201
8736.025961076528 60.721000160203836
8863.094384703289 60.258002241950251
8992.011061111683 59.842999832960530
9122.802873757471 59.485500345064708
9255.497097125279 59.185499823604033
9390.121402416245 58.940999416630063
9526.7038633184 58.743000198142937
9665.272961860968 58.606000037707190
9805.857594353829 58.517999852067859
9948.487077413367 58.482500011769503
10093.19115407597 58.504500087633204
10240.000000000457 58.588000000000449
10388.944229760706 58.735500332984330
10540.05490322983 58.954499859754307
10693.363532057198 59.258001368292703
10848.902086239672 59.658000276806831
11006.703000788428 60.164500003063182
11166.799182492743 60.786500851651525
11329.224016782166 61.544500093388152
11494.0113746885 62.461496520313091
11661.195619909053 63.533004367435559
11830.811615972614 64.727997294417861
12002.894733509682 65.912498165665511
12177.48085762842 66.856002515373035
12354.606395397908 67.375500187024272
12534.308283440243 67.460499661065313
12716.62399563306 67.120000008155898
12901.591550924093 66.287502021191187
13089.249521259411 65.049003159578689
13279.637039626952 63.657499731350704
13472.793808217073 62.348001300184528
13668.760106701786 61.228499512423127
13867.576800634426 60.320000911006723
14069.285349971487 59.619999144921920
14273.927817718419 59.120000445364809
14481.54687870117 58.813000179360948
14692.18582846533 58.702500089986096
14905.888592304698 58.811499792053510
15122.699734421185 59.170499560249269
15342.664467217943 59.825002081037056
15565.828660727671 60.818998488845949
15792.238852178061 61.980499241662550
16021.942255696367 62.660999613784853
16254.986772155136 62.308997186504385
16491.42099916115 61.447503646748672
16731.294241189662 60.967001520005866
16974.65651986603 60.909000546389613
17221.558584396902 61.168499563192817
17472.051922153143 61.113500236658666
17726.188769406665 60.205500823884634
17984.022122223458 58.924996237575797
18245.605747515034 58.047997808625460
18510.99419425065 57.269998363737251
18780.242804832582 55.001988040914846
19053.40772663689 50.943004061928846
19330.545923722028 46.452517438997148
19611.71518870775 45.323500466708680
19896.974154826825 46.028997909732617
20186.382308152035 46.028999999999996
