20 104.206999999999994
20.290906698750476 104.199727308288928
20.586044732869844 104.190441915319397
20.885475648548283 104.180008352300803
21.189261887185914 104.169857969233902
21.49746679841394 104.160197822540141
21.810154653305165 104.151195331924185
22.12739065777668 104.141041326977813
22.449240966187475 104.129284163907684
22.77577269513385 104.113832542876111
23.107053937445478 104.094719894694776
23.44315377638505 104.072479199055721
23.784142300054445 104.048840216871255
24.130090616010463 104.025977718605077
24.481070866093134 104.005993774561233
24.837156241469714 103.988556586391596
25.1984209978975 103.973067107589358
25.56494047120865 103.956871484135320
25.936791093020236 103.938989440285511
26.3140504066728 103.919037178745810
26.69679708340074 103.896446178641696
27.08511093873791 103.871659311886432
27.47907294916184 103.845162596338071
27.878765268980047 103.818183344343851
28.284271247461966 103.790953826420036
28.695675446220072 103.763585420549475
29.11306365684382 103.735924734991471
29.536522918790062 103.707370349847110
29.966141537533712 103.676437809297568
30.402009102982383 103.643849317778603
30.844216508158908 103.610683809847600
31.29285596815558 103.577276872348520
31.74802103936409 103.543398422047687
32.20980663898519 103.507925275520165
32.67830906482211 103.470022038554944
33.153626015361866 103.429941788694236
33.63585661014871 103.389495614577953
34.125101410453844 103.350492292805512
34.62146244024586 103.312890316981566
35.12504320746613 103.274996716232579
35.635948725613716 103.235624101950904
36.15428553564419 103.193694300541523
36.68016172818701 103.149866414832289
37.21368696608603 103.104622920916597
37.754972507267915 103.057963121924530
38.30413122794313 103.010544800396900
38.86127764614443 102.962993064001722
39.4265279456077 102.915653292246958
40.000000000000206 102.867499999999978
40.58181339750116 102.817076004136581
41.1720894657399 102.767349209054174
41.77095129709678 102.718848030478114
42.37852377437204 102.668978389993171
42.9949335968281 102.617342950076818
43.62030930661056 102.565140941244408
44.25478131555359 102.512928824895482
44.89848193237519 102.459875268496603
45.55154539026795 102.405229102336222
46.21410787489121 102.350371446246868
46.88630755277036 102.296472027885798
47.56828460010916 102.240890915861144
48.260181232021196 102.184005040742250
48.962141732186545 102.126716014496623
49.674312482939705 102.070512273877299
50.39684199579528 102.012260494422506
51.129880942417586 101.950488815707033
51.873582186040764 101.887546091662202
52.628100813345895 101.826787097557883
53.393594166801776 101.765274437311149
54.17022187747612 101.701853323043622
54.95814589832399 101.639002873699013
55.75753053796041 101.574700668416540
56.56854249492426 101.508663786663675
57.39135089244048 101.443757332174528
58.226127313687975 101.379296751248120
59.073045837580466 101.311083287155981
59.932283075067765 101.241485070919509
60.804018205965114 101.175187076554039
61.68843301631817 101.106329164687850
62.58571193631152 101.039741270344990
63.49604207872855 100.978261222803923
64.41961327797075 100.914368230708135
65.35661812964459 100.846145185600761
66.3072520307241 100.778606861910760
67.27171322029778 100.713159357629905
68.25020282090806 100.645985396894616
69.2429248804921 100.574752333485065
70.25008641493265 100.504619339821915
71.27189745122783 100.437282870767731
72.30857107128878 100.366437168402854
73.36032345637442 100.290876549412857
74.42737393217246 100.214156450815750
75.50994501453623 100.137166326880106
76.60826245588666 100.058008260721579
77.72255529228926 99.977177959466331
78.85305589121582 99.899286288330615
80.00000000000082 99.818999999999932
81.16362679500274 99.736576229294542
82.34417893148023 99.654787587541563
83.541902594194 99.570265525028901
84.75704754874454 99.485405483663556
85.98986719365665 99.402096243082809
87.24061861322157 99.318358560441567
88.50956263110764 99.233378428978000
89.79696386475084 99.149697348791193
91.10309078053635 99.064798920012436
92.42821574978288 98.974886839602846
93.77261510554118 98.884343411719158
95.13656920021877 98.795566075817547
96.52036246404286 98.705792378901037
97.92428346437356 98.616095267315586
99.34862496587989 98.523068076123778
100.79368399159105 98.432320715182414
102.25976188483567 98.340881747293736
103.74716437208203 98.243566476932358
105.25620162669229 98.139298388496186
106.78718833360406 98.029535251646905
108.34044375495276 97.922030712173125
109.9162917966485 97.827531205100442
111.51506107592134 97.738191179398441
113.13708498984903 97.648144573375731
114.78270178488147 97.554175760904656
116.45225462737648 97.457005070095931
118.14609167516147 97.366094437007874
119.86456615013608 97.290745882837015
121.60803641193078 97.218538534329127
123.3768660326369 97.161366154123755
125.17142387262359 97.116400098674916
126.99208415745765 97.077510120483453
128.83922655594208 97.045648618376646
130.71323625928977 97.024766795967906
132.61450406144883 97.017958016245800
134.5434264405962 97.029341834236405
136.50040564181674 97.053506895910886
138.48584976098482 97.090053082062411
140.50017282986593 97.138588201374546
142.5437949024563 97.196150223085851
144.61714214257822 97.262769976240719
146.7206469127495 97.331248959973081
148.8547478643456 97.396600536784632
151.01989002907314 97.457221118761709
153.216524911774 97.510617108200194
155.4451105845792 97.552786437599536
157.70611178243232 97.579623667069455
160.00000000000236 97.580999999999975
162.3272535900062 97.557262013381930
164.6883578629612 97.520486274192621
167.08380518838874 97.464238392365644
169.51409509748981 97.391965870997325
171.97973438731407 97.312460658973563
174.4812372264439 97.230911666417938
177.01912526221608 97.151003291818853
179.5939277295025 97.073600953660829
182.20618156107355 96.996638262104440
184.85643149956664 96.915421909813347
187.54523021108326 96.831634047625272
190.27313840043846 96.749852124787722
193.04072492808663 96.673657441840987
195.84856692874806 96.602455540167043
198.69724993176072 96.530850401746932
201.58736798318304 96.458344923081484
204.5195237696723 96.387537937451100
207.49432874416505 96.319126658046969
210.5124032533856 96.256260203767880
213.57437666720915 96.197980437489832
216.68088750990657 96.139398248250515
219.83258359329807 96.079680911727337
223.03012215184378 96.018927679114967
226.2741699796992 95.958427855375561
229.5654035697641 95.899250303005871
232.90450925475412 95.840671088041802
236.2921833503241 95.781678974719654
239.72913230027333 95.724969317045492
243.21607282386276 95.673218062392777
246.75373206527502 95.627670699659575
250.34284774524843 95.587528666579360
253.9841683149166 95.550660295811468
257.67845311188546 95.518773341909991
261.42647251858085 95.493727928629227
265.22900812289896 95.472540073216521
269.08685288119375 95.447935456272248
273.0008112836349 95.422870030887736
276.97169952197106 95.397455178465719
281.00034565973334 95.367097096458238
285.0875898049141 95.332650378892339
289.23428428515797 95.292427442433961
293.44129382550057 95.252995967422848
297.7094957286928 95.214114538441777
302.0397800581479 95.174887006969399
306.4330498235497 95.135913568195903
310.89022116916016 95.101823341231295
315.41222356486645 95.071949545619987
320.00000000000654 95.037999999999940
324.6545071800142 95.000298491841889
329.3767157259242 94.963361617337796
334.16761037677935 94.928076444249513
339.02819019498156 94.889371659420647
343.95946877463007 94.850616143557886
348.9624744528898 94.811196451822170
354.03825052443415 94.768674870542313
359.187855459007 94.727834727419747
364.4123631221491 94.688407276583888
369.71286299913527 94.653837676805523
375.0904604221685 94.625215695816038
380.54627680087896 94.608068844340096
386.08144985617537 94.598602260172584
391.6971338574982 94.604545700786247
397.3944998635236 94.622669749249383
403.1747359663683 94.674038586274293
409.0390475393468 94.752079205166979
414.9886574883323 94.836595930883178
421.0248065067734 94.917902772626178
427.1487533344206 95.011468187798258
433.3617750198154 95.134187719171081
439.6651671865984 95.271085523528953
446.06024430368984 95.412638626579948
452.54833995940066 95.551260305151473
459.13080713953053 95.686001315749081
465.8090185095106 95.817323606308079
472.58436670065066 95.938416598204057
479.45826460054917 96.044963284179431
486.432145647728 96.139174678855696
493.50746413055253 96.219476562035481
500.6856954904994 96.281771325197752
507.9683366298358 96.321825851464098
515.3569062237735 96.324525493301707
522.8529450371643 96.330170979287814
530.4580162458005 96.377278634027846
538.1737057623901 96.440691125227815
546.0016225672724 96.493152013058193
553.9433990439449 96.537324307420960
562.0006913194694 96.580603836823059
570.1751796098309 96.626103631541923
578.4685685703187 96.678351981993018
586.8825876510039 96.734801596026827
595.4189914573883 96.795287688066054
604.0795601162986 96.860116590901313
612.8660996471021 96.927690904445711
621.780442338323 96.993400365607783
630.8244471297356 97.057023795769226
640.0000000000159 97.118500000000097
649.3090143600314 97.179474044058210
658.7534314518515 97.238708946574079
668.3352207535618 97.295677802446008
678.0563803899662 97.350615730183804
687.9189375492632 97.404262262766025
697.9249489057827 97.457502229200657
708.0765010488715 97.511305455559011
718.3757109180171 97.565472482319592
728.8247262443015 97.620329812782586
739.425725998274 97.675042488891108
750.1809208443404 97.729904604221701
761.0925536017613 97.784462768008808
772.1628997123541 97.840205379319940
783.3942677149998 97.897117051476158
794.7889997270506 97.955293623601136
806.34947193274 98.015334727646888
818.0780950786972 98.077026885606983
829.9773149766683 98.139918056414629
842.0496130135506 98.204604137698965
854.2975066688449 98.272173475012252
866.7235500396347 98.342569575227145
879.3303343732008 98.415765489520538
892.1204886073838 98.491748232403808
905.0966799188055 98.569292441176117
918.2616142790653 98.649533010948090
931.6180370190256 98.731980921540895
945.1687334013056 98.816304583758154
958.9165292011028 98.901856785456857
972.8642912954606 98.989110749275383
987.0149282611097 99.077362245319222
1001.3713909810035 99.167639763180333
1015.9366732596762 99.259401041535966
1030.7138124475518 99.352512314400599
1045.7058900743334 99.447161812964580
1060.916032491606 99.542209935864349
1076.3474115247852 99.638353951453666
1092.0032451345498 99.735207275038661
1107.8867980878947 99.831955559819363
1124.0013826389438 99.929508295833671
1140.350359219667 100.027504223683849
1156.9371371406426 100.125834511805138
1173.765175302013 100.224980728355703
1190.837982914782 100.325568938250171
1208.1591202326028 100.427146275648099
1225.73219929421 100.529937829216223
1243.5608846766518 100.634080765318060
1261.648894259477 100.739175290229639
1280.0000000000375 100.845500000000214
1298.6180287200684 100.950824848187807
1317.5068629037087 101.057538432260770
1336.6704415071292 101.163604189326890
1356.112760779938 101.269814546250672
1375.8378750985323 101.376128578654601
1395.8498978115715 101.483296953291898
1416.153002097749 101.590303261013190
1436.7514218360407 101.698107393547417
1457.6494524886093 101.806777152940768
1478.8514519965543 101.916796463262287
1500.3618416886875 102.027345392612304
1522.1851072035295 102.138644046738008
1544.3257994247153 102.250402029100570
1566.788535430007 102.363278447858633
1589.5779994541087 102.476223757314216
1612.6989438654878 102.588708909431645
1636.156190157402 102.701103465149231
1659.9546299533442 102.813189482983518
1684.099226027109 102.924492470683617
1708.5950133376978 103.034818058685872
1733.4471000792773 103.142646762334550
1758.6606687464096 103.247662315110418
1784.2409772147755 103.349854991593332
1810.193359837619 103.448307697005689
1836.5232285581387 103.541448512526514
1863.2360740380593 103.628296550998755
1890.3374668026197 103.708865155055491
1917.833058402214 103.781082646005530
1945.7285825909298 103.844188310048224
1974.0298565222283 103.897714936000909
2002.7427819620161 103.939971347125521
2031.8733465193618 103.970655230353600
2061.4276248951132 103.988261731230779
2091.411780148677 103.993123525293683
2121.832064983222 103.984400761010050
2152.694823049581 103.960487806374175
2184.0064902691106 103.926991075879982
2215.7735961758003 103.877790546596742
2248.002765277899 103.819327572337713
2280.7007184393456 103.748888347589514
2313.874274281297 103.669814314296758
2347.530350604038 103.583336743409376
2381.6759658295764 103.491162043541536
2416.318240465218 103.395308926697382
2451.4643985884327 103.297436293917102
2487.1217693533167 103.199200497100932
2523.2977885189675 103.103716972207167
2560.0000000000887 103.012999999999778
2597.236057440151 102.928657927221678
2635.0137258074315 102.851974378492798
2673.340883014273 102.787821631327887
2712.225521559891 102.734958948768792
2751.6757501970797 102.699367506087412
2791.699795623158 102.680216329196014
2832.3060041955137 102.682492020713227
2873.502843672097 102.703832218064235
2915.2989049772345 102.745918466968135
2957.7029039931244 102.809751749906383
3000.723683377391 102.895227794063516
3044.370214407075 103.000435394365184
3088.6515988494466 103.118325606864744
3133.57707086003 103.239863377936331
3179.1559989082334 103.353099717412505
3225.3978877309914 103.444660493633450
3272.3123803148205 103.499333675795185
3319.9092599067053 103.502961703263452
3368.198452054235 103.444283250686112
3417.190026675413 103.317506806902813
3466.8942001585724 103.123428317253115
3517.3213374928373 102.869807656540402
3568.4819544295697 102.570172604359499
3620.386719675257 102.240986322110828
3673.0464571162966 101.901002674455697
3726.472148076138 101.569667111543168
3780.6749336052594 101.268113918578223
3835.6661168044484 100.996388987085226
3891.45716518188 100.789140113690166
3948.059713044477 100.624638958964482
4005.4855639240527 100.540671478691976
4063.746693038744 100.525903246176853
4122.855249790247 100.582900849566514
4182.823560297375 100.709974888088084
4243.664129966465 100.903360984536263
4305.389646099183 101.150597549006648
4368.012980538242 101.443611333043194
4431.5471923516225 101.770407663413366
4496.00553055582 102.110829311945849
4561.401436878714 102.447541285366313
4627.748548562617 102.766060473867171
4695.060701208099 103.041927607102750
4763.351931659176 103.269619651373432
4832.63648093046 103.439119300865528
4902.928797176889 103.539869619953379
4974.243538706657 103.589129150079657
5046.595577037959 103.585268661027527
5120.000000000202 103.549071428571295
5194.472114880326 103.489110412534558
5270.027451614888 103.419911935683643
5346.6817660285715 103.354654587177137
5424.451043119808 103.301329374128116
5503.351500394186 103.266945892716365
5583.399591246343 103.256641278101810
5664.612008391055 103.270360761929936
5747.005687344222 103.301062729925235
5830.597809954497 103.345011675022477
5915.405807986278 103.396166455751839
6001.447366754812 103.447151315039662
6088.740428814181 103.484809970472327
6177.303197698925 103.501585068522118
6267.154141720092 103.490122037798471
6358.3119978165005 103.444180321397425
6450.795775462017 103.365180351274120
6544.624760629676 103.253810325543640
6639.818519813445 103.113993997902213
6736.396904108505 102.950803588084142
6834.380053350861 102.770505998366616
6933.788400317181 102.579612619381493
7034.642674985712 102.382427143653075
7136.963908859177 102.183768573167569
7240.773439350552 101.994889020300803
7346.092914232631 101.830661313787800
7452.944296152315 101.698290717193984
7561.349867210557 101.596386359551289
7671.332233608935 101.512462299809187
7782.914330363799 101.435592936636951
7896.119426088994 101.359022373042151
8010.971127848146 101.285237314520018
8127.49338607753 101.218849816941685
8245.710499580537 101.153375723309239
8365.647120594791 101.072270998672010
8487.328259932974 100.969034973641698
8610.77929219841 100.841220162807502
8736.025961076528 100.683343772779210
8863.094384703289 100.498671764242644
8992.011061111683 100.328072029128862
9122.802873757471 100.225033881419165
9255.497097125279 100.155645738031097
9390.121402416245 100.086529713932833
9526.7038633184 100.029655042713003
9665.272961860968 99.992141914733367
9805.857594353829 99.970054892959183
9948.487077413367 99.952368389678213
10093.19115407597 99.920338388399486
10240.000000000457 99.851599999999735
10388.944229760706 99.716890715409505
10540.05490322983 99.482715218339649
10693.363532057198 99.146514499365765
10848.902086239672 98.696117775586629
11006.703000788428 98.144366812734916
11166.799182492743 97.528287506108938
11329.224016782166 96.883475577688728
11494.0113746885 96.242556207449269
11661.195619909053 95.652384500865423
11830.811615972614 95.106523740814879
12002.894733509682 94.626345657072022
12177.48085762842 94.188402537624029
12354.606395397908 93.863702587123186
12534.308283440243 93.616332692939736
12716.62399563306 93.417713604803637
12901.591550924093 93.176225027780475
13089.249521259411 92.899563562943257
13279.637039626952 92.548660401981536
13472.793808217073 92.135807668360812
13668.760106701786 91.724527697533361
13867.576800634426 91.380723537110214
14069.285349971487 91.118439688281512
14273.927817718419 90.892309761421146
14481.54687870117 90.684676324479341
14692.18582846533 90.544269813096051
14905.888592304698 90.450756552401089
15122.699734421185 90.282266490543222
15342.664467217943 89.842025810476116
15565.828660727671 88.911408116521812
15792.238852178061 87.328796866325078
16021.942255696367 85.058089309395513
16254.986772155136 82.292157411353884
16491.42099916115 79.478590109982321
16731.294241189662 76.789242618052441
16974.65651986603 74.273676167055356
17221.558584396902 72.027448849466168
17472.051922153143 70.087570014701953
17726.188769406665 68.433772783801913
17984.022122223458 66.971476115548626
18245.605747515034 65.552781694448640
18510.99419425065 64.379566835705305
18780.242804832582 64.877792134084615
19053.40772663689 66.568417275641025
19330.545923722028 67.583233698912892
19611.71518870775 68.793436169619696
19896.974154826825 69.694500000000005
20186.382308152035 69.694500000000005
