20 101.536499999999990
20.290906698750476 101.523409154920074
20.586044732869844 101.510604726226546
20.885475648548283 101.501911523291142
21.189261887185914 101.497643187693569
21.49746679841394 101.493416160566170
21.810154653305165 101.488144553911553
22.12739065777668 101.474015798855618
22.449240966187475 101.454142803839304
22.77577269513385 101.428438244183440
23.107053937445478 101.403006199399471
23.44315377638505 101.381626513543779
23.784142300054445 101.365864485872891
24.130090616010463 101.352513176430193
24.481070866093134 101.336267435860321
24.837156241469714 101.314899101094127
25.1984209978975 101.288618425157694
25.56494047120865 101.263191194777448
25.936791093020236 101.243370322160132
26.3140504066728 101.231409087241289
26.69679708340074 101.222342083852226
27.08511093873791 101.205393380697785
27.47907294916184 101.170592735315651
27.878765268980047 101.121912058446370
28.284271247461966 101.071603179057107
28.695675446220072 101.033955148673016
29.11306365684382 101.015660809029470
29.536522918790062 101.014280862487254
29.966141537533712 101.011703150774792
30.402009102982383 100.993842620790971
30.844216508158908 100.957160032145381
31.29285596815558 100.918071522547564
31.74802103936409 100.887610821795619
32.20980663898519 100.866366574274508
32.67830906482211 100.849189328342291
33.153626015361866 100.826321561032202
33.63585661014871 100.793495614577949
34.125101410453844 100.752991075880061
34.62146244024586 100.709797155019345
35.12504320746613 100.668871845854966
35.635948725613716 100.632527384109494
36.15428553564419 100.597854298040545
36.68016172818701 100.559226738288658
37.21368696608603 100.513340799120073
37.754972507267915 100.465327367843130
38.30413122794313 100.420419144499874
38.86127764614443 100.383621793075903
39.4265279456077 100.349000168956735
40.000000000000206 100.311499999999995
40.58181339750116 100.272712310874297
41.1720894657399 100.235267721664542
41.77095129709678 100.197815487483069
42.37852377437204 100.158809174777247
42.9949335968281 100.117591870853673
43.62030930661056 100.072777618882640
44.25478131555359 100.024202722510552
44.89848193237519 99.974783077794825
45.55154539026795 99.926891827835775
46.21410787489121 99.880524271234265
46.88630755277036 99.833773463302336
47.56828460010916 99.784329887663318
48.260181232021196 99.731986482598415
48.962141732186545 99.681399147411554
49.674312482939705 99.634398352005874
50.39684199579528 99.585224972455805
51.129880942417586 99.530580741551844
51.873582186040764 99.475616128372707
52.628100813345895 99.428651792680697
53.393594166801776 99.380440367207839
54.17022187747612 99.321295544904814
54.95814589832399 99.257502873699011
55.75753053796041 99.195988319590924
56.56854249492426 99.135712126623076
57.39135089244048 99.085019481716643
58.226127313687975 99.042384615806100
59.073045837580466 98.991875470506301
59.932283075067765 98.925714203219769
60.804018205965114 98.875264589701203
61.68843301631817 98.819963759507232
62.58571193631152 98.749884156160462
63.49604207872855 98.680044865134732
64.41961327797075 98.608721131123360
65.35661812964459 98.537928276249005
66.3072520307241 98.476372130187286
67.27171322029778 98.419197206782130
68.25020282090806 98.359987425103697
69.2429248804921 98.299288894491212
70.25008641493265 98.241745420008570
71.27189745122783 98.187181588908089
72.30857107128878 98.130991447686057
73.36032345637442 98.070759137063845
74.42737393217246 97.999797511714007
75.50994501453623 97.929403222635884
76.60826245588666 97.864446278053592
77.72255529228926 97.800930683155059
78.85305589121582 97.739471556555316
80.00000000000082 97.673999999999950
81.16362679500274 97.608545829145669
82.34417893148023 97.544890345865653
83.541902594194 97.476390373664870
84.75704754874454 97.407267339989488
85.98986719365665 97.335757602680701
87.24061861322157 97.259862132817290
88.50956263110764 97.183410304415020
89.79696386475084 97.104020561673693
91.10309078053635 97.025774010011403
92.42821574978288 96.953865296861011
93.77261510554118 96.880495796937836
95.13656920021877 96.801476539428506
96.52036246404286 96.720640636928380
97.92428346437356 96.641490834453208
99.34862496587989 96.563825716440903
100.79368399159105 96.480643521835063
102.25976188483567 96.392154525025020
103.74716437208203 96.303504421904620
105.25620162669229 96.212790144594436
106.78718833360406 96.118981511650162
108.34044375495276 96.026474114294416
109.9162917966485 95.934740472745403
111.51506107592134 95.839115870554991
113.13708498984903 95.744117722054142
114.78270178488147 95.651951431710103
116.45225462737648 95.561116061534861
118.14609167516147 95.471358275728676
119.86456615013608 95.381468772507318
121.60803641193078 95.292598151406096
123.3768660326369 95.206123586151534
125.17142387262359 95.117671643150189
126.99208415745765 95.040761222803894
128.83922655594208 94.984481214465575
130.71323625928977 94.933079805459471
132.61450406144883 94.883637398463776
134.5434264405962 94.836093622035833
136.50040564181674 94.788864757544118
138.48584976098482 94.739825455497339
140.50017282986593 94.701081979499378
142.5437949024563 94.685073606597427
144.61714214257822 94.693628566069336
146.7206469127495 94.711641692832188
148.8547478643456 94.746136856432642
151.01989002907314 94.799076810843118
153.216524911774 94.867938201806226
155.4451105845792 94.952975086890646
157.70611178243232 95.057146031417830
160.00000000000236 95.164500000000089
162.3272535900062 95.253401087138229
164.6883578629612 95.330027451614754
167.08380518838874 95.402514155651659
169.51409509748981 95.475422852924694
171.97973438731407 95.541869040947631
174.4812372264439 95.584822310951381
177.01912526221608 95.599365025891530
179.5939277295025 95.597649715632798
182.20618156107355 95.576703129638119
184.85643149956664 95.548550539804680
187.54523021108326 95.514294408707102
190.27313840043846 95.471192764152278
193.04072492808663 95.422591386251298
195.84856692874806 95.375092642525772
198.69724993176072 95.330801801037239
201.58736798318304 95.285337550938536
204.5195237696723 95.236414841953959
207.49432874416505 95.187339794884053
210.5124032533856 95.138041211901339
213.57437666720915 95.086235596657446
216.68088750990657 95.044148462371226
219.83258359329807 95.000427537897167
223.03012215184378 94.935124965349246
226.2741699796992 94.860040892157258
229.5654035697641 94.788198957773318
232.90450925475412 94.725266578787057
236.2921833503241 94.659765901749878
239.72913230027333 94.592315778607130
243.21607282386276 94.526137698273459
246.75373206527502 94.462902039333215
250.34284774524843 94.401800156235254
253.9841683149166 94.341263201764519
257.67845311188546 94.284903590043740
261.42647251858085 94.226461366897183
265.22900812289896 94.163893122064337
269.08685288119375 94.103197206782085
273.0008112836349 94.046239250491837
276.97169952197106 93.994475218415616
281.00034565973334 93.945395990347095
285.0875898049141 93.898106583989886
289.23428428515797 93.855810300291381
293.44129382550057 93.817028355570500
297.7094957286928 93.781865933316197
302.0397800581479 93.748701649563884
306.4330498235497 93.716563142931221
310.89022116916016 93.687213562400473
315.41222356486645 93.661232770393241
320.00000000000654 93.635999999999967
324.6545071800142 93.610400210509923
329.3767157259242 93.542849264111140
334.16761037677935 93.470569083310636
339.02819019498156 93.437053410986096
343.95946877463007 93.418933753043717
348.9624744528898 93.377460245252252
354.03825052443415 93.322675419178779
359.187855459007 93.265514804405029
364.4123631221491 93.205316587783074
369.71286299913527 93.155141660407963
375.0904604221685 93.108660010365583
380.54627680087896 93.057998858277557
386.08144985617537 93.014297271064294
391.6971338574982 92.989885748034382
397.3944998635236 92.973189900245657
403.1747359663683 92.962150528067255
409.0390475393468 92.955993492076772
414.9886574883323 92.966707465581237
421.0248065067734 92.996364896648259
427.1487533344206 93.042882847233543
433.3617750198154 93.118426625297232
439.6651671865984 93.222876700206342
446.06024430368984 93.348123565504025
452.54833995940066 93.492131155049975
459.13080713953053 93.661326850420153
465.8090185095106 93.851048627821427
472.58436670065066 94.054995729605508
479.45826460054917 94.263840175373815
486.432145647728 94.471748296607984
493.50746413055253 94.670244176788998
500.6856954904994 94.855442420154105
507.9683366298358 95.024763826643692
515.3569062237735 95.171475298631321
522.8529450371643 95.306446756566970
530.4580162458005 95.435257650163237
538.1737057623901 95.565841329970524
546.0016225672724 95.691308082534533
553.9433990439449 95.797077863646848
562.0006913194694 95.892208019305855
570.1751796098309 95.986953252649613
578.4685685703187 96.079424539559056
586.8825876510039 96.167734782187893
595.4189914573883 96.260692704322750
604.0795601162986 96.355090353728400
612.8660996471021 96.446203732109680
621.780442338323 96.535320106073343
630.8244471297356 96.623126135950059
640.0000000000159 96.708000000000141
649.3090143600314 96.788988424932271
658.7534314518515 96.865902794759990
668.3352207535618 96.938514155651717
678.0563803899662 97.009005938807746
687.9189375492632 97.075660934702597
697.9249489057827 97.138238435770560
708.0765010488715 97.199459006293239
718.3757109180171 97.259579123324500
728.8247262443015 97.316653521719232
739.425725998274 97.370599916291283
750.1809208443404 97.422836758905078
761.0925536017613 97.473303060408142
772.1628997123541 97.522060406431095
783.3942677149998 97.569045640211726
794.7889997270506 97.614307373942324
806.34947193274 97.657252274425659
818.0780950786972 97.697604468337232
829.9773149766683 97.736389120887054
842.0496130135506 97.774148839040663
854.2975066688449 97.810355331672923
866.7235500396347 97.845762275111284
879.3303343732008 97.880908419526293
892.1204886073838 97.916912067341173
905.0966799188055 97.954365316429858
918.2616142790653 97.993766505474042
931.6180370190256 98.036135890254513
945.1687334013056 98.081493172454458
958.9165292011028 98.130693940404043
972.8642912954606 98.183785735751769
987.0149282611097 98.240983938295301
1001.3713909810035 98.301488407283713
1015.9366732596762 98.365215029668548
1030.7138124475518 98.431814129220783
1045.7058900743334 98.501549668788257
1060.916032491606 98.573427490376105
1076.3474115247852 98.648057402753949
1092.0032451345498 98.724453624262296
1107.8867980878947 98.803433990439473
1124.0013826389438 98.884229212230224
1140.350359219667 98.967045591000797
1156.9371371406426 99.052131658949662
1173.765175302013 99.138546523422804
1190.837982914782 99.226982564805880
1208.1591202326028 99.317258269784290
1225.73219929421 99.409298767697976
1243.5608846766518 99.503515780237876
1261.648894259477 99.598850843099910
1280.0000000000375 99.696500000000214
1298.6180287200684 99.797569298766092
1317.5068629037087 99.900287745970388
1336.6704415071292 100.006520950364575
1356.112760779938 100.115634279387152
1375.8378750985323 100.227379941184168
1395.8498978115715 100.342136912416549
1416.153002097749 100.459418195465304
1436.7514218360407 100.578489461103132
1457.6494524886093 100.699213835384171
1478.8514519965543 100.821684363500168
1500.3618416886875 100.945576971293065
1522.1851072035295 101.070842515348261
1544.3257994247153 101.197930088697859
1566.788535430007 101.326866193368232
1589.5779994541087 101.457677716866584
1612.6989438654878 101.591153874419831
1636.156190157402 101.727652150519219
1659.9546299533442 101.867232316724738
1684.099226027109 102.010595356162639
1708.5950133376978 102.157741980292940
1733.4471000792773 102.308196252485175
1758.6606687464096 102.462503292728030
1784.2409772147755 102.619054780554421
1810.193359837619 102.777271760615974
1836.5232285581387 102.935908906777669
1863.2360740380593 103.094063393863024
1890.3374668026197 103.249810062102824
1917.833058402214 103.401511837708057
1945.7285825909298 103.547874057821019
1974.0298565222283 103.686785102698025
2002.7427819620161 103.815562553913466
2031.8733465193618 103.932056712817769
2061.4276248951132 104.034592524699320
2091.411780148677 104.119629445996225
2121.832064983222 104.185977105597743
2152.694823049581 104.226925340744629
2184.0064902691106 104.252201135797094
2215.7735961758003 104.246521692055509
2248.002765277899 104.222829646296134
2280.7007184393456 104.172455253735961
2313.874274281297 104.099120600582694
2347.530350604038 104.004824603167748
2381.6759658295764 103.890863170023607
2416.318240465218 103.763674774208909
2451.4643985884327 103.622995965787425
2487.1217693533167 103.475088568716075
2523.2977885189675 103.322275621150879
2560.0000000000887 103.169249999999636
2597.236057440151 103.019563925265402
2635.0137258074315 102.875449672039423
2673.340883014273 102.741724519826832
2712.225521559891 102.617712159242330
2751.6757501970797 102.508871421345347
2791.699795623158 102.415175459847887
2832.3060041955137 102.339641432615906
2873.502843672097 102.280766644466922
2915.2989049772345 102.239708700814560
2957.7029039931244 102.216652680560756
3000.723683377391 102.212253289182087
3044.370214407075 102.228986313178169
3088.6515988494466 102.264685308878214
3133.57707086003 102.316150192118045
3179.1559989082334 102.384441158242254
3225.3978877309914 102.465748028934257
3272.3123803148205 102.557963503448519
3319.9092599067053 102.657605816200345
3368.198452054235 102.760580718354987
3417.190026675413 102.862208153084069
3466.8942001585724 102.957064850277504
3517.3213374928373 103.038903445740118
3568.4819544295697 103.101742676252385
3620.386719675257 103.141377891050610
3673.0464571162966 103.154078141715360
3726.472148076138 103.139234483000408
3780.6749336052594 103.095667746388912
3835.6661168044484 103.033410775305725
3891.45716518188 102.949193355602745
3948.059713044477 102.854737853857031
4005.4855639240527 102.748940289446196
4063.746693038744 102.636537836364496
4122.855249790247 102.518622944181743
4182.823560297375 102.395030186799843
4243.664129966465 102.266395839499467
4305.389646099183 102.132989100118436
4368.012980538242 101.997788650338293
4431.5471923516225 101.861613159246531
4496.00553055582 101.725888385832775
4561.401436878714 101.593848636921351
4627.748548562617 101.465988041349263
4695.060701208099 101.346757419443833
4763.351931659176 101.237425811915472
4832.63648093046 101.141336222883439
4902.928797176889 101.065217642681958
4974.243538706657 101.008312425485784
5046.595577037959 100.979186216314559
5120.000000000202 100.974857142857161
5194.472114880326 100.999783083549872
5270.027451614888 101.054210662300051
5346.6817660285715 101.135809880271964
5424.451043119808 101.243946594483134
5503.351500394186 101.380175947146569
5583.399591246343 101.543639141617319
5664.612008391055 101.733245760096565
5747.005687344222 101.942330043025464
5830.597809954497 102.166796966424641
5915.405807986278 102.398902420203569
6001.447366754812 102.626892265831586
6088.740428814181 102.827794109650114
6177.303197698925 102.983139408256378
6267.154141720092 103.073829045661057
6358.3119978165005 103.079964200600458
6450.795775462017 102.999925703126280
6544.624760629676 102.830863050551756
6639.818519813445 102.582650792366195
6736.396904108505 102.273884727264033
6834.380053350861 101.928872306603125
6933.788400317181 101.571895888881940
7034.642674985712 101.226084519671360
7136.963908859177 100.908283220662753
7240.773439350552 100.627697339197653
7346.092914232631 100.383822092684497
7452.944296152315 100.168141115829840
7561.349867210557 99.969603985701269
7671.332233608935 99.770337936155755
7782.914330363799 99.551328911729712
7896.119426088994 99.292044713835082
8010.971127848146 98.977532373343735
8127.49338607753 98.607966168689529
8245.710499580537 98.181475197667140
8365.647120594791 97.703411517620836
8487.328259932974 97.190749297450964
8610.77929219841 96.657417980857730
8736.025961076528 96.123050904335400
8863.094384703289 95.609225368393879
8992.011061111683 95.133952554701594
9122.802873757471 94.705979468940157
9255.497097125279 94.328468683999319
9390.121402416245 94.001208952536629
9526.7038633184 93.733441415273518
9665.272961860968 93.544535446890407
9805.857594353829 93.466429673802722
9948.487077413367 93.546045501847928
10093.19115407597 93.839099159550443
10240.000000000457 94.327700000001755
10388.944229760706 94.983526355070808
10540.05490322983 95.765295104860343
10693.363532057198 96.616560014990796
10848.902086239672 97.493329724666950
11006.703000788428 98.342357988526558
11166.799182492743 99.111987685556059
11329.224016782166 99.698336278628943
11494.0113746885 100.076595711411983
11661.195619909053 100.065152425421701
11830.811615972614 99.839919840259341
12002.894733509682 99.370331486826473
12177.48085762842 98.819260828978670
12354.606395397908 98.232562674256428
12534.308283440243 97.710032451081020
12716.62399563306 97.327958727147234
12901.591550924093 97.158700442130225
13089.249521259411 97.098113725993400
13279.637039626952 97.209166262354202
13472.793808217073 97.474383675201977
13668.760106701786 97.803220281126272
13867.576800634426 98.124155302921508
14069.285349971487 98.383937740638913
14273.927817718419 98.583123075912596
14481.54687870117 98.685203556251253
14692.18582846533 98.669168957270301
14905.888592304698 98.547577773248349
15122.699734421185 98.314818554282141
15342.664467217943 97.952072579252246
15565.828660727671 97.405948846384121
15792.238852178061 96.570042739525775
16021.942255696367 95.303144578221563
16254.986772155136 93.568062568959789
16491.42099916115 91.556007297138621
16731.294241189662 89.171445353550524
16974.65651986603 86.525409733546454
17221.558584396902 83.884413021653842
17472.051922153143 81.410220409030870
17726.188769406665 79.155134002458809
17984.022122223458 77.248903525391029
18245.605747515034 76.055281979904038
18510.99419425065 75.511820319477522
18780.242804832582 75.365996887512878
19053.40772663689 75.804012932098757
19330.545923722028 76.736090113714027
19611.71518870775 77.050312696778377
19896.974154826825 76.981999999999999
20186.382308152035 76.981999999999999
