20 108.193500000000000
20.290906698750476 108.184287923832642
20.586044732869844 108.175895397917373
20.885475648548283 108.168363108786295
21.189261887185914 108.161732680002032
21.49746679841394 108.153819656342762
21.810154653305165 108.145195331924185
22.12739065777668 108.134245135366712
22.449240966187475 108.120702095904250
22.77577269513385 108.104958829455626
23.107053937445478 108.086933589990053
23.44315377638505 108.067887923045106
23.784142300054445 108.048872173497003
24.130090616010463 108.030495447517637
24.481070866093134 108.013851806766780
24.837156241469714 107.998513772053784
25.1984209978975 107.983815133836728
25.56494047120865 107.968077660239771
25.936791093020236 107.950147461762853
26.3140504066728 107.929157012789673
26.69679708340074 107.906192174995965
27.08511093873791 107.883510415103473
27.47907294916184 107.863395208466386
27.878765268980047 107.844607106309667
28.284271247461966 107.824502166379432
28.695675446220072 107.800976771441924
29.11306365684382 107.773811671334613
29.536522918790062 107.745235579035011
29.966141537533712 107.718599224672900
30.402009102982383 107.693379454222864
30.844216508158908 107.665765428862841
31.29285596815558 107.634759012268916
31.74802103936409 107.603630611401968
32.20980663898519 107.575460634855830
32.67830906482211 107.550762855823706
33.153626015361866 107.525782439078284
33.63585661014871 107.495082467459142
34.125101410453844 107.458616988574150
34.62146244024586 107.420740554063286
35.12504320746613 107.387622450759494
35.635948725613716 107.357750922640022
36.15428553564419 107.327742867861360
36.68016172818701 107.296190296308794
37.21368696608603 107.264178782034833
37.754972507267915 107.230244687744261
38.30413122794313 107.193502623588103
38.86127764614443 107.153912216717842
39.4265279456077 107.115051210053480
40.000000000000206 107.079499999999996
40.58181339750116 107.042651695330576
41.1720894657399 106.999546835611568
41.77095129709678 106.953726997979231
42.37852377437204 106.908110703906800
42.9949335968281 106.861054964426387
43.62030930661056 106.810508122419520
44.25478131555359 106.761598993598398
44.89848193237519 106.716021689749681
45.55154539026795 106.671965464002398
46.21410787489121 106.626524271234274
46.88630755277036 106.580513249840678
47.56828460010916 106.537305380557029
48.260181232021196 106.494648465150647
48.962141732186545 106.447401202510406
49.674312482939705 106.394012273877308
50.39684199579528 106.337248653766949
51.129880942417586 106.280523260040866
51.873582186040764 106.224748220110939
52.628100813345895 106.166519534840091
53.393594166801776 106.105266430634643
54.17022187747612 106.044204434786565
54.95814589832399 105.985620846520902
55.75753053796041 105.927579057971684
56.56854249492426 105.870770567850229
57.39135089244048 105.815757867437583
58.226127313687975 105.763158488492408
59.073045837580466 105.713263341420344
59.932283075067765 105.663427581646076
60.804018205965114 105.610307652560749
61.68843301631817 105.569597284934233
62.58571193631152 105.529250150531340
63.49604207872855 105.474265180725183
64.41961327797075 105.417631076350602
65.35661812964459 105.370843729490105
66.3072520307241 105.327983772448420
67.27171322029778 105.275066927460344
68.25020282090806 105.209360701125973
69.2429248804921 105.139252333485061
70.25008641493265 105.067618821332317
71.27189745122783 104.996054768218954
72.30857107128878 104.927942880366231
73.36032345637442 104.859038490151107
74.42737393217246 104.788293320476612
75.50994501453623 104.716928535947716
76.60826245588666 104.644648756981098
77.72255529228926 104.572646713277919
78.85305589121582 104.504374710037041
80.00000000000082 104.425999999999931
81.16362679500274 104.339697463614300
82.34417893148023 104.258667725457769
83.541902594194 104.179475025977951
84.75704754874454 104.097899331458080
85.98986719365665 104.013034014607115
87.24061861322157 103.929258798599946
88.50956263110764 103.846368866346893
89.79696386475084 103.761400384926446
91.10309078053635 103.674460430781991
92.42821574978288 103.583442058129435
93.77261510554118 103.483054087344215
95.13656920021877 103.385598708230901
96.52036246404286 103.287676292891916
97.92428346437356 103.200174906596928
99.34862496587989 103.117396820581902
100.79368399159105 103.019561068613854
102.25976188483567 102.912537382406995
103.74716437208203 102.805398036558401
105.25620162669229 102.701206452956342
106.78718833360406 102.600619946649346
108.34044375495276 102.507094705967688
109.9162917966485 102.422539986721745
111.51506107592134 102.342727334889076
113.13708498984903 102.265936122246842
114.78270178488147 102.188321691022352
116.45225462737648 102.118259444091251
118.14609167516147 102.053757719246448
119.86456615013608 102.003855825914002
121.60803641193078 101.962339260562430
123.3768660326369 101.933846989840916
125.17142387262359 101.916371445800380
126.99208415745765 101.909859719475136
128.83922655594208 101.909976795731751
130.71323625928977 101.917740550217047
132.61450406144883 101.930876910537677
134.5434264405962 101.951015539998792
136.50040564181674 101.985385445276791
138.48584976098482 102.040883279194219
140.50017282986593 102.113006740364767
142.5437949024563 102.192708001195797
144.61714214257822 102.277207113381365
146.7206469127495 102.360105229597224
148.8547478643456 102.433039082940454
151.01989002907314 102.484706306447720
153.216524911774 102.508789744841195
155.4451105845792 102.506747695101964
157.70611178243232 102.478006763142986
160.00000000000236 102.427999999999926
162.3272535900062 102.360044195171824
164.6883578629612 102.281033504231914
167.08380518838874 102.195899774255679
169.51409509748981 102.104464386295376
171.97973438731407 102.006810624507438
174.4812372264439 101.907543005832821
177.01912526221608 101.807042639616242
179.5939277295025 101.702148963090394
182.20618156107355 101.595487792308205
184.85643149956664 101.493013030416648
187.54523021108326 101.391790298021050
190.27313840043846 101.289221645264291
193.04072492808663 101.191223497430670
195.84856692874806 101.096318437808321
198.69724993176072 100.999793502320131
201.58736798318304 100.905497908529725
204.5195237696723 100.819213096334011
207.49432874416505 100.741141781395868
210.5124032533856 100.668966792381028
213.57437666720915 100.603118872489020
216.68088750990657 100.544233359189249
219.83258359329807 100.484222765829003
223.03012215184378 100.417367434811283
226.2741699796992 100.340903807167422
229.5654035697641 100.265278419680300
232.90450925475412 100.194505305650154
236.2921833503241 100.135788543476025
239.72913230027333 100.080367741658094
243.21607282386276 100.020677880333096
246.75373206527502 99.966286369496402
250.34284774524843 99.915214403184393
253.9841683149166 99.869697896063542
257.67845311188546 99.830876242325203
261.42647251858085 99.777387839415752
265.22900812289896 99.715664113941443
269.08685288119375 99.651037976499907
273.0008112836349 99.585486613820024
276.97169952197106 99.521181582289941
281.00034565973334 99.460995160763730
285.0875898049141 99.403887609477593
289.23428428515797 99.351224589578493
293.44129382550057 99.304678156067141
297.7094957286928 99.265240235878991
302.0397800581479 99.230701649563883
306.4330498235497 99.199779667843018
310.89022116916016 99.171199840046597
315.41222356486645 99.139949545619984
320.00000000000654 99.105999999999952
324.6545071800142 99.070160294713901
329.3767157259242 99.034236960482971
334.16761037677935 98.995742355948082
339.02819019498156 98.951940650206154
343.95946877463007 98.903405312253710
348.9624744528898 98.852582760580532
354.03825052443415 98.800002194545883
359.187855459007 98.745189946588624
364.4123631221491 98.691052659841858
369.71286299913527 98.639285228908392
375.0904604221685 98.592866777044819
380.54627680087896 98.554676062393838
386.08144985617537 98.520011300862947
391.6971338574982 98.495711464570007
397.3944998635236 98.473161450532245
403.1747359663683 98.459031580042037
409.0390475393468 98.460565079232239
414.9886574883323 98.476956520371942
421.0248065067734 98.506216723825389
427.1487533344206 98.547943466120444
433.3617750198154 98.606979525217966
439.6651671865984 98.682789387934321
446.06024430368984 98.772590412656584
452.54833995940066 98.874792775334171
459.13080713953053 98.985223721372023
465.8090185095106 99.100975242125571
472.58436670065066 99.219398962497053
479.45826460054917 99.339201183038142
486.432145647728 99.457516832317054
493.50746413055253 99.570189788355904
500.6856954904994 99.678899728644083
507.9683366298358 99.784042860093251
515.3569062237735 99.882231888081890
522.8529450371643 99.970062541019871
530.4580162458005 100.050608788473369
538.1737057623901 100.128150204742695
546.0016225672724 100.201513791821810
553.9433990439449 100.268047192351560
562.0006913194694 100.331805288593927
570.1751796098309 100.394313847073732
578.4685685703187 100.456514264277388
586.8825876510039 100.518931148617440
595.4189914573883 100.582371486357545
604.0795601162986 100.646841728364961
612.8660996471021 100.712148168807047
621.780442338323 100.777884682917659
630.8244471297356 100.842729907551657
640.0000000000159 100.906500000000108
649.3090143600314 100.970266748366214
658.7534314518515 101.032772647582220
668.3352207535618 101.093928651785120
678.0563803899662 101.154852377437280
687.9189375492632 101.215305519050503
697.9249489057827 101.277530930661129
708.0765010488715 101.342997256817654
718.3757109180171 101.412454834242510
728.8247262443015 101.486596792646750
739.425725998274 101.565692944987063
750.1809208443404 101.650969981860271
761.0925536017613 101.739626998014302
772.1628997123541 101.831430243764174
783.3942677149998 101.925059849775181
794.7889997270506 102.020074997725416
806.34947193274 102.116147704775642
818.0780950786972 102.212793625067789
829.9773149766683 102.310275695770400
842.0496130135506 102.408903105735106
854.2975066688449 102.508596304462230
866.7235500396347 102.610378450326223
879.3303343732008 102.714225258578921
892.1204886073838 102.819862705821038
905.0966799188055 102.927684694319993
918.2616142790653 103.038242058735193
931.6180370190256 103.150998774776369
945.1687334013056 103.265635536686034
958.9165292011028 103.382290498209372
972.8642912954606 103.500010761296380
987.0149282611097 103.618740552343155
1001.3713909810035 103.738699693011526
1015.9366732596762 103.857587053403364
1030.7138124475518 103.977108526373627
1045.7058900743334 104.094720648076077
1060.916032491606 104.212339709270651
1076.3474115247852 104.327381017848424
1092.0032451345498 104.441773121583651
1107.8867980878947 104.554572815323269
1124.0013826389438 104.665398183295125
1140.350359219667 104.774777334927833
1156.9371371406426 104.881487755959981
1173.765175302013 104.987922022181209
1190.837982914782 105.091527897488703
1208.1591202326028 105.194992052774339
1225.73219929421 105.295982462667183
1243.5608846766518 105.396727137092512
1261.648894259477 105.496180621951808
1280.0000000000375 105.595000000000198
1298.6180287200684 105.693941524055219
1317.5068629037087 105.794286373389667
1336.6704415071292 105.895436578950111
1356.112760779938 105.997994813114161
1375.8378750985323 106.101252897389827
1395.8498978115715 106.205815716065459
1416.153002097749 106.310957177505031
1436.7514218360407 106.416932251363804
1457.6494524886093 106.523206229592375
1478.8514519965543 106.630180230942841
1500.3618416886875 106.737287497942106
1522.1851072035295 106.845094429585430
1544.3257994247153 106.953696417181106
1566.788535430007 107.063428052898445
1589.5779994541087 107.174932197325134
1612.6989438654878 107.287716867186276
1636.156190157402 107.401942207968119
1659.9546299533442 107.518277686771398
1684.099226027109 107.636586207532844
1708.5950133376978 107.756787465621471
1733.4471000792773 107.878721848386874
1758.6606687464096 108.001417636732612
1784.2409772147755 108.124671871086633
1810.193359837619 108.247704924040050
1836.5232285581387 108.369315457653954
1863.2360740380593 108.488738725767462
1890.3374668026197 108.605224109907056
1917.833058402214 108.716975572440816
1945.7285825909298 108.823024898890083
1974.0298565222283 108.921662706436450
2002.7427819620161 109.011088363428243
2031.8733465193618 109.090808696994529
2061.4276248951132 109.158164899804206
2091.411780148677 109.213500021877294
2121.832064983222 109.255877866607804
2152.694823049581 109.281799523253511
2184.0064902691106 109.298201135797100
2215.7735961758003 109.297450940860443
2248.002765277899 109.286931581990672
2280.7007184393456 109.263191008097266
2313.874274281297 109.229313346671830
2347.530350604038 109.186834026684551
2381.6759658295764 109.137486051255635
2416.318240465218 109.084706727278913
2451.4643985884327 109.028888657276156
2487.1217693533167 108.972175894679793
2523.2977885189675 108.917053317221544
2560.0000000000887 108.864749999999873
2597.236057440151 108.817247632507815
2635.0137258074315 108.775236045429111
2673.340883014273 108.741910815663942
2712.225521559891 108.716775963142055
2751.6757501970797 108.704581062450728
2791.699795623158 108.705669979562316
2832.3060041955137 108.723622182223622
2873.502843672097 108.757677985855707
2915.2989049772345 108.808601346515630
2957.7029039931244 108.875635517586943
3000.723683377391 108.957519735092518
3044.370214407075 109.049323124068422
3088.6515988494466 109.141536342684503
3133.57707086003 109.225465160619308
3179.1559989082334 109.290444998635280
3225.3978877309914 109.329198943865492
3272.3123803148205 109.333913790692961
3319.9092599067053 109.299613425116618
3368.198452054235 109.223601266165559
3417.190026675413 109.106992723174812
3466.8942001585724 108.953370299444998
3517.3213374928373 108.770293210527797
3568.4819544295697 108.568648084560238
3620.386719675257 108.360268590085980
3673.0464571162966 108.158880431525517
3726.472148076138 107.978965783925489
3780.6749336052594 107.839234252737029
3835.6661168044484 107.734200659834670
3891.45716518188 107.690854283481826
3948.059713044477 107.685194028695548
4005.4855639240527 107.735636919820678
4063.746693038744 107.823993386077490
4122.855249790247 107.943090868265813
4182.823560297375 108.081937891016409
4243.664129966465 108.231431862203323
4305.389646099183 108.380396731022188
4368.012980538242 108.521545764706559
4431.5471923516225 108.647775516295710
4496.00553055582 108.756909125417096
4561.401436878714 108.841738559209020
4627.748548562617 108.904471985327689
4695.060701208099 108.942518210362437
4763.351931659176 108.959095370940418
4832.63648093046 108.956719974195295
4902.928797176889 108.936269303905732
4974.243538706657 108.905663593469228
5046.595577037959 108.867081210272630
5120.000000000202 108.825357142857030
5194.472114880326 108.782587362925526
5270.027451614888 108.741422916329597
5346.6817660285715 108.704201444249463
5424.451043119808 108.671537090202932
5503.351500394186 108.645494549881732
5583.399591246343 108.628612576641302
5664.612008391055 108.622915519664360
5747.005687344222 108.628315824664924
5830.597809954497 108.646097277284980
5915.405807986278 108.676394787833402
6001.447366754812 108.717850327968449
6088.740428814181 108.769493983826052
6177.303197698925 108.825747078504293
6267.154141720092 108.882381911803563
6358.3119978165005 108.932822238864588
6450.795775462017 108.971516584779778
6544.624760629676 108.991569980850372
6639.818519813445 108.986642647843837
6736.396904108505 108.951025826575986
6834.380053350861 108.880151348249669
6933.788400317181 108.771899311581336
7034.642674985712 108.628378866523150
7136.963908859177 108.453931949066231
7240.773439350552 108.253210582134614
7346.092914232631 108.028482336690061
7452.944296152315 107.781992575157489
7561.349867210557 107.517392205313740
7671.332233608935 107.241984825971301
7782.914330363799 106.958935489680698
7896.119426088994 106.666447699487321
8010.971127848146 106.358326555057886
8127.49338607753 106.031596256081059
8245.710499580537 105.686038539687672
8365.647120594791 105.330561807774671
8487.328259932974 104.975406442945228
8610.77929219841 104.628317981844447
8736.025961076528 104.300386247504576
8863.094384703289 104.000156511358256
8992.011061111683 103.735877324721059
9122.802873757471 103.521712013476815
9255.497097125279 103.368842316143571
9390.121402416245 103.284144409557015
9526.7038633184 103.269897103149475
9665.272961860968 103.313832988036040
9805.857594353829 103.393592599428629
9948.487077413367 103.479167892577351
10093.19115407597 103.525206319274432
10240.000000000457 103.492799999999789
10388.944229760706 103.350913765018532
10540.05490322983 103.090267595556639
10693.363532057198 102.763865688191871
10848.902086239672 102.412821937856734
11006.703000788428 102.060252717000679
11166.799182492743 101.702464690694853
11329.224016782166 101.302068313227210
11494.0113746885 100.839091586852533
11661.195619909053 100.281494673304678
11830.811615972614 99.703828970120242
12002.894733509682 99.141580476475099
12177.48085762842 98.650388919149179
12354.606395397908 98.369661278999189
12534.308283440243 98.301590236200212
12716.62399563306 98.534801271033217
12901.591550924093 99.079276384252523
13089.249521259411 99.768785383827435
13279.637039626952 100.561509326165123
13472.793808217073 101.366526393827598
13668.760106701786 102.050216708368154
13867.576800634426 102.567356673294228
14069.285349971487 102.937501855125504
14273.927817718419 103.232869150240248
14481.54687870117 103.506510942311522
14692.18582846533 103.803403876420759
14905.888592304698 104.140845514195092
15122.699734421185 104.519540513990762
15342.664467217943 104.898909858204348
15565.828660727671 105.143550280356351
15792.238852178061 104.977990278732648
16021.942255696367 104.045138909624029
16254.986772155136 102.199629632879663
16491.42099916115 99.882574208220731
16731.294241189662 97.621096013440521
16974.65651986603 95.381305208510668
17221.558584396902 93.159790146453403
17472.051922153143 90.883827508406398
17726.188769406665 88.471659139860435
17984.022122223458 85.947338848254546
18245.605747515034 83.407141826114113
18510.99419425065 81.029120974156697
18780.242804832582 79.088341839770266
19053.40772663689 77.738243533950623
19330.545923722028 77.774811507168437
19611.71518870775 79.415206776799650
19896.974154826825 80.365499999999997
20186.382308152035 80.365499999999997
