20 101.275000000000006
20.290906698750476 101.267727308288926
20.586044732869844 101.258441915319395
20.885475648548283 101.246105181310497
21.189261887185914 101.229590649235945
21.49746679841394 101.209420974659494
21.810154653305165 101.188339885835745
22.12739065777668 101.168356560533397
22.449240966187475 101.149620027900852
22.77577269513385 101.134090262353183
23.107053937445478 101.118825709109160
23.44315377638505 101.101387923045110
23.784142300054445 101.079610038996194
24.130090616010463 101.054092716028222
24.481070866093134 101.025335307038176
24.837156241469714 100.996256136938669
25.1984209978975 100.970106582641918
25.56494047120865 100.947222075299706
25.936791093020236 100.926647461762855
26.3140504066728 100.905847095767740
26.69679708340074 100.881224204161953
27.08511093873791 100.852499691466562
27.47907294916184 100.820476506635416
27.878765268980047 100.788547235067824
28.284271247461966 100.758248198935277
28.695675446220072 100.728998394210805
29.11306365684382 100.699746353050415
29.536522918790062 100.668797304009530
29.966141537533712 100.637005526222509
30.402009102982383 100.604859363260033
30.844216508158908 100.573904889191098
31.29285596815558 100.541053662467931
31.74802103936409 100.503422169575316
32.20980663898519 100.462407595852341
32.67830906482211 100.420487111360472
33.153626015361866 100.380517170801767
33.63585661014871 100.342903184408399
34.125101410453844 100.304241684342784
34.62146244024586 100.263297155019359
35.12504320746613 100.221371500195232
35.635948725613716 100.180260050676509
36.15428553564419 100.138694300541545
36.68016172818701 100.094506091375919
37.21368696608603 100.049050294848769
37.754972507267915 100.004784351517543
38.30413122794313 99.961794363132213
38.86127764614443 99.920505034449292
39.4265279456077 99.878464490876041
40.000000000000206 99.834499999999991
40.58181339750116 99.786985080821012
41.1720894657399 99.734965506532120
41.77095129709678 99.682065888976069
42.37852377437204 99.634457778341357
42.9949335968281 99.587879856504088
43.62030930661056 99.540976847119978
44.25478131555359 99.490221367071229
44.89848193237519 99.435713663183350
45.55154539026795 99.378729102336223
46.21410787489121 99.323894957783381
46.88630755277036 99.270910379007603
47.56828460010916 99.214598267993040
48.260181232021196 99.155305941902355
48.962141732186545 99.104897092312697
49.674312482939705 99.062227094654617
50.39684199579528 99.015969052128014
51.129880942417586 98.961373852685085
51.873582186040764 98.901880311849183
52.628100813345895 98.846835663760402
53.393594166801776 98.799852293766264
54.17022187747612 98.760839994313585
54.95814589832399 98.723419984411208
55.75753053796041 98.671079057971696
56.56854249492426 98.599488462982208
57.39135089244048 98.524061121465238
58.226127313687975 98.453088196846025
59.073045837580466 98.388131130937836
59.932283075067765 98.324977193982519
60.804018205965114 98.260178463982129
61.68843301631817 98.189290785410350
62.58571193631152 98.121241270344981
63.49604207872855 98.062737475276293
64.41961327797075 98.003966297097989
65.35661812964459 97.939536730924885
66.3072520307241 97.871302471680337
67.27171322029778 97.796991229155879
68.25020282090806 97.719985396894614
69.2429248804921 97.648509408604568
70.25008641493265 97.575493605294980
71.27189745122783 97.500967178414044
72.30857107128878 97.430097165901870
73.36032345637442 97.367123503724898
74.42737393217246 97.312276555527035
75.50994501453623 97.253603043600549
76.60826245588666 97.193144625435252
77.72255529228926 97.133917095204197
78.85305589121582 97.070281032527760
80.00000000000082 97.011499999999955
81.16362679500274 96.952348823376084
82.34417893148023 96.888450276907548
83.541902594194 96.816283796084747
84.75704754874454 96.737494409693682
85.98986719365665 96.653858905997396
87.24061861322157 96.567857369649658
88.50956263110764 96.482381616521707
89.79696386475084 96.399129670079446
91.10309078053635 96.320733632319019
92.42821574978288 96.233276402549663
93.77261510554118 96.146759141469147
95.13656920021877 96.072317963282600
96.52036246404286 95.993154899313794
97.92428346437356 95.906421638458085
99.34862496587989 95.817954158097308
100.79368399159105 95.749017201666888
102.25976188483567 95.688076984990460
103.74716437208203 95.622377651288247
105.25620162669229 95.560624911146832
106.78718833360406 95.505210804435052
108.34044375495276 95.456687426943006
109.9162917966485 95.422251215059120
111.51506107592134 95.401676190087628
113.13708498984903 95.386892594713686
114.78270178488147 95.379771623447965
116.45225462737648 95.384450874799072
118.14609167516147 95.387247148829260
119.86456615013608 95.384272863796198
121.60803641193078 95.380839920774548
123.3768660326369 95.366231326560609
125.17142387262359 95.342185805129276
126.99208415745765 95.304033868011075
128.83922655594208 95.251764639717848
130.71323625928977 95.192064044882628
132.61450406144883 95.123612585511324
134.5434264405962 95.049023501019718
136.50040564181674 94.992744523835484
138.48584976098482 94.976022410767143
140.50017282986593 94.993668971064878
142.5437949024563 95.020917265366080
144.61714214257822 95.027404285535653
146.7206469127495 95.023026318026865
148.8547478643456 95.026148041884511
151.01989002907314 95.035191494133727
153.216524911774 95.043146439858845
155.4451105845792 95.045732933649248
157.70611178243232 95.043757997583242
160.00000000000236 95.035499999999985
162.3272535900062 95.023398281331964
164.6883578629612 95.004993137096307
167.08380518838874 94.978744620852382
169.51409509748981 94.947816763732618
171.97973438731407 94.916555346719832
174.4812372264439 94.881470183939200
177.01912526221608 94.841693995804548
179.5939277295025 94.800078370782060
182.20618156107355 94.755112440837308
184.85643149956664 94.705227801508244
187.54523021108326 94.653577303693908
190.27313840043846 94.597490955190352
193.04072492808663 94.536279616625251
195.84856692874806 94.473331527567552
198.69724993176072 94.412576101392091
201.58736798318304 94.356369130980582
204.5195237696723 94.303408334030735
207.49432874416505 94.252594520930586
210.5124032533856 94.203553615154732
213.57437666720915 94.155597161658264
216.68088750990657 94.108451576412662
219.83258359329807 94.062843829693833
223.03012215184378 94.017699524605206
226.2741699796992 93.973298705274061
229.5654035697641 93.930577320854695
232.90450925475412 93.889661804067160
236.2921833503241 93.853724258171923
239.72913230027333 93.821073243147396
243.21607282386276 93.792460481129979
246.75373206527502 93.767254659034919
250.34284774524843 93.744400057560341
253.9841683149166 93.722096969071131
257.67845311188546 93.701768507884623
261.42647251858085 93.679441164888516
265.22900812289896 93.654196561032180
269.08685288119375 93.623761750509857
273.0008112836349 93.590368002678645
276.97169952197106 93.555754704302259
281.00034565973334 93.519096750798496
285.0875898049141 93.480589066028898
289.23428428515797 93.437463443434353
293.44129382550057 93.393710544214798
297.7094957286928 93.349321244421589
302.0397800581479 93.304082309389443
306.4330498235497 93.257547468548808
310.89022116916016 93.210652677723814
315.41222356486645 93.162506763142957
320.00000000000654 93.112499999999926
324.6545071800142 93.062231322455844
329.3767157259242 93.012544484877793
334.16761037677935 92.963073613119178
339.02819019498156 92.913009640991689
343.95946877463007 92.863405312253704
348.9624744528898 92.815752740142841
354.03825052443415 92.770867220437424
359.187855459007 92.730672298511550
364.4123631221491 92.693172221832725
369.71286299913527 92.660722822005184
375.0904604221685 92.635222157274768
380.54627680087896 92.618465006968734
386.08144985617537 92.607877825215738
391.6971338574982 92.607674283464377
397.3944998635236 92.611852299808930
403.1747359663683 92.622907717254861
409.0390475393468 92.639883412426116
414.9886574883323 92.662701794325415
421.0248065067734 92.691704320572001
427.1487533344206 92.727145959451605
433.3617750198154 92.770410127233603
439.6651671865984 92.821225028340365
446.06024430368984 92.879087381960971
452.54833995940066 92.945022071561525
459.13080713953053 93.022249916285659
465.8090185095106 93.109556586296648
472.58436670065066 93.208265500509754
479.45826460054917 93.318379813380531
486.432145647728 93.439835407094336
493.50746413055253 93.574106637346972
500.6856954904994 93.718028173204956
507.9683366298358 93.872329132344646
515.3569062237735 94.035632363241689
522.8529450371643 94.206724353984441
530.4580162458005 94.382591625684142
538.1737057623901 94.560933194762697
546.0016225672724 94.737535696479995
553.9433990439449 94.910432842363093
562.0006913194694 95.076713377031723
570.1751796098309 95.234688268898921
578.4685685703187 95.385627947979799
586.8825876510039 95.542892647838869
595.4189914573883 95.700125644524462
604.0795601162986 95.853617439498890
612.8660996471021 96.001638222723400
621.780442338323 96.145971394723048
630.8244471297356 96.285160595163603
640.0000000000159 96.420500000000231
649.3090143600314 96.549895299604444
658.7534314518515 96.673732280446657
668.3352207535618 96.791272932155778
678.0563803899662 96.901328641348130
687.9189375492632 97.004565056757400
697.9249489057827 97.100098272269065
708.0765010488715 97.186938783758080
718.3757109180171 97.266236617431019
728.8247262443015 97.337184429524598
739.425725998274 97.400140497089893
750.1809208443404 97.454768913588453
761.0925536017613 97.501143352807489
772.1628997123541 97.539006625960567
783.3942677149998 97.570131382188663
794.7889997270506 97.595295124465480
806.34947193274 97.615024207899111
818.0780950786972 97.630513186629258
829.9773149766683 97.643285879785253
842.0496130135506 97.654543411386854
854.2975066688449 97.665260318335243
866.7235500396347 97.676360200036584
879.3303343732008 97.688330334373205
892.1204886073838 97.702544586328855
905.0966799188055 97.718795573225066
918.2616142790653 97.737874084055449
931.6180370190256 97.760717914496666
945.1687334013056 97.787733558477782
958.9165292011028 97.819176756852613
972.8642912954606 97.854914300311208
987.0149282611097 97.895158446907047
1001.3713909810035 97.940162729335412
1015.9366732596762 97.989934468618813
1030.7138124475518 98.044278769885111
1045.7058900743334 98.103090105621447
1060.916032491606 98.166438939713913
1076.3474115247852 98.233018438144029
1092.0032451345498 98.303265008747303
1107.8867980878947 98.376962290917504
1124.0013826389438 98.454173464641471
1140.350359219667 98.534849727732478
1156.9371371406426 98.619289321157396
1173.765175302013 98.706377493791933
1190.837982914782 98.798692060534563
1208.1591202326028 98.893452272716189
1225.73219929421 98.991618943602759
1243.5608846766518 99.093153951205295
1261.648894259477 99.196786993754330
1280.0000000000375 99.302500000000222
1298.6180287200684 99.409420679220972
1317.5068629037087 99.517538432260778
1336.6704415071292 99.625687994515289
1356.112760779938 99.734731460367641
1375.8378750985323 99.844400206796848
1395.8498978115715 99.955466932854222
1416.153002097749 100.067879944940870
1436.7514218360407 100.182139176735930
1457.6494524886093 100.298836933936201
1478.8514519965543 100.417645160220644
1500.3618416886875 100.538548023957972
1522.1851072035295 100.662067706771978
1544.3257994247153 100.788157056720877
1566.788535430007 100.916194651951031
1589.5779994541087 101.045803036899343
1612.6989438654878 101.176876022278663
1636.156190157402 101.309420912487752
1659.9546299533442 101.443445020337805
1684.099226027109 101.578955665751806
1708.5950133376978 101.715960174424353
1733.4471000792773 101.854296934439191
1758.6606687464096 101.993460464730333
1784.2409772147755 102.132716457415484
1810.193359837619 102.271320939942626
1836.5232285581387 102.408498930217661
1863.2360740380593 102.542621484267244
1890.3374668026197 102.671972595300204
1917.833058402214 102.794752134633654
1945.7285825909298 102.908914330363729
1974.0298565222283 103.011546289219126
2002.7427819620161 103.099356954905033
2031.8733465193618 103.170872023734859
2061.4276248951132 103.222975212391617
2091.411780148677 103.252852945037176
2121.832064983222 103.259358777255869
2152.694823049581 103.238559638781112
2184.0064902691106 103.200288317515600
2215.7735961758003 103.133446199225887
2248.002765277899 103.051125083587607
2280.7007184393456 102.949830938535513
2313.874274281297 102.836015088396707
2347.530350604038 102.714514220295257
2381.6759658295764 102.590153674294925
2416.318240465218 102.466658129046152
2451.4643985884327 102.349240704587601
2487.1217693533167 102.239346868875373
2523.2977885189675 102.144337973415560
2560.0000000000887 102.063749999999828
2597.236057440151 102.000584970301787
2635.0137258074315 101.955988104300218
2673.340883014273 101.933663646794287
2712.225521559891 101.929222552155977
2751.6757501970797 101.948213556363328
2791.699795623158 101.987869775185473
2832.3060041955137 102.049658786838677
2873.502843672097 102.130441284515342
2915.2989049772345 102.230154054388763
2957.7029039931244 102.347147915258887
3000.723683377391 102.479406247229832
3044.370214407075 102.625004402797629
3088.6515988494466 102.778047450987444
3133.57707086003 102.934725034624364
3179.1559989082334 103.089964156331661
3225.3978877309914 103.238225494211449
3272.3123803148205 103.374020303046876
3319.9092599067053 103.491504001398482
3368.198452054235 103.584343631642980
3417.190026675413 103.647267722140583
3466.8942001585724 103.676527304019032
3517.3213374928373 103.670626837629072
3568.4819544295697 103.630376113317396
3620.386719675257 103.560473514126073
3673.0464571162966 103.469172660621354
3726.472148076138 103.366879311251523
3780.6749336052594 103.266880652853573
3835.6661168044484 103.175567436473770
3891.45716518188 103.108993195030621
3948.059713044477 103.060173497499136
4005.4855639240527 103.042865704261601
4063.746693038744 103.047936232331523
4122.855249790247 103.071189356125899
4182.823560297375 103.106915987344649
4243.664129966465 103.148200659620102
4305.389646099183 103.188964850348640
4368.012980538242 103.225357463809473
4431.5471923516225 103.251998122545672
4496.00553055582 103.269968095393594
4561.401436878714 103.275929928156074
4627.748548562617 103.271256576573407
4695.060701208099 103.254228754577156
4763.351931659176 103.228800888872527
4832.63648093046 103.196181759534767
4902.928797176889 103.161270807105666
4974.243538706657 103.129302584517347
5046.595577037959 103.110554551661863
5120.000000000202 103.109071428571454
5194.472114880326 103.132512451696158
5270.027451614888 103.185585319154882
5346.6817660285715 103.268560446498043
5424.451043119808 103.380804161540837
5503.351500394186 103.522867850748952
5583.399591246343 103.691205368624935
5664.612008391055 103.878515159677022
5747.005687344222 104.069848109328433
5830.597809954497 104.251053773212192
5915.405807986278 104.402562621104352
6001.447366754812 104.499180920844353
6088.740428814181 104.501757930411117
6177.303197698925 104.403999495389712
6267.154141720092 104.211435792156777
6358.3119978165005 103.944817206878028
6450.795775462017 103.644604046588796
6544.624760629676 103.343332613457449
6639.818519813445 103.065786366899971
6736.396904108505 102.820605136029897
6834.380053350861 102.604724192498026
6933.788400317181 102.411174053424318
7034.642674985712 102.233319946148782
7136.963908859177 102.066281843546790
7240.773439350552 101.902781833022885
7346.092914232631 101.732755297802669
7452.944296152315 101.545317773598981
7561.349867210557 101.329409654411123
7671.332233608935 101.081223185996748
7782.914330363799 100.795181409836587
7896.119426088994 100.460022308543699
8010.971127848146 100.058341210411214
8127.49338607753 99.585289810484511
8245.710499580537 99.045583219222706
8365.647120594791 98.449543583496734
8487.328259932974 97.815868238601041
8610.77929219841 97.135136508682990
8736.025961076528 96.386505472451489
8863.094384703289 95.637357745939383
8992.011061111683 94.946794082645084
9122.802873757471 94.319926082275515
9255.497097125279 93.751533884548962
9390.121402416245 93.258605760482823
9526.7038633184 92.891321779929712
9665.272961860968 92.702104786833402
9805.857594353829 92.714775693227978
9948.487077413367 92.919903429181630
10093.19115407597 93.273184204464357
10240.000000000457 93.687000000001319
10388.944229760706 94.092890313304693
10540.05490322983 94.426109806459664
10693.363532057198 94.662081991524445
10848.902086239672 94.771071813633483
11006.703000788428 94.749319140317027
11166.799182492743 94.618267986641428
11329.224016782166 94.361447526652938
11494.0113746885 94.002272890325742
11661.195619909053 93.501115957138339
11830.811615972614 92.956599260519567
12002.894733509682 92.398652844812830
12177.48085762842 91.891686364996431
12354.606395397908 91.518578546412783
12534.308283440243 91.253135852621369
12716.62399563306 91.096252803129644
12901.591550924093 90.926781125001980
13089.249521259411 90.724110517039833
13279.637039626952 90.445519754836980
13472.793808217073 90.122256015208876
13668.760106701786 89.837597777559694
13867.576800634426 89.655069961700235
14069.285349971487 89.609013008409860
14273.927817718419 89.657786129889558
14481.54687870117 89.796529221451863
14692.18582846533 90.078675788194531
14905.888592304698 90.504325566177997
15122.699734421185 90.945384095931402
15342.664467217943 91.111756452619034
15565.828660727671 90.618914247604323
15792.238852178061 89.171394459227713
16021.942255696367 86.812280700666378
16254.986772155136 84.028407569335855
16491.42099916115 81.748235884089880
16731.294241189662 79.879445869533441
16974.65651986603 78.100399161454789
17221.558584396902 76.561833932166138
17472.051922153143 75.408306919460330
17726.188769406665 74.675647455218439
17984.022122223458 74.260934860909259
18245.605747515034 73.964377620258318
18510.99419425065 73.522947605854256
18780.242804832582 72.799872682316334
19053.40772663689 72.205454763738089
19330.545923722028 72.448017232502337
19611.71518870775 73.524537184655884
19896.974154826825 74.611171760658948
20186.382308152035 74.938999999999993
