20 104.286499999999990
20.290906698750476 104.264197078752716
20.586044732869844 104.240139676350054
20.885475648548283 104.215210362620979
21.189261887185914 104.188930720008159
21.49746679841394 104.162715301423077
21.810154653305165 104.136136773785196
22.12739065777668 104.109490270733431
22.449240966187475 104.082732463822197
22.77577269513385 104.054180524706368
23.107053937445478 104.023829842042147
23.44315377638505 103.990945979580914
23.784142300054445 103.955895236369344
24.130090616010463 103.920490895035272
24.481070866093134 103.886071920028940
24.837156241469714 103.852427394289919
25.1984209978975 103.819890136436598
25.56494047120865 103.786124439957263
25.936791093020236 103.748965912787042
26.3140504066728 103.707504108557416
26.69679708340074 103.661392357283404
27.08511093873791 103.614286761395590
27.47907294916184 103.567011282378786
27.878765268980047 103.520093537481074
28.284271247461966 103.471318907809632
28.695675446220072 103.420540569222482
29.11306365684382 103.369497679462967
29.536522918790062 103.321712937308888
29.966141537533712 103.283047261621959
30.402009102982383 103.251862711753830
30.844216508158908 103.219962730504108
31.29285596815558 103.179491193303861
31.74802103936409 103.128485496315676
32.20980663898519 103.075421269711626
32.67830906482211 103.028165420425296
33.153626015361866 102.988517170801771
33.63585661014871 102.948186052205415
34.125101410453844 102.897487830745547
34.62146244024586 102.837803044730251
35.12504320746613 102.779245592838464
35.635948725613716 102.730260050676520
36.15428553564419 102.690082870362318
36.68016172818701 102.647925121006793
37.21368696608603 102.591148068340999
37.754972507267915 102.510972612726960
38.30413122794313 102.417401991477618
38.86127764614443 102.332557950688866
39.4265279456077 102.269673776268363
40.000000000000206 102.224499999999978
40.58181339750116 102.157106390144094
41.1720894657399 102.050117089028902
41.77095129709678 101.940325429950363
42.37852377437204 101.875081448252260
42.9949335968281 101.841877698057829
43.62030930661056 101.820156376497749
44.25478131555359 101.793723734728076
44.89848193237519 101.753852492406310
45.55154539026795 101.687762290754563
46.21410787489121 101.601483505894208
46.88630755277036 101.532335112180533
47.56828460010916 101.483329887663331
48.260181232021196 101.430083779118092
48.962141732186545 101.372524661186276
49.674312482939705 101.329470208627725
50.39684199579528 101.282252600652129
51.129880942417586 101.206644149504911
51.873582186040764 101.111835981530703
52.628100813345895 101.032435843201995
53.393594166801776 100.965782443987663
54.17022187747612 100.906084435598913
54.95814589832399 100.855838531972893
55.75753053796041 100.802472883558877
56.56854249492426 100.734899717951734
57.39135089244048 100.659908691556808
58.226127313687975 100.582196287140704
59.073045837580466 100.505375470506294
59.932283075067765 100.439214203219777
60.804018205965114 100.372666980552921
61.68843301631817 100.298848621674694
62.58571193631152 100.221973459795151
63.49604207872855 100.145824549544258
64.41961327797075 100.072609390874220
65.35661812964459 100.000683785887730
66.3072520307241 99.925612585511345
67.27171322029778 99.851431070850197
68.25020282090806 99.788238033566415
69.2429248804921 99.725173321761858
70.25008641493265 99.648118648502447
71.27189745122783 99.576958050377556
72.30857107128878 99.515331450187034
73.36032345637442 99.451700430889346
74.42737393217246 99.384793320476632
75.50994501453623 99.313003580706535
76.60826245588666 99.239363632916209
77.72255529228926 99.161965999630169
78.85305589121582 99.075719972050805
80.00000000000082 98.993999999999957
81.16362679500274 98.932909440535951
82.34417893148023 98.846066691086222
83.541902594194 98.749144330604111
84.75704754874454 98.665393179252575
85.98986719365665 98.593407385461262
87.24061861322157 98.516661418342153
88.50956263110764 98.430913491958734
89.79696386475084 98.351952882961953
91.10309078053635 98.278370233087529
92.42821574978288 98.199779435810399
93.77261510554118 98.112290742812903
95.13656920021877 98.023147251355553
96.52036246404286 97.944379940139328
97.92428346437356 97.865206236455649
99.34862496587989 97.780539785868228
100.79368399159105 97.696495451148792
102.25976188483567 97.615479366142097
103.74716437208203 97.537307614577728
105.25620162669229 97.458817026128287
106.78718833360406 97.378803810541385
108.34044375495276 97.298357220579092
109.9162917966485 97.217253645177365
111.51506107592134 97.133632449369230
113.13708498984903 97.047039711866915
114.78270178488147 96.956632514008732
116.45225462737648 96.870236878013998
118.14609167516147 96.787982058709758
119.86456615013608 96.711311600079767
121.60803641193078 96.630978257040042
123.3768660326369 96.545951411709609
125.17142387262359 96.460114501859309
126.99208415745765 96.378168437334296
128.83922655594208 96.304328727922154
130.71323625928977 96.234722653226385
132.61450406144883 96.163956097695660
134.5434264405962 96.093659357629875
136.50040564181674 96.031364351902312
138.48584976098482 95.982404467220547
140.50017282986593 95.944747321137072
142.5437949024563 95.913071179011922
144.61714214257822 95.887807150895995
146.7206469127495 95.875240894818802
148.8547478643456 95.878002789748862
151.01989002907314 95.887783538122108
153.216524911774 95.895289744841193
155.4451105845792 95.898856088467667
157.70611178243232 95.900252665861075
160.00000000000236 95.897499999999980
162.3272535900062 95.881674675587959
164.6883578629612 95.854677377217058
167.08380518838874 95.820576444249525
169.51409509748981 95.778649107264684
171.97973438731407 95.726049896601637
174.4812372264439 95.663780327003039
177.01912526221608 95.596387442972613
179.5939277295025 95.525288809119829
182.20618156107355 95.452226916289931
184.85643149956664 95.379433776911867
187.54523021108326 95.306842106596264
190.27313840043846 95.237280795349207
193.04072492808663 95.169738891697165
195.84856692874806 95.104152674024547
198.69724993176072 95.039681601528571
201.58736798318304 94.976371588361559
204.5195237696723 94.914849762721730
207.49432874416505 94.854862479907396
210.5124032533856 94.796516405394570
213.57437666720915 94.739374031656638
216.68088750990657 94.685589801392851
219.83258359329807 94.635969391998856
223.03012215184378 94.596002238370943
226.2741699796992 94.563153441852762
229.5654035697641 94.538114607750032
232.90450925475412 94.519509283974656
236.2921833503241 94.505977358273867
239.72913230027333 94.493948036949035
243.21607282386276 94.481635708704545
246.75373206527502 94.467485071738906
250.34284774524843 94.450942913528507
253.9841683149166 94.429094990110514
257.67845311188546 94.401411601660854
261.42647251858085 94.367733438267948
265.22900812289896 94.329980910648118
269.08685288119375 94.287457765425671
273.0008112836349 94.239989858954573
276.97169952197106 94.189989368654622
281.00034565973334 94.137695402725541
285.0875898049141 94.083326296614146
289.23428428515797 94.027760590578879
293.44129382550057 93.971386662738297
297.7094957286928 93.915276555526987
302.0397800581479 93.858982859244065
306.4330498235497 93.802275860597774
310.89022116916016 93.746372235385493
315.41222356486645 93.692300651360526
320.00000000000654 93.639999999999930
324.6545071800142 93.587869519583833
329.3767157259242 93.535856127014824
334.16761037677935 93.484823330006137
339.02819019498156 93.434912460011191
343.95946877463007 93.386593152886093
348.9624744528898 93.338460245252264
354.03825052443415 93.292559570332543
359.187855459007 93.250078370782035
364.4123631221491 93.211730985520518
369.71286299913527 93.178280249405361
375.0904604221685 93.152748003109679
380.54627680087896 93.137549657483277
386.08144985617537 93.131867420057532
391.6971338574982 93.143536405509849
397.3944998635236 93.166606449167489
403.1747359663683 93.210014378375192
409.0390475393468 93.269449046702491
414.9886574883323 93.346337423999429
421.0248065067734 93.440057480184635
427.1487533344206 93.546072873908912
433.3617750198154 93.663251427471380
439.6651671865984 93.787993712816728
446.06024430368984 93.916376573099114
452.54833995940066 94.045702297200194
459.13080713953053 94.172190277998254
465.8090185095106 94.294427496752945
472.58436670065066 94.411106779146735
479.45826460054917 94.523650681080255
486.432145647728 94.632755042975020
493.50746413055253 94.738647143091811
500.6856954904994 94.842599736866987
507.9683366298358 94.944556712817700
515.3569062237735 95.045792740719250
522.8529450371643 95.145875049223832
530.4580162458005 95.242438942918881
538.1737057623901 95.333898355831849
546.0016225672724 95.418659314610920
553.9433990439449 95.497233516275998
562.0006913194694 95.568805634253664
570.1751796098309 95.635243775229796
578.4685685703187 95.694126836849264
586.8825876510039 95.748016172818780
595.4189914573883 95.797846352161372
604.0795601162986 95.844407745596030
612.8660996471021 95.887787762596844
621.780442338323 95.928996307832335
630.8244471297356 95.969045122657860
640.0000000000159 96.008500000000069
649.3090143600314 96.048528761748145
658.7534314518515 96.089577426815566
668.3352207535618 96.131674971315675
678.0563803899662 96.175656530774347
687.9189375492632 96.221719006481550
697.9249489057827 96.269539754747754
708.0765010488715 96.319882505244365
718.3757109180171 96.372216125681888
728.8247262443015 96.425506103845947
739.425725998274 96.479571202591188
750.1809208443404 96.534919680958723
761.0925536017613 96.590387147475610
772.1628997123541 96.646596260078113
783.3942677149998 96.702971338574997
794.7889997270506 96.760510748612504
806.34947193274 96.819011920994228
818.0780950786972 96.878591794056405
829.9773149766683 96.939460880457574
842.0496130135506 97.001591734445583
854.2975066688449 97.065382847233565
866.7235500396347 97.130571150210358
879.3303343732008 97.197883805615277
892.1204886073838 97.267187988100119
905.0966799188055 97.338031739553429
918.2616142790653 97.410198047216426
931.6180370190256 97.483399203604634
945.1687334013056 97.557330639257074
958.9165292011028 97.631797866505963
972.8642912954606 97.707000030052484
987.0149282611097 97.782733654934390
1001.3713909810035 97.858676946133926
1015.9366732596762 97.934839478508323
1030.7138124475518 98.011145542142856
1045.7058900743334 98.087529450371676
1060.916032491606 98.163488559208872
1076.3474115247852 98.239012489036469
1092.0032451345498 98.314327610157747
1107.8867980878947 98.388125362687518
1124.0013826389438 98.461506221875254
1140.350359219667 98.534880753220193
1156.9371371406426 98.607455819470957
1173.765175302013 98.680001995033550
1190.837982914782 98.752144581891102
1208.1591202326028 98.825176260988570
1225.73219929421 98.899520644661436
1243.5608846766518 98.974454895561237
1261.648894259477 99.051313652365124
1280.0000000000375 99.130000000000166
1298.6180287200684 99.210855439012875
1317.5068629037087 99.292779510485957
1336.6704415071292 99.376433181593697
1356.112760779938 99.461493328412232
1375.8378750985323 99.547790703556075
1395.8498978115715 99.634947055480325
1416.153002097749 99.723265559125196
1436.7514218360407 99.812868684986768
1457.6494524886093 99.904004601900112
1478.8514519965543 99.997254504944564
1500.3618416886875 100.093678945435514
1522.1851072035295 100.194938897424379
1544.3257994247153 100.300377321250153
1566.788535430007 100.411778447858637
1589.5779994541087 100.528514037172286
1612.6989438654878 100.651582254628266
1636.156190157402 100.781197788684608
1659.9546299533442 100.917334131526587
1684.099226027109 101.061005278765364
1708.5950133376978 101.212492384561003
1733.4471000792773 101.371575092516892
1758.6606687464096 101.537872907350788
1784.2409772147755 101.711393103693354
1810.193359837619 101.890241917273073
1836.5232285581387 102.072740741622326
1863.2360740380593 102.257064189381850
1890.3374668026197 102.441067776913599
1917.833058402214 102.621201557278312
1945.7285825909298 102.793529782152859
1974.0298565222283 102.954547793654925
2002.7427819620161 103.098476814567476
2031.8733465193618 103.224119157701736
2061.4276248951132 103.327330793468548
2091.411780148677 103.406705911951633
2121.832064983222 103.463927486102762
2152.694823049581 103.497203746710937
2184.0064902691106 103.518201947080726
2215.7735961758003 103.523788679808789
2248.002765277899 103.524733241157406
2280.7007184393456 103.524000000000001
2313.874274281297 103.526774854856257
2347.530350604038 103.538180830281874
2381.6759658295764 103.562966470100889
2416.318240465218 103.600213712604784
2451.4643985884327 103.653952867635624
2487.1217693533167 103.719814264351740
2523.2977885189675 103.799584913593634
2560.0000000000887 103.888500000000221
2597.236057440151 103.984244650780397
2635.0137258074315 104.083786373389700
2673.340883014273 104.184186295837108
2712.225521559891 104.283434229259058
2751.6757501970797 104.378625853595537
2791.699795623158 104.468239550370953
2832.3060041955137 104.549173648139288
2873.502843672097 104.622514720495673
2915.2989049772345 104.686847543619720
2957.7029039931244 104.740856962072982
3000.723683377391 104.784542762533036
3044.370214407075 104.816112270296756
3088.6515988494466 104.833396044697992
3133.57707086003 104.838999999999999
3179.1559989082334 104.829378520360279
3225.3978877309914 104.804721478588306
3272.3123803148205 104.762956381653709
3319.9092599067053 104.702237924941812
3368.198452054235 104.621013018494239
3417.190026675413 104.517743935979013
3466.8942001585724 104.391358355552825
3517.3213374928373 104.241878866523209
3568.4819544295697 104.069834603142141
3620.386719675257 103.878714996447002
3673.0464571162966 103.671661848678994
3726.472148076138 103.452111142522511
3780.6749336052594 103.225165278857901
3835.6661168044484 102.995298937597624
3891.45716518188 102.768341875684413
3948.059713044477 102.543700513854731
4005.4855639240527 102.329209100200416
4063.746693038744 102.125292025182091
4122.855249790247 101.933481838125772
4182.823560297375 101.755457060348448
4243.664129966465 101.592925824232452
4305.389646099183 101.443526429746129
4368.012980538242 101.309705857860706
4431.5471923516225 101.193835808162049
4496.00553055582 101.093558278657014
4561.401436878714 101.014587196130378
4627.748548562617 100.953915442100453
4695.060701208099 100.919880283321177
4763.351931659176 100.912028724795647
4832.63648093046 100.935466442223401
4902.928797176889 100.996251265506345
4974.243538706657 101.087294582414870
5046.595577037959 101.209372038668334
5120.000000000202 101.350928571428980
5194.472114880326 101.507615046992697
5270.027451614888 101.674123751415721
5346.6817660285715 101.845742212526602
5424.451043119808 102.017657279961867
5503.351500394186 102.182870575808082
5583.399591246343 102.335874233586893
5664.612008391055 102.471025333509601
5747.005687344222 102.582291568882567
5830.597809954497 102.658798904977232
5915.405807986278 102.690187751282963
6001.447366754812 102.670959705144980
6088.740428814181 102.606321455895312
6177.303197698925 102.521696802301079
6267.154141720092 102.429782864579664
6358.3119978165005 102.328149642521936
6450.795775462017 102.217013238427100
6544.624760629676 102.105797144291614
6639.818519813445 102.007265146969758
6736.396904108505 101.927932089726767
6834.380053350861 101.869357075725361
6933.788400317181 101.831728667927052
7034.642674985712 101.815980359875212
7136.963908859177 101.821099044961770
7240.773439350552 101.847197774149961
7346.092914232631 101.898577606824233
7452.944296152315 101.974620158402615
7561.349867210557 102.068481753829630
7671.332233608935 102.167606715244858
7782.914330363799 102.260160250519704
7896.119426088994 102.331835827826694
8010.971127848146 102.360577209266864
8127.49338607753 102.330418828990929
8245.710499580537 102.234481094571180
8365.647120594791 102.068649234549625
8487.328259932974 101.845917909376510
8610.77929219841 101.572285012169417
8736.025961076528 101.261435097308677
8863.094384703289 100.932172839516511
8992.011061111683 100.599138092128157
9122.802873757471 100.272305443833119
9255.497097125279 99.955962390018101
9390.121402416245 99.650070294764816
9526.7038633184 99.356144419225672
9665.272961860968 99.065926780091957
9805.857594353829 98.759097859183470
9948.487077413367 98.401943439693682
10093.19115407597 97.956333014630815
10240.000000000457 97.421999999998235
10388.944229760706 96.812304681480441
10540.05490322983 96.165263916111741
10693.363532057198 95.515373165359762
10848.902086239672 94.866726668484560
11006.703000788428 94.234023487518101
11166.799182492743 93.645244327802516
11329.224016782166 93.143776461277412
11494.0113746885 92.726023364271100
11661.195619909053 92.468741155409973
11830.811615972614 92.308126639513802
12002.894733509682 92.269738867140148
12177.48085762842 92.321614471695625
12354.606395397908 92.541614302391480
12534.308283440243 92.870023412857364
12716.62399563306 93.312165268485842
12901.591550924093 93.835323344901923
13089.249521259411 94.395616427760245
13279.637039626952 94.991829452796921
13472.793808217073 95.617671783828740
13668.760106701786 96.253719942512731
13867.576800634426 96.881447125938166
14069.285349971487 97.479537077587025
14273.927817718419 98.051171704160112
14481.54687870117 98.595568017426302
14692.18582846533 99.150101843834619
14905.888592304698 99.757694689529728
15122.699734421185 100.419494962364411
15342.664467217943 101.056553075668020
15565.828660727671 101.466505956430609
15792.238852178061 101.326727279148741
16021.942255696367 100.329253292783520
16254.986772155136 98.493261325793100
16491.42099916115 96.324686595693947
16731.294241189662 94.035289642709216
16974.65651986603 91.743830087179873
17221.558584396902 89.630671258833416
17472.051922153143 87.758806579863005
17726.188769406665 86.094130059788199
17984.022122223458 84.636060690726453
18245.605747515034 83.862742387423111
18510.99419425065 84.481383163326882
18780.242804832582 85.172322518052056
19053.40772663689 85.084185938133643
19330.545923722028 84.933663946464833
19611.71518870775 85.692007019942736
19896.974154826825 87.031154615143265
20186.382308152035 87.522999999999996
