20 93.766999999999996
20.290906698750476 93.772333307254783
20.586044732869844 93.777267412989801
20.885475648548283 93.781782134728218
21.189261887185914 93.787785218459661
21.49746679841394 93.794314842249435
21.810154653305165 93.801753890063168
22.12739065777668 93.808729336511092
22.449240966187475 93.813500000000005
22.77577269513385 93.812363420784393
23.107053937445478 93.806502066466493
23.44315377638505 93.798898323517250
23.784142300054445 93.795269822124936
24.130090616010463 93.798252276241186
24.481070866093134 93.811327209336000
24.837156241469714 93.829314970594965
25.1984209978975 93.845192761173791
25.56494047120865 93.853324704417801
25.936791093020236 93.851080214773418
26.3140504066728 93.841078506394837
26.69679708340074 93.830580072914984
27.08511093873791 93.824265931188648
27.47907294916184 93.824895363234219
27.878765268980047 93.827590739517348
28.284271247461966 93.826794372515224
28.695675446220072 93.821977841968049
29.11306365684382 93.814351790519964
29.536522918790062 93.806671293730886
29.966141537533712 93.802804726162208
30.402009102982383 93.801486606024767
30.844216508158908 93.797697301641279
31.29285596815558 93.789919670756305
31.74802103936409 93.778055410897821
32.20980663898519 93.766174447303342
32.67830906482211 93.756647054962855
33.153626015361866 93.749195609769572
33.63585661014871 93.741147011186882
34.125101410453844 93.730247363328203
34.62146244024586 93.717706363874356
35.12504320746613 93.707374438302935
35.635948725613716 93.701004564018248
36.15428553564419 93.693760003751464
36.68016172818701 93.679834016057072
37.21368696608603 93.659452521356556
37.754972507267915 93.641079327546549
38.30413122794313 93.627646307036741
38.86127764614443 93.620584837433086
39.4265279456077 93.613872481736507
40.000000000000206 93.602000000000004
40.58181339750116 93.584060693779350
41.1720894657399 93.563000158310189
41.77095129709678 93.538686118488954
42.37852377437204 93.515185504866352
42.9949335968281 93.492764820329725
43.62030930661056 93.474257920023092
44.25478131555359 93.459319325188318
44.89848193237519 93.441876354837220
45.55154539026795 93.417901369251410
46.21410787489121 93.390970990428215
46.88630755277036 93.365177769551934
47.56828460010916 93.334537000227328
48.260181232021196 93.300092790719148
48.962141732186545 93.275010275494282
49.674312482939705 93.249241615796635
50.39684199579528 93.202496680324344
51.129880942417586 93.153799037575311
51.873582186040764 93.134766844037387
52.628100813345895 93.132591935539850
53.393594166801776 93.111312260383741
54.17022187747612 93.071137770827704
54.95814589832399 93.038601149479604
55.75753053796041 93.022288590080109
56.56854249492426 93.005139251369286
57.39135089244048 92.978563262517497
58.226127313687975 92.939545424835558
59.073045837580466 92.888423314288161
59.932283075067765 92.828706326282798
60.804018205965114 92.766224397698963
61.68843301631817 92.707194035172279
62.58571193631152 92.656732289804410
63.49604207872855 92.609457790866756
64.41961327797075 92.564746822408267
65.35661812964459 92.527553292656904
66.3072520307241 92.489562016356260
67.27171322029778 92.438099199324213
68.25020282090806 92.389992292805488
69.2429248804921 92.348867906214423
70.25008641493265 92.290743518880049
71.27189745122783 92.215195280962817
72.30857107128878 92.149151445185069
73.36032345637442 92.100425121006765
74.42737393217246 92.045998624967922
75.50994501453623 91.983390565979974
76.60826245588666 91.920760327679545
77.72255529228926 91.857759487171421
78.85305589121582 91.795272607715901
80.00000000000082 91.725499999999954
81.16362679500274 91.639197463614295
82.34417893148023 91.542765311924171
83.541902594194 91.446247253973056
84.75704754874454 91.358506714104664
85.98986719365665 91.284582494070975
87.24061861322157 91.208862132817302
88.50956263110764 91.125859303715799
89.79696386475084 91.039603421061685
91.10309078053635 90.946485340783028
92.42821574978288 90.847383806342123
93.77261510554118 90.745575154906717
95.13656920021877 90.652553940036384
96.52036246404286 90.560640636928383
97.92428346437356 90.484101803593262
99.34862496587989 90.408854006696444
100.79368399159105 90.313148436597032
102.25976188483567 90.204751588829254
103.74716437208203 90.097566476932343
105.25620162669229 90.013098029612991
106.78718833360406 89.949136427767854
108.34044375495276 89.898346983188048
109.9162917966485 89.865541947414158
111.51506107592134 89.861382539941587
113.13708498984903 89.898296636426124
114.78270178488147 89.964268850126956
116.45225462737648 90.086059712138990
118.14609167516147 90.222805423642768
119.86456615013608 90.367553961918361
121.60803641193078 90.515543155813873
123.3768660326369 90.637512900681799
125.17142387262359 90.729456965868820
126.99208415745765 90.797707113825936
128.83922655594208 90.836558563603887
130.71323625928977 90.840038867338677
132.61450406144883 90.820520032602047
134.5434264405962 90.764953380003618
136.50040564181674 90.673603196752353
138.48584976098482 90.570650910994701
140.50017282986593 90.477325152719686
142.5437949024563 90.380593707950396
144.61714214257822 90.263992899123537
146.7206469127495 90.133787503261885
148.8547478643456 90.001818481129177
151.01989002907314 89.874590136377719
153.216524911774 89.757033584305432
155.4451105845792 89.652284598733758
157.70611178243232 89.566501431420818
160.00000000000236 89.521999999999991
162.3272535900062 89.508967379895964
164.6883578629612 89.517191103024430
167.08380518838874 89.538504529808534
169.51409509748981 89.548139466272971
171.97973438731407 89.532078337391638
174.4812372264439 89.498573936493926
177.01912526221608 89.443752468864147
179.5939277295025 89.373032452482136
182.20618156107355 89.305462988348722
184.85643149956664 89.243330789210063
187.54523021108326 89.183749178496015
190.27313840043846 89.140978775836757
193.04072492808663 89.124932579942481
195.84856692874806 89.146695892904205
198.69724993176072 89.244904696642635
201.58736798318304 89.396569800405601
204.5195237696723 89.559086823178433
207.49432874416505 89.746601121672938
210.5124032533856 89.917533339895584
213.57437666720915 90.010625968343362
216.68088750990657 90.085187076808921
219.83258359329807 90.251778602310765
223.03012215184378 90.348464654982649
226.2741699796992 90.273162350913537
229.5654035697641 90.203301648238423
232.90450925475412 90.090985412201476
236.2921833503241 89.942937195480766
239.72913230027333 89.871620504769339
243.21607282386276 89.826003315948171
246.75373206527502 89.744194945990515
250.34284774524843 89.595900304247579
253.9841683149166 89.478012550804578
257.67845311188546 89.389217125314758
261.42647251858085 89.301834513942993
265.22900812289896 89.251150756202605
269.08685288119375 89.194219515935515
273.0008112836349 89.116485396894575
276.97169952197106 89.045859645686249
281.00034565973334 88.971092084392112
285.0875898049141 88.877187629150271
289.23428428515797 88.767714894871830
293.44129382550057 88.662155913127577
297.7094957286928 88.561181598240069
302.0397800581479 88.463114893706205
306.4330498235497 88.363945362362273
310.89022116916016 88.259579802524740
315.41222356486645 88.156224969790500
320.00000000000654 88.052999999999855
324.6545071800142 87.945480884141674
329.3767157259242 87.845588969755596
334.16761037677935 87.747063987276022
339.02819019498156 87.650644653158864
343.95946877463007 87.546767368222916
348.9624744528898 87.434155582474119
354.03825052443415 87.343061216241949
359.187855459007 87.266276095844404
364.4123631221491 87.171106336991386
369.71286299913527 87.055845727719117
375.0904604221685 86.961020325951665
380.54627680087896 86.871778758042765
386.08144985617537 86.783921237258042
391.6971338574982 86.681135169305804
397.3944998635236 86.577096252388344
403.1747359663683 86.483349837843406
409.0390475393468 86.393901271063356
414.9886574883323 86.303421082884313
421.0248065067734 86.219541745842463
427.1487533344206 86.142856834431228
433.3617750198154 86.071988620631885
439.6651671865984 86.010252018981589
446.06024430368984 85.953174671519861
452.54833995940066 85.905709960243598
459.13080713953053 85.876542175011650
465.8090185095106 85.867452254627381
472.58436670065066 85.877168733401305
479.45826460054917 85.898240821044851
486.432145647728 85.934536088451139
493.50746413055253 85.992383807376768
500.6856954904994 86.058542691510027
507.9683366298358 86.122720966550418
515.3569062237735 86.180268903851129
522.8529450371643 86.226498179861707
530.4580162458005 86.263206113720614
538.1737057623901 86.317526129198143
546.0016225672724 86.392738971916359
553.9433990439449 86.515944621784854
562.0006913194694 86.613499308680531
570.1751796098309 86.604063527199386
578.4685685703187 86.536057737723382
586.8825876510039 86.563419008375817
595.4189914573883 86.610220654724159
604.0795601162986 86.639089505130841
612.8660996471021 86.649061256739543
621.780442338323 86.656827490408688
630.8244471297356 86.654958777643515
640.0000000000159 86.654499999999999
649.3090143600314 86.656361802871999
658.7534314518515 86.662627402016284
668.3352207535618 86.672668742828904
678.0563803899662 86.684167656467963
687.9189375492632 86.697190565691500
697.9249489057827 86.713076165694531
708.0765010488715 86.729422401678193
718.3757109180171 86.744225995285234
728.8247262443015 86.759295853054226
739.425725998274 86.779380165696637
750.1809208443404 86.801180920844345
761.0925536017613 86.812092553601758
772.1628997123541 86.825508184261366
783.3942677149998 86.844174253177115
794.7889997270506 86.866926624419989
806.34947193274 86.891492627857076
818.0780950786972 86.917058827483260
829.9773149766683 86.945326157824496
842.0496130135506 86.984729460187680
854.2975066688449 87.055521927795013
866.7235500396347 87.158103575349088
879.3303343732008 87.259580206863120
892.1204886073838 87.326194003290283
905.0966799188055 87.374851848072836
918.2616142790653 87.417229830747743
931.6180370190256 87.461144970025188
945.1687334013056 87.506694475229409
958.9165292011028 87.554950896303950
972.8642912954606 87.606532163679219
987.0149282611097 87.662097600419017
1001.3713909810035 87.724496937362815
1015.9366732596762 87.806587053403376
1030.7138124475518 87.928428416828169
1045.7058900743334 88.096150826503063
1060.916032491606 88.273763377503030
1076.3474115247852 88.417842053238516
1092.0032451345498 88.523330044008659
1107.8867980878947 88.607962290917499
1124.0013826389438 88.683728520910748
1140.350359219667 88.758272479756812
1156.9371371406426 88.834505428171610
1173.765175302013 88.912053612315432
1190.837982914782 88.990104614109967
1208.1591202326028 89.069910043978609
1225.73219929421 89.156343401148931
1243.5608846766518 89.248158051608812
1261.648894259477 89.347345511377753
1280.0000000000375 89.450000000000216
1298.6180287200684 89.551601242443809
1317.5068629037087 89.654035687099281
1336.6704415071292 89.753269534799387
1356.112760779938 89.851466622919190
1375.8378750985323 89.949001534860272
1395.8498978115715 90.044787014604964
1416.153002097749 90.139611459754533
1436.7514218360407 90.235056540445783
1457.6494524886093 90.330728514298286
1478.8514519965543 90.426908563024426
1500.3618416886875 90.524142761266631
1522.1851072035295 90.623220386704020
1544.3257994247153 90.724512161365197
1566.788535430007 90.827727262978030
1589.5779994541087 90.932850357477989
1612.6989438654878 91.039923099535869
1636.156190157402 91.149434093739785
1659.9546299533442 91.261684945978857
1684.099226027109 91.376676284930127
1708.5950133376978 91.494599864554459
1733.4471000792773 91.615390790388460
1758.6606687464096 91.739456916982192
1784.2409772147755 91.866889705618178
1810.193359837619 91.997170666384847
1836.5232285581387 92.129807536504188
1863.2360740380593 92.264974534632586
1890.3374668026197 92.402107582021259
1917.833058402214 92.541235275515191
1945.7285825909298 92.680728341302824
1974.0298565222283 92.821188088350254
2002.7427819620161 92.960028214319578
2031.8733465193618 93.098054949105091
2061.4276248951132 93.232710168293750
2091.411780148677 93.362741239271287
2121.832064983222 93.486053450185409
2152.694823049581 93.600273195385412
2184.0064902691106 93.707920119834256
2215.7735961758003 93.799102859913674
2248.002765277899 93.879539048240986
2280.7007184393456 93.941407768273663
2313.874274281297 93.984643036376610
2347.530350604038 94.006927795221486
2381.6759658295764 94.004726260678268
2416.318240465218 93.982953730209204
2451.4643985884327 93.934352047311449
2487.1217693533167 93.865190656132484
2523.2977885189675 93.770474969790399
2560.0000000000887 93.656499999999710
2597.236057440151 93.525295686035435
2635.0137258074315 93.380945554297199
2673.340883014273 93.226677662754525
2712.225521559891 93.068986637682428
2751.6757501970797 92.913964574231386
2791.699795623158 92.768173230647207
2832.3060041955137 92.640289747245646
2873.502843672097 92.532678487990893
2915.2989049772345 92.450275554932333
2957.7029039931244 92.396763402803785
3000.723683377391 92.373581414379956
3044.370214407075 92.380039433389967
3088.6515988494466 92.403890394266526
3133.57707086003 92.430467388973014
3179.1559989082334 92.441249359934488
3225.3978877309914 92.420403837674030
3272.3123803148205 92.351474629929442
3319.9092599067053 92.222618497727467
3368.198452054235 92.030193383701302
3417.190026675413 91.778625945015847
3466.8942001585724 91.477680872964527
3517.3213374928373 91.141809557924489
3568.4819544295697 90.786811138537303
3620.386719675257 90.427666439011503
3673.0464571162966 90.078041745313371
3726.472148076138 89.748814326350782
3780.6749336052594 89.454653371956226
3835.6661168044484 89.190955598765669
3891.45716518188 88.987140113690160
3948.059713044477 88.822638958964490
4005.4855639240527 88.737945756888195
4063.746693038744 88.727152143856443
4122.855249790247 88.805256430643453
4182.823560297375 88.983932079700367
4243.664129966465 89.273359361126182
4305.389646099183 89.673225887712050
4368.012980538242 90.191792478025718
4431.5471923516225 90.832324756763938
4496.00553055582 91.566730728938239
4561.401436878714 92.384300118258125
4627.748548562617 93.247489416266092
4695.060701208099 94.115790577166422
4763.351931659176 94.948350892701939
4832.63648093046 95.705332053881278
4902.928797176889 96.338840108379884
4974.243538706657 96.863512275948167
5046.595577037959 97.258527105129502
5120.000000000202 97.563428571429284
5194.472114880326 97.785762814615708
5270.027451614888 97.944112770769763
5346.6817660285715 98.048015854330004
5424.451043119808 98.091572701173106
5503.351500394186 98.052675553247639
5583.399591246343 97.904275868601530
5664.612008391055 97.620243767694433
5747.005687344222 97.221473236182518
5830.597809954497 96.716822936110333
5915.405807986278 96.130036224181055
6001.447366754812 95.496443268732094
6088.740428814181 94.863315904450928
6177.303197698925 94.269489854496783
6267.154141720092 93.741152220539490
6358.3119978165005 93.323170168886833
6450.795775462017 93.084671724248977
6544.624760629676 93.053699808503751
6639.818519813445 93.140207631002255
6736.396904108505 93.239486981505792
6834.380053350861 93.342756064021032
6933.788400317181 93.491779872659748
7034.642674985712 93.727711983584499
7136.963908859177 94.027957756552041
7240.773439350552 94.341631372526336
7346.092914232631 94.611369301028986
7452.944296152315 94.777826524306221
7561.349867210557 94.781844464079569
7671.332233608935 94.608838760949041
7782.914330363799 94.266519373941975
7896.119426088994 93.781208840859478
8010.971127848146 93.208898735437529
8127.49338607753 92.591208639475440
8245.710499580537 91.955564313793872
8365.647120594791 91.331579769524765
8487.328259932974 90.735116336075919
8610.77929219841 90.178685828180434
8736.025961076528 89.670272379818755
8863.094384703289 89.207725009969266
8992.011061111683 88.786597200368504
9122.802873757471 88.399432240854821
9255.497097125279 88.042299542549301
9390.121402416245 87.708256876831882
9526.7038633184 87.389971243144956
9665.272961860968 87.076461709036437
9805.857594353829 86.758101717492991
9948.487077413367 86.429482182191364
10093.19115407597 86.090190150741222
10240.000000000457 85.745299999998934
10388.944229760706 85.401198903404094
10540.05490322983 85.070632644346233
10693.363532057198 84.765731712638370
10848.902086239672 84.499597314774917
11006.703000788428 84.284121249014476
11166.799182492743 84.126720694881172
11329.224016782166 84.064040262191426
11494.0113746885 84.117956730024019
11661.195619909053 84.412751176881130
11830.811615972614 84.876590613057175
12002.894733509682 85.580807678670396
12177.48085762842 86.452253227125709
12354.606395397908 87.544471075889263
12534.308283440243 88.693211357329517
12716.62399563306 89.745840778019726
12901.591550924093 90.305696340275247
13089.249521259411 90.564664339337980
13279.637039626952 90.237110101049282
13472.793808217073 89.340380500560357
13668.760106701786 88.141496503237335
13867.576800634426 86.871436806122063
14069.285349971487 85.719499419974284
14273.927817718419 84.707883487745278
14481.54687870117 83.876413579426469
14692.18582846533 83.139268290196100
14905.888592304698 82.339140696811512
15122.699734421185 81.371599510365868
15342.664467217943 80.177134776363943
15565.828660727671 78.762730471515084
15792.238852178061 77.199229824596941
16021.942255696367 75.596655915416648
16254.986772155136 74.085420504413122
16491.42099916115 72.825226074471061
16731.294241189662 71.821479252992418
16974.65651986603 71.119005561732706
17221.558584396902 70.863720140612983
17472.051922153143 71.210382606151441
17726.188769406665 72.251778207850506
17984.022122223458 73.755952290896275
18245.605747515034 74.885991408533314
18510.99419425065 74.464682222554117
18780.242804832582 72.084407997667142
19053.40772663689 68.614158491680797
19330.545923722028 65.921341528871508
19611.71518870775 64.261170285120670
19896.974154826825 63.473500000000001
20186.382308152035 63.473500000000001
