20 80.790000000000006
20.290906698750476 80.803090845079922
20.586044732869844 80.814465049876517
20.885475648548283 80.823564269456455
21.189261887185914 80.828821015383056
21.49746679841394 80.828525329579179
21.810154653305165 80.825296887949463
22.12739065777668 80.817837518588931
22.449240966187475 80.808440707935034
22.77577269513385 80.798226841568791
23.107053937445478 80.788466794995031
23.44315377638505 80.778705371023875
23.784142300054445 80.768245553123293
24.130090616010463 80.756946813262346
24.481070866093134 80.743304484168618
24.837156241469714 80.727827993560510
25.1984209978975 80.710578950105116
25.56494047120865 80.692252955821971
25.936791093020236 80.673318451024187
26.3140504066728 80.653797510658052
26.69679708340074 80.634168153121465
27.08511093873791 80.613935966711978
27.47907294916184 80.592651004423601
27.878765268980047 80.571016366792321
28.284271247461966 80.549717895131977
28.695675446220072 80.528911903135210
29.11306365684382 80.508233753500974
29.536522918790062 80.486491239466545
29.966141537533712 80.462862215435649
30.402009102982383 80.438389499704300
30.844216508158908 80.414608936729195
31.29285596815558 80.391857201592217
31.74802103936409 80.368850926992423
32.20980663898519 80.344880248133791
32.67830906482211 80.319514692369950
33.153626015361866 80.292436065093653
33.63585661014871 80.263984460001225
34.125101410453844 80.235119016783216
34.62146244024586 80.205469328704766
35.12504320746613 80.174622450759500
35.635948725613716 80.144750922640014
36.15428553564419 80.115205724468282
36.68016172818701 80.084870458036960
37.21368696608603 80.052965095068757
37.754972507267915 80.019655302540770
38.30413122794313 79.985856316551349
38.86127764614443 79.953428177314606
39.4265279456077 79.921632808225581
40.000000000000206 79.889999999999986
40.58181339750116 79.856545618129076
41.1720894657399 79.821651424186598
41.77095129709678 79.787170248484429
42.37852377437204 79.752028257299543
42.9949335968281 79.714891439164433
43.62030930661056 79.674246343583093
44.25478131555359 79.632146788828521
44.89848193237519 79.588437091077992
45.55154539026795 79.541560465086008
46.21410787489121 79.490906713551638
46.88630755277036 79.439026867789551
47.56828460010916 79.388122535531437
48.260181232021196 79.338486482598412
48.962141732186545 79.284903257609258
49.674312482939705 79.228783681046195
50.39684199579528 79.171996680324355
51.129880942417586 79.114345111929595
51.873582186040764 79.054846623774381
52.628100813345895 78.994787097557889
53.393594166801776 78.934258423958141
54.17022187747612 78.871853323043624
54.95814589832399 78.807039394082594
55.75753053796041 78.741700668416556
56.56854249492426 78.677085142900978
57.39135089244048 78.611887604050992
58.226127313687975 78.545409814904957
59.073045837580466 78.477729378831143
59.932283075067765 78.409849637069655
60.804018205965114 78.343201430840537
61.68843301631817 78.277905923242884
62.58571193631152 78.213518061435380
63.49604207872855 78.149277054489005
64.41961327797075 78.085046683820025
65.35661812964459 78.020215039989694
66.3072520307241 77.954914113941484
67.27171322029778 77.893284059663316
68.25020282090806 77.839989858954596
69.2429248804921 77.789260594013186
70.25008641493265 77.734245247178706
71.27189745122783 77.678725383810544
72.30857107128878 77.625380017506842
73.36032345637442 77.575285444463148
74.42737393217246 77.528977668780925
75.50994501453623 77.485314626044499
76.60826245588666 77.442297518702389
77.72255529228926 77.399782592786408
78.85305589121582 77.358253671298328
80.00000000000082 77.320499999999981
81.16362679500274 77.282682034617494
82.34417893148023 77.244094138561280
83.541902594194 77.205338609252323
84.75704754874454 77.167092283082440
85.98986719365665 77.129391464254937
87.24061861322157 77.091781423646211
88.50956263110764 77.055732246328986
89.79696386475084 77.019685011786976
91.10309078053635 76.980907193851891
92.42821574978288 76.939263959590022
93.77261510554118 76.897842702500185
95.13656920021877 76.857175297847988
96.52036246404286 76.813026537845047
97.92428346437356 76.766476484158403
99.34862496587989 76.716383810960593
100.79368399159105 76.663662814972184
102.25976188483567 76.612168095915592
103.74716437208203 76.562183504522267
105.25620162669229 76.509997850171402
106.78718833360406 76.454111635545445
108.34044375495276 76.395563137311797
109.9162917966485 76.334707306952538
111.51506107592134 76.274011991448646
113.13708498984903 76.213991096778756
114.78270178488147 76.152239244588031
116.45225462737648 76.089210318890323
118.14609167516147 76.026386787436110
119.86456615013608 75.966240134545345
121.60803641193078 75.907378785209730
123.3768660326369 75.848276596310612
125.17142387262359 75.786000164458173
126.99208415745765 75.723261222803899
128.83922655594208 75.664583424305761
130.71323625928977 75.607827701861510
132.61450406144883 75.552601138310166
134.5434264405962 75.500235055934354
136.50040564181674 75.448113743439592
138.48584976098482 75.393260594013157
140.50017282986593 75.340329300636455
142.5437949024563 75.292644785609355
144.61714214257822 75.247635729470218
146.7206469127495 75.206807708657763
148.8547478643456 75.166530740150307
151.01989002907314 75.126641979476688
153.216524911774 75.089108821341028
155.4451105845792 75.055946496049728
157.70611178243232 75.025361769184855
160.00000000000236 74.995999999999981
162.3272535900062 74.969003858355933
164.6883578629612 74.945554092942984
167.08380518838874 74.927496602643600
169.51409509748981 74.910804153337068
171.97973438731407 74.894037806166267
174.4812372264439 74.879801318977201
177.01912526221608 74.868519673898689
179.5939277295025 74.860218216811489
182.20618156107355 74.852822691628987
184.85643149956664 74.843516846601560
187.54523021108326 74.831364309366762
190.27313840043846 74.823617606239381
193.04072492808663 74.819742985100675
195.84856692874806 74.816830286614248
198.69724993176072 74.818415599890812
201.58736798318304 74.825262103949541
204.5195237696723 74.833552063385795
207.49432874416505 74.842232041023180
210.5124032533856 74.853301680222444
213.57437666720915 74.868159071669652
216.68088750990657 74.887255546936913
219.83258359329807 74.907411793356431
223.03012215184378 74.927438263449034
226.2741699796992 74.945249878228452
229.5654035697641 74.959689181540682
232.90450925475412 74.968277188261098
236.2921833503241 74.973073045837580
239.72913230027333 74.973932283075072
243.21607282386276 74.971067854352270
246.75373206527502 74.963992535869437
250.34284774524843 74.956100024668729
253.9841683149166 74.946541558173351
257.67845311188546 74.937303867220280
261.42647251858085 74.931360291222120
265.22900812289896 74.928500000000000
269.08685288119375 74.928557901920797
273.0008112836349 74.932126318335904
276.97169952197106 74.940158023446401
281.00034565973334 74.955101762864643
285.0875898049141 74.976086851692912
289.23428428515797 75.003869704710553
293.44129382550057 75.037562738751660
297.7094957286928 75.079220654724139
302.0397800581479 75.128742278219576
306.4330498235497 75.185440664314001
310.89022116916016 75.246004263429796
315.41222356486645 75.309436019334072
320.00000000000654 75.375500000000102
324.6545071800142 75.439732199084204
329.3767157259242 75.504898677017749
334.16761037677935 75.571429784237239
339.02819019498156 75.635366472534756
343.95946877463007 75.697889306560342
348.9624744528898 75.760927178106414
354.03825052443415 75.818016930716325
359.187855459007 75.870797340135965
364.4123631221491 75.927094758031430
369.71286299913527 75.986755351890224
375.0904604221685 76.039723683377346
380.54627680087896 76.083370214407040
386.08144985617537 76.122753859021998
391.6971338574982 76.159824940939842
397.3944998635236 76.193711949303975
403.1747359663683 76.215995085238035
409.0390475393468 76.229065079232242
414.9886574883323 76.234498109581381
421.0248065067734 76.230678847847457
427.1487533344206 76.220344367775425
433.3617750198154 76.203930602015632
439.6651671865984 76.177983794982254
446.06024430368984 76.143810221203168
452.54833995940066 76.104955126247660
459.13080713953053 76.067280560732584
465.8090185095106 76.031185234615947
472.58436670065066 75.996905621261078
479.45826460054917 75.967166941597810
486.432145647728 75.943260348492032
493.50746413055253 75.929414709471828
500.6856954904994 75.923214279840778
507.9683366298358 75.925490105196815
515.3569062237735 75.938519732067931
522.8529450371643 75.960005526046672
530.4580162458005 75.982374048737398
538.1737057623901 76.005545932396075
546.0016225672724 76.029718689825458
553.9433990439449 76.049522410767139
562.0006913194694 76.062300622187522
570.1751796098309 76.069473723058522
578.4685685703187 76.068229714714448
586.8825876510039 76.057676118523489
595.4189914573883 76.035117328190623
604.0795601162986 76.001387006969395
612.8660996471021 75.959169501764478
621.780442338323 75.909270297899695
630.8244471297356 75.851517426587264
640.0000000000159 75.790499999999909
649.3090143600314 75.732784110967813
658.7534314518515 75.682544484877781
668.3352207535618 75.638491506608972
678.0563803899662 75.608039315888590
687.9189375492632 75.597748637470431
697.9249489057827 75.606802433577514
708.0765010488715 75.630498902727055
718.3757109180171 75.669002843672075
728.8247262443015 75.716976213348232
739.425725998274 75.764444480692333
750.1809208443404 75.809216145008847
761.0925536017613 75.852408024673636
772.1628997123541 75.887270460653411
783.3942677149998 75.916662812836918
794.7889997270506 75.939597874533717
806.34947193274 75.951674735966378
818.0780950786972 75.947954359146024
829.9773149766683 75.926142360644235
842.0496130135506 75.885957878567979
854.2975066688449 75.831370592211513
866.7235500396347 75.770972299810978
879.3303343732008 75.713312595632544
892.1204886073838 75.665290338734906
905.0966799188055 75.626183023529549
918.2616142790653 75.599144253307699
931.6180370190256 75.578582024242166
945.1687334013056 75.559941688798261
958.9165292011028 75.541239772348490
972.8642912954606 75.521539277771836
987.0149282611097 75.504636621237182
1001.3713909810035 75.496908573934604
1015.9366732596762 75.496874228375702
1030.7138124475518 75.511555091403594
1045.7058900743334 75.545777597417469
1060.916032491606 75.592931303973145
1076.3474115247852 75.642087148291864
1092.0032451345498 75.689259329761825
1107.8867980878947 75.734284380865731
1124.0013826389438 75.772780466242395
1140.350359219667 75.803231743927029
1156.9371371406426 75.822175839478703
1173.765175302013 75.835382587650997
1190.837982914782 75.841834763973793
1208.1591202326028 75.847348225805661
1225.73219929421 75.856776832745183
1243.5608846766518 75.872914512902213
1261.648894259477 75.900526527290481
1280.0000000000375 75.937500000000085
1298.6180287200684 75.983247156283596
1317.5068629037087 76.029516470968900
1336.6704415071292 76.072591732353374
1356.112760779938 76.113433978618360
1375.8378750985323 76.159906847113945
1395.8498978115715 76.218738435770575
1416.153002097749 76.301765559125215
1436.7514218360407 76.399470391190022
1457.6494524886093 76.519202693031190
1478.8514519965543 76.646646537739741
1500.3618416886875 76.772939471451366
1522.1851072035295 76.889912174610913
1544.3257994247153 76.996990805261646
1566.788535430007 77.096526473057622
1589.5779994541087 77.187687957914704
1612.6989438654878 77.270168451388031
1636.156190157402 77.344299199062760
1659.9546299533442 77.412474778671239
1684.099226027109 77.477476003149945
1708.5950133376978 77.538096630409953
1733.4471000792773 77.595435156187094
1758.6606687464096 77.658576659115027
1784.2409772147755 77.734310405264466
1810.193359837619 77.824123165792685
1836.5232285581387 77.925362449661392
1863.2360740380593 78.032209017632994
1890.3374668026197 78.136862125841802
1917.833058402214 78.233632398567522
1945.7285825909298 78.324746035942795
1974.0298565222283 78.411070166697129
2002.7427819620161 78.497636919820650
2031.8733465193618 78.583495590718286
2061.4276248951132 78.661783537258756
2091.411780148677 78.730205911951629
2121.832064983222 78.788435121843548
2152.694823049581 78.847413590234808
2184.0064902691106 78.909413629565137
2215.7735961758003 78.977307571682360
2248.002765277899 79.047072565926186
2280.7007184393456 79.116471508722626
2313.874274281297 79.188448355037607
2347.530350604038 79.271163256590626
2381.6759658295764 79.371195494071685
2416.318240465218 79.484569900279411
2451.4643985884327 79.613028104671329
2487.1217693533167 79.752343165880944
2523.2977885189675 79.908466381265896
2560.0000000000887 80.082250000000442
2597.236057440151 80.269619343662782
2635.0137258074315 80.460568171510232
2673.340883014273 80.647911521581548
2712.225521559891 80.834812078128152
2751.6757501970797 81.023647654068526
2791.699795623158 81.215262771545866
2832.3060041955137 81.395208058208539
2873.502843672097 81.556375208782825
2915.2989049772345 81.698161660180560
2957.7029039931244 81.823334289022739
3000.723683377391 81.930730261741559
3044.370214407075 82.001870214407077
3088.6515988494466 82.037991524352805
3133.57707086003 82.058546688186766
3179.1559989082334 82.057794120251117
3225.3978877309914 82.023284471354742
3272.3123803148205 81.957461448677407
3319.9092599067053 81.874269683974461
3368.198452054235 81.774505699590378
3417.190026675413 81.648992723174814
3466.8942001585724 81.502465863511588
3517.3213374928373 81.345071720022929
3568.4819544295697 81.175813159496499
3620.386719675257 80.990680738791809
3673.0464571162966 80.799493683523650
3726.472148076138 80.608494431368186
3780.6749336052594 80.414508452358291
3835.6661168044484 80.221801814545330
3891.45716518188 80.042787431630487
3948.059713044477 79.869442128801296
4005.4855639240527 79.699643264372355
4063.746693038744 79.542820602055087
4122.855249790247 79.398313956741163
4182.823560297375 79.258691533102535
4243.664129966465 79.133533789783272
4305.389646099183 79.016182833179869
4368.012980538242 78.901626310517713
4431.5471923516225 78.799524492237410
4496.00553055582 78.703858555184794
4561.401436878714 78.610585326231899
4627.748548562617 78.527976596581112
4695.060701208099 78.455008993043094
4763.351931659176 78.387246229030126
4832.63648093046 78.330401733730071
4902.928797176889 78.282566693223259
4974.243538706657 78.242734319114334
5046.595577037959 78.211861769184821
5120.000000000202 78.187071428571372
5194.472114880326 78.174370446475393
5270.027451614888 78.171999999999997
5346.6817660285715 78.178418742828924
5424.451043119808 78.194430268230803
5503.351500394186 78.225389257323059
5583.399591246343 78.284908415332950
5664.612008391055 78.386372331411835
5747.005687344222 78.548723820246465
5830.597809954497 78.792547765428907
5915.405807986278 79.137076508325563
6001.447366754812 79.605615942877279
6088.740428814181 80.184187924023405
6177.303197698925 80.741223706538705
6267.154141720092 81.234138543244228
6358.3119978165005 81.643453871014898
6450.795775462017 81.953164509256681
6544.624760629676 82.140995960361906
6639.818519813445 82.204416333216784
6736.396904108505 82.158417451919021
6834.380053350861 82.029225809570292
6933.788400317181 81.855322517411622
7034.642674985712 81.673434239149373
7136.963908859177 81.511913903495810
7240.773439350552 81.388784568600741
7346.092914232631 81.310262149170200
7452.944296152315 81.271116976327249
7561.349867210557 81.256654384405920
7671.332233608935 81.242825848281399
7782.914330363799 81.206605685263526
7896.119426088994 81.120932803475412
8010.971127848146 80.949489284393337
8127.49338607753 80.664542583003197
8245.710499580537 80.247145236096415
8365.647120594791 79.689792923057496
8487.328259932974 79.012964923797313
8610.77929219841 78.236166753387621
8736.025961076528 77.398341046001462
8863.094384703289 76.541838948652355
8992.011061111683 75.693567217885118
9122.802873757471 74.882840354759807
9255.497097125279 74.120323099873517
9390.121402416245 73.410579888321479
9526.7038633184 72.762559331884830
9665.272961860968 72.179176716506106
9805.857594353829 71.670247981448696
9948.487077413367 71.248650696144807
10093.19115407597 70.928792152109835
10240.000000000457 70.705499999999432
10388.944229760706 70.584804279375618
10540.05490322983 70.567380147177801
10693.363532057198 70.626528425046132
10848.902086239672 70.746363509511710
11006.703000788428 70.920210494701038
11166.799182492743 71.161481502416535
11329.224016782166 71.533098841116299
11494.0113746885 72.038963057811941
11661.195619909053 72.714040382721322
11830.811615972614 73.387863394862421
12002.894733509682 73.962356264178482
12177.48085762842 74.361108947798925
12354.606395397908 74.440387819779943
12534.308283440243 74.327151935784428
12716.62399563306 74.012312969287024
12901.591550924093 73.525145769681515
13089.249521259411 72.952788960158784
13279.637039626952 72.243223526165878
13472.793808217073 71.417161290283246
13668.760106701786 70.590054586530584
13867.576800634426 69.889750828199809
14069.285349971487 69.404875573794897
14273.927817718419 69.082563687093483
14481.54687870117 68.906701442564383
14692.18582846533 68.791910254227247
14905.888592304698 68.634294908679379
15122.699734421185 68.397990345252452
15342.664467217943 68.105920337780276
15565.828660727671 67.840180273918236
15792.238852178061 67.709488967792424
16021.942255696367 67.804662254536993
16254.986772155136 68.223873914188488
16491.42099916115 69.047610761077436
16731.294241189662 70.055874640232275
16974.65651986603 70.852552924452084
17221.558584396902 71.015919793395653
17472.051922153143 70.380328906534345
17726.188769406665 69.211484396692754
17984.022122223458 67.992415583105270
18245.605747515034 67.122219801041354
18510.99419425065 66.708800290610071
18780.242804832582 66.258383960164053
19053.40772663689 65.118456592313478
19330.545923722028 63.102877155011342
19611.71518870775 60.650692730902620
19896.974154826825 59.437851523027412
20186.382308152035 59.368000000000002
