20 103.376499999999993
20.290906698750476 103.403651382387977
20.586044732869844 103.431197512742813
20.885475648548283 103.458192808369347
21.189261887185914 103.485051381530155
21.49746679841394 103.510297363366519
21.810154653305165 103.535261670189527
22.12739065777668 103.558895061011029
22.449240966187475 103.582610992150450
22.77577269513385 103.606556609498512
23.107053937445478 103.630672224424330
23.44315377638505 103.654759391442965
23.784142300054445 103.678889961003819
24.130090616010463 103.702889555059230
24.481070866093134 103.726495951148905
24.837156241469714 103.749686527581503
25.1984209978975 103.771409207379108
25.56494047120865 103.791865572491389
25.936791093020236 103.811168581191822
26.3140504066728 103.829322323385810
26.69679708340074 103.846117879690283
27.08511093873791 103.861595895665303
27.47907294916184 103.874721020213855
27.878765268980047 103.885469131724506
28.284271247461966 103.893616882454324
28.695675446220072 103.899848105354636
29.11306365684382 103.904517572911587
29.536522918790062 103.908255660431536
29.966141537533712 103.911262990762737
30.402009102982383 103.912503348493800
30.844216508158908 103.912459190492370
31.29285596815558 103.910053580238838
31.74802103936409 103.905771768566993
32.20980663898519 103.899852900415226
32.67830906482211 103.892468745898015
33.153626015361866 103.883773853677397
33.63585661014871 103.873239441356432
34.125101410453844 103.861122261917743
34.62146244024586 103.847234664352385
35.12504320746613 103.830998444531218
35.635948725613716 103.812333948426684
36.15428553564419 103.791711436431655
36.68016172818701 103.768212560503400
37.21368696608603 103.743456712593954
37.754972507267915 103.716887146930304
38.30413122794313 103.688481097919009
38.86127764614443 103.657924187165406
39.4265279456077 103.624362408682558
40.000000000000206 103.588499999999982
40.58181339750116 103.549712310874284
41.1720894657399 103.510360759646872
41.77095129709678 103.469960726481730
42.37852377437204 103.428743017820437
42.9949335968281 103.385442086698305
43.62030930661056 103.338976847119966
44.25478131555359 103.289013909246947
44.89848193237519 103.236790669824927
45.55154539026795 103.181545011919681
46.21410787489121 103.124218621259445
46.88630755277036 103.063170592469277
47.56828460010916 103.001403169414289
48.260181232021196 102.939643959350121
48.962141732186545 102.876907367806979
49.674312482939705 102.812354788579825
50.39684199579528 102.745296016389204
51.129880942417586 102.675925630617698
51.873582186040764 102.604476054951704
52.628100813345895 102.532330466895218
53.393594166801776 102.459116514090965
54.17022187747612 102.384299987814813
54.95814589832399 102.308321708630601
55.75753053796041 102.230640802099856
56.56854249492426 102.151282835497426
57.39135089244048 102.070256261648382
58.226127313687975 101.988178714229107
59.073045837580466 101.906524122511058
59.932283075067765 101.824466966331016
60.804018205965114 101.740100950834957
61.68843301631817 101.652156725287142
62.58571193631152 101.562910997427991
63.49604207872855 101.474876002520787
64.41961327797075 101.387556351870757
65.35661812964459 101.298408041424466
66.3072520307241 101.204045788804692
67.27171322029778 101.102111545767229
68.25020282090806 100.993351777006026
69.2429248804921 100.878713401661685
70.25008641493265 100.758239370963281
71.27189745122783 100.631740921145294
72.30857107128878 100.501582901624545
73.36032345637442 100.371900861778698
74.42737393217246 100.245138310834079
75.50994501453623 100.123330863406949
76.60826245588666 100.006859499000271
77.72255529228926 99.895771698031581
78.85305589121582 99.788136806147236
80.00000000000082 99.682999999999936
81.16362679500274 99.577303635213013
82.34417893148023 99.471904001720219
83.541902594194 99.365030444601658
84.75704754874454 99.254669466600731
85.98986719365665 99.140937055679402
87.24061861322157 99.024642365671610
88.50956263110764 98.905091550044773
89.79696386475084 98.782788432848676
91.10309078053635 98.658706113864341
92.42821574978288 98.531874706559933
93.77261510554118 98.404101843969329
95.13656920021877 98.273968989568260
96.52036246404286 98.141695699544272
97.92428346437356 98.006866792757776
99.34862496587989 97.870423596828829
100.79368399159105 97.732335459468317
102.25976188483567 97.592822620940609
103.74716437208203 97.452320018165125
105.25620162669229 97.310463621943782
106.78718833360406 97.166504296641222
108.34044375495276 97.020498287034428
109.9162917966485 96.872883878230510
111.51506107592134 96.725990825268809
113.13708498984903 96.580925947136848
114.78270178488147 96.435194723655613
116.45225462737648 96.289587663463806
118.14609167516147 96.145115994975129
119.86456615013608 96.005324598421311
121.60803641193078 95.867737147883702
123.3768660326369 95.736529728111122
125.17142387262359 95.608957459243356
126.99208415745765 95.487842585870226
128.83922655594208 95.375044196803316
130.71323625928977 95.267957928040573
132.61450406144883 95.169693691219436
134.5434264405962 95.085942225426891
136.50040564181674 95.012861512409600
138.48584976098482 94.949396206692427
140.50017282986593 94.896746456987756
142.5437949024563 94.854852204499650
144.61714214257822 94.818008583576173
146.7206469127495 94.793261142724859
148.8547478643456 94.780122907688366
151.01989002907314 94.773960219941856
153.216524911774 94.767990595370549
155.4451105845792 94.756583026855708
157.70611178243232 94.736273992749730
160.00000000000236 94.711499999999972
162.3272535900062 94.695674675587966
164.6883578629612 94.698439044153332
167.08380518838874 94.719421290846213
169.51409509748981 94.752100150384365
171.97973438731407 94.795031165849110
174.4812372264439 94.845709734310034
177.01912526221608 94.904151356188294
179.5939277295025 94.969523335421158
182.20618156107355 95.041773083710069
184.85643149956664 95.120221658687086
187.54523021108326 95.203429274670242
190.27313840043846 95.289795056494114
193.04072492808663 95.379019487670007
195.84856692874806 95.470163281877177
198.69724993176072 95.561833097843646
201.58736798318304 95.651414723487079
204.5195237696723 95.738819443282111
207.49432874416505 95.822844985673839
210.5124032533856 95.903322484588017
213.57437666720915 95.980178634179822
216.68088750990657 96.049144414279198
219.83258359329807 96.113277234170994
223.03012215184378 96.169905902926246
226.2741699796992 96.221870606355395
229.5654035697641 96.265495111883681
232.90450925475412 96.300529177423329
236.2921833503241 96.327643531345586
239.72913230027333 96.346976369189036
243.21607282386276 96.357256918073148
246.75373206527502 96.353277051426559
250.34284774524843 96.337928641910636
253.9841683149166 96.310618737638123
257.67845311188546 96.264979142740415
261.42647251858085 96.203606585313764
265.22900812289896 96.124688918881432
269.08685288119375 96.026698398648364
273.0008112836349 95.925355427782307
276.97169952197106 95.833566009560570
281.00034565973334 95.759795437291530
285.0875898049141 95.706465702190030
289.23428428515797 95.681170865860537
293.44129382550057 95.673746964939596
297.7094957286928 95.682525134196169
302.0397800581479 95.704258570377959
306.4330498235497 95.736464398588396
310.89022116916016 95.778443378753167
315.41222356486645 95.828987905134881
320.00000000000654 95.884500000000088
324.6545071800142 95.944543142622194
329.3767157259242 96.006772647582210
334.16761037677935 96.071262740086524
339.02819019498156 96.137686205671244
343.95946877463007 96.204056881580044
348.9624744528898 96.267530930661110
354.03825052443415 96.327747531135884
359.187855459007 96.385485195594967
364.4123631221491 96.440388576470355
369.71286299913527 96.489858339592047
375.0904604221685 96.531055685450468
380.54627680087896 96.564569986062537
386.08144985617537 96.591050234381555
391.6971338574982 96.605862122045465
397.3944998635236 96.613978899972707
403.1747359663683 96.608944212058844
409.0390475393468 96.592603571727452
414.9886574883323 96.565311438604866
421.0248065067734 96.526746066414461
427.1487533344206 96.477444968878743
433.3617750198154 96.416307733121968
439.6651671865984 96.346660208269356
446.06024430368984 96.271433694305102
452.54833995940066 96.192155418499368
459.13080713953053 96.111250083714339
465.8090185095106 96.030609196095000
472.58436670065066 95.954399421057175
479.45826460054917 95.885009591351846
486.432145647728 95.823713191123858
493.50746413055253 95.775307026551999
500.6856954904994 95.737557209815094
507.9683366298358 95.711612800756214
515.3569062237735 95.697321546888105
522.8529450371643 95.695066181296454
530.4580162458005 95.705230918660590
538.1737057623901 95.726157600386188
546.0016225672724 95.756650390490904
553.9433990439449 95.794945769861201
562.0006913194694 95.839504147916813
570.1751796098309 95.888498523776036
578.4685685703187 95.935770840850807
586.8825876510039 95.978568808872467
595.4189914573883 96.015405016256679
604.0795601162986 96.045483707841626
612.8660996471021 96.067427356386645
621.780442338323 96.082170663507497
630.8244471297356 96.092448114199186
640.0000000000159 96.103000000000009
649.3090143600314 96.116498070822047
658.7534314518515 96.134569191331110
668.3352207535618 96.155337485657839
678.0563803899662 96.174709941760426
687.9189375492632 96.186022990671802
697.9249489057827 96.186415010218838
708.0765010488715 96.178731149056006
718.3757109180171 96.167786717990182
728.8247262443015 96.158498982692350
739.425725998274 96.153729709600697
750.1809208443404 96.156165844107321
761.0925536017613 96.166168174134953
772.1628997123541 96.180289945777702
783.3942677149998 96.198205683825392
794.7889997270506 96.219295124465475
806.34947193274 96.244050873179191
818.0780950786972 96.273597875022602
829.9773149766683 96.307049074547180
842.0496130135506 96.343323774542910
854.2975066688449 96.383541273340967
866.7235500396347 96.429030850155499
879.3303343732008 96.479687404367439
892.1204886073838 96.534592800252241
905.0966799188055 96.588961996348658
918.2616142790653 96.635988999429316
931.6180370190256 96.670990613923394
945.1687334013056 96.690870036176250
958.9165292011028 96.694385433849874
972.8642912954606 96.683553566062059
987.0149282611097 96.663015494982915
1001.3713909810035 96.637577209266894
1015.9366732596762 96.612126212552482
1030.7138124475518 96.590709707647363
1045.7058900743334 96.574240800860849
1060.916032491606 96.558217554511742
1076.3474115247852 96.535850090667921
1092.0032451345498 96.503991887163622
1107.8867980878947 96.463609148320302
1124.0013826389438 96.417440450154174
1140.350359219667 96.371124101950841
1156.9371371406426 96.330130143771612
1173.765175302013 96.289087061744965
1190.837982914782 96.240569205758931
1208.1591202326028 96.186788856312134
1225.73219929421 96.126348035568341
1243.5608846766518 96.072735959275775
1261.648894259477 96.052510663444309
1280.0000000000375 96.071500000000171
1298.6180287200684 96.154217241884879
1317.5068629037087 96.241790491131880
1336.6704415071292 96.357772932155811
1356.112760779938 96.474273745660128
1375.8378750985323 96.587775888061628
1395.8498978115715 96.698278190518351
1416.153002097749 96.804726394206668
1436.7514218360407 96.906206256078576
1457.6494524886093 96.989437215112872
1478.8514519965543 97.055551600951446
1500.3618416886875 97.109063814564735
1522.1851072035295 97.173224215178379
1544.3257994247153 97.267306549445749
1566.788535430007 97.389873505494037
1589.5779994541087 97.538088196233346
1612.6989438654878 97.710321656537346
1636.156190157402 97.894518283227740
1659.9546299533442 98.074173335664071
1684.099226027109 98.244738706025430
1708.5950133376978 98.410742788829069
1733.4471000792773 98.575750860523229
1758.6606687464096 98.741987200351375
1784.2409772147755 98.910305630073225
1810.193359837619 99.080460706141281
1836.5232285581387 99.251670521056738
1863.2360740380593 99.424505038285858
1890.3374668026197 99.599886784880965
1917.833058402214 99.779484863118526
1945.7285825909298 99.963723216751958
1974.0298565222283 100.154922427220711
2002.7427819620161 100.352516621603314
2031.8733465193618 100.554644648077527
2061.4276248951132 100.762040961762295
2091.411780148677 100.972953050048176
2121.832064983222 101.187553463005457
2152.694823049581 101.407291928940140
2184.0064902691106 101.629745756397227
2215.7735961758003 101.849760453995430
2248.002765277899 102.066384594885051
2280.7007184393456 102.275344454323943
2313.874274281297 102.475933266640908
2347.530350604038 102.666124755812149
2381.6759658295764 102.842066980429280
2416.318240465218 103.005072228721374
2451.4643985884327 103.148674544530181
2487.1217693533167 103.279284741446389
2523.2977885189675 103.395140699695816
2560.0000000000887 103.501000000000232
2597.236057440151 103.596651087138355
2635.0137258074315 103.680526994087955
2673.340883014273 103.745011324521414
2712.225521559891 103.790002969403901
2751.6757501970797 103.803731096916877
2791.699795623158 103.785687627735541
2832.3060041955137 103.730425693496954
2873.502843672097 103.648003345807297
2915.2989049772345 103.542857087964194
2957.7029039931244 103.421043968581387
3000.723683377391 103.287166121107916
3044.370214407075 103.146442476990572
3088.6515988494466 103.005480608609858
3133.57707086003 102.867179360648407
3179.1559989082334 102.732656043177045
3225.3978877309914 102.600885914353228
3272.3123803148205 102.473318439772015
3319.9092599067053 102.351324128030441
3368.198452054235 102.234597606713635
3417.190026675413 102.123025741847599
3466.8942001585724 102.017035831676509
3517.3213374928373 101.916069818638817
3568.4819544295697 101.819178023393889
3620.386719675257 101.725619373371543
3673.0464571162966 101.634551487473459
3726.472148076138 101.545056234193609
3780.6749336052594 101.455386359551312
3835.6661168044484 101.365277551944843
3891.45716518188 101.277814252227188
3948.059713044477 101.192910430433272
4005.4855639240527 101.122745844599152
4063.746693038744 101.074282324762407
4122.855249790247 101.056808987440576
4182.823560297375 101.075561372555484
4243.664129966465 101.130752460755303
4305.389646099183 101.218661308380462
4368.012980538242 101.338625312049572
4431.5471923516225 101.486256656421290
4496.00553055582 101.653947943218299
4561.401436878714 101.836738411608877
4627.748548562617 102.026760507213339
4695.060701208099 102.212227517392250
4763.351931659176 102.382397394948072
4832.63648093046 102.526987476819002
4902.928797176889 102.634101819247590
4974.243538706657 102.713175273303648
5046.595577037959 102.780100908760119
5120.000000000202 102.872428571428884
5194.472114880326 103.035080472579153
5270.027451614888 103.298045076015839
5346.6817660285715 103.649200591180531
5424.451043119808 104.054448095592676
5503.351500394186 104.465116980593038
5583.399591246343 104.833420675936793
5664.612008391055 105.119104327480699
5747.005687344222 105.311384241934363
5830.597809954497 105.391686416108641
5915.405807986278 105.352079039303533
6001.447366754812 105.203291122690800
6088.740428814181 104.976777619707661
6177.303197698925 104.720040635310284
6267.154141720092 104.466210250426997
6358.3119978165005 104.238883685153056
6450.795775462017 104.046781794272576
6544.624760629676 103.899549677803464
6639.818519813445 103.798839739743642
6736.396904108505 103.739579099041478
6834.380053350861 103.721469406935626
6933.788400317181 103.754327648228369
7034.642674985712 103.849633678105349
7136.963908859177 104.011025163642501
7240.773439350552 104.227186644899774
7346.092914232631 104.474853458729484
7452.944296152315 104.716212464881380
7561.349867210557 104.899600442967795
7671.332233608935 104.987107540038153
7782.914330363799 104.952806092538935
7896.119426088994 104.773693964197108
8010.971127848146 104.433792654018802
8127.49338607753 103.951600758877106
8245.710499580537 103.353694973275367
8365.647120594791 102.671477022756676
8487.328259932974 101.947766445817422
8610.77929219841 101.214247952571952
8736.025961076528 100.495028245988664
8863.094384703289 99.798821903644864
8992.011061111683 99.127595741811831
9122.802873757471 98.474949183410985
9255.497097125279 97.834163643511189
9390.121402416245 97.202905446496004
9526.7038633184 96.586004396273481
9665.272961860968 95.993206729593638
9805.857594353829 95.435604347370429
9948.487077413367 94.928139016310325
10093.19115407597 94.493511582686011
10240.000000000457 94.143899999999036
10388.944229760706 93.899331237603633
10540.05490322983 93.778345832659156
10693.363532057198 93.757703623846851
10848.902086239672 93.810654306911857
11006.703000788428 93.909858994306830
11166.799182492743 94.052010628582181
11329.224016782166 94.258952422655923
11494.0113746885 94.521319336970436
11661.195619909053 94.854623947181324
11830.811615972614 95.224836674948875
12002.894733509682 95.642800093120627
12177.48085762842 96.103733209495090
12354.606395397908 96.637417616428849
12534.308283440243 97.221791773144830
12716.62399563306 97.850185264846715
12901.591550924093 98.451240930549929
13089.249521259411 99.027082816664588
13279.637039626952 99.484120356701467
13472.793808217073 99.771738706025587
13668.760106701786 99.858668666122185
13867.576800634426 99.709721828992855
14069.285349971487 99.265084565929811
14273.927817718419 98.572710883386009
14481.54687870117 97.504146855013673
14692.18582846533 96.027296353217451
14905.888592304698 94.263940122195137
15122.699734421185 92.304466078381495
15342.664467217943 90.261948283316130
15565.828660727671 88.238158994347799
15792.238852178061 86.281538418747843
16021.942255696367 84.349558490930207
16254.986772155136 82.318603071868608
16491.42099916115 80.118819023804662
16731.294241189662 77.743635950433799
16974.65651986603 75.315478618697313
17221.558584396902 73.168617220575285
17472.051922153143 71.669130224457518
17726.188769406665 71.027860788547358
17984.022122223458 71.167962051734335
18245.605747515034 71.741472315829299
18510.99419425065 72.270090783614847
18780.242804832582 72.361611727866347
19053.40772663689 71.882700098528019
19330.545923722028 70.732318651684608
19611.71518870775 68.778687819948516
19896.974154826825 66.239291652369189
20186.382308152035 65.276000000000010
