20 68.161500000000004
20.290906698750476 68.137507694948425
20.586044732869844 68.112496110185234
20.885475648548283 68.086456972581985
21.189261887185914 68.058976617215535
21.49746679841394 68.031456004622328
21.810154653305165 68.001985607973182
22.12739065777668 67.972462390089817
22.449240966187475 67.941476419211000
22.77577269513385 67.909522243901279
23.107053937445478 67.877494943364482
23.44315377638505 67.845985569371493
23.784142300054445 67.813986839301322
24.130090616010463 67.781991480546026
24.481070866093134 67.748993231889983
24.837156241469714 67.714984635534137
25.1984209978975 67.679458129636885
25.56494047120865 67.643005920438370
25.936791093020236 67.607020216804500
26.3140504066728 67.570995130425871
26.69679708340074 67.534019602909069
27.08511093873791 67.495989159539562
27.47907294916184 67.457492705083823
27.878765268980047 67.417523473101994
28.284271247461966 67.376973336111135
28.695675446220072 67.336531903951681
29.11306365684382 67.295993769436279
29.536522918790062 67.254546695448624
29.966141537533712 67.212986041023044
30.402009102982383 67.169999083523265
30.844216508158908 67.125478542064428
31.29285596815558 67.081014274870995
31.74802103936409 67.034497905171548
32.20980663898519 66.988519252395420
32.67830906482211 66.942469807743208
33.153626015361866 66.896036534213607
33.63585661014871 66.848514130742615
34.125101410453844 66.800990288313386
34.62146244024586 66.753456875611988
35.12504320746613 66.706495941373049
35.635948725613716 66.658504816380713
36.15428553564419 66.610973400671938
36.68016172818701 66.561984856911337
37.21368696608603 66.512029310291581
37.754972507267915 66.460502617145465
38.30413122794313 66.409487631118481
38.86127764614443 66.356973510791875
39.4265279456077 66.303045036991477
40.000000000000206 66.247999999999990
40.58181339750116 66.193017634256762
41.1720894657399 66.137491561244900
41.77095129709678 66.081004593846473
42.37852377437204 66.023545037785539
42.9949335968281 65.967506036651997
43.62030930661056 65.911471504824078
44.25478131555359 65.853020146519867
44.89848193237519 65.792955786020627
45.55154539026795 65.733041707314868
46.21410787489121 65.672990448577337
46.88630755277036 65.613472266135815
47.56828460010916 65.551974501146290
48.260181232021196 65.489983606505206
48.962141732186545 65.426487060966124
49.674312482939705 65.361472338992883
50.39684199579528 65.297513986540935
51.129880942417586 65.234510232779940
51.873582186040764 65.169536502563631
52.628100813345895 65.102991708562939
53.393594166801776 65.040033377926221
54.17022187747612 64.977980430857116
54.95814589832399 64.908486869150849
55.75753053796041 64.836542251583566
56.56854249492426 64.770537232225649
57.39135089244048 64.703970373752043
58.226127313687975 64.633489177584963
59.073045837580466 64.561496211329199
59.932283075067765 64.490476951456642
60.804018205965114 64.419498496566234
61.68843301631817 64.346465040442013
62.58571193631152 64.274023256812271
63.49604207872855 64.201996630058531
64.41961327797075 64.128030971244769
65.35661812964459 64.053030565930257
66.3072520307241 63.978980542705756
67.27171322029778 63.904522139987364
68.25020282090806 63.829984681200301
69.2429248804921 63.755005673678845
70.25008641493265 63.679493616117995
71.27189745122783 63.604007575765465
72.30857107128878 63.527531642281971
73.36032345637442 63.449474990486507
74.42737393217246 63.366971687499415
75.50994501453623 63.285004163257639
76.60826245588666 63.202981522164038
77.72255529228926 63.124531309018202
78.85305589121582 63.046495760648845
80.00000000000082 62.959499999999935
81.16362679500274 62.871028375122208
82.34417893148023 62.785487155169193
83.541902594194 62.699506992403435
84.75704754874454 62.612496510006991
85.98986719365665 62.522009747748641
87.24061861322157 62.432527285464964
88.50956263110764 62.341531363726716
89.79696386475084 62.250002569056178
91.10309078053635 62.155493696747669
92.42821574978288 62.063484761167743
93.77261510554118 61.968527185853972
95.13656920021877 61.870530951890444
96.52036246404286 61.770974828885912
97.92428346437356 61.673480306685626
99.34862496587989 61.574526055002025
100.79368399159105 61.471522525166861
102.25976188483567 61.369516567357955
103.74716437208203 61.265488399187049
105.25620162669229 61.158984789103229
106.78718833360406 61.043486781479174
108.34044375495276 60.934468464115035
109.9162917966485 60.822479196486597
111.51506107592134 60.708495236680612
113.13708498984903 60.581993106837878
114.78270178488147 60.448524186949157
116.45225462737648 60.317980835306670
118.14609167516147 60.190492160413768
119.86456615013608 60.043537100599181
121.60803641193078 59.896497303582287
123.3768660326369 59.765509920703536
125.17142387262359 59.624470554702427
126.99208415745765 59.497994805657733
128.83922655594208 59.383989119511853
130.71323625928977 59.293995900864061
132.61450406144883 59.261008604612087
134.5434264405962 59.277015362320910
136.50040564181674 59.347524305828898
138.48584976098482 59.466490997762939
140.50017282986593 59.597009258742816
142.5437949024563 59.706489012631593
144.61714214257822 59.791003715704278
146.7206469127495 59.845990770057618
148.8547478643456 59.884995392085038
151.01989002907314 59.914998476153443
153.216524911774 59.949492539579516
155.4451105845792 59.993502567753389
157.70611178243232 60.046002753141863
160.00000000000236 60.102500000000056
162.3272535900062 60.159503275940359
164.6883578629612 60.190002539094465
167.08380518838874 60.206998617780727
169.51409509748981 60.202498997350062
171.97973438731407 60.176502800458167
174.4812372264439 60.126993363641638
177.01912526221608 60.055995938099016
179.5939277295025 59.972502343528753
182.20618156107355 59.878493354179568
184.85643149956664 59.781483391519096
187.54523021108326 59.677991729953753
190.27313840043846 59.579995324985191
193.04072492808663 59.486509291627129
195.84856692874806 59.397013803375017
198.69724993176072 59.315493211196120
201.58736798318304 59.236991343048203
204.5195237696723 59.168011203509238
207.49432874416505 59.091491285774282
210.5124032533856 59.011490122794278
213.57437666720915 58.936490846998936
216.68088750990657 58.861002733505650
219.83258359329807 58.775011361350373
223.03012215184378 58.706497401825771
226.2741699796992 58.637495583936712
229.5654035697641 58.551989910755900
232.90450925475412 58.468512268631152
236.2921833503241 58.391996105739409
239.72913230027333 58.318997401041372
243.21607282386276 58.250498682666134
246.75373206527502 58.186504846755909
250.34284774524843 58.137502078707954
253.9841683149166 58.099497790126293
257.67845311188546 58.050994076178661
261.42647251858085 58.001994533048240
265.22900812289896 57.957999905253899
269.08685288119375 57.913001716004736
273.0008112836349 57.864502338462884
276.97169952197106 57.800504842758457
281.00034565973334 57.742994588497325
285.0875898049141 57.679006421840874
289.23428428515797 57.619496046902370
293.44129382550057 57.560996868339124
297.7094957286928 57.515505374641478
302.0397800581479 57.466502488949367
306.4330498235497 57.419999519315098
310.89022116916016 57.376998239254803
315.41222356486645 57.340998465062484
320.00000000000654 57.309499999999957
324.6545071800142 57.279003229003131
329.3767157259242 57.253001565253271
334.16761037677935 57.230001870451702
339.02819019498156 57.211999325002601
343.95946877463007 57.194498266573930
348.9624744528898 57.175997756723923
354.03825052443415 57.151998589279884
359.187855459007 57.123000813920157
364.4123631221491 57.088997294222807
369.71286299913527 57.049501020851565
375.0904604221685 57.011997004217932
380.54627680087896 56.976498324692059
386.08144985617537 56.942997997435114
391.6971338574982 56.917999553651725
397.3944998635236 56.899001667706749
403.1747359663683 56.887500525326431
409.0390475393468 56.887000143816508
414.9886574883323 56.904998963830252
421.0248065067734 56.947498637597391
427.1487533344206 57.016497220782988
433.3617750198154 57.116496378880015
439.6651671865984 57.245503803854589
446.06024430368984 57.391005798823713
452.54833995940066 57.545007978691686
459.13080713953053 57.699495473652966
465.8090185095106 57.847000374288257
472.58436670065066 57.984007228387860
479.45826460054917 58.119505273799305
486.432145647728 58.258503026178943
493.50746413055253 58.405509115811100
500.6856954904994 58.546494019245081
507.9683366298358 58.703007972692006
515.3569062237735 58.877997779017505
522.8529450371643 59.057998680188049
530.4580162458005 59.235500357929766
538.1737057623901 59.405493517315492
546.0016225672724 59.562992406022673
553.9433990439449 59.718507601544488
562.0006913194694 59.871994119823597
570.1751796098309 60.023003237481277
578.4685685703187 60.172492223446184
586.8825876510039 60.321992673380691
595.4189914573883 60.471999849883815
604.0795601162986 60.618492559408580
612.8660996471021 60.763001609735554
621.780442338323 60.907006994071224
630.8244471297356 61.050006968129054
640.0000000000159 61.193000000000239
649.3090143600314 61.337000222759912
658.7534314518515 61.483506664044469
668.3352207535618 61.631503440403719
678.0563803899662 61.783005958658606
687.9189375492632 61.937499021733871
697.9249489057827 62.095999190642274
708.0765010488715 62.260008099479336
718.3757109180171 62.426495326975711
728.8247262443015 62.592995637829091
739.425725998274 62.760495670664170
750.1809208443404 62.932498734098239
761.0925536017613 63.107992820482878
772.1628997123541 63.285498391955095
783.3942677149998 63.466504275921892
794.7889997270506 63.648499995640478
806.34947193274 63.832007423615863
818.0780950786972 64.016501498214609
829.9773149766683 64.204004956975638
842.0496130135506 64.393993909763495
854.2975066688449 64.585007868921466
866.7235500396347 64.777993011800874
879.3303343732008 64.978005359382806
892.1204886073838 65.183007888051691
905.0966799188055 65.392494832626170
918.2616142790653 65.604493788618441
931.6180370190256 65.817500588709322
945.1687334013056 66.032995760311522
958.9165292011028 66.251492517489154
972.8642912954606 66.471504466900925
987.0149282611097 66.688498899912432
1001.3713909810035 66.904005757615352
1015.9366732596762 67.118495188397674
1030.7138124475518 67.328997328294619
1045.7058900743334 67.534498493214741
1060.916032491606 67.735500406381959
1076.3474115247852 67.928504731378467
1092.0032451345498 68.108502631291913
1107.8867980878947 68.278997832660920
1124.0013826389438 68.439003498961540
1140.350359219667 68.588502923654374
1156.9371371406426 68.723500982020880
1173.765175302013 68.844001093519850
1190.837982914782 68.950499893423796
1208.1591202326028 69.041000530246777
1225.73219929421 69.118500681863651
1243.5608846766518 69.179499605433591
1261.648894259477 69.224499736934789
1280.0000000000375 69.258000000000038
1298.6180287200684 69.280000016725126
1317.5068629037087 69.290999920162037
1336.6704415071292 69.291999829691747
1356.112760779938 69.284500092277455
1375.8378750985323 69.271000085483891
1395.8498978115715 69.252500094467621
1416.153002097749 69.229499997657626
1436.7514218360407 69.206499586197765
1457.6494524886093 69.185999594506015
1478.8514519965543 69.166999737345691
1500.3618416886875 69.154500091994393
1522.1851072035295 69.149500009683720
1544.3257994247153 69.151499981882012
1566.788535430007 69.160999803525129
1589.5779994541087 69.176999999616726
1612.6989438654878 69.203499935661739
1636.156190157402 69.234000267669771
1659.9546299533442 69.267499479114122
1684.099226027109 69.307000405992525
1708.5950133376978 69.351000025760882
1733.4471000792773 69.399000216321127
1758.6606687464096 69.453499283996166
1784.2409772147755 69.513999946110005
1810.193359837619 69.579001004484041
1836.5232285581387 69.652500714431341
1863.2360740380593 69.736000256792039
1890.3374668026197 69.829998150669553
1917.833058402214 69.932000225058715
1945.7285825909298 70.039498391472790
1974.0298565222283 70.157999399239742
2002.7427819620161 70.284999035599768
2031.8733465193618 70.420001682474322
2061.4276248951132 70.563498178732829
2091.411780148677 70.715498885492224
2121.832064983222 70.873500348466564
2152.694823049581 71.038999051119646
2184.0064902691106 71.210997199996399
2215.7735961758003 71.388997737252254
2248.002765277899 71.571498670862155
2280.7007184393456 71.757998394058902
2313.874274281297 71.947001548414747
2347.530350604038 72.137001914943284
2381.6759658295764 72.323499813366595
2416.318240465218 72.505001183647721
2451.4643985884327 72.678001777316751
2487.1217693533167 72.836998971540112
2523.2977885189675 72.977499178652010
2560.0000000000887 73.097000000000207
2597.236057440151 73.187000084385843
2635.0137258074315 73.242499597181222
2673.340883014273 73.258999949636959
2712.225521559891 73.231500338359353
2751.6757501970797 73.159000459080147
2791.699795623158 73.038500615316053
2832.3060041955137 72.875499979224571
2873.502843672097 72.671500774107159
2915.2989049772345 72.430500547910952
2957.7029039931244 72.160000612438921
3000.723683377391 71.860502204236809
3044.370214407075 71.538998387661906
3088.6515988494466 71.206003016646363
3133.57707086003 70.864499476078237
3179.1559989082334 70.527500008072252
3225.3978877309914 70.203000787839926
3272.3123803148205 69.899997762712985
3319.9092599067053 69.619998600597583
3368.198452054235 69.359997716291986
3417.190026675413 69.112499870122122
3466.8942001585724 68.870499055312820
3517.3213374928373 68.632498449779774
3568.4819544295697 68.397500209320597
3620.386719675257 68.168501236766531
3673.0464571162966 67.943498147612047
3726.472148076138 67.726999437232536
3780.6749336052594 67.521000252335057
3835.6661168044484 67.328499631525091
3891.45716518188 67.152499557884653
3948.059713044477 67.001000768046950
4005.4855639240527 66.889500846697800
4063.746693038744 66.839000266070670
4122.855249790247 66.877000610219795
4182.823560297375 67.023498925837771
4243.664129966465 67.275500691669379
4305.389646099183 67.603998116572939
4368.012980538242 67.965499887654289
4431.5471923516225 68.316500923590979
4496.00553055582 68.626001979564805
4561.401436878714 68.870001060129511
4627.748548562617 69.030998904542429
4695.060701208099 69.094999715909765
4763.351931659176 69.039000056040862
4832.63648093046 68.850001415950686
4902.928797176889 68.524000940652343
4974.243538706657 68.072502920478769
5046.595577037959 67.519503232778760
5120.000000000202 66.895499999998208
5194.472114880326 66.235498992677961
5270.027451614888 65.572996273610102
5346.6817660285715 64.940501930558071
5424.451043119808 64.371999743962306
5503.351500394186 63.903502966569803
5583.399591246343 63.579498998973420
5664.612008391055 63.442000007892645
5747.005687344222 63.519499705915202
5830.597809954497 63.796499370243517
5915.405807986278 64.181999127189769
6001.447366754812 64.515000541983568
6088.740428814181 64.643999387498241
6177.303197698925 64.517499297004974
6267.154141720092 64.197999374247601
6358.3119978165005 63.795500009641046
6450.795775462017 63.409500937153041
6544.624760629676 63.097000797229285
6639.818519813445 62.885999445627050
6736.396904108505 62.783000102266790
6834.380053350861 62.790500062791608
6933.788400317181 62.907499294199823
7034.642674985712 63.138999253963078
7136.963908859177 63.474999700713269
7240.773439350552 63.873501526797391
7346.092914232631 64.239499701947807
7452.944296152315 64.492500213086743
7561.349867210557 64.570499904455687
7671.332233608935 64.437999277711810
7782.914330363799 64.093002070427289
7896.119426088994 63.564002681850823
8010.971127848146 62.895999174904254
8127.49338607753 62.143997517984388
8245.710499580537 61.384003217097160
8365.647120594791 60.629999290391517
8487.328259932974 59.913998647180364
8610.77929219841 59.271498711030034
8736.025961076528 58.719000171702461
8863.094384703289 58.267502186264664
8992.011061111683 57.916999884123669
9122.802873757471 57.669000239373560
9255.497097125279 57.523999968255943
9390.121402416245 57.480000147315643
9526.7038633184 57.529999949963909
9665.272961860968 57.662499963531374
9805.857594353829 57.854000870924423
9948.487077413367 58.063000101110731
10093.19115407597 58.252000183662403
10240.000000000457 58.427000000000376
10388.944229760706 58.550000071462392
10540.05490322983 58.596999969901603
10693.363532057198 58.628000082097564
10848.902086239672 58.651999978412896
11006.703000788428 58.612499999207117
11166.799182492743 58.451499629790007
11329.224016782166 58.121999948774004
11494.0113746885 57.619001908705030
11661.195619909053 56.987497533038493
11830.811615972614 56.312501528257698
12002.894733509682 55.701500946203780
12177.48085762842 55.264999193821737
12354.606395397908 55.098500339944110
12534.308283440243 55.252999383936370
12716.62399563306 55.712999988981750
12901.591550924093 56.403498323564541
13089.249521259411 57.176998026698328
13279.637039626952 57.835000088934308
13472.793808217073 58.268499569583817
13668.760106701786 58.431499894005029
13867.576800634426 58.234000198044939
14069.285349971487 57.647498631019992
14273.927817718419 56.847000713029061
14481.54687870117 56.108000431751599
14692.18582846533 55.573500435272102
14905.888592304698 55.379000371060471
15122.699734421185 55.611999714590752
15342.664467217943 56.033501091811694
15565.828660727671 56.554999207176216
15792.238852178061 56.947499743738746
16021.942255696367 56.958999697720820
16254.986772155136 56.683500191049902
16491.42099916115 56.741999752368201
16731.294241189662 56.982999237624526
16974.65651986603 57.277000563233990
17221.558584396902 57.544499549726694
17472.051922153143 57.584499827884599
17726.188769406665 57.317500242265638
17984.022122223458 56.801997400194907
18245.605747515034 56.195998687428613
18510.99419425065 55.729999853544385
18780.242804832582 55.526999263421708
19053.40772663689 55.277000250180393
19330.545923722028 54.259503951493066
19611.71518870775 51.940998993483703
19896.974154826825 50.419504507926050
20186.382308152035 50.419499999999999
