20 66.790500000000009
20.290906698750476 66.811493266920138
20.586044732869844 66.824001645690856
20.885475648548283 66.835024251817430
21.189261887185914 66.850522107359851
21.49746679841394 66.876554434958820
21.810154653305165 66.913019270679968
22.12739065777668 66.952537609910181
22.449240966187475 66.983510316595186
22.77577269513385 66.997490268293191
23.107053937445478 66.992997431550208
23.44315377638505 66.976993686600025
23.784142300054445 66.962999999999994
24.130090616010463 66.963004388809622
24.481070866093134 66.980004777489427
24.837156241469714 67.004007790433405
25.1984209978975 67.022004014966313
25.56494047120865 67.025499432286722
25.936791093020236 67.016505054201133
26.3140504066728 67.005499605169661
26.69679708340074 67.002501589425066
27.08511093873791 67.009002111778003
27.47907294916184 67.016499726440657
27.878765268980047 67.015000880241331
28.284271247461966 67.003992099588487
28.695675446220072 66.992009453022717
29.11306365684382 66.988000900804394
29.536522918790062 66.993993248850813
29.966141537533712 67.001499837686310
30.402009102982383 67.000999742562712
30.844216508158908 66.988491320385606
31.29285596815558 66.970505774105106
31.74802103936409 66.957499931690364
32.20980663898519 66.956000627795504
32.67830906482211 66.961501623239599
33.153626015361866 66.963998035794958
33.63585661014871 66.956502231169878
34.125101410453844 66.939996217553642
34.62146244024586 66.921488071977791
35.12504320746613 66.908499239007455
35.635948725613716 66.899500903071385
36.15428553564419 66.886990500239975
36.68016172818701 66.869494094195431
37.21368696608603 66.850011431013712
37.754972507267915 66.835000762275385
38.30413122794313 66.825997290625949
38.86127764614443 66.814489453370840
39.4265279456077 66.793017931394758
40.000000000000206 66.762999999999991
40.58181339750116 66.734509137751246
41.1720894657399 66.718498879811278
41.77095129709678 66.711000609802625
42.37852377437204 66.694013315519200
42.9949335968281 66.656504042400883
43.62030930661056 66.616492449996116
44.25478131555359 66.601005337966797
44.89848193237519 66.599480472159115
45.55154539026795 66.573018420730733
46.21410787489121 66.512992374914688
46.88630755277036 66.465494588514304
47.56828460010916 66.453494447830238
48.260181232021196 66.439990189719651
48.962141732186545 66.401993829076147
49.674312482939705 66.370992868646596
50.39684199579528 66.354503605905080
51.129880942417586 66.330503898201883
51.873582186040764 66.292521339960274
52.628100813345895 66.239993222079221
53.393594166801776 66.188527285130164
54.17022187747612 66.148481838709131
54.95814589832399 66.083987051523749
55.75753053796041 66.013041664756017
56.56854249492426 66.012500282062319
57.39135089244048 66.017972264789137
58.226127313687975 65.951991131632127
59.073045837580466 65.892998612599428
59.932283075067765 65.866987014905135
60.804018205965114 65.826999299770577
61.68843301631817 65.792989873783199
62.58571193631152 65.772006736455964
63.49604207872855 65.745998588267753
64.41961327797075 65.715012974440370
65.35661812964459 65.679514467873659
66.3072520307241 65.641988900201270
67.27171322029778 65.599512630194141
68.25020282090806 65.543988664088232
69.2429248804921 65.488504198522349
70.25008641493265 65.433994419387915
71.27189745122783 65.368006622523438
72.30857107128878 65.308024817476053
73.36032345637442 65.249479234525154
74.42737393217246 65.180975658154978
75.50994501453623 65.110503579386148
76.60826245588666 65.054484111414922
77.72255529228926 64.987026921767239
78.85305589121582 64.900495492643898
80.00000000000082 64.807999999999936
81.16362679500274 64.710031421039290
82.34417893148023 64.615484466716239
83.541902594194 64.511508455929729
84.75704754874454 64.399995989400310
85.98986719365665 64.296011201832698
87.24061861322157 64.187533077910047
88.50956263110764 64.084035671930934
89.79696386475084 63.975503046367152
91.10309078053635 63.857491881136937
92.42821574978288 63.738976660525353
93.77261510554118 63.593541637281604
95.13656920021877 63.449045638246616
96.52036246404286 63.291456370068914
97.92428346437356 63.122466779964647
99.34862496587989 62.955543951367055
100.79368399159105 62.833526680294739
102.25976188483567 62.755012750368621
103.74716437208203 62.762511382957300
105.25620162669229 62.867025285646584
106.78718833360406 63.059030802791654
108.34044375495276 63.313081092275624
109.9162917966485 63.601052282513940
111.51506107592134 63.887510110286613
113.13708498984903 64.156012288933212
114.78270178488147 64.393956880195503
116.45225462737648 64.587020442339565
118.14609167516147 64.723004453098298
119.86456615013608 64.806478925850115
121.60803641193078 64.861500483708511
123.3768660326369 64.884998220331809
125.17142387262359 64.876493133310049
126.99208415745765 64.846998017948351
128.83922655594208 64.803493532154263
130.71323625928977 64.749992919674284
132.61450406144883 64.693014862511788
134.5434264405962 64.636985182442231
136.50040564181674 64.568986213080251
138.48584976098482 64.501505106310930
140.50017282986593 64.428493447008506
142.5437949024563 64.351007776447972
144.61714214257822 64.274994662897484
146.7206469127495 64.196013257553602
148.8547478643456 64.113009806588238
151.01989002907314 64.029004266770372
153.216524911774 63.947017732013897
155.4451105845792 63.863995964958967
157.70611178243232 63.781495785012908
160.00000000000236 63.694999999999908
162.3272535900062 63.610491138849852
164.6883578629612 63.527987229848421
167.08380518838874 63.442506951749898
169.51409509748981 63.356496934205012
171.97973438731407 63.277008562939386
174.4812372264439 63.195991727919505
177.01912526221608 63.107495184093438
179.5939277295025 63.008502778555055
182.20618156107355 62.913993628234024
184.85643149956664 62.820985638076905
187.54523021108326 62.731492700418357
190.27313840043846 62.644996024987407
193.04072492808663 62.565507900367450
195.84856692874806 62.487512029756999
198.69724993176072 62.404994335456635
201.58736798318304 62.339494918745686
204.5195237696723 62.299006575972818
207.49432874416505 62.265997222340559
210.5124032533856 62.240498946431387
213.57437666720915 62.232500303079505
216.68088750990657 62.234999909486568
219.83258359329807 62.239999339456375
223.03012215184378 62.243500056482048
226.2741699796992 62.244999406026572
229.5654035697641 62.233496435536509
232.90450925475412 62.204004334426571
236.2921833503241 62.166997546082371
239.72913230027333 62.120997552805385
243.21607282386276 62.056498538582744
246.75373206527502 61.985505376869838
250.34284774524843 61.915002990794093
253.9841683149166 61.836996104243269
257.67845311188546 61.751489663536233
261.42647251858085 61.665989003972015
265.22900812289896 61.577499823140613
269.08685288119375 61.493503203208846
273.0008112836349 61.404004315307787
276.97169952197106 61.316506620958833
281.00034565973334 61.229992516906464
285.0875898049141 61.141508880201840
289.23428428515797 61.052493952098494
293.44129382550057 60.962994046402947
297.7094957286928 60.876510217725013
302.0397800581479 60.782504774719193
306.4330498235497 60.690498971557872
310.89022116916016 60.598495524772630
315.41222356486645 60.506995614464259
320.00000000000654 60.416999999999874
324.6545071800142 60.329009316468046
329.3767157259242 60.241505267679294
334.16761037677935 60.156006953200873
339.02819019498156 60.069996682869927
343.95946877463007 59.983991567116391
348.9624744528898 59.893991540979798
354.03825052443415 59.803495475966528
359.187855459007 59.710502610157732
364.4123631221491 59.611493012929785
369.71286299913527 59.509502636123031
375.0904604221685 59.407491814341945
380.54627680087896 59.310494949071582
386.08144985617537 59.209492390253445
391.6971338574982 59.114498038416798
397.3944998635236 59.031007329132287
403.1747359663683 58.959003289000258
409.0390475393468 58.900499724351690
414.9886574883323 58.866001985992021
421.0248065067734 58.860000192339186
427.1487533344206 58.882999073594327
433.3617750198154 58.926998406707206
439.6651671865984 58.996502222183089
446.06024430368984 59.081503162994750
452.54833995940066 59.165504518676528
459.13080713953053 59.252997436534855
465.8090185095106 59.328500177582022
472.58436670065066 59.393503174089133
479.45826460054917 59.453002143666623
486.432145647728 59.509501194002581
493.50746413055253 59.567503717440701
500.6856954904994 59.624997561039663
507.9683366298358 59.686002574040558
515.3569062237735 59.742499282939939
522.8529450371643 59.791499640717859
530.4580162458005 59.842000116853541
538.1737057623901 59.897497883594177
546.0016225672724 59.956997131164115
553.9433990439449 60.019003367459447
562.0006913194694 60.086997395101008
570.1751796098309 60.166001754086849
578.4685685703187 60.246995786616324
586.8825876510039 60.324996177416011
595.4189914573883 60.394499930446173
604.0795601162986 60.457496800291750
612.8660996471021 60.513500598061469
621.780442338323 60.567002494389037
630.8244471297356 60.618002241496065
640.0000000000159 60.664000000000087
649.3090143600314 60.710000066904001
658.7534314518515 60.754001936175079
668.3352207535618 60.797000942420823
678.0563803899662 60.838501446276354
687.9189375492632 60.875999762556759
697.9249489057827 60.911499818724295
708.0765010488715 60.946001994466386
718.3757109180171 60.986998849285314
728.8247262443015 61.030998847234116
739.425725998274 61.080498720584337
750.1809208443404 61.133999606245673
761.0925536017613 61.191997627282092
772.1628997123541 61.249499479084037
783.3942677149998 61.312001503620891
794.7889997270506 61.375999998466980
806.34947193274 61.442502796429821
818.0780950786972 61.512000571319177
829.9773149766683 61.583502048013621
842.0496130135506 61.661997483770705
854.2975066688449 61.742003485972980
866.7235500396347 61.827496904191577
879.3303343732008 61.915502379043097
892.1204886073838 62.006503520443118
905.0966799188055 62.099997693797363
918.2616142790653 62.198497114051492
931.6180370190256 62.300500290939873
945.1687334013056 62.406997904747918
958.9165292011028 62.518996164571099
972.8642912954606 62.634502501052822
987.0149282611097 62.755999384052352
1001.3713909810035 62.880003422358776
1015.9366732596762 63.007497139956655
1030.7138124475518 63.136998356361772
1045.7058900743334 63.267999039470226
1060.916032491606 63.399500278992790
1076.3474115247852 63.532003495962982
1092.0032451345498 63.665002044845622
1107.8867980878947 63.797498315704232
1124.0013826389438 63.930503112788514
1140.350359219667 64.063502880340977
1156.9371371406426 64.196501087965046
1173.765175302013 64.330001381018022
1190.837982914782 64.464499865403752
1208.1591202326028 64.600000937339473
1225.73219929421 64.737001548165793
1243.5608846766518 64.875499104140232
1261.648894259477 65.013499193266682
1280.0000000000375 65.152000000000299
1298.6180287200684 65.301000218946996
1317.5068629037087 65.444998954848529
1336.6704415071292 65.588503281272438
1356.112760779938 65.732998222121125
1375.8378750985323 65.875499097670001
1395.8498978115715 66.016999277450395
1416.153002097749 66.157000014308863
1436.7514218360407 66.297502836059124
1457.6494524886093 66.438002998521341
1478.8514519965543 66.578502962740657
1500.3618416886875 66.719498962303234
1522.1851072035295 66.861500687543526
1544.3257994247153 67.003498713622221
1566.788535430007 67.148497001173084
1589.5779994541087 67.295499996478753
1612.6989438654878 67.444999637035181
1636.156190157402 67.597501238472091
1659.9546299533442 67.752497589931011
1684.099226027109 67.911001485563546
1708.5950133376978 68.072000088821369
1733.4471000792773 68.237500670793906
1758.6606687464096 68.406497779731239
1784.2409772147755 68.578999846346704
1810.193359837619 68.756502494127062
1836.5232285581387 68.939001595705946
1863.2360740380593 69.125500519047733
1890.3374668026197 69.315496261991655
1917.833058402214 69.510500417667089
1945.7285825909298 69.709997014872755
1974.0298565222283 69.913498968314656
2002.7427819620161 70.120998424306691
2031.8733465193618 70.332002514918059
2061.4276248951132 70.546497277618073
2091.411780148677 70.764498401561227
2121.832064983222 70.985500468482229
2152.694823049581 71.207998724314933
2184.0064902691106 71.432996337204585
2215.7735961758003 71.658997127073093
2248.002765277899 71.884998354053963
2280.7007184393456 72.108998071148491
2313.874274281297 72.329501780676964
2347.530350604038 72.548002192173669
2381.6759658295764 72.761499786347287
2416.318240465218 72.968001354695076
2451.4643985884327 73.166002095892395
2487.1217693533167 73.353498787193530
2523.2977885189675 73.528498976968677
2560.0000000000887 73.688000000000343
2597.236057440151 73.833000196900301
2635.0137258074315 73.962499060089527
2673.340883014273 74.070499670350955
2712.225521559891 74.158998911098109
2751.6757501970797 74.225499578912689
2791.699795623158 74.270499770213917
2832.3060041955137 74.293500000203679
2873.502843672097 74.295499992410711
2915.2989049772345 74.277000042059555
2957.7029039931244 74.240500082639628
3000.723683377391 74.189000379025686
3044.370214407075 74.120999605388732
3088.6515988494466 74.039500738308334
3133.57707086003 73.945999840646948
3179.1559989082334 73.843500002455215
3225.3978877309914 73.735000263422592
3272.3123803148205 73.620499061138489
3319.9092599067053 73.502999370268910
3368.198452054235 73.385998925042486
3417.190026675413 73.269499939354546
3466.8942001585724 73.156499561395236
3517.3213374928373 73.045999313945089
3568.4819544295697 72.942000092635510
3620.386719675257 72.845500521170180
3673.0464571162966 72.756999311236825
3726.472148076138 72.676499792377058
3780.6749336052594 72.600500093094496
3835.6661168044484 72.521499817856153
3891.45716518188 72.434499890565519
3948.059713044477 72.397000190110617
4005.4855639240527 72.416499851922822
4063.746693038744 72.426999944678386
4122.855249790247 72.421999975008063
4182.823560297375 72.416000043992995
4243.664129966465 72.409499983155698
4305.389646099183 72.401500045867323
4368.012980538242 72.388000004195476
4431.5471923516225 72.363999885110658
4496.00553055582 72.325499509165297
4561.401436878714 72.264999453473607
4627.748548562617 72.182000564738985
4695.060701208099 72.070000497157906
4763.351931659176 71.923000147107246
4832.63648093046 71.743501344778565
4902.928797176889 71.531000613155271
4974.243538706657 71.287001578287544
5046.595577037959 71.016501581314031
5120.000000000202 70.725999999999175
5194.472114880326 70.419999517245671
5270.027451614888 70.102498049905051
5346.6817660285715 69.771501010299943
5424.451043119808 69.431999812548710
5503.351500394186 69.089002171896354
5583.399591246343 68.748997572055515
5664.612008391055 68.415499967207325
5747.005687344222 68.093501221874902
5830.597809954497 67.785000701371388
5915.405807986278 67.491500664513097
6001.447366754812 67.211998876119367
6088.740428814181 66.944498770154553
6177.303197698925 66.690499497232025
6267.154141720092 66.461999705391094
6358.3119978165005 66.272500004539069
6450.795775462017 66.140000321691133
6544.624760629676 66.074500167099259
6639.818519813445 66.082000411743024
6736.396904108505 66.158499924044563
6834.380053350861 66.295000101969265
6933.788400317181 66.484998853828770
7034.642674985712 66.715499257185698
7136.963908859177 66.976499767518362
7240.773439350552 67.252001101296486
7346.092914232631 67.515999785011530
7452.944296152315 67.736500382463362
7561.349867210557 67.876499828510219
7671.332233608935 67.907499803202640
7782.914330363799 67.813500564116424
7896.119426088994 67.589501135604138
8010.971127848146 67.242499484315161
8127.49338607753 66.772498081336607
8245.710499580537 66.185002486900771
8365.647120594791 65.500499258181634
8487.328259932974 64.751998354508117
8610.77929219841 63.970498154614944
8736.025961076528 63.179500245821984
8863.094384703289 62.391003818094553
8992.011061111683 61.622499656576196
9122.802873757471 60.887500709433745
9255.497097125279 60.196999538268223
9390.121402416245 59.556998274933832
9526.7038633184 58.971500585922669
9665.272961860968 58.445000144911198
9805.857594353829 57.974998293571531
9948.487077413367 57.565499814897819
10093.19115407597 57.219499708239141
10240.000000000457 56.941499999999337
10388.944229760706 56.724999789414021
10540.05490322983 56.586500088694194
10693.363532057198 56.546000141960370
10848.902086239672 56.587500068860138
11006.703000788428 56.713500001095753
11166.799182492743 56.936000371895318
11329.224016782166 57.267000045624741
11494.0113746885 57.714998300000289
11661.195619909053 58.295002660663670
11830.811615972614 59.022998351745777
12002.894733509682 59.913498620958322
12177.48085762842 60.972505803030955
12354.606395397908 62.171002710751758
12534.308283440243 63.402995087440843
12716.62399563306 64.448999974945465
12901.591550924093 65.014998625832774
13089.249521259411 64.910000267869009
13279.637039626952 64.205499791050556
13472.793808217073 63.187001011254623
13668.760106701786 62.126999501957798
13867.576800634426 61.199000930560523
14069.285349971487 60.498999261212532
14273.927817718419 60.067000384795193
14481.54687870117 59.924500083253861
14692.18582846533 60.098499858302432
14905.888592304698 60.638498969806406
15122.699734421185 61.628998786704472
15342.664467217943 63.207004734673340
15565.828660727671 65.468496561896487
15792.238852178061 67.823498462432468
16021.942255696367 68.329497447359302
16254.986772155136 66.002989404078335
16491.42099916115 62.758513734040697
16731.294241189662 60.185008140967931
16974.65651986603 58.123996897475550
17221.558584396902 56.650502480290506
17472.051922153143 55.715004025348847
17726.188769406665 55.297500378823607
17984.022122223458 55.449003399910126
18245.605747515034 56.241503249036668
18510.99419425065 57.395000252509682
18780.242804832582 57.744995959131487
19053.40772663689 56.373501372489628
19330.545923722028 53.517511091365293
19611.71518870775 49.306496548803459
19896.974154826825 44.089515457016219
20186.382308152035 44.089500000000001
