20 64.654499999999999
20.290906698750476 64.694487175085982
20.586044732869844 64.732505909526282
20.885475648548283 64.772068843868823
21.189261887185914 64.816042089012029
21.49746679841394 64.865577551174198
21.810154653305165 64.917525368996422
22.12739065777668 64.969558234699633
22.449240966187475 65.017532423584868
22.77577269513385 65.061469414635752
23.107053937445478 65.104007143500965
23.44315377638505 65.148521194985619
23.784142300054445 65.195519124140262
24.130090616010463 65.242011230189334
24.481070866093134 65.285507663889291
24.837156241469714 65.324015797267720
25.1984209978975 65.360543017496340
25.56494047120865 65.397993917357837
25.936791093020236 65.439476694517055
26.3140504066728 65.483505593429754
26.69679708340074 65.525977483144985
27.08511093873791 65.562008869467633
27.47907294916184 65.593506109492310
27.878765268980047 65.626980341277090
28.284271247461966 65.664525017969794
28.695675446220072 65.702470065428059
29.11306365684382 65.733502702413176
29.536522918790062 65.751479746552405
29.966141537533712 65.759003083960025
30.402009102982383 65.768500411899652
30.844216508158908 65.788514948224787
31.29285596815558 65.819490055707845
31.74802103936409 65.852001229573233
32.20980663898519 65.878988699680946
32.67830906482211 65.898512011973125
33.153626015361866 65.916985464882771
33.63585661014871 65.937493901468983
34.125101410453844 65.957003271304956
34.62146244024586 65.973010092941877
35.12504320746613 65.984000930101999
35.635948725613716 65.994998896246088
36.15428553564419 66.011011671133758
36.68016172818701 66.032505300081041
37.21368696608603 66.049989741397951
37.754972507267915 66.050999949181644
38.30413122794313 66.035999293206771
38.86127764614443 66.033017168931195
39.4265279456077 66.067970809357377
40.000000000000206 66.118000000000009
40.58181339750116 66.132495350968668
41.1720894657399 66.114500074679242
41.77095129709678 66.114999959346477
42.37852377437204 66.141479243455365
42.9949335968281 66.148499245418492
43.62030930661056 66.154028738724449
44.25478131555359 66.212979681287663
44.89848193237519 66.271494104802741
45.55154539026795 66.263505560975318
46.21410787489121 66.315034593808122
46.88630755277036 66.530569221921183
47.56828460010916 66.683941188127733
48.260181232021196 66.540925519318932
48.962141732186545 66.252482482538753
49.674312482939705 66.164531118632993
50.39684199579528 66.236484265141428
51.129880942417586 66.255496913923508
51.873582186040764 66.287482029507132
52.628100813345895 66.433510660419074
53.393594166801776 66.514457085523418
54.17022187747612 66.404977333582707
54.95814589832399 66.324511215933654
55.75753053796041 66.385963910105701
56.56854249492426 66.458958818901934
57.39135089244048 66.509028575671806
58.226127313687975 66.577003682627350
59.073045837580466 66.601499306299701
59.932283075067765 66.588497727608399
60.804018205965114 66.581499608695324
61.68843301631817 66.562480470867612
62.58571193631152 66.522012991736503
63.49604207872855 66.483000091079504
64.41961327797075 66.484999162939332
65.35661812964459 66.485999592454263
66.3072520307241 66.435486027312180
67.27171322029778 66.382015899185561
68.25020282090806 66.380001531879969
69.2429248804921 66.387499432632112
70.25008641493265 66.360497801577054
71.27189745122783 66.334502608872867
72.30857107128878 66.319506204369020
73.36032345637442 66.298493330796390
74.42737393217246 66.276492576600447
75.50994501453623 66.255001091585854
76.60826245588666 66.235994350725306
77.72255529228926 66.212009572183916
78.85305589121582 66.197498635611126
80.00000000000082 66.169499999999971
81.16362679500274 66.126513786782539
82.34417893148023 66.119496266037572
83.541902594194 66.094502032675422
84.75704754874454 66.076000019281736
85.98986719365665 66.076499946145034
87.24061861322157 66.074000762163820
88.50956263110764 66.084496381108451
89.79696386475084 66.096999649036036
91.10309078053635 66.103000650879324
92.42821574978288 66.112499197956197
93.77261510554118 66.107501430834418
95.13656920021877 66.065513265095902
96.52036246404286 66.028488511645378
97.92428346437356 65.983991446338194
99.34862496587989 65.941011316819072
100.79368399159105 65.860517604620696
102.25976188483567 65.794510720055143
103.74716437208203 65.737993192011174
105.25620162669229 65.675490254490370
106.78718833360406 65.601490722781250
108.34044375495276 65.524977615153091
109.9162917966485 65.445485492286707
111.51506107592134 65.365996516940370
113.13708498984903 65.273494759131424
114.78270178488147 65.172018389328386
116.45225462737648 65.073484593089660
118.14609167516147 64.970994106977685
119.86456615013608 64.860527888545647
121.60803641193078 64.753997704957442
123.3768660326369 64.642508443957595
125.17142387262359 64.526481145698796
126.99208415745765 64.445505080431261
128.83922655594208 64.557027684797617
130.71323625928977 64.785968386966744
132.61450406144883 64.531566359811393
134.5434264405962 64.187955438374090
136.50040564181674 63.983478553680385
138.48584976098482 63.878507943150346
140.50017282986593 63.865005284670559
142.5437949024563 63.927493728670996
144.61714214257822 64.096517531368363
146.7206469127495 64.355956451453665
148.8547478643456 64.701959119523707
151.01989002907314 65.052482196392674
153.216524911774 65.394925936405372
155.4451105845792 65.705512276306678
157.70611178243232 65.956507577231136
160.00000000000236 66.111999999999895
162.3272535900062 66.010950431263083
164.6883578629612 65.549496639433798
167.08380518838874 65.527001829407880
169.51409509748981 65.758502564470021
171.97973438731407 65.824992837289699
174.4812372264439 65.795993597316226
177.01912526221608 65.727495865130720
179.5939277295025 65.642502385628063
182.20618156107355 65.548493388436384
184.85643149956664 65.451984033392762
187.54523021108326 65.352491603371419
190.27313840043846 65.252994974984091
193.04072492808663 65.152509987256977
195.84856692874806 65.060014266057976
198.69724993176072 64.970492000454016
201.58736798318304 64.877987830082247
204.5195237696723 64.781015749860813
207.49432874416505 64.688489760784790
210.5124032533856 64.594488279049216
213.57437666720915 64.505489149753714
216.68088750990657 64.416003240380874
219.83258359329807 64.324512087948364
223.03012215184378 64.232996573422383
226.2741699796992 64.141995248212595
229.5654035697641 64.049988642048561
232.90450925475412 63.956013811393149
236.2921833503241 63.862995038818696
239.72913230027333 63.769996547368834
243.21607282386276 63.678998126915914
246.75373206527502 63.588006891481058
250.34284774524843 63.498503796823698
253.9841683149166 63.413996240936484
257.67845311188546 63.331490509796424
261.42647251858085 63.252991364701188
265.22900812289896 63.183499865249992
269.08685288119375 63.119502440540074
273.0008112836349 63.055503085806677
276.97169952197106 62.995504540086060
281.00034565973334 62.928994334833135
285.0875898049141 62.862006722864663
289.23428428515797 62.782494391331561
293.44129382550057 62.699493943161386
297.7094957286928 62.611510394910994
302.0397800581479 62.522504520744768
306.4330498235497 62.433498949200434
310.89022116916016 62.339495329134280
315.41222356486645 62.243995370823384
320.00000000000654 62.148999999999873
324.6545071800142 62.054010057550727
329.3767157259242 61.959505689093646
334.16761037677935 61.860508051074689
339.02819019498156 61.763496297157118
343.95946877463007 61.667490583279971
348.9624744528898 61.566990512811600
354.03825052443415 61.465495111125122
359.187855459007 61.365002820654325
364.4123631221491 61.263492978679437
369.71286299913527 61.161002649045201
375.0904604221685 61.056491476789034
380.54627680087896 60.955495074094571
386.08144985617537 60.856992870869021
391.6971338574982 60.767998085400819
397.3944998635236 60.686507153584209
403.1747359663683 60.620003037757186
409.0390475393468 60.572499784275237
414.9886574883323 60.545501554254628
421.0248065067734 60.537500256452255
427.1487533344206 60.544499718050446
433.3617750198154 60.564499275776001
439.6651671865984 60.592500732013249
446.06024430368984 60.620501016676883
452.54833995940066 60.647501136124383
459.13080713953053 60.669499355471615
465.8090185095106 60.685500040980472
472.58436670065066 60.700500560133378
479.45826460054917 60.711000284557514
486.432145647728 60.718500051465625
493.50746413055253 60.721000161627856
500.6856954904994 60.723499893958248
507.9683366298358 60.722999954441761
515.3569062237735 60.722000012691325
522.8529450371643 60.723999985335425
530.4580162458005 60.732500020001957
538.1737057623901 60.741999637732334
546.0016225672724 60.756499300871930
553.9433990439449 60.774500990429260
562.0006913194694 60.794499233853230
570.1751796098309 60.816500519729431
578.4685685703187 60.840498751590019
586.8825876510039 60.867998652294105
595.4189914573883 60.897499970477156
604.0795601162986 60.925498577907440
612.8660996471021 60.952000340950931
621.780442338323 60.982501516197260
630.8244471297356 61.013501705486135
640.0000000000159 61.048500000000075
649.3090143600314 61.092000079828637
658.7534314518515 61.144502589071323
668.3352207535618 61.202001407954000
678.0563803899662 61.264002564730077
687.9189375492632 61.330499578933996
697.9249489057827 61.397999655320845
708.0765010488715 61.461003137636141
718.3757109180171 61.525498189729333
728.8247262443015 61.586498401847294
739.425725998274 61.642998539656865
750.1809208443404 61.697499598885784
761.0925536017613 61.747997934099061
772.1628997123541 61.793999583267237
783.3942677149998 61.841001186450853
794.7889997270506 61.891499998790351
806.34947193274 61.941502112411023
818.0780950786972 61.994000435481048
829.9773149766683 62.048501552316054
842.0496130135506 62.107998092794354
854.2975066688449 62.173002711312321
866.7235500396347 62.239497592149007
879.3303343732008 62.307501908463152
892.1204886073838 62.380502955666152
905.0966799188055 62.458998063776392
918.2616142790653 62.540997597484491
931.6180370190256 62.627500245864681
945.1687334013056 62.717498229364438
958.9165292011028 62.813996695367067
972.8642912954606 62.914502130526472
987.0149282611097 63.017999475303853
1001.3713909810035 63.123502966044271
1015.9366732596762 63.233997521295777
1030.7138124475518 63.348498546744580
1045.7058900743334 63.463499156786852
1060.916032491606 63.583000258989536
1076.3474115247852 63.706003311964920
1092.0032451345498 63.832001990830832
1107.8867980878947 63.960998360195063
1124.0013826389438 64.094003194704015
1140.350359219667 64.230503021109513
1156.9371371406426 64.370001161311009
1173.765175302013 64.512501499097638
1190.837982914782 64.658499853895520
1208.1591202326028 64.810001046809788
1225.73219929421 64.963001693481004
1243.5608846766518 65.114499020052321
1261.648894259477 65.248499216650259
1280.0000000000375 65.329500000000053
1298.6180287200684 65.356500066900466
1317.5068629037087 65.400499680648167
1336.6704415071292 65.465502179945702
1356.112760779938 65.561498818848634
1375.8378750985323 65.725498961528984
1395.8498978115715 65.915999027238882
1416.153002097749 66.107500019350056
1436.7514218360407 66.297503895796524
1457.6494524886093 66.490504247015991
1478.8514519965543 66.689504339049250
1500.3618416886875 66.895998480252615
1522.1851072035295 67.118001181412808
1544.3257994247153 67.361997789604374
1566.788535430007 67.640994229843386
1589.5779994541087 67.963499992274777
1612.6989438654878 68.337999090767056
1636.156190157402 68.771503903184623
1659.9546299533442 69.259992404395518
1684.099226027109 69.783504858069591
1708.5950133376978 70.310000268342549
1733.4471000792773 70.810001782168456
1758.6606687464096 71.258994101179411
1784.2409772147755 71.647999653500690
1810.193359837619 71.983004052102316
1836.5232285581387 72.279502344361546
1863.2360740380593 72.553500706178085
1890.3374668026197 72.811994914341270
1917.833058402214 73.063000517111661
1945.7285825909298 73.309996304128191
1974.0298565222283 73.555498755386992
2002.7427819620161 73.798498154730254
2031.8733465193618 74.038002720097836
2061.4276248951132 74.269997055512306
2091.411780148677 74.493498361233634
2121.832064983222 74.703500398999466
2152.694823049581 74.892998913517658
2184.0064902691106 75.061497256973212
2215.7735961758003 75.202998201242679
2248.002765277899 75.314999184309926
2280.7007184393456 75.393999319735400
2313.874274281297 75.434000028523428
2347.530350604038 75.437499681698441
2381.6759658295764 75.406500031022176
2416.318240465218 75.338999312389632
2451.4643985884327 75.238498597149359
2487.1217693533167 75.113000811771798
2523.2977885189675 74.963500873961038
2560.0000000000887 74.793999999999556
2597.236057440151 74.608999701228498
2635.0137258074315 74.412501426196201
2673.340883014273 74.206000630301162
2712.225521559891 73.997502565379008
2751.6757501970797 73.788001326583313
2791.699795623158 73.581001057015953
2832.3060041955137 73.379499980039299
2873.502843672097 73.183500743750017
2915.2989049772345 72.996000426279267
2957.7029039931244 72.817500404141768
3000.723683377391 72.654001203314579
3044.370214407075 72.503999353612187
3088.6515988494466 72.370501209376243
3133.57707086003 72.249499832873624
3179.1559989082334 72.142000002574974
3225.3978877309914 72.050000223362929
3272.3123803148205 71.976499560532901
3319.9092599067053 71.921499817001234
3368.198452054235 71.887499893888318
3417.190026675413 71.876000004293488
3466.8942001585724 71.884000138924591
3517.3213374928373 71.919000425485976
3568.4819544295697 71.983499942548178
3620.386719675257 72.078999484230565
3673.0464571162966 72.204001343302110
3726.472148076138 72.361000514959528
3780.6749336052594 72.549499769101175
3835.6661168044484 72.775000546431528
3891.45716518188 73.036000860884656
3948.059713044477 73.330998504463025
4005.4855639240527 73.658497513062500
4063.746693038744 74.014498124333471
4122.855249790247 74.386501543252137
4182.823560297375 74.756997283432725
4243.664129966465 75.102000590603524
4305.389646099183 75.382498391776892
4368.012980538242 75.560499944681766
4431.5471923516225 75.605999686665427
4496.00553055582 75.500998012322228
4561.401436878714 75.255997665739670
4627.748548562617 74.901502412047876
4695.060701208099 74.463501944242523
4763.351931659176 73.942000521880473
4832.63648093046 73.310504731073323
4902.928797176889 72.556002177061941
4974.243538706657 71.704505507835393
5046.595577037959 70.809505232074116
5120.000000000202 69.923999999997690
5194.472114880326 69.073498781330386
5270.027451614888 68.271995601976201
5346.6817660285715 67.525502278516356
5424.451043119808 66.836999655155211
5503.351500394186 66.206003995529443
5583.399591246343 65.632496203379162
5664.612008391055 65.110999951880302
5747.005687344222 64.638501792968611
5830.597809954497 64.217500957138924
5915.405807986278 63.862500803755211
6001.447366754812 63.568998863515091
6088.740428814181 63.298498852467048
6177.303197698925 63.061499581943487
6267.154141720092 62.871499781569661
6358.3119978165005 62.731000003365381
6450.795775462017 62.637000228218611
6544.624760629676 62.594000109698747
6639.818519813445 62.601000325626828
6736.396904108505 62.661499939930678
6834.380053350861 62.778500096334128
6933.788400317181 62.957998917169817
7034.642674985712 63.202499212068986
7136.963908859177 63.514499722090903
7240.773439350552 63.894001862609386
7346.092914232631 64.340499636392607
7452.944296152315 64.843501482045554
7561.349867210557 65.385999335477067
7671.332233608935 65.942501107508548
7782.914330363799 66.471496825344815
7896.119426088994 66.903497809906327
8010.971127848146 67.166000043339466
8127.49338607753 67.205499355002530
8245.710499580537 67.008000836021964
8365.647120594791 66.603999453918618
8487.328259932974 66.052998661919261
8610.77929219841 65.417498457901999
8736.025961076528 64.756500205421403
8863.094384703289 64.120003082076323
8992.011061111683 63.551499778526690
9122.802873757471 63.077500457512372
9255.497097125279 62.721499843804793
9390.121402416245 62.504999799650733
9526.7038633184 62.437000068049088
9665.272961860968 62.528499974816000
9805.857594353829 62.784501733514638
9948.487077413367 63.200500303599668
10093.19115407597 63.768000741996133
10240.000000000457 64.475000000002581
10388.944229760706 65.317501483224703
10540.05490322983 66.292999375298280
10693.363532057198 67.396003973179944
10848.902086239672 68.557500603072725
11006.703000788428 69.661000004323910
11166.799182492743 70.539000568516713
11329.224016782166 71.045000011049751
11494.0113746885 71.153499588281335
11661.195619909053 70.964998698906214
11830.811615972614 70.609000806014421
12002.894733509682 70.148500713137224
12177.48085762842 69.553496266886214
12354.606395397908 68.782497767810341
12534.308283440243 67.768004045285124
12716.62399563306 66.509500030144494
12901.591550924093 65.095503432990213
13089.249521259411 63.636503722103612
13279.637039626952 62.222999732479053
13472.793808217073 60.919001294723657
13668.760106701786 59.758499467878401
13867.576800634426 58.767000994235730
14069.285349971487 57.967499002978954
14273.927817718419 57.384500519295372
14481.54687870117 57.046000197764435
14692.18582846533 56.984000050489939
14905.888592304698 57.189499607954104
15122.699734421185 57.468999657631400
15342.664467217943 57.379498376414247
15565.828660727671 56.604001178973817
15792.238852178061 55.119000969548949
16021.942255696367 52.745996520772110
16254.986772155136 49.574989608191473
16491.42099916115 46.393013469476799
16731.294241189662 43.348009632503334
16974.65651986603 40.565494807719517
17221.558584396902 38.099504150930699
17472.051922153143 35.866009610493478
17726.188769406665 33.790501883229709
17984.022122223458 31.839491724382803
18245.605747515034 29.910493625860447
18510.99419425065 27.647502105570034
18780.242804832582 30.566017887067254
19053.40772663689 36.636993924619354
19330.545923722028 40.341485613458431
19611.71518870775 42.315000547415210
19896.974154826825 43.142497548268942
20186.382308152035 43.142499999999998
