20 69.882000000000005
20.290906698750476 69.903818075133202
20.586044732869844 69.937395149629538
20.885475648548283 69.982297140029829
21.189261887185914 70.029335443062337
21.49746679841394 70.064931861958726
21.810154653305165 70.088152334037915
22.12739065777668 70.089248378455579
22.449240966187475 70.086320680034191
22.77577269513385 70.097193188714115
23.107053937445478 70.135912925325115
23.44315377638505 70.203879850811632
23.784142300054445 70.282662195387317
24.130090616010463 70.349495928534537
24.481070866093134 70.375037048308300
24.837156241469714 70.365841765614292
25.1984209978975 70.329181585241784
25.56494047120865 70.295691194777447
25.936791093020236 70.283393849658609
26.3140504066728 70.294462821254200
26.69679708340074 70.314593857815794
27.08511093873791 70.327893689231232
27.47907294916184 70.328953477574345
27.878765268980047 70.330242282931124
28.284271247461966 70.341518036156089
28.695675446220072 70.357718368741246
29.11306365684382 70.370726127313688
29.536522918790062 70.370513881192664
29.966141537533712 70.358914178486586
30.402009102982383 70.350510045481428
30.844216508158908 70.353802698358734
31.29285596815558 70.356276790119409
31.74802103936409 70.346571242582897
32.20980663898519 70.326590054772765
32.67830906482211 70.306685655249808
33.153626015361866 70.298921756092170
33.63585661014871 70.302222709491332
34.125101410453844 70.303873681664101
34.62146244024586 70.296084901434085
35.12504320746613 70.284874265473064
35.635948725613716 70.277820256371939
36.15428553564419 70.274148573572262
36.68016172818701 70.263874501241645
37.21368696608603 70.241674590797430
37.754972507267915 70.214479884686114
38.30413122794313 70.190688483845548
38.86127764614443 70.175464088657293
39.4265279456077 70.159566404112780
40.000000000000206 70.133499999999984
40.58181339750116 70.107318309840139
41.1720894657399 70.102686075964684
41.77095129709678 70.112015870004512
42.37852377437204 70.100103058259094
42.9949335968281 70.064916762931361
43.62030930661056 70.030683792983979
44.25478131555359 70.024914915648537
44.89848193237519 70.031977223909706
45.55154539026795 70.036852727666769
46.21410787489121 70.034741373098228
46.88630755277036 70.020301067308310
47.56828460010916 69.991171070608232
48.260181232021196 69.964157476751708
48.962141732186545 69.952944435958642
49.674312482939705 69.926441166343693
50.39684199579528 69.866555883602189
51.129880942417586 69.801109482307339
51.873582186040764 69.749618788933631
52.628100813345895 69.710165233447611
53.393594166801776 69.671344287089767
54.17022187747612 69.628608881758296
54.95814589832399 69.598219122301487
55.75753053796041 69.582243220889723
56.56854249492426 69.535359312880672
57.39135089244048 69.475801112975390
58.226127313687975 69.418801724610276
59.073045837580466 69.362035443374126
59.932283075067765 69.285992947856499
60.804018205965114 69.236810523418043
61.68843301631817 69.193232414449795
62.58571193631152 69.143509080894802
63.49604207872855 69.092481538394367
64.41961327797075 69.036983976765811
65.35661812964459 68.980137839415789
66.3072520307241 68.924833008233364
67.27171322029778 68.870327486103918
68.25020282090806 68.812610092663249
69.2429248804921 68.741831345208254
70.25008641493265 68.679620376801097
71.27189745122783 68.621554768218957
72.30857107128878 68.551437168402856
73.36032345637442 68.472093153120923
74.42737393217246 68.385237459358365
75.50994501453623 68.298991819227254
76.60826245588666 68.213979335160502
77.72255529228926 68.132465999630170
78.85305589121582 68.046219972050807
80.00000000000082 67.964499999999930
81.16362679500274 67.872864160803942
82.34417893148023 67.785066691086215
83.541902594194 67.690548715657513
84.75704754874454 67.586657162189738
85.98986719365665 67.492497111960603
87.24061861322157 67.396552130165261
88.50956263110764 67.291741364598792
89.79696386475084 67.189607533396440
91.10309078053635 67.086171761553601
92.42821574978288 66.976935991607974
93.77261510554118 66.862827965656777
95.13656920021877 66.743379453179216
96.52036246404286 66.621522563993494
97.92428346437356 66.500130504182863
99.34862496587989 66.375452644088682
100.79368399159105 66.252330544706354
102.25976188483567 66.122848652633508
103.74716437208203 65.982718953940761
105.25620162669229 65.839196059225998
106.78718833360406 65.692642731640404
108.34044375495276 65.541416659932935
109.9162917966485 65.383079973443500
111.51506107592134 65.222474246454567
113.13708498984903 65.059212408452964
114.78270178488147 64.892910958135190
116.45225462737648 64.718513056188726
118.14609167516147 64.543660362308330
119.86456615013608 64.363220403636035
121.60803641193078 64.178356051931601
123.3768660326369 63.990289801095990
125.17142387262359 63.799457678520909
126.99208415745765 63.589770041367515
128.83922655594208 63.375667399178546
130.71323625928977 63.163904302700253
132.61450406144883 62.962317723931932
134.5434264405962 62.780395605430513
136.50040564181674 62.629725864311908
138.48584976098482 62.526531819371684
140.50017282986593 62.488668625405154
142.5437949024563 62.511829675561174
144.61714214257822 62.630604235516117
146.7206469127495 62.838856184603799
148.8547478643456 63.081131197565654
151.01989002907314 63.333175419325968
153.216524911774 63.581890960224563
155.4451105845792 63.823209859405679
157.70611178243232 64.040911829603772
160.00000000000236 64.218000000000160
162.3272535900062 64.372064187658410
164.6883578629612 64.472347329236214
167.08380518838874 64.511672706411375
169.51409509748981 64.515388723922001
171.97973438731407 64.484116143557898
174.4812372264439 64.414185398534954
177.01912526221608 64.318042639616237
179.5939277295025 64.189696972519968
182.20618156107355 64.057308449321894
184.85643149956664 63.925620997621493
187.54523021108326 63.783403785883820
190.27313840043846 63.627695898696238
193.04072492808663 63.481477783394311
195.84856692874806 63.354378469307079
198.69724993176072 63.234081553016175
201.58736798318304 63.113269842003206
204.5195237696723 62.999258096752456
207.49432874416505 62.877747644838124
210.5124032533856 62.746210458477726
213.57437666720915 62.642140583319772
216.68088750990657 62.563137368497379
219.83258359329807 62.472231762709434
223.03012215184378 62.369278560603036
226.2741699796992 62.268258787289227
229.5654035697641 62.185285448848916
232.90450925475412 62.107712202264864
236.2921833503241 62.026352828780126
239.72913230027333 61.948162240168784
243.21607282386276 61.876475643655553
246.75373206527502 61.810586740284251
250.34284774524843 61.742528748808439
253.9841683149166 61.673798823055947
257.67845311188546 61.602229970957225
261.42647251858085 61.535608421860012
265.22900812289896 61.479551520417672
269.08685288119375 61.429697206782095
273.0008112836349 61.370987830745477
276.97169952197106 61.312639131572894
281.00034565973334 61.260896508836694
285.0875898049141 61.219562789087419
289.23428428515797 61.175193158148815
293.44129382550057 61.133275320510094
297.7094957286928 61.093614538441763
302.0397800581479 61.057956622071160
306.4330498235497 61.025657634627308
310.89022116916016 60.993295896523591
315.41222356486645 60.969892328097018
320.00000000000654 60.951999999999977
324.6545071800142 60.937571027741953
329.3767157259242 60.925558210685189
334.16761037677935 60.920249150660894
339.02819019498156 60.927959199409457
343.95946877463007 60.932771628142241
348.9624744528898 60.933103752554715
354.03825052443415 60.940672675996424
359.187855459007 60.953388424193420
364.4123631221491 60.961236072058796
369.71286299913527 60.959643568500432
375.0904604221685 60.958422462495278
380.54627680087896 60.953746048456388
386.08144985617537 60.957805884813027
391.6971338574982 60.968981409447181
397.3944998635236 60.991564249112905
403.1747359663683 61.036278939705724
409.0390475393468 61.097468570472159
414.9886574883323 61.175339314418039
421.0248065067734 61.272014401906667
427.1487533344206 61.387407568911357
433.3617750198154 61.517384533756058
439.6651671865984 61.652872201766137
446.06024430368984 61.792497061706484
452.54833995940066 61.935563479106818
459.13080713953053 62.084508564209202
465.8090185095106 62.229854552281473
472.58436670065066 62.367842243541673
479.45826460054917 62.501207027410437
486.432145647728 62.629278621659111
493.50746413055253 62.745478701554717
500.6856954904994 62.842571193631244
507.9683366298358 62.933604207872946
515.3569062237735 63.015798501953014
522.8529450371643 63.094976141306823
530.4580162458005 63.169549625904956
538.1737057623901 63.229364830990207
546.0016225672724 63.290941436069090
553.9433990439449 63.353439880150326
562.0006913194694 63.414204908368234
570.1751796098309 63.472191221346847
578.4685685703187 63.528586266278168
586.8825876510039 63.584769207879177
595.4189914573883 63.639910595754415
604.0795601162986 63.695517140755939
612.8660996471021 63.751239333521276
621.780442338323 63.806151288649694
630.8244471297356 63.857910792144082
640.0000000000159 63.907000000000068
649.3090143600314 63.949356015338140
658.7534314518515 63.990577426815548
668.3352207535618 64.029757644051926
678.0563803899662 64.067517064501374
687.9189375492632 64.104300068932275
697.9249489057827 64.138944826279669
708.0765010488715 64.175883053880824
718.3757109180171 64.213571344850763
728.8247262443015 64.259652504411577
739.425725998274 64.305530621792585
750.1809208443404 64.355359374010618
761.0925536017613 64.407189629608382
772.1628997123541 64.461923617803606
783.3942677149998 64.520231333729043
794.7889997270506 64.581556623510153
806.34947193274 64.643863850307952
818.0780950786972 64.709533478921614
829.9773149766683 64.778140973137312
842.0496130135506 64.845266669947833
854.2975066688449 64.910740972789313
866.7235500396347 64.977116175214945
879.3303343732008 65.046682905927241
892.1204886073838 65.117213288859631
905.0966799188055 65.187956462880010
918.2616142790653 65.262624697763840
931.6180370190256 65.337644663719288
945.1687334013056 65.416109794857945
958.9165292011028 65.505315050057391
972.8642912954606 65.596617893420486
987.0149282611097 65.690445484198932
1001.3713909810035 65.787779745638119
1015.9366732596762 65.886369378165796
1030.7138124475518 65.986894713926077
1045.7058900743334 66.088981667353522
1060.916032491606 66.187229020942922
1076.3474115247852 66.291758174911109
1092.0032451345498 66.393521093374574
1107.8867980878947 66.496898958863298
1124.0013826389438 66.601730940528896
1140.350359219667 66.704200086952156
1156.9371371406426 66.803334511805147
1173.765175302013 66.902260081442961
1190.837982914782 67.001443670005074
1208.1591202326028 67.101452272716188
1225.73219929421 67.199209500796030
1243.5608846766518 67.299511679834353
1261.648894259477 67.400068918427124
1280.0000000000375 67.496000000000194
1298.6180287200684 67.592015833827787
1317.5068629037087 67.689786373389666
1336.6704415071292 67.788019251686364
1356.112760779938 67.881132794685215
1375.8378750985323 67.977105587982805
1395.8498978115715 68.077145736503155
1416.153002097749 68.173111459754537
1436.7514218360407 68.267037470532671
1457.6494524886093 68.359269547148969
1478.8514519965543 68.454254504944572
1500.3618416886875 68.550526971926260
1522.1851072035295 68.642621152398888
1544.3257994247153 68.737214421537772
1566.788535430007 68.830668765971637
1589.5779994541087 68.929226317576251
1612.6989438654878 69.030613416376212
1636.156190157402 69.132194741479964
1659.9546299533442 69.234804908799390
1684.099226027109 69.339718579039811
1708.5950133376978 69.447818058685868
1733.4471000792773 69.556660414344066
1758.6606687464096 69.668165862858558
1784.2409772147755 69.784769217010790
1810.193359837619 69.904928127220572
1836.5232285581387 70.032694284506050
1863.2360740380593 70.162533155382675
1890.3374668026197 70.295994083349157
1917.833058402214 70.435805259019332
1945.7285825909298 70.581117772776466
1974.0298565222283 70.732300030959152
2002.7427819620161 70.891036744398690
2031.8733465193618 71.045772183414499
2061.4276248951132 71.207923318167886
2091.411780148677 71.374358909494305
2121.832064983222 71.543759563906036
2152.694823049581 71.719129973687558
2184.0064902691106 71.899635858736843
2215.7735961758003 72.075740628727885
2248.002765277899 72.255982382662722
2280.7007184393456 72.440745677953018
2313.874274281297 72.625039746451819
2347.530350604038 72.808371720751737
2381.6759658295764 72.996614459072759
2416.318240465218 73.176783612884208
2451.4643985884327 73.343150978347978
2487.1217693533167 73.508974776202706
2523.2977885189675 73.667015601205605
2560.0000000000887 73.814500000000351
2597.236057440151 73.950679848886523
2635.0137258074315 74.074290948658842
2673.340883014273 74.180269817912475
2712.225521559891 74.273266572791101
2751.6757501970797 74.346328509722355
2791.699795623158 74.400624744528955
2832.3060041955137 74.431998902727088
2873.502843672097 74.443500000000000
2915.2989049772345 74.433861689864344
2957.7029039931244 74.405452531605846
3000.723683377391 74.368342106596174
3044.370214407075 74.297487940253689
3088.6515988494466 74.213429947286727
3133.57707086003 74.117656877179172
3179.1559989082334 74.008776242685741
3225.3978877309914 73.890703555267493
3272.3123803148205 73.764864077937389
3319.9092599067053 73.633851350058421
3368.198452054235 73.501546163974098
3417.190026675413 73.370274529043400
3466.8942001585724 73.237723543575029
3517.3213374928373 73.106389509767624
3568.4819544295697 72.983306685267706
3620.386719675257 72.866872419894946
3673.0464571162966 72.758559408623228
3726.472148076138 72.660732626789809
3780.6749336052594 72.575802239603760
3835.6661168044484 72.499857321002708
3891.45716518188 72.441297838724950
3948.059713044477 72.394600736738312
4005.4855639240527 72.375940070168781
4063.746693038744 72.350562444883977
4122.855249790247 72.352546924923089
4182.823560297375 72.375436155632485
4243.664129966465 72.417155403405587
4305.389646099183 72.474581744178380
4368.012980538242 72.549582459654857
4431.5471923516225 72.632890595662133
4496.00553055582 72.730808572361525
4561.401436878714 72.828427910657467
4627.748548562617 72.928395969321514
4695.060701208099 73.017971335133325
4763.351931659176 73.101684335076214
4832.63648093046 73.158532755423309
4902.928797176889 73.167264794305879
4974.243538706657 73.152161133227111
5046.595577037959 73.095278090031499
5120.000000000202 72.999642857142533
5194.472114880326 72.867685323763951
5270.027451614888 72.704562204430943
5346.6817660285715 72.517836779740179
5424.451043119808 72.317609780437635
5503.351500394186 72.122575316908296
5583.399591246343 71.944209641593915
5664.612008391055 71.803651606448454
5747.005687344222 71.708425393251190
5830.597809954497 71.668100813846138
5915.405807986278 71.689867982225863
6001.447366754812 71.778456412797027
6088.740428814181 71.868800125824038
6177.303197698925 71.981933974282953
6267.154141720092 72.077733440933827
6358.3119978165005 72.132574159061093
6450.795775462017 72.148468168981523
6544.624760629676 72.132220076598514
6639.818519813445 72.099169869871815
6736.396904108505 72.066354820411249
6834.380053350861 72.046061994664910
6933.788400317181 72.040513652009508
7034.642674985712 72.051853522246148
7136.963908859177 72.078371338126203
7240.773439350552 72.094519335983762
7346.092914232631 72.078945621733936
7452.944296152315 72.006585146809215
7561.349867210557 71.848803365680865
7671.332233608935 71.595808270879076
7782.914330363799 71.247571261135747
7896.119426088994 70.814119303541958
8010.971127848146 70.312784343217075
8127.49338607753 69.736590711043718
8245.710499580537 69.146414505940243
8365.647120594791 68.561887482026890
8487.328259932974 67.994712395643887
8610.77929219841 67.461033784699325
8736.025961076528 66.971676273980236
8863.094384703289 66.532804141788148
8992.011061111683 66.146913557072367
9122.802873757471 65.813038503123536
9255.497097125279 65.532414941043243
9390.121402416245 65.288607033825301
9526.7038633184 65.088453969143472
9665.272961860968 64.917279431555727
9805.857594353829 64.750482461703996
9948.487077413367 64.593591028958087
10093.19115407597 64.437353553597958
10240.000000000457 64.279699999999508
10388.944229760706 64.117979005226658
10540.05490322983 63.971637915520560
10693.363532057198 63.878909740083024
10848.902086239672 63.852862611033601
11006.703000788428 63.910186650433637
11166.799182492743 64.080246065499367
11329.224016782166 64.397165213253416
11494.0113746885 64.822306706944190
11661.195619909053 65.360687642614749
11830.811615972614 65.923818747414543
12002.894733509682 66.509232276112755
12177.48085762842 67.106291511868875
12354.606395397908 67.672350697829586
12534.308283440243 68.184198903876606
12716.62399563306 68.608967510989544
12901.591550924093 68.853130001156103
13089.249521259411 68.986367160094176
13279.637039626952 68.733769825699568
13472.793808217073 67.962983386039426
13668.760106701786 66.728206612007313
13867.576800634426 65.263155225344903
14069.285349971487 63.908582965824252
14273.927817718419 62.777592260742878
14481.54687870117 62.043018777024443
14692.18582846533 61.645906056871809
14905.888592304698 61.445978409663425
15122.699734421185 61.425518515545939
15342.664467217943 61.580533281481380
15565.828660727671 61.898626224846566
15792.238852178061 62.309716787762923
16021.942255696367 62.618826719969533
16254.986772155136 62.487037752018523
16491.42099916115 61.990998743759910
16731.294241189662 60.806351847439345
16974.65651986603 59.169059021560116
17221.558584396902 57.456940307116710
17472.051922153143 55.888995536470802
17726.188769406665 54.537151756313648
17984.022122223458 53.379558308261210
18245.605747515034 52.627198444898269
18510.99419425065 54.735006745876902
18780.242804832582 57.996069203657285
19053.40772663689 59.206742524238976
19330.545923722028 58.988659632263648
19611.71518870775 57.546929666403848
19896.974154826825 56.576999999999998
20186.382308152035 56.576999999999998
