20 73.844500000000011
20.290906698750476 73.837502244359953
20.586044732869844 73.832499401566963
20.885475648548283 73.828494523783149
21.189261887185914 73.824994898301583
21.49746679841394 73.818987323365747
21.810154653305165 73.810493901683543
22.12739065777668 73.797982408267814
22.449240966187475 73.783488578055341
22.77577269513385 73.768010774389694
23.107053937445478 73.752997752606433
23.44315377638505 73.738994363035744
23.784142300054445 73.726494447830248
24.130090616010463 73.712996127520910
24.481070866093134 73.697996815007059
24.837156241469714 73.681992209566602
25.1984209978975 73.663979351601768
25.56494047120865 73.646002919668234
25.936791093020236 73.627010669980137
26.3140504066728 73.607497236187641
26.69679708340074 73.586511125975420
27.08511093873791 73.563493242310372
27.47907294916184 73.539495623050300
27.878765268980047 73.515514083861191
28.284271247461966 73.491984857544594
28.695675446220072 73.469018118293548
29.11306365684382 73.444496096514300
29.536522918790062 73.418529254979859
29.966141537533712 73.390490585806248
30.402009102982383 73.361499392448010
30.844216508158908 73.331985533976024
31.29285596815558 73.302009623508539
31.74802103936409 73.272998679347268
32.20980663898519 73.244012137379713
32.67830906482211 73.214980521124659
33.153626015361866 73.185023570460388
33.63585661014871 73.153509370913525
34.125101410453844 73.121993661846631
34.62146244024586 73.090972932564966
35.12504320746613 73.061497294248710
35.635948725613716 73.029503210920467
36.15428553564419 72.991978286262793
36.68016172818701 72.951988339821725
37.21368696608603 72.913522568924506
37.754972507267915 72.877001854870088
38.30413122794313 72.839490458291380
38.86127764614443 72.798979152012123
39.4265279456077 72.756535445780344
40.000000000000206 72.715499999999992
40.58181339750116 72.678511863045458
41.1720894657399 72.640493801622370
41.77095129709678 72.599003374241192
42.37852377437204 72.554035246962599
42.9949335968281 72.508504904779741
43.62030930661056 72.464977837085371
44.25478131555359 72.419515669515448
44.89848193237519 72.371463155017182
45.55154539026795 72.321534756095730
46.21410787489121 72.273992455178742
46.88630755277036 72.226977226664360
47.56828460010916 72.176478408228718
48.260181232021196 72.123987220819018
48.962141732186545 72.074489847834954
49.674312482939705 72.023476228822005
50.39684199579528 71.968512019683629
51.129880942417586 71.915008689741683
51.873582186040764 71.863528921261960
52.628100813345895 71.807992235003383
53.393594166801776 71.749031258692810
54.17022187747612 71.691984513627929
54.95814589832399 71.636989787117329
55.75753053796041 71.581032862342767
56.56854249492426 71.521033847477867
57.39135089244048 71.459473735595779
58.226127313687975 71.396990530386844
59.073045837580466 71.333996478137010
59.932283075067765 71.267978412279803
60.804018205965114 71.201498661326099
61.68843301631817 71.136467933646813
62.58571193631152 71.070021332110557
63.49604207872855 71.000996834987404
64.41961327797075 70.931529087858266
65.35661812964459 70.862528120655838
66.3072520307241 70.790980542705739
67.27171322029778 70.716522139987376
68.25020282090806 70.639984476949635
69.2429248804921 70.564005749327890
70.25008641493265 70.485493193344354
71.27189745122783 70.405008077471791
72.30857107128878 70.326032676343488
73.36032345637442 70.244475899923373
74.42737393217246 70.164972723322592
75.50994501453623 70.086004010943327
76.60826245588666 70.011981522164035
77.72255529228926 69.933531309018193
78.85305589121582 69.825995565736150
80.00000000000082 69.734999999999928
81.16362679500274 69.649027573565093
82.34417893148023 69.556484765433225
83.541902594194 69.454508293315698
84.75704754874454 69.356496201499311
85.98986719365665 69.258010609428084
87.24061861322157 69.153032010880679
88.50956263110764 69.047536361243601
89.79696386475084 68.941002990212922
91.10309078053635 68.840993388436416
92.42821574978288 68.744486124642208
93.77261510554118 68.658024753435456
95.13656920021877 68.580024635178106
96.52036246404286 68.506481153935084
97.92428346437356 68.433487169507316
99.34862496587989 68.369016975228590
100.79368399159105 68.308513230801907
102.25976188483567 68.241010963692759
103.74716437208203 68.184995533959338
105.25620162669229 68.143994995549122
106.78718833360406 68.105994785354170
108.34044375495276 68.062983528131525
109.9162917966485 68.004485583530183
111.51506107592134 67.925496460458319
113.13708498984903 67.831494397692211
114.78270178488147 67.723019657557927
116.45225462737648 67.600979332193475
118.14609167516147 67.463492053752731
119.86456615013608 67.314537605369239
121.60803641193078 67.166996799290416
123.3768660326369 67.011511776102310
125.17142387262359 66.852462175012988
126.99208415745765 66.689992755259468
128.83922655594208 66.530981624064452
130.71323625928977 66.378983851888705
132.61450406144883 66.249033896956718
134.5434264405962 66.154989540547462
136.50040564181674 66.107002246757304
138.48584976098482 66.117999167860447
140.50017282986593 66.197012091326229
142.5437949024563 66.339985651199243
144.61714214257822 66.534014896596247
146.7206469127495 66.754462996321891
148.8547478643456 66.983972884192752
151.01989002907314 67.197489155291976
153.216524911774 67.380960319212804
155.4451105845792 67.522004352953360
157.70611178243232 67.611001729850187
160.00000000000236 67.646499999999989
162.3272535900062 67.633494307382335
164.6883578629612 67.580487080489917
167.08380518838874 67.494007033056917
169.51409509748981 67.384495353103205
171.97973438731407 67.264012979046498
174.4812372264439 67.134987241367384
177.01912526221608 66.998493189627084
179.5939277295025 66.858503929269773
182.20618156107355 66.719490579378260
184.85643149956664 66.581978577466657
187.54523021108326 66.448489071724595
190.27313840043846 66.318993799980348
193.04072492808663 66.195012322585711
195.84856692874806 66.075518430204639
198.69724993176072 65.964991351842201
201.58736798318304 65.864988457397601
204.5195237696723 65.773014938012324
207.49432874416505 65.684991830413395
210.5124032533856 65.609991308058966
213.57437666720915 65.543992907939582
216.68088750990657 65.485502118014324
219.83258359329807 65.432007067816798
223.03012215184378 65.383497985473596
226.2741699796992 65.329996875183284
229.5654035697641 65.269491360707150
232.90450925475412 65.198010505474571
236.2921833503241 65.116995172183778
239.72913230027333 65.026496148988315
243.21607282386276 64.924997807874121
246.75373206527502 64.818508065304755
250.34284774524843 64.707004730121156
253.9841683149166 64.591994668964475
257.67845311188546 64.474985613576735
261.42647251858085 64.355984965882641
265.22900812289896 64.234999745238269
269.08685288119375 64.114004614146083
273.0008112836349 63.991005930534726
276.97169952197106 63.868509269342368
281.00034565973334 63.748489895709845
285.0875898049141 63.629011990781009
289.23428428515797 63.509991891081775
293.44129382550057 63.389991603019190
297.7094957286928 63.268014411126600
302.0397800581479 63.143506323963180
306.4330498235497 63.021498625017585
310.89022116916016 62.898493910756208
315.41222356486645 62.773993908978142
320.00000000000654 62.648999999999823
324.6545071800142 62.523013339488337
329.3767157259242 62.396007645660234
334.16761037677935 62.272010084174362
339.02819019498156 62.144995352160763
343.95946877463007 62.024488896703247
348.9624744528898 61.905988783619627
354.03825052443415 61.785994186860222
359.187855459007 61.666503353912361
364.4123631221491 61.543991197661541
369.71286299913527 61.415503320998141
375.0904604221685 61.282488776365760
380.54627680087896 61.149493473800412
386.08144985617537 61.018990387688561
391.6971338574982 60.898997627306542
397.3944998635236 60.798008865177977
403.1747359663683 60.719003608764169
409.0390475393468 60.671999968040780
414.9886574883323 60.668000230259942
421.0248065067734 60.705998781851790
427.1487533344206 60.783496878415676
433.3617750198154 60.889496161612819
439.6651671865984 61.011003202557987
446.06024430368984 61.133504104362231
452.54833995940066 61.242504957633670
459.13080713953053 61.338497187512516
465.8090185095106 61.408500133869524
472.58436670065066 61.457501146939769
479.45826460054917 61.479000151764012
486.432145647728 61.482999927948114
493.50746413055253 61.479498480698147
500.6856954904994 61.456000996792483
507.9683366298358 61.423998451019841
515.3569062237735 61.390000431505172
522.8529450371643 61.391999985335417
530.4580162458005 61.422000021054693
538.1737057623901 61.431999618665614
546.0016225672724 61.429000144647190
553.9433990439449 61.435500371410967
562.0006913194694 61.442999712694963
570.1751796098309 61.449000249037027
578.4685685703187 61.460499401803553
586.8825876510039 61.495498284737948
595.4189914573883 61.562999932447717
604.0795601162986 61.661994971887026
612.8660996471021 61.727000184448869
621.780442338323 61.743500122273971
630.8244471297356 61.745999999999995
640.0000000000159 61.745999999999995
649.3090143600314 61.746000004561637
658.7534314518515 61.749000157595646
668.3352207535618 61.752500056772341
678.0563803899662 61.755000115702110
687.9189375492632 61.757999981004545
697.9249489057827 61.760499987234105
708.0765010488715 61.764500291873127
718.3757109180171 61.770499831602734
728.8247262443015 61.778999777306595
739.425725998274 61.790499702762020
750.1809208443404 61.804999893281533
761.0925536017613 61.820999345457125
772.1628997123541 61.838999836930661
783.3942677149998 61.860000552110790
794.7889997270506 61.883499999437092
806.34947193274 61.908001066264610
818.0780950786972 61.934500231723860
829.9773149766683 61.963500834859055
842.0496130135506 61.995498974275961
854.2975066688449 62.029501569707136
866.7235500396347 62.067998605981003
879.3303343732008 62.112501333309872
892.1204886073838 62.163502146152496
905.0966799188055 62.220498594079672
918.2616142790653 62.286998051618525
931.6180370190256 62.360000218546389
945.1687334013056 62.439998426101724
958.9165292011028 62.530496900836468
972.8642912954606 62.629502274620052
987.0149282611097 62.739999439817154
1001.3713909810035 62.864503663937043
1015.9366732596762 63.000996938071253
1030.7138124475518 63.156498026364915
1045.7058900743334 63.328998735180264
1060.916032491606 63.521000444282862
1076.3474115247852 63.732006006222122
1092.0032451345498 63.960503788751701
1107.8867980878947 64.205996879285962
1124.0013826389438 64.466506307492523
1140.350359219667 64.736005923107200
1156.9371371406426 65.009502224827401
1173.765175302013 65.282502741500451
1190.837982914782 65.549499732808926
1208.1591202326028 65.810501730999178
1225.73219929421 66.063502727454548
1243.5608846766518 66.307498421734437
1261.648894259477 66.542998623292064
1280.0000000000375 66.766000000000432
1298.6180287200684 66.980000310174916
1317.5068629037087 67.183998519368757
1336.6704415071292 67.376504144167626
1356.112760779938 67.558997754582037
1375.8378750985323 67.731998904539722
1395.8498978115715 67.897999152344639
1416.153002097749 68.057500015836496
1436.7514218360407 68.213003088377562
1457.6494524886093 68.366003254622825
1478.8514519965543 68.518503214888796
1500.3618416886875 68.671498873988611
1522.1851072035295 68.826500762592303
1544.3257994247153 68.983998573207742
1566.788535430007 69.144996670268043
1589.5779994541087 69.308499996083498
1612.6989438654878 69.473999598189437
1636.156190157402 69.644001410260159
1659.9546299533442 69.820497255631125
1684.099226027109 69.999001674719139
1708.5950133376978 70.180500099555076
1733.4471000792773 70.366000742239436
1758.6606687464096 70.552997543252900
1784.2409772147755 70.741999831649437
1810.193359837619 70.933502637624784
1836.5232285581387 71.126501642764296
1863.2360740380593 71.318500517681798
1890.3374668026197 71.507996271828517
1917.833058402214 71.694500378936084
1945.7285825909298 71.875497291689072
1974.0298565222283 72.048499122940726
2002.7427819620161 72.212498754632762
2031.8733465193618 72.365001629713788
2061.4276248951132 72.503998235845742
2091.411780148677 72.628999083463995
2121.832064983222 72.735000175812431
2152.694823049581 72.818499521259767
2184.0064902691106 72.880498990696367
2215.7735961758003 72.921499478805302
2248.002765277899 72.938499876189894
2280.7007184393456 72.932000055971130
2313.874274281297 72.901499555849455
2347.530350604038 72.846999199112190
2381.6759658295764 72.769000078055797
2416.318240465218 72.669999185814575
2451.4643985884327 72.550998468601279
2487.1217693533167 72.414000886157254
2523.2977885189675 72.261500891498713
2560.0000000000887 72.095999999999577
2597.236057440151 71.919499716433151
2635.0137258074315 71.733001353616231
2673.340883014273 71.541000586042728
2712.225521559891 71.344502417731292
2751.6757501970797 71.145001263261918
2791.699795623158 70.945001021271452
2832.3060041955137 70.745499980039313
2873.502843672097 70.549500743750002
2915.2989049772345 70.357000437646718
2957.7029039931244 70.166500431310965
3000.723683377391 69.981001365228465
3044.370214407075 69.801999152675165
3088.6515988494466 69.627001585324663
3133.57707086003 69.459499754363094
3179.1559989082334 69.301500003784611
3225.3978877309914 69.153000360536907
3272.3123803148205 69.014498977240237
3319.9092599067053 68.886499372960060
3368.198452054235 68.769999017313523
3417.190026675413 68.663499949014891
3466.8942001585724 68.568499670550267
3517.3213374928373 68.485499511845546
3568.4819544295697 68.411500065913728
3620.386719675257 68.332500426657447
3673.0464571162966 68.269001060951993
3726.472148076138 68.393000057369505
3780.6749336052594 68.413999974276521
3835.6661168044484 68.424500080603877
3891.45716518188 68.463000191145582
3948.059713044477 68.528499667940096
4005.4855639240527 68.619499308973076
4063.746693038744 68.735499388827762
4122.855249790247 68.878500701856893
4182.823560297375 69.046998764530144
4243.664129966465 69.241500463218443
4305.389646099183 69.461498738648544
4368.012980538242 69.704499924481311
4431.5471923516225 69.968500847495434
4496.00553055582 70.252502486625474
4561.401436878714 70.559002166351618
4627.748548562617 70.887997761456276
4695.060701208099 71.236498453039900
4763.351931659176 71.599499636735160
4832.63648093046 71.963497272983858
4902.928797176889 72.317498978555435
4974.243538706657 72.644997881601768
5046.595577037959 72.928498342689380
5120.000000000202 73.153000000000418
5194.472114880326 73.311500124679867
5270.027451614888 73.393499899844059
5346.6817660285715 73.376500051888513
5424.451043119808 73.264999889879192
5503.351500394186 73.063501275909957
5583.399591246343 72.783997528374357
5664.612008391055 72.444499960842293
5747.005687344222 72.060001459040066
5830.597809954497 71.654500921899839
5915.405807986278 71.244000929412707
6001.447366754812 70.844498416063558
6088.740428814181 70.467498327119685
6177.303197698925 70.121999337710477
6267.154141720092 69.820999603560580
6358.3119978165005 69.566000006107998
6450.795775462017 69.362000495282956
6544.624760629676 69.214000377567785
6639.818519813445 69.123999846605557
6736.396904108505 69.095500028297124
6834.380053350861 69.129000049911284
6933.788400317181 69.221999438979338
7034.642674985712 69.372999513384116
7136.963908859177 69.573999820962399
7240.773439350552 69.807001001178634
7346.092914232631 70.046999804555952
7452.944296152315 70.253500318264173
7561.349867210557 70.369999857295994
7671.332233608935 70.331499482883530
7782.914330363799 70.084501482305924
7896.119426088994 69.610002405554269
8010.971127848146 68.927999076704694
8127.49338607753 68.086496930138566
8245.710499580537 67.146503979041228
8365.647120594791 66.166999034694612
8487.328259932974 65.192998031305279
8610.77929219841 64.257997960977832
8736.025961076528 63.384000271616202
8863.094384703289 62.569503943992402
8992.011061111683 61.818999693254796
9122.802873757471 61.162500633664294
9255.497097125279 60.640999763362458
9390.121402416245 60.312999843845418
9526.7038633184 60.260000053038262
9665.272961860968 60.553999919080923
9805.857594353829 61.200003760810006
9948.487077413367 62.102500550491726
10093.19115407597 63.131501169667175
10240.000000000457 64.246000000002695
10388.944229760706 65.126001173047527
10540.05490322983 65.897499505938100
10693.363532057198 66.715003263378094
10848.902086239672 67.669000613729636
11006.703000788428 68.792000006040183
11166.799182492743 70.018501220737960
11329.224016782166 71.105000057030935
11494.0113746885 71.664997875000353
11661.195619909053 71.409996173468585
11830.811615972614 70.363002370497497
12002.894733509682 68.859002329116976
12177.48085762842 67.305493436788936
12354.606395397908 65.949997656695928
12534.308283440243 64.885004246652201
12716.62399563306 64.129500018096280
12901.591550924093 63.684501080396501
13089.249521259411 63.549000345678571
13279.637039626952 63.726000096832735
13472.793808217073 64.197999531357695
13668.760106701786 64.864000312886432
13867.576800634426 65.446999415391389
14069.285349971487 65.522498743890310
14273.927817718419 64.788000654240903
14481.54687870117 63.348000841302166
14692.18582846533 61.587501433669857
14905.888592304698 59.885503247017603
15122.699734421185 58.405001813512399
15342.664467217943 57.097497279368554
15565.828660727671 55.798001975598282
15792.238852178061 54.290500984239088
16021.942255696367 52.478997845643661
16254.986772155136 50.515494381173298
16491.42099916115 48.795007282914781
16731.294241189662 47.222004976002545
16974.65651986603 45.860497876555200
17221.558584396902 44.852001697572433
17472.051922153143 44.305002353678056
17726.188769406665 44.308999996370545
17984.022122223458 44.769501664561673
18245.605747515034 45.157498595886622
18510.99419425065 44.658998844587828
18780.242804832582 43.057494102954195
19053.40772663689 41.056002002944226
19330.545923722028 39.034507850558455
19611.71518870775 36.810998183110733
19896.974154826825 34.064508137376848
20186.382308152035 34.064499999999995
