20 76.677999999999997
20.290906698750476 76.666503687162788
20.586044732869844 76.653997905484346
20.885475648548283 76.639974183549185
21.189261887185914 76.623484694904718
21.49746679841394 76.605471663994038
21.810154653305165 76.586490974491653
22.12739065777668 76.567978768599104
22.449240966187475 76.550487472705854
22.77577269513385 76.533511817072565
23.107053937445478 76.516997431550209
23.44315377638505 76.500993010164322
23.784142300054445 76.485493419650652
24.130090616010463 76.469495869355654
24.481070866093134 76.453496516413963
24.837156241469714 76.435991127561977
25.1984209978975 76.415475336635438
25.56494047120865 76.394003487381511
25.936791093020236 76.370513197080712
26.3140504066728 76.346496841357322
26.69679708340074 76.322512715400478
27.08511093873791 76.297992538384378
27.47907294916184 76.271494711185767
27.878765268980047 76.242517017998949
28.284271247461966 76.211478603052143
28.695675446220072 76.179025601936516
29.11306365684382 76.146995270776927
29.536522918790062 76.115535443533290
29.966141537533712 76.083488800355696
30.402009102982383 76.048999248283138
30.844216508158908 76.012481676369617
31.29285596815558 75.974512189777471
31.74802103936409 75.937498474418405
32.20980663898519 75.904014020766226
32.67830906482211 75.872981170420502
33.153626015361866 75.844022784778375
33.63585661014871 75.813009222168859
34.125101410453844 75.780993457390082
34.62146244024586 75.748971556254730
35.12504320746613 75.717997082861885
35.635948725613716 75.683503461773626
36.15428553564419 75.644476114889073
36.68016172818701 75.600486825512860
37.21368696608603 75.557025499953667
37.754972507267915 75.513002236007779
38.30413122794313 75.464987277721846
38.86127764614443 75.410971548628311
39.4265279456077 75.353048373064937
40.000000000000206 75.294499999999971
40.58181339750116 75.237018435813894
41.1720894657399 75.181993054829874
41.77095129709678 75.135503780776290
42.37852377437204 75.099028589202987
42.9949335968281 75.061504042400884
43.62030930661056 75.006465416111268
44.25478131555359 74.935524451331801
44.89848193237519 74.876981577508587
45.55154539026795 74.852017378047861
46.21410787489121 74.847997993398593
46.88630755277036 74.835490755378601
47.56828460010916 74.814996709825323
48.260181232021196 74.807002581652725
48.962141732186545 74.817001492965446
49.674312482939705 74.824490707630417
50.39684199579528 74.803004698603587
51.129880942417586 74.746509177016918
51.873582186040764 74.678538187297349
52.628100813345895 74.623493616909556
53.393594166801776 74.575025695705108
54.17022187747612 74.529992397599173
54.95814589832399 74.502996626101265
55.75753053796041 74.484510856309669
56.56854249492426 74.456016077551979
57.39135089244048 74.429990965044951
58.226127313687975 74.408495415504746
59.073045837580466 74.377998292430064
59.932283075067765 74.345987501846210
60.804018205965114 74.307498898168404
61.68843301631817 74.253974684458015
62.58571193631152 74.201516841139920
63.49604207872855 74.148497244845160
64.41961327797075 74.088025321085240
65.35661812964459 74.030023637652732
66.3072520307241 73.970483415594828
67.27171322029778 73.907018870995941
68.25020282090806 73.842486417330932
69.2429248804921 73.776005030661906
70.25008641493265 73.711994334833179
71.27189745122783 73.645006722864721
72.30857107128878 73.578027712848268
73.36032345637442 73.507977718797065
74.42737393217246 73.434474967606178
75.50994501453623 73.362003680929007
76.60826245588666 73.286482581403035
77.72255529228926 73.212529514233722
78.85305589121582 73.136996686484153
80.00000000000082 73.068999999999960
81.16362679500274 73.007019878616688
82.34417893148023 72.959495145848820
83.541902594194 72.927002642478044
84.75704754874454 72.904499286576012
85.98986719365665 72.886001992633709
87.24061861322157 72.862507164339974
88.50956263110764 72.827512062971820
89.79696386475084 72.776501431932957
91.10309078053635 72.716495238303949
92.42821574978288 72.646987327707919
93.77261510554118 72.568022607183821
95.13656920021877 72.483526688109606
96.52036246404286 72.399977152373367
97.92428346437356 72.311483191059949
99.34862496587989 72.227022238865374
100.79368399159105 72.131520884984809
102.25976188483567 72.033515917657652
103.74716437208203 71.938989216145714
105.25620162669229 71.839986303608100
106.78718833360406 71.735987448468762
108.34044375495276 71.632473673167453
109.9162917966485 71.538979652704001
111.51506107592134 71.427495914465183
113.13708498984903 71.318994578411818
114.78270178488147 71.214019023443157
116.45225462737648 71.105483916688740
118.14609167516147 70.998492720384206
119.86456615013608 70.862034450556393
121.60803641193078 70.735997622624069
123.3768660326369 70.620508746879835
125.17142387262359 70.497470554702431
126.99208415745765 70.370995124608569
128.83922655594208 70.263990932926532
130.71323625928977 70.188993292323005
132.61450406144883 70.135014080274317
134.5434264405962 70.093988886831681
136.50040564181674 70.042990195968173
138.48584976098482 69.995003631154447
140.50017282986593 69.952996490978734
142.5437949024563 69.911504164162466
144.61714214257822 69.893500945815646
146.7206469127495 69.907497650560117
148.8547478643456 69.968492792748407
151.01989002907314 70.062995199883346
153.216524911774 70.165477834982624
155.4451105845792 70.239500293457525
157.70611178243232 70.245497319950402
160.00000000000236 70.190499999999929
162.3272535900062 70.115994468494137
164.6883578629612 70.064501642943483
167.08380518838874 70.075499105622811
169.51409509748981 70.131503509274765
171.97973438731407 70.222490198396429
174.4812372264439 70.325009440453442
177.01912526221608 70.426004305128600
179.5939277295025 70.514497516140182
182.20618156107355 70.582503596964671
184.85643149956664 70.635007943186523
187.54523021108326 70.684503586499645
190.27313840043846 70.727001400004440
193.04072492808663 70.754997217480650
195.84856692874806 70.763998611951109
198.69724993176072 70.762499048702637
201.58736798318304 70.751498055322429
204.5195237696723 70.736002516730338
207.49432874416505 70.714996350917986
210.5124032533856 70.681492625019729
213.57437666720915 70.625490362071730
216.68088750990657 70.546002878327130
219.83258359329807 70.442513673253060
223.03012215184378 70.325995067234416
226.2741699796992 70.194993362992591
229.5654035697641 70.066483688048450
232.90450925475412 69.931519835511438
236.2921833503241 69.798992931650290
239.72913230027333 69.666495010758268
243.21607282386276 69.534997272707244
246.75373206527502 69.402510034299326
250.34284774524843 69.269005663418596
253.9841683149166 69.142994646182274
257.67845311188546 69.025486822519866
261.42647251858085 68.916487512985185
265.22900812289896 68.815999794716788
269.08685288119375 68.718503718010254
273.0008112836349 68.629004315307782
276.97169952197106 68.544006431788574
281.00034565973334 68.456993362453744
285.0875898049141 68.378507876789200
289.23428428515797 68.309495303584868
293.44129382550057 68.239995354129462
297.7094957286928 68.172507973369221
302.0397800581479 68.103003530244507
306.4330498235497 68.029999111291858
310.89022116916016 67.950495500317842
315.41222356486645 67.858495346459293
320.00000000000654 67.762999999999849
324.6545071800142 67.660010904502371
329.3767157259242 67.555506291114128
334.16761037677935 67.446508864314552
339.02819019498156 67.335495641445362
343.95946877463007 67.222489037251307
348.9624744528898 67.105488877089471
354.03825052443415 66.986494089569177
359.187855459007 66.865003410044778
364.4123631221491 66.742491540164991
369.71286299913527 66.619003191776414
375.0904604221685 66.499489957800932
380.54627680087896 66.380494273947505
386.08144985617537 66.265991429022307
391.6971338574982 66.158997733020612
397.3944998635236 66.062508470194800
403.1747359663683 65.981503700125288
409.0390475393468 65.918499696387357
414.9886574883323 65.880502187469475
421.0248065067734 65.862500577017585
427.1487533344206 65.867499798607469
433.3617750198154 65.892999076614416
439.6651671865984 65.938001503241509
446.06024430368984 65.995502353418715
452.54833995940066 66.058003614941214
459.13080713953053 66.127997949227876
465.8090185095106 66.205500183046084
472.58436670065066 66.272503307454230
479.45826460054917 66.334502067784612
486.432145647728 66.389000823450061
493.50746413055253 66.429001422325143
500.6856954904994 66.450999066832566
507.9683366298358 66.459499954441767
515.3569062237735 66.458500012691331
522.8529450371643 66.459499992667702
530.4580162458005 66.482500106326199
538.1737057623901 66.532998074261371
546.0016225672724 66.577997830292190
553.9433990439449 66.612001708490453
562.0006913194694 66.646498678396824
570.1751796098309 66.687500963665002
578.4685685703187 66.731997685239833
586.8825876510039 66.765498358249189
595.4189914573883 66.787999977482571
604.0795601162986 66.822498247778810
612.8660996471021 66.865000380076452
621.780442338323 66.899001467287675
630.8244471297356 66.929001096383942
640.0000000000159 66.951500000000038
649.3090143600314 66.970000050938268
658.7534314518515 67.003502116284380
668.3352207535618 67.050501146801238
678.0563803899662 67.101001928368476
687.9189375492632 67.150999683409026
697.9249489057827 67.197999760001181
708.0765010488715 67.239501629624968
718.3757109180171 67.272999059781910
728.8247262443015 67.289499567712795
739.425725998274 67.282500180927471
750.1809208443404 67.249000246556449
761.0925536017613 67.202001922719688
772.1628997123541 67.167000317079271
783.3942677149998 67.162500681328211
794.7889997270506 67.191499999305350
806.34947193274 67.245002776311622
818.0780950786972 67.314000615266806
829.9773149766683 67.391002152371016
842.0496130135506 67.473497355555196
854.2975066688449 67.558003526744585
866.7235500396347 67.644496867983293
879.3303343732008 67.734502431329759
892.1204886073838 67.827503633398507
905.0966799188055 67.923997619801554
918.2616142790653 68.023497084752520
931.6180370190256 68.127500297769444
945.1687334013056 68.236497855563599
958.9165292011028 68.350996078958858
972.8642912954606 68.470502562807212
987.0149282611097 68.594999368843773
1001.3713909810035 68.725003610252969
1015.9366732596762 68.859496982934672
1030.7138124475518 68.998998229439906
1045.7058900743334 69.142498947816620
1060.916032491606 69.288500312682487
1076.3474115247852 69.437003969100829
1092.0032451345498 69.588002368934355
1107.8867980878947 69.741498048759240
1124.0013826389438 69.895003639388079
1140.350359219667 70.050503400101761
1156.9371371406426 70.207501295778599
1173.765175302013 70.366501653114511
1190.837982914782 70.527499838884779
1208.1591202326028 70.690501135754403
1225.73219929421 70.856501889097629
1243.5608846766518 71.025498906857024
1261.648894259477 71.197998991583361
1280.0000000000375 71.374500000000381
1298.6180287200684 71.556000281286060
1317.5068629037087 71.740998657270694
1336.6704415071292 71.930504405306948
1356.112760779938 72.124497613089943
1375.8378750985323 72.320998755734422
1395.8498978115715 72.521498976175309
1416.153002097749 72.723500020826762
1436.7514218360407 72.928004168300419
1457.6494524886093 73.134504460433888
1478.8514519965543 73.343504475629487
1500.3618416886875 73.556498432415538
1522.1851072035295 73.773501070050145
1544.3257994247153 73.994497997961346
1566.788535430007 74.220995315625544
1589.5779994541087 74.452999994442635
1612.6989438654878 74.690499423383642
1636.156190157402 74.934001985550424
1659.9546299533442 75.182496136115219
1684.099226027109 75.437002394433165
1708.5950133376978 75.696500141953209
1733.4471000792773 75.961001067713397
1758.6606687464096 76.229996465962728
1784.2409772147755 76.501999757717698
1810.193359837619 76.777503765106886
1836.5232285581387 77.053002352917616
1863.2360740380593 77.328000744423690
1890.3374668026197 77.600494638909083
1917.833058402214 77.867000539094136
1945.7285825909298 78.124496147016231
1974.0298565222283 78.369998755386973
2002.7427819620161 78.598498264838952
2031.8733465193618 78.806502128007594
2061.4276248951132 78.987997696446058
2091.411780148677 79.139998885492219
2121.832064983222 79.257000167390288
2152.694823049581 79.336499544193430
2184.0064902691106 79.375499365115459
2215.7735961758003 79.372500038136195
2248.002765277899 79.326500335015567
2280.7007184393456 79.240500740541194
2313.874274281297 79.115498700146574
2347.530350604038 78.955998059387241
2381.6759658295764 78.767000189135189
2416.318240465218 78.552498405838634
2451.4643985884327 78.319497227832983
2487.1217693533167 78.071501604138689
2523.2977885189675 77.813501508240449
2560.0000000000887 77.550499999999374
2597.236057440151 77.285499597076608
2635.0137258074315 77.020501923368897
2673.340883014273 76.758000801230281
2712.225521559891 76.500503168273838
2751.6757501970797 76.248001598865329
2791.699795623158 76.003501248504350
2832.3060041955137 75.767499977238700
2873.502843672097 75.544000848102684
2915.2989049772345 75.334500476296029
2957.7029039931244 75.141000438103248
3000.723683377391 74.965501291631242
3044.370214407075 74.804999273721563
3088.6515988494466 74.655001358849717
3133.57707086003 74.510499778460371
3179.1559989082334 74.368000003413343
3225.3978877309914 74.231000332616546
3272.3123803148205 74.112499424697631
3319.9092599067053 74.040499814310067
3368.198452054235 74.005999700119162
3417.190026675413 73.973499980947679
3466.8942001585724 73.937999894814226
3517.3213374928373 73.911499920839816
3568.4819544295697 73.899500010688712
3620.386719675257 73.906999959494556
3673.0464571162966 73.935000427803217
3726.472148076138 73.985000203525118
3780.6749336052594 74.059499908742907
3835.6661168044484 74.159500265888127
3891.45716518188 74.286500453788364
3948.059713044477 74.441999211674585
4005.4855639240527 74.624998610352492
4063.746693038744 74.837498880395685
4122.855249790247 75.081501147546447
4182.823560297375 75.356997979988449
4243.664129966465 75.663000694827687
4305.389646099183 75.992998107972824
4368.012980538242 76.340999891849776
4431.5471923516225 76.696001035496181
4496.00553055582 77.043002579924618
4561.401436878714 77.361001702133422
4627.748548562617 77.619498241144214
4695.060701208099 77.789499245385315
4763.351931659176 77.835499953966433
4832.63648093046 77.728500801622872
4902.928797176889 77.456000786281479
4974.243538706657 77.017002839623899
5046.595577037959 76.450503311698299
5120.000000000202 75.797499999998095
5194.472114880326 75.093998893086109
5270.027451614888 74.365995708023661
5346.6817660285715 73.637502223575567
5424.451043119808 72.921999622364893
5503.351500394186 72.231004375452997
5583.399591246343 71.574495591842918
5664.612008391055 70.968999946533685
5747.005687344222 70.444001992187339
5830.597809954497 69.999001011702660
5915.405807986278 69.572000966770347
6001.447366754812 69.146498342538649
6088.740428814181 68.751998312593940
6177.303197698925 68.403499338810619
6267.154141720092 68.102999605892592
6358.3119978165005 67.849500006072049
6450.795775462017 67.642000503780451
6544.624760629676 67.482500406905814
6639.818519813445 67.374499763180495
6736.396904108505 67.330500043686783
6834.380053350861 67.367000049106252
6933.788400317181 67.458499448028064
7034.642674985712 67.580999605228840
7136.963908859177 67.746499852583469
7240.773439350552 67.969501170127529
7346.092914232631 68.249999771574750
7452.944296152315 68.580000991672875
7561.349867210557 68.942999555351491
7671.332233608935 69.286000493040206
7782.914330363799 69.521498586708319
7896.119426088994 69.572999738912443
8010.971127848146 69.396999539723851
8127.49338607753 68.977497865793140
8245.710499580537 68.324002766280245
8365.647120594791 67.490499065417879
8487.328259932974 66.547497915499719
8610.77929219841 65.557497698517892
8736.025961076528 64.571000306578242
8863.094384703289 63.615004629167274
8992.011061111683 62.700999593264726
9122.802873757471 61.830500840220509
9255.497097125279 61.008499453857880
9390.121402416245 60.251498018604622
9526.7038633184 59.579000672985480
9665.272961860968 58.994500160874821
9805.857594353829 58.491998291487974
9948.487077413367 58.081999831482122
10093.19115407597 57.766999800595102
10240.000000000457 57.577000000000169
10388.944229760706 57.632500430294812
10540.05490322983 57.915499818769263
10693.363532057198 58.292501262250020
10848.902086239672 58.661500211225743
11006.703000788428 59.048000002297385
11166.799182492743 59.514500670198068
11329.224016782166 60.111000076788073
11494.0113746885 60.864997138839769
11661.195619909053 61.848504689054252
11830.811615972614 63.131497095178332
12002.894733509682 64.648497650751011
12177.48085762842 66.200005284946428
12354.606395397908 67.291500739295941
12534.308283440243 67.627498660211131
12716.62399563306 67.415000005089951
12901.591550924093 66.908501229709714
13089.249521259411 66.169001886563137
13279.637039626952 65.150999766534625
13472.793808217073 64.013001129904524
13668.760106701786 63.057499679331656
13867.576800634426 62.460000599148614
14069.285349971487 62.278000472003100
14273.927817718419 62.553999754158625
14481.54687870117 63.287999571169586
14692.18582846533 64.263499205597867
14905.888592304698 64.841998896357410
15122.699734421185 64.402000538970256
15342.664467217943 62.886995181582712
15565.828660727671 60.585503498914541
15792.238852178061 57.974501704708629
16021.942255696367 55.506997668445521
16254.986772155136 53.381994885740994
16491.42099916115 51.816006628912845
16731.294241189662 50.567503949484539
16974.65651986603 49.508498409258756
17221.558584396902 48.753001271706466
17472.051922153143 48.305501925541009
17726.188769406665 48.192500102531895
17984.022122223458 48.464003232595928
18245.605747515034 49.217503619429664
18510.99419425065 50.502501021582034
18780.242804832582 51.918501853230985
19053.40772663689 52.547499370546134
19330.545923722028 51.955502299050508
19611.71518870775 50.239498249263626
19896.974154826825 47.593007841095158
20186.382308152035 47.593000000000004
