20 100.453499999999991
20.290906698750476 100.423924387041666
20.586044732869844 100.394872263360242
20.885475648548283 100.368282984378226
21.189261887185914 100.345305430776293
21.49746679841394 100.328492149303742
21.810154653305165 100.314093775898925
22.12739065777668 100.299811990466722
22.449240966187475 100.281478667832459
22.77577269513385 100.252791372331728
23.107053937445478 100.213512398798969
23.44315377638505 100.164072493124706
23.784142300054445 100.110037231991299
24.130090616010463 100.056419979385055
24.481070866093134 100.009092468608628
24.837156241469714 99.967827244472275
25.1984209978975 99.932646057694484
25.56494047120865 99.897918263852816
25.936791093020236 99.859097998696399
26.3140504066728 99.813103278776765
26.69679708340074 99.757988444781390
27.08511093873791 99.697073831324602
27.47907294916184 99.634197217313613
27.878765268980047 99.574230579411676
28.284271247461966 99.521818907809646
28.695675446220072 99.477302183501536
29.11306365684382 99.439276525511417
29.536522918790062 99.402238139364613
29.966141537533712 99.357987421634022
30.402009102982383 99.301701984050993
30.844216508158908 99.234966270515855
31.29285596815558 99.165830534816479
31.74802103936409 99.101513201764590
32.20980663898519 99.044291849794675
32.67830906482211 98.992420930064043
33.153626015361866 98.940793886279465
33.63585661014871 98.886240633222741
34.125101410453844 98.829988642029178
34.62146244024586 98.776096680855900
35.12504320746613 98.728621413780303
35.635948725613716 98.687303845578981
36.15428553564419 98.649045726969263
36.68016172818701 98.613149811124231
37.21368696608603 98.581888277763525
37.754972507267915 98.553705023970991
38.30413122794313 98.521753060852774
38.86127764614443 98.468642788121954
39.4265279456077 98.399046258004873
40.000000000000206 98.328999999999979
40.58181339750116 98.283909311391369
41.1720894657399 98.264860601336679
41.77095129709678 98.244968259990969
42.37852377437204 98.195238695819086
42.9949335968281 98.116121511513128
43.62030930661056 98.023020103652385
44.25478131555359 97.942445101799308
44.89848193237519 97.882544465839970
45.55154539026795 97.833618648086301
46.21410787489121 97.776983505894208
46.88630755277036 97.704567721636209
47.56828460010916 97.629793606139671
48.260181232021196 97.550736750069262
48.962141732186545 97.460670725949541
49.674312482939705 97.377797453099987
50.39684199579528 97.300111139994840
51.129880942417586 97.197448890658563
51.873582186040764 97.086768605381124
52.628100813345895 97.037205555748358
53.393594166801776 97.011304253707237
54.17022187747612 96.952068875259528
54.95814589832399 96.898174190246763
55.75753053796041 96.901044430284642
56.56854249492426 96.890865081389578
57.39135089244048 96.860410832609062
58.226127313687975 96.820645888942977
59.073045837580466 96.777802424668721
59.932283075067765 96.710781920144711
60.804018205965114 96.636649755409110
61.68843301631817 96.557964294203401
62.58571193631152 96.468982440335736
63.49604207872855 96.375403707969681
64.41961327797075 96.289381904567406
65.35661812964459 96.216715039989694
66.3072520307241 96.150645983864678
67.27171322029778 96.080083659325439
68.25020282090806 95.998232354581006
69.2429248804921 95.914537709082595
70.25008641493265 95.838493605294985
71.27189745122783 95.764510973316504
72.30857107128878 95.694017167152367
73.36032345637442 95.619795579043739
74.42737393217246 95.541583824747931
75.50994501453623 95.468565968809457
76.60826245588666 95.395264459225373
77.72255529228926 95.318547527335255
78.85305589121582 95.247418920890240
80.00000000000082 95.169999999999945
81.16362679500274 95.093394377814931
82.34417893148023 95.009587242751039
83.541902594194 94.920758216606572
84.75704754874454 94.842880874841597
85.98986719365665 94.773557168241808
87.24061861322157 94.715972611786100
88.50956263110764 94.642719051792881
89.79696386475084 94.537581284378689
91.10309078053635 94.432292894630777
92.42821574978288 94.330966634132011
93.77261510554118 94.232011952219196
95.13656920021877 94.137679883768925
96.52036246404286 94.049901333717457
97.92428346437356 93.965716679741888
99.34862496587989 93.878668227524628
100.79368399159105 93.794582819131961
102.25976188483567 93.717511905758215
103.74716437208203 93.641007082465535
105.25620162669229 93.563957527870627
106.78718833360406 93.487115791097395
108.34044375495276 93.406176333069197
109.9162917966485 93.322608278999837
111.51506107592134 93.247609874830658
113.13708498984903 93.190676512252310
114.78270178488147 93.145341927809824
116.45225462737648 93.120526559123675
118.14609167516147 93.110264255853707
119.86456615013608 93.125135681019003
121.60803641193078 93.150220686620600
123.3768660326369 93.194544288063128
125.17142387262359 93.247771270378337
126.99208415745765 93.309394889406036
128.83922655594208 93.368097791106351
130.71323625928977 93.421908641159604
132.61450406144883 93.466675577167535
134.5434264405962 93.498434264405972
136.50040564181674 93.512499594358189
138.48584976098482 93.505048340427933
140.50017282986593 93.475913008434503
142.5437949024563 93.432656341231336
144.61714214257822 93.380145733221667
146.7206469127495 93.318036463234961
148.8547478643456 93.250606169195208
151.01989002907314 93.180047607046404
153.216524911774 93.107854677911462
155.4451105845792 93.035557660345717
157.70611178243232 92.968553317221620
160.00000000000236 92.913499999999956
162.3272535900062 92.870213083225877
164.6883578629612 92.835487646773359
167.08380518838874 92.801409966324883
169.51409509748981 92.766497030596156
171.97973438731407 92.733763452964922
174.4812372264439 92.698470183939207
177.01912526221608 92.657886345699666
179.5939277295025 92.611052944231261
182.20618156107355 92.564671204525098
184.85643149956664 92.522739668606761
187.54523021108326 92.482312500791522
190.27313840043846 92.441012179353606
193.04072492808663 92.400605416049927
195.84856692874806 92.360120062997538
198.69724993176072 92.321435750887119
201.58736798318304 92.282541409565965
204.5195237696723 92.242233175147817
207.49432874416505 92.201577507163080
210.5124032533856 92.156549480736928
213.57437666720915 92.105342002490644
216.68088750990657 92.047063137311767
219.83258359329807 91.983973890439060
223.03012215184378 91.921033852770066
226.2741699796992 91.859548827045614
229.5654035697641 91.798967601220994
232.90450925475412 91.737266578787057
236.2921833503241 91.684690295582726
239.72913230027333 91.633995298570966
243.21607282386276 91.580447971362929
246.75373206527502 91.530478534577995
250.34284774524843 91.483457267375456
253.9841683149166 91.435209769827367
257.67845311188546 91.384881076350553
261.42647251858085 91.331244457545409
265.22900812289896 91.274007626125794
269.08685288119375 91.215052451980114
273.0008112836349 91.148610498305032
276.97169952197106 91.078116720805752
281.00034565973334 91.008093985520645
285.0875898049141 90.936967178413994
289.23428428515797 90.864400025009729
293.44129382550057 90.789400840523541
297.7094957286928 90.714625723893619
302.0397800581479 90.641853574055091
306.4330498235497 90.571882219431046
310.89022116916016 90.501729016585728
315.41222356486645 90.431775424170525
320.00000000000654 90.362499999999898
324.6545071800142 90.292682392299781
329.3767157259242 90.223162278828909
334.16761037677935 90.156070215762767
339.02819019498156 90.090522251387256
343.95946877463007 90.027214746562208
348.9624744528898 89.966054059120040
354.03825052443415 89.912713669703209
359.187855459007 89.870753512965649
364.4123631221491 89.837143348642684
369.71286299913527 89.817004979503025
375.0904604221685 89.818400610441032
380.54627680087896 89.842562082975320
386.08144985617537 89.882876033806241
391.6971338574982 89.953030594477951
397.3944998635236 90.037467047693553
403.1747359663683 90.143142790013655
409.0390475393468 90.262326506249508
414.9886574883323 90.389007081208447
421.0248065067734 90.518317282287995
427.1487533344206 90.647191317799894
433.3617750198154 90.771160983716442
439.6651671865984 90.889663378443529
446.06024430368984 91.002165718036196
452.54833995940066 91.107508937362581
459.13080713953053 91.207962107092953
465.8090185095106 91.305278513760527
472.58436670065066 91.400353679044770
479.45826460054917 91.498644836707967
486.432145647728 91.601538970151154
493.50746413055253 91.709936056290616
500.6856954904994 91.823842559943529
507.9683366298358 91.938999322959276
515.3569062237735 92.051675140244711
522.8529450371643 92.159514758001720
530.4580162458005 92.261467568934250
538.1737057623901 92.353299095396181
546.0016225672724 92.432943058636369
553.9433990439449 92.501196955269833
562.0006913194694 92.559604355312658
570.1751796098309 92.610884657029644
578.4685685703187 92.652766271280115
586.8825876510039 92.688374479986578
595.4189914573883 92.719966470100857
604.0795601162986 92.749258570377975
612.8660996471021 92.776598298941309
621.780442338323 92.803825644324860
630.8244471297356 92.831138230815156
640.0000000000159 92.860500000000044
649.3090143600314 92.888892493798096
658.7534314518515 92.921199338508885
668.3352207535618 92.959674405089601
678.0563803899662 93.001948073715852
687.9189375492632 93.047323059604082
697.9249489057827 93.093851012411889
708.0765010488715 93.141863379982141
718.3757109180171 93.192040983498288
728.8247262443015 93.243241158597073
739.425725998274 93.295186057391533
750.1809208443404 93.347904604221696
761.0925536017613 93.402462768008803
772.1628997123541 93.459378021594432
783.3942677149998 93.519845615981922
794.7889997270506 93.584602498407804
806.34947193274 93.653890515588031
818.0780950786972 93.727773845123892
829.9773149766683 93.805809723305401
842.0496130135506 93.887678557219289
854.2975066688449 93.974335986126988
866.7235500396347 94.066108300298779
879.3303343732008 94.162276608110957
892.1204886073838 94.262989209618581
905.0966799188055 94.366698162677011
918.2616142790653 94.473074576869379
931.6180370190256 94.580444296152208
945.1687334013056 94.686161592184959
958.9165292011028 94.788016358758028
972.8642912954606 94.886132181710707
987.0149282611097 94.982793934700624
1001.3713909810035 95.080325458670814
1015.9366732596762 95.179587935259718
1030.7138124475518 95.283700633546459
1045.7058900743334 95.393400793687135
1060.916032491606 95.508675587850917
1076.3474115247852 95.629824205915781
1092.0032451345498 95.755838968128671
1107.8867980878947 95.885566084225132
1124.0013826389438 96.018733705806781
1140.350359219667 96.154390463562265
1156.9371371406426 96.291546705825780
1173.765175302013 96.430952372785242
1190.837982914782 96.570996513550227
1208.1591202326028 96.713081407608342
1225.73219929421 96.856176479967132
1243.5608846766518 97.001129348784133
1261.648894259477 97.146579450551130
1280.0000000000375 97.292500000000302
1298.6180287200684 97.437188680338821
1317.5068629037087 97.584053530648930
1336.6704415071292 97.728945072341162
1356.112760779938 97.873234429771543
1375.8378750985323 98.016824594464367
1395.8498978115715 98.160326769352736
1416.153002097749 98.302801797982610
1436.7514218360407 98.446084810668680
1457.6494524886093 98.589669265972319
1478.8514519965543 98.733958786456782
1500.3618416886875 98.878924339314210
1522.1851072035295 99.025140218263658
1544.3257994247153 99.173096340157102
1566.788535430007 99.322811645963853
1589.5779994541087 99.474297916375292
1612.6989438654878 99.628328945021451
1636.156190157402 99.784800226448297
1659.9546299533442 99.943895113286459
1684.099226027109 100.106146798902159
1708.5950133376978 100.271102290162844
1733.4471000792773 100.439440280539088
1758.6606687464096 100.611065760850508
1784.2409772147755 100.785893103693368
1810.193359837619 100.964130315682823
1836.5232285581387 101.145740741622319
1863.2360740380593 101.330328910862619
1890.3374668026197 101.517328520938079
1917.833058402214 101.706691441807237
1945.7285825909298 101.897783504921961
1974.0298565222283 102.090883621481595
2002.7427819620161 102.284830926112818
2031.8733465193618 102.479332864585786
2061.4276248951132 102.673731974321726
2091.411780148677 102.867417744605802
2121.832064983222 103.059313001271391
2152.694823049581 103.247510253009366
2184.0064902691106 103.434237643560834
2215.7735961758003 103.614543458775699
2248.002765277899 103.791014517708973
2280.7007184393456 103.959646901582090
2313.874274281297 104.120015375408030
2347.530350604038 104.270672680107424
2381.6759658295764 104.409307216308221
2416.318240465218 104.537841870953841
2451.4643985884327 104.650966415694711
2487.1217693533167 104.752301963141178
2523.2977885189675 104.836381467672268
2560.0000000000887 104.906000000000148
2597.236057440151 104.960614170364181
2635.0137258074315 105.002012353226689
2673.340883014273 105.029212768770890
2712.225521559891 105.047149357905283
2751.6757501970797 105.055939203161955
2791.699795623158 105.059084989781155
2832.3060041955137 105.054007979286766
2873.502843672097 105.040658748784281
2915.2989049772345 105.017525821267071
2957.7029039931244 104.983566008887095
3000.723683377391 104.939122533904921
3044.370214407075 104.885673047457232
3088.6515988494466 104.825620906596399
3133.57707086003 104.762402674024457
3179.1559989082334 104.696432241593982
3225.3978877309914 104.629934999422005
3272.3123803148205 104.564655162771842
3319.9092599067053 104.501516147319421
3368.198452054235 104.441889795617087
3417.190026675413 104.387466172791079
3466.8942001585724 104.339133103860462
3517.3213374928373 104.297355423630222
3568.4819544295697 104.262965285975142
3620.386719675257 104.236845312129901
3673.0464571162966 104.219468850292088
3726.472148076138 104.211411671115428
3780.6749336052594 104.213943920034964
3835.6661168044484 104.224169818545477
3891.45716518188 104.246228582590931
3948.059713044477 104.274529856522236
4005.4855639240527 104.310885607779539
4063.746693038744 104.352278797337064
4122.855249790247 104.396046262349671
4182.823560297375 104.438794977617619
4243.664129966465 104.477472196907257
4305.389646099183 104.508271662281274
4368.012980538242 104.526937011152512
4431.5471923516225 104.527060377197486
4496.00553055582 104.508331489814722
4561.401436878714 104.462935685451583
4627.748548562617 104.392393747060254
4695.060701208099 104.289530126327818
4763.351931659176 104.156885928124325
4832.63648093046 103.993513325534281
4902.928797176889 103.796889636939937
4974.243538706657 103.575137773558254
5046.595577037959 103.325294479158757
5120.000000000202 103.054785714284947
5194.472114880326 102.765970462149568
5270.027451614888 102.476333698581200
5346.6817660285715 102.216827720123035
5424.451043119808 101.988354586715388
5503.351500394186 101.762280648856859
5583.399591246343 101.526178710932697
5664.612008391055 101.299640036966551
5747.005687344222 101.092271663177797
5830.597809954497 100.910323128235774
5915.405807986278 100.757546723619555
6001.447366754812 100.635552633245183
6088.740428814181 100.551630879442712
6177.303197698925 100.506784154893850
6267.154141720092 100.501099554329258
6358.3119978165005 100.537363158788153
6450.795775462017 100.611549754339322
6544.624760629676 100.722805293472092
6639.818519813445 100.865996928088464
6736.396904108505 101.032378396436400
6834.380053350861 101.207836993630764
6933.788400317181 101.371655296456737
7034.642674985712 101.495926633613067
7136.963908859177 101.547173248202682
7240.773439350552 101.488902263237776
7346.092914232631 101.289201454427712
7452.944296152315 100.929251993179321
7561.349867210557 100.403398848149180
7671.332233608935 99.745799553184213
7782.914330363799 98.990896602115612
7896.119426088994 98.177477446362218
8010.971127848146 97.359950573744442
8127.49338607753 96.591489444367852
8245.710499580537 95.920834665841184
8365.647120594791 95.396993398354041
8487.328259932974 95.022406442945211
8610.77929219841 94.793020979805277
8736.025961076528 94.676592918299164
8863.094384703289 94.627912704101988
8992.011061111683 94.627053259592586
9122.802873757471 94.666573921417665
9255.497097125279 94.741911396031455
9390.121402416245 94.838048879302107
9526.7038633184 94.939582833100161
9665.272961860968 95.041084087513781
9805.857594353829 95.147686075483065
9948.487077413367 95.283191873622371
10093.19115407597 95.502341970911942
10240.000000000457 95.837100000001200
10388.944229760706 96.292145511734930
10540.05490322983 96.845084661708910
10693.363532057198 97.451188669511083
10848.902086239672 98.050223476157157
11006.703000788428 98.534266358413248
11166.799182492743 98.807133316384267
11329.224016782166 98.739531230552529
11494.0113746885 98.397745094048148
11661.195619909053 97.722563373099320
11830.811615972614 96.953585571022444
12002.894733509682 96.135859833649192
12177.48085762842 95.372758695926763
12354.606395397908 94.754310697508046
12534.308283440243 94.254495160996299
12716.62399563306 93.905844486826993
12901.591550924093 93.643285853011648
13089.249521259411 93.399062408760969
13279.637039626952 93.076345883566617
13472.793808217073 92.591510200691800
13668.760106701786 91.841466380095540
13867.576800634426 90.774238851984080
14069.285349971487 89.441533552370146
14273.927817718419 87.981068474216215
14481.54687870117 86.560935092028785
14692.18582846533 85.103267837078334
14905.888592304698 83.670205741758281
15122.699734421185 82.380985841561809
15342.664467217943 81.302847855963435
15565.828660727671 80.445380871387883
15792.238852178061 79.807104690357519
16021.942255696367 79.418252546156936
16254.986772155136 79.393546004689426
16491.42099916115 79.822437692478331
16731.294241189662 80.558250267064608
16974.65651986603 81.581624409344457
17221.558584396902 82.881155832548956
17472.051922153143 84.262835337195497
17726.188769406665 85.262088864964483
17984.022122223458 85.342107159355507
18245.605747515034 84.331077954723156
18510.99419425065 82.567560741926727
18780.242804832582 80.600292416409815
19053.40772663689 78.768417331113170
19330.545923722028 77.144441093426607
19611.71518870775 75.645974740229377
19896.974154826825 74.140806426747531
20186.382308152035 73.588999999999999
