20 91.593500000000006
20.290906698750476 91.635681611924184
20.586044732869844 91.676092786516250
20.885475648548283 91.714160248816114
21.189261887185914 91.749747107681330
21.49746679841394 91.782868538010746
21.810154653305165 91.814439393233755
22.12739065777668 91.843146682555442
22.449240966187475 91.870939264164122
22.77577269513385 91.896682896078033
23.107053937445478 91.920815376776687
23.44315377638505 91.943066438949586
23.784142300054445 91.963127826502983
24.130090616010463 91.981287734066285
24.481070866093134 91.996516499728614
24.837156241469714 92.009114670959661
25.1984209978975 92.017968419957953
25.56494047120865 92.024061761044521
25.936791093020236 92.027512967783991
26.3140504066728 92.028500000000008
26.69679708340074 92.028254003645742
27.08511093873791 92.027382965594313
27.47907294916184 92.025255795957236
27.878765268980047 92.020666977551514
28.284271247461966 92.011324676318537
28.695675446220072 91.998064333043629
29.11306365684382 91.981412135442028
29.536522918790062 91.962173854060495
29.966141537533712 91.940692923123322
30.402009102982383 91.916876105729074
30.844216508158908 91.888585159026974
31.29285596815558 91.856294732428125
31.74802103936409 91.820906337890236
32.20980663898519 91.783586048964224
32.67830906482211 91.743987111360468
33.153626015361866 91.701559154555980
33.63585661014871 91.655142625764839
34.125101410453844 91.604989453312811
34.62146244024586 91.553246443774185
35.12504320746613 91.499870290386184
35.635948725613716 91.443229947828812
36.15428553564419 91.381868593580123
36.68016172818701 91.315939298792060
37.21368696608603 91.247007007442733
37.754972507267915 91.175078760692031
38.30413122794313 91.100421768087955
38.86127764614443 91.021614857077623
39.4265279456077 90.939653461203704
40.000000000000206 90.853999999999971
40.58181339750116 90.765273161124952
41.1720894657399 90.674303006683402
41.77095129709678 90.581026615457802
42.37852377437204 90.486828788074064
42.9949335968281 90.390460144697414
43.62030930661056 90.289016244839047
44.25478131555359 90.183668836527389
44.89848193237519 90.076835135664894
45.55154539026795 89.969531840839068
46.21410787489121 89.860660602115871
46.88630755277036 89.749259109137029
47.56828460010916 89.636684282432938
48.260181232021196 89.521528639628315
48.962141732186545 89.399687166740378
49.674312482939705 89.278967212274779
50.39684199579528 89.163741387206102
51.129880942417586 89.047747705370142
51.873582186040764 88.923423742950462
52.628100813345895 88.795025628913265
53.393594166801776 88.672230817872006
54.17022187747612 88.556317759454885
54.95814589832399 88.442723432850016
55.75753053796041 88.326461203149790
56.56854249492426 88.207139981998665
57.39135089244048 88.083623313456613
58.226127313687975 87.955337202721523
59.073045837580466 87.824408353550837
59.932283075067765 87.699818954115187
60.804018205965114 87.579448795397937
61.68843301631817 87.458292389498894
62.58571193631152 87.336187888872615
63.49604207872855 87.214274424568472
64.41961327797075 87.094209113697715
65.35661812964459 86.976457660988899
66.3072520307241 86.859515252251668
67.27171322029778 86.742394413564256
68.25020282090806 86.625976472774667
69.2429248804921 86.512278263145873
70.25008641493265 86.401990667187277
71.27189745122783 86.291771023993007
72.30857107128878 86.180791466443395
73.36032345637442 86.069846198808875
74.42737393217246 85.960262606782749
75.50994501453623 85.852430326300976
76.60826245588666 85.745685945633838
77.72255529228926 85.641627677949657
78.85305589121582 85.538136806147236
80.00000000000082 85.432999999999922
81.16362679500274 85.328758172343100
82.34417893148023 85.227804691301259
83.541902594194 85.127942138077401
84.75704754874454 85.027144857778737
85.98986719365665 84.924923306667580
87.24061861322157 84.823049748581440
88.50956263110764 84.721260489861010
89.79696386475084 84.621701461125937
91.10309078053635 84.524646851552575
92.42821574978288 84.427273369288940
93.77261510554118 84.325575154906716
95.13656920021877 84.224497036060711
96.52036246404286 84.128444120873695
97.92428346437356 84.031463411603042
99.34862496587989 83.932324959436585
100.79368399159105 83.831442120588633
102.25976188483567 83.728056906176676
103.74716437208203 83.622131192521010
105.25620162669229 83.515030825778396
106.78718833360406 83.407134420536522
108.34044375495276 83.296768197561718
109.9162917966485 83.184786810970223
111.51506107592134 83.070811637319025
113.13708498984903 82.954824901294273
114.78270178488147 82.837482536533543
116.45225462737648 82.718361687539527
118.14609167516147 82.598161196574097
119.86456615013608 82.476545986333434
121.60803641193078 82.353217385560058
123.3768660326369 82.225513204785386
125.17142387262359 82.094428916007601
126.99208415745765 81.960913828453101
128.83922655594208 81.825017124368287
130.71323625928977 81.686608121992464
132.61450406144883 81.547102081560325
134.5434264405962 81.409231862378562
136.50040564181674 81.275223430461011
138.48584976098482 81.148820713862875
140.50017282986593 81.038658946932657
142.5437949024563 80.947377161023610
144.61714214257822 80.882528591079108
146.7206469127495 80.858923083463097
148.8547478643456 80.876030713693865
151.01989002907314 80.933847865093156
153.216524911774 81.025756160535764
155.4451105845792 81.141905436022512
157.70611178243232 81.273619372807019
160.00000000000236 81.408500000000132
162.3272535900062 81.532309890988330
164.6883578629612 81.642164461696211
167.08380518838874 81.736518119234120
169.51409509748981 81.805672110573738
171.97973438731407 81.844632493912542
174.4812372264439 81.857443711679323
177.01912526221608 81.853750274318230
179.5939277295025 81.835748578163987
182.20618156107355 81.803819639706035
184.85643149956664 81.762297096006932
187.54523021108326 81.714568257651678
190.27313840043846 81.657608561429740
193.04072492808663 81.591873731812228
195.84856692874806 81.519928119695294
198.69724993176072 81.442237551924336
201.58736798318304 81.361847380462464
204.5195237696723 81.282226112180467
207.49432874416505 81.199911630791291
210.5124032533856 81.112132036816234
213.57437666720915 81.023523859151339
216.68088750990657 80.940456480987478
219.83258359329807 80.859227264269222
223.03012215184378 80.783413364162698
226.2741699796992 80.715395628735962
229.5654035697641 80.653540033959359
232.90450925475412 80.591766578787045
236.2921833503241 80.531105928882084
239.72913230027333 80.473537033970416
243.21607282386276 80.418623862127134
246.75373206527502 80.363347936480068
250.34284774524843 80.304214444298935
253.9841683149166 80.242767159685798
257.67845311188546 80.183644750209837
261.42647251858085 80.126674603156459
265.22900812289896 80.070265260264051
269.08685288119375 80.015784059663289
273.0008112836349 79.961363946260477
276.97169952197106 79.907503518893634
281.00034565973334 79.854195575555408
285.0875898049141 79.801843814575136
289.23428428515797 79.747107447435923
293.44129382550057 79.691919050885943
297.7094957286928 79.635192757235529
302.0397800581479 79.575943079185933
306.4330498235497 79.513626285862443
310.89022116916016 79.451036903631760
315.41222356486645 79.386981535952955
320.00000000000654 79.319999999999894
324.6545071800142 79.248320589427777
329.3767157259242 79.173410219957816
334.16761037677935 79.097234995009217
339.02819019498156 79.017534861782806
343.95946877463007 78.933397137076355
348.9624744528898 78.845364202183845
354.03825052443415 78.757138265927296
359.187855459007 78.668887671650978
364.4123631221491 78.579107354299026
369.71286299913527 78.486053611215212
375.0904604221685 78.390981557199325
380.54627680087896 78.299401782270962
386.08144985617537 78.208064222358729
391.6971338574982 78.112855153556438
397.3944998635236 78.015554052333755
403.1747359663683 77.918881417885444
409.0390475393468 77.825394763140110
414.9886574883323 77.737658795163355
421.0248065067734 77.655529342589062
427.1487533344206 77.577752148320570
433.3617750198154 77.511834468576609
439.6651671865984 77.464008996880409
446.06024430368984 77.431475893038325
452.54833995940066 77.418235498012180
459.13080713953053 77.428712190807289
465.8090185095106 77.460941202102688
472.58436670065066 77.515276936012867
479.45826460054917 77.589680727735129
486.432145647728 77.682936468197738
493.50746413055253 77.791400875157109
500.6856954904994 77.910956815115583
507.9683366298358 78.037947869982759
515.3569062237735 78.165965432597346
522.8529450371643 78.290753738724277
530.4580162458005 78.413041999779182
538.1737057623901 78.531407065564551
546.0016225672724 78.638019470807279
553.9433990439449 78.729069603118717
562.0006913194694 78.803205081198101
570.1751796098309 78.862963487854074
578.4685685703187 78.908577127136752
586.8825876510039 78.955886620228171
595.4189914573883 79.009536293191644
604.0795601162986 79.070086755857716
612.8660996471021 79.137233640084375
621.780442338323 79.211633759875753
630.8244471297356 79.290507800602740
640.0000000000159 79.368500000000139
649.3090143600314 79.447161171342259
658.7534314518515 79.530030196776295
668.3352207535618 79.615183464706689
678.0563803899662 79.699687690373196
687.9189375492632 79.781831234781436
697.9249489057827 79.861210848910389
708.0765010488715 79.940092883128756
718.3757109180171 80.020749330706423
728.8247262443015 80.099685446832268
739.425725998274 80.174480081987923
750.1809208443404 80.245251369173360
761.0925536017613 80.320723495745511
772.1628997123541 80.393840609646645
783.3942677149998 80.464479888542883
794.7889997270506 80.533451123373681
806.34947193274 80.602861392926968
818.0780950786972 80.672533478921622
829.9773149766683 80.742098149094375
842.0496130135506 80.812622742579038
854.2975066688449 80.884068788901601
866.7235500396347 80.956251250228661
879.3303343732008 81.028682905927241
892.1204886073838 81.100637386581099
905.0966799188055 81.172956462879995
918.2616142790653 81.246661372490138
931.6180370190256 81.320390123833945
945.1687334013056 81.392934547581916
958.9165292011028 81.464568734205699
972.8642912954606 81.536910743264883
987.0149282611097 81.612695767559813
1001.3713909810035 81.687311241872322
1015.9366732596762 81.759589698972405
1030.7138124475518 81.831992582332674
1045.7058900743334 81.905476141306849
1060.916032491606 81.980927490376104
1076.3474115247852 82.055243006731502
1092.0032451345498 82.127264197463660
1107.8867980878947 82.196653663165534
1124.0013826389438 82.265894726697766
1140.350359219667 82.334695231781126
1156.9371371406426 82.401775561939331
1173.765175302013 82.467729730838926
1190.837982914782 82.531517167685351
1208.1591202326028 82.595134032250996
1225.73219929421 82.657335659400871
1243.5608846766518 82.720605367739211
1261.648894259477 82.784659426383485
1280.0000000000375 82.847500000000124
1298.6180287200684 82.908673522937363
1317.5068629037087 82.970271275001494
1336.6704415071292 83.029261607634425
1356.112760779938 83.088241101359316
1375.8378750985323 83.146325784663205
1395.8498978115715 83.202087218981816
1416.153002097749 83.256574672260669
1436.7514218360407 83.311053696773712
1457.6494524886093 83.365541565520147
1478.8514519965543 83.421167833270914
1500.3618416886875 83.477955262058146
1522.1851072035295 83.535568683017317
1544.3257994247153 83.594793142458244
1566.788535430007 83.653650192118022
1589.5779994541087 83.714652158515179
1612.6989438654878 83.781350810473768
1636.156190157402 83.853307313291097
1659.9546299533442 83.928952093647908
1684.099226027109 84.011121182738677
1708.5950133376978 84.102348651750276
1733.4471000792773 84.200633110325043
1758.6606687464096 84.305567662234637
1784.2409772147755 84.417638856099373
1810.193359837619 84.539651330401085
1836.5232285581387 84.673342646786978
1863.2360740380593 84.820210343497706
1890.3374668026197 84.979524800815710
1917.833058402214 85.149491606765906
1945.7285825909298 85.332137788403770
1974.0298565222283 85.527747801394710
2002.7427819620161 85.735616577747834
2031.8733465193618 85.955330659944948
2061.4276248951132 86.189825492881184
2091.411780148677 86.438758957624344
2121.832064983222 86.703305378350677
2152.694823049581 86.979412092734350
2184.0064902691106 87.262159385962363
2215.7735961758003 87.553617084817347
2248.002765277899 87.851592614190949
2280.7007184393456 88.160905242325043
2313.874274281297 88.482236650052016
2347.530350604038 88.811213090899429
2381.6759658295764 89.142444019828275
2416.318240465218 89.476155108466088
2451.4643985884327 89.807655516837144
2487.1217693533167 90.131171570309192
2523.2977885189675 90.430882308151752
2560.0000000000887 90.699000000000595
2597.236057440151 90.922696597252781
2635.0137258074315 91.097552158068240
2673.340883014273 91.213143968573362
2712.225521559891 91.285374879465195
2751.6757501970797 91.304314884426731
2791.699795623158 91.266875255471049
2832.3060041955137 91.158289747245632
2873.502843672097 91.000382402532608
2915.2989049772345 90.805281562715649
2957.7029039931244 90.588405695956226
3000.723683377391 90.361745892479775
3044.370214407075 90.135857580337486
3088.6515988494466 89.916472325522662
3133.57707086003 89.708492607901363
3179.1559989082334 89.512836364574497
3225.3978877309914 89.323654470198733
3272.3123803148205 89.139320459591090
3319.9092599067053 88.985615961422042
3368.198452054235 88.894709640822512
3417.190026675413 88.839684366922484
3466.8942001585724 88.777544365798605
3517.3213374928373 88.718005449132235
3568.4819544295697 88.671692992810705
3620.386719675257 88.642068515310413
3673.0464571162966 88.650206701121874
3726.472148076138 88.716502651729442
3780.6749336052594 88.795500987012403
3835.6661168044484 88.879338812297618
3891.45716518188 89.021358284887697
3948.059713044477 89.200363842503151
4005.4855639240527 89.333368328343880
4063.746693038744 89.424872023734878
4122.855249790247 89.476023462461541
4182.823560297375 89.484301656625618
4243.664129966465 89.436932927383253
4305.389646099183 89.323528609722430
4368.012980538242 89.131275669800061
4431.5471923516225 88.848037634417693
4496.00553055582 88.493568752359621
4561.401436878714 88.076051668059591
4627.748548562617 87.624599586155966
4695.060701208099 87.164884219152142
4763.351931659176 86.723200457912981
4832.63648093046 86.336157672761800
4902.928797176889 86.103673497457933
4974.243538706657 85.992539363873789
5046.595577037959 85.908508194563638
5120.000000000202 85.795785714285358
5194.472114880326 85.665038483032561
5270.027451614888 85.545896837295459
5346.6817660285715 85.467072197553932
5424.451043119808 85.432974776474339
5503.351500394186 85.404635071259634
5583.399591246343 85.358271502916324
5664.612008391055 85.317309296014258
5747.005687344222 85.295799431265579
5830.597809954497 85.300903255384526
5915.405807986278 85.336131385029631
6001.447366754812 85.401682563852461
6088.740428814181 85.506297938124433
6177.303197698925 85.650400961424424
6267.154141720092 85.833444398398456
6358.3119978165005 86.056819634333820
6450.795775462017 86.317895284140675
6544.624760629676 86.618616681353487
6639.818519813445 86.961500393880840
6736.396904108505 87.348186842461132
6834.380053350861 87.777163946214216
6933.788400317181 88.244042683539931
7034.642674985712 88.733343760305786
7136.963908859177 89.221142898017987
7240.773439350552 89.681190437321021
7346.092914232631 90.080141727250478
7452.944296152315 90.384624931515646
7561.349867210557 90.550737378276338
7671.332233608935 90.569752026480103
7782.914330363799 90.446493751187759
7896.119426088994 90.183783501514625
8010.971127848146 89.770438542473414
8127.49338607753 89.221526990132446
8245.710499580537 88.567240735013883
8365.647120594791 87.843834920401520
8487.328259932974 87.091117587332505
8610.77929219841 86.340438960662993
8736.025961076528 85.616011962720620
8863.094384703289 84.925742413401366
8992.011061111683 84.273424030774876
9122.802873757471 83.660932755608599
9255.497097125279 83.116654446655275
9390.121402416245 82.648473172831800
9526.7038633184 82.256296672189791
9665.272961860968 81.937065977923879
9805.857594353829 81.689787792976063
9948.487077413367 81.505805666135515
10093.19115407597 81.392532121653147
10240.000000000457 81.367400000000060
10388.944229760706 81.451190885113760
10540.05490322983 81.658089217748469
10693.363532057198 81.980817324031364
10848.902086239672 82.425744835446977
11006.703000788428 82.994472765525586
11166.799182492743 83.703244711626454
11329.224016782166 84.600525407282248
11494.0113746885 85.640649741182358
11661.195619909053 86.836212219165844
11830.811615972614 87.998596999724413
12002.894733509682 88.956967592777005
12177.48085762842 89.539751504155475
12354.606395397908 89.356013633646512
12534.308283440243 88.617932394495938
12716.62399563306 87.252371237992378
12901.591550924093 85.550705195619472
13089.249521259411 83.747312100697059
13279.637039626952 82.142126925699927
13472.793808217073 81.066449398910009
13668.760106701786 80.766758489629495
13867.576800634426 80.929709904494857
14069.285349971487 81.052168946825446
14273.927817718419 81.108786696235427
14481.54687870117 81.381966177297215
14692.18582846533 82.023225907775185
14905.888592304698 82.980583863462087
15122.699734421185 84.140744298417388
15342.664467217943 85.249876091249789
15565.828660727671 85.959186579652652
15792.238852178061 86.044158154429880
16021.942255696367 85.725230136348813
16254.986772155136 84.922714923014752
16491.42099916115 83.226062910019593
16731.294241189662 81.288703703951839
16974.65651986603 79.558563291421279
17221.558584396902 78.225293540954567
17472.051922153143 77.334014268475585
17726.188769406665 76.866383775401374
17984.022122223458 76.815766938133265
18245.605747515034 77.290492727189104
18510.99419425065 78.237165166149111
18780.242804832582 78.986309731014984
19053.40772663689 78.433788797948608
19330.545923722028 76.635911111971353
19611.71518870775 75.786078745504255
19896.974154826825 76.543654551693436
20186.382308152035 76.963999999999999
