20 104.251000000000005
20.290906698750476 104.250515153885928
20.586044732869844 104.250023258701020
20.885475648548283 104.249524207252421
21.189261887185914 104.249017898461688
21.49746679841394 104.247268997184392
21.810154653305165 104.244873054968409
22.12739065777668 104.240111425166674
22.449240966187475 104.234015183958974
22.77577269513385 104.227358274466354
23.107053937445478 104.220180490290318
23.44315377638505 104.212898323517237
23.784142300054445 104.204666264623569
24.130090616010463 104.195097268510580
24.481070866093134 104.183888855075082
24.837156241469714 104.171242364884876
25.1984209978975 104.158055265073585
25.56494047120865 104.145433245179817
25.936791093020236 104.132712300682783
26.3140504066728 104.118938008526442
26.69679708340074 104.101906142184220
27.08511093873791 104.081510415103466
27.47907294916184 104.058604481997946
27.878765268980047 104.035819453619879
28.284271247461966 104.014502166379444
28.695675446220072 103.994107578581435
29.11306365684382 103.973394562530444
29.536522918790062 103.950126010278638
29.966141537533712 103.922200800060310
30.402009102982383 103.892369408741445
30.844216508158908 103.863806238370472
31.29285596815558 103.836169711870866
31.74802103936409 103.808870716598790
32.20980663898519 103.780072375104936
32.67830906482211 103.749374983592091
33.153626015361866 103.717360682986111
33.63585661014871 103.685533463730195
34.125101410453844 103.652868002678687
34.62146244024586 103.618011779421806
35.12504320746613 103.580371673025112
35.635948725613716 103.540760050676511
36.15428553564419 103.499965728219763
36.68016172818701 103.458406900016854
37.21368696608603 103.415191355747027
37.754972507267915 103.370509490802448
38.30413122794313 103.324044800396905
38.86127764614443 103.276392265971893
39.4265279456077 103.228699212338356
40.000000000000206 103.182499999999990
40.58181339750116 103.137894157505428
41.1720894657399 103.092163133089485
41.77095129709678 103.047178584979690
42.37852377437204 102.999957778341354
42.9949335968281 102.948842950076795
43.62030930661056 102.893605807131522
44.25478131555359 102.840532553807620
44.89848193237519 102.789036873809877
45.55154539026795 102.734213649169902
46.21410787489121 102.672648086649872
46.88630755277036 102.608547294712878
47.56828460010916 102.546342141216456
48.260181232021196 102.489426302366383
48.962141732186545 102.434654285158700
49.674312482939705 102.372483231593264
50.39684199579528 102.299579564913330
51.129880942417586 102.226868149106735
51.873582186040764 102.160745559550023
52.628100813345895 102.093935843201990
53.393594166801776 102.023346497399700
54.17022187747612 101.952973322231287
54.95814589832399 101.883421421260692
55.75753053796041 101.810428453274227
56.56854249492426 101.736546904209348
57.39135089244048 101.663256796911455
58.226127313687975 101.589196287140709
59.073045837580466 101.511279782942594
59.932283075067765 101.432229957093767
60.804018205965114 101.354135401122591
61.68843301631817 101.273906457939063
62.58571193631152 101.193027041975967
63.49604207872855 101.112100276032521
64.41961327797075 101.030364224899586
65.35661812964459 100.948509149915395
66.3072520307241 100.868305333480635
67.27171322029778 100.788811946105142
68.25020282090806 100.707358267275083
69.2429248804921 100.625823084680150
70.25008641493265 100.544368043597927
71.27189745122783 100.461840357724924
72.30857107128878 100.377505743225612
73.36032345637442 100.292133638305472
74.42737393217246 100.204314276663595
75.50994501453623 100.114429431124336
76.60826245588666 100.024367764462056
77.72255529228926 99.934880401638367
78.85305589121582 99.847689441812321
80.00000000000082 99.754499999999922
81.16362679500274 99.658015703703612
82.34417893148023 99.560825242966075
83.541902594194 99.467052369868696
84.75704754874454 99.370835014249948
85.98986719365665 99.270660643752990
87.24061861322157 99.169850224898198
88.50956263110764 99.068222239336563
89.79696386475084 98.963513605666918
91.10309078053635 98.861050628476448
92.42821574978288 98.756659898975045
93.77261510554118 98.647722627844246
95.13656920021877 98.538074436668580
96.52036246404286 98.428233342433586
97.92428346437356 98.320026071320484
99.34862496587989 98.210938877463065
100.79368399159105 98.102002823291727
102.25976188483567 97.995050398253454
103.74716437208203 97.888364348483606
105.25620162669229 97.782903764802953
106.78718833360406 97.679258381648538
108.34044375495276 97.574910120499851
109.9162917966485 97.471799983402192
111.51506107592134 97.369174600584188
113.13708498984903 97.270090870732560
114.78270178488147 97.167443336995120
116.45225462737648 97.076926469774435
118.14609167516147 96.977684005940048
119.86456615013608 96.879863075963854
121.60803641193078 96.804518772005480
123.3768660326369 96.746915724101015
125.17142387262359 96.687343012203428
126.99208415745765 96.628737475276267
128.83922655594208 96.581355800357187
130.71323625928977 96.543072459274498
132.61450406144883 96.511014309001453
134.5434264405962 96.484831871525969
136.50040564181674 96.468369625245927
138.48584976098482 96.450929248804925
140.50017282986593 96.469670526533662
142.5437949024563 96.515311419488199
144.61714214257822 96.554204273030763
146.7206469127495 96.576829951597290
148.8547478643456 96.605675965829533
151.01989002907314 96.651537030784965
153.216524911774 96.708409987917861
155.4451105845792 96.761449720380654
157.70611178243232 96.817771129908095
160.00000000000236 96.882000000000048
162.3272535900062 96.937388635442147
164.6883578629612 96.994020588711066
167.08380518838874 97.044426386880815
169.51409509748981 97.077169141169890
171.97973438731407 97.106360865770313
174.4812372264439 97.128349897811546
177.01912526221608 97.138153550734216
179.5939277295025 97.135730930086893
182.20618156107355 97.124410328506841
184.85643149956664 97.105562406903204
187.54523021108326 97.079466283509220
190.27313840043846 97.047276966874819
193.04072492808663 97.014727590834198
195.84856692874806 96.981647483469274
198.69724993176072 96.945217400928058
201.58736798318304 96.906864216218622
204.5195237696723 96.870012460802315
207.49432874416505 96.835064274232792
210.5124032533856 96.801363564212750
213.57437666720915 96.767288262493906
216.68088750990657 96.735020903023454
219.83258359329807 96.702257872270366
223.03012215184378 96.669062482674619
226.2741699796992 96.639290526842615
229.5654035697641 96.609483800610491
232.90450925475412 96.581295756210380
236.2921833503241 96.557356468654433
239.72913230027333 96.538023630810955
243.21607282386276 96.523851781528407
246.75373206527502 96.513238803804171
250.34284774524843 96.508571440318434
253.9841683149166 96.504019789606360
257.67845311188546 96.500781353527103
261.42647251858085 96.498786763740711
265.22900812289896 96.494127861800280
269.08685288119375 96.487782867797023
273.0008112836349 96.476496754865451
276.97169952197106 96.459884427270637
281.00034565973334 96.440098133437445
285.0875898049141 96.417895630346095
289.23428428515797 96.389283438432415
293.44129382550057 96.358190296308749
297.7094957286928 96.323469286306107
302.0397800581479 96.287936732042084
306.4330498235497 96.254657634627307
310.89022116916016 96.219378230646726
315.41222356486645 96.179784656194045
320.00000000000654 96.143999999999949
324.6545071800142 96.106763942559894
329.3767157259242 96.065047230039269
334.16761037677935 96.024075311797361
339.02819019498156 95.981954745303653
343.95946877463007 95.938656674783260
348.9624744528898 95.891063997806981
354.03825052443415 95.839406019598329
359.187855459007 95.786783874318132
364.4123631221491 95.734817605090711
369.71286299913527 95.686112946707880
375.0904604221685 95.636127703071949
380.54627680087896 95.583518045134383
386.08144985617537 95.536440256164980
391.6971338574982 95.500523625988919
397.3944998635236 95.465654100846152
403.1747359663683 95.435478249481875
409.0390475393468 95.418441428690983
414.9886574883323 95.416739602697632
421.0248065067734 95.426413843444053
427.1487533344206 95.444453138893408
433.3617750198154 95.475261093873840
439.6651671865984 95.520082813831806
446.06024430368984 95.577289191138135
452.54833995940066 95.646541407545286
459.13080713953053 95.725930146896957
465.8090185095106 95.821674623315658
472.58436670065066 95.929349867210419
479.45826460054917 96.035510863951174
486.432145647728 96.143141472104560
493.50746413055253 96.252400875157093
500.6856954904994 96.356399728644078
507.9683366298358 96.461542860093260
515.3569062237735 96.558425968461506
522.8529450371643 96.639869523177168
530.4580162458005 96.713864512073940
538.1737057623901 96.778852423435751
546.0016225672724 96.839583713723641
553.9433990439449 96.893623833257521
562.0006913194694 96.925601762864659
570.1751796098309 96.946437949024585
578.4685685703187 96.967171421425803
586.8825876510039 96.985797563449665
595.4189914573883 96.999544688894616
604.0795601162986 97.007029835043625
612.8660996471021 97.009195157092449
621.780442338323 97.010468634619755
630.8244471297356 97.011041222356482
640.0000000000159 97.011500000000012
649.3090143600314 97.011499999999998
658.7534314518515 97.008436298991853
668.3352207535618 97.009667044150717
678.0563803899662 97.012416914116997
687.9189375492632 97.014187840632388
697.9249489057827 97.006575051094217
708.0765010488715 96.999654099370673
718.3757109180171 97.003944212096712
728.8247262443015 97.012059780995443
739.425725998274 97.012528713700078
750.1809208443404 97.010454769788907
761.0925536017613 97.007726861599565
772.1628997123541 97.012581449856185
783.3942677149998 97.014968569351737
794.7889997270506 97.020025999818046
806.34947193274 97.041754731806634
818.0780950786972 97.054960952460647
829.9773149766683 97.063177546676030
842.0496130135506 97.096511113298561
854.2975066688449 97.141294712786035
866.7235500396347 97.167229849972557
879.3303343732008 97.170810218902375
892.1204886073838 97.198665074936258
905.0966799188055 97.226405721500896
918.2616142790653 97.279273842266520
931.6180370190256 97.357399203604643
945.1687334013056 97.427447575331371
958.9165292011028 97.494839601905426
972.8642912954606 97.565575028549858
987.0149282611097 97.642119992810677
1001.3713909810035 97.724045493755227
1015.9366732596762 97.809557594674075
1030.7138124475518 97.897231888081905
1045.7058900743334 97.987034976418343
1060.916032491606 98.085698486526525
1076.3474115247852 98.189803088628594
1092.0032451345498 98.292208897605931
1107.8867980878947 98.396966344509309
1124.0013826389438 98.503453585224122
1140.350359219667 98.611669061464454
1156.9371371406426 98.722037364660622
1173.765175302013 98.833694286375845
1190.837982914782 98.946489002687883
1208.1591202326028 99.060611392948800
1225.73219929421 99.175395776347941
1243.5608846766518 99.291503479027313
1261.648894259477 99.407552923260653
1280.0000000000375 99.524000000000228
1298.6180287200684 99.639963721742134
1317.5068629037087 99.757041177422252
1336.6704415071292 99.872022649042776
1356.112760779938 99.986259650562630
1375.8378750985323 100.098879941184180
1395.8498978115715 100.209674437963656
1416.153002097749 100.317841694416444
1436.7514218360407 100.425601036909711
1457.6494524886093 100.531441284343501
1478.8514519965543 100.635909940543542
1500.3618416886875 100.738693419103043
1522.1851072035295 100.840826301712525
1544.3257994247153 100.941739129388210
1566.788535430007 101.042041097309237
1589.5779994541087 101.142643197598090
1612.6989438654878 101.244121374130842
1636.156190157402 101.345971617676838
1659.9546299533442 101.448703093997509
1684.099226027109 101.553672625478185
1708.5950133376978 101.660646158419112
1733.4471000792773 101.770005124351997
1758.6606687464096 101.882299795983926
1784.2409772147755 101.997638856099371
1810.193359837619 102.116593322449802
1836.5232285581387 102.239389638794421
1863.2360740380593 102.366003712421161
1890.3374668026197 102.496846837996785
1917.833058402214 102.632095308506933
1945.7285825909298 102.770728341302828
1974.0298565222283 102.913591074002483
2002.7427819620161 103.060716753169785
2031.8733465193618 103.211835069226652
2061.4276248951132 103.367090205692350
2091.411780148677 103.526576553464565
2121.832064983222 103.689938952533993
2152.694823049581 103.858162841484585
2184.0064902691106 104.030135858736827
2215.7735961758003 104.206634968632287
2248.002765277899 104.386815485556241
2280.7007184393456 104.570102368567660
2313.874274281297 104.756427173879956
2347.530350604038 104.944585618362481
2381.6759658295764 105.134572559927022
2416.318240465218 105.325978351884288
2451.4643985884327 105.516639447395178
2487.1217693533167 105.706960014750024
2523.2977885189675 105.894401166159696
2560.0000000000887 106.077500000000427
2597.236057440151 106.254501314942701
2635.0137258074315 106.424309249735416
2673.340883014273 106.581780009981742
2712.225521559891 106.728011877615614
2751.6757501970797 106.856966453753188
2791.699795623158 106.968693200737235
2832.3060041955137 107.058196488726665
2873.502843672097 107.127198895830773
2915.2989049772345 107.173903255384516
2957.7029039931244 107.197499999999991
3000.723683377391 107.197083882057996
3044.370214407075 107.170056948686153
3088.6515988494466 107.117887761610774
3133.57707086003 107.045561272451948
3179.1559989082334 106.950982122434638
3225.3978877309914 106.837957534144806
3272.3123803148205 106.708124725677578
3319.9092599067053 106.563887646095736
3368.198452054235 106.407717170138852
3417.190026675413 106.242366308236583
3466.8942001585724 106.070201357443409
3517.3213374928373 105.893202105400150
3568.4819544295697 105.713997979040798
3620.386719675257 105.534277418710616
3673.0464571162966 105.356024833231572
3726.472148076138 105.180230240233300
3780.6749336052594 105.008469492486483
3835.6661168044484 104.839628294258830
3891.45716518188 104.677919937490742
3948.059713044477 104.519432803475468
4005.4855639240527 104.366466098960956
4063.746693038744 104.217883046939050
4122.855249790247 104.074266369244668
4182.823560297375 103.932985643028204
4243.664129966465 103.792617757291652
4305.389646099183 103.652450135508516
4368.012980538242 103.510503910779988
4431.5471923516225 103.368398062813867
4496.00553055582 103.226287832777189
4561.401436878714 103.087627054398638
4627.748548562617 102.952713186493014
4695.060701208099 102.826428620011427
4763.351931659176 102.707850796524042
4832.63648093046 102.597171643413617
4902.928797176889 102.495164478258232
4974.243538706657 102.397627311213682
5046.595577037959 102.303799416920128
5120.000000000202 102.209857142856890
5194.472114880326 102.113686250655576
5270.027451614888 102.011712254029533
5346.6817660285715 101.901352634070179
5424.451043119808 101.781830853360873
5503.351500394186 101.653088942203908
5583.399591246343 101.516531952545336
5664.612008391055 101.373636745147834
5747.005687344222 101.227094848090559
5830.597809954497 101.079565788778723
5915.405807986278 100.934234474902510
6001.447366754812 100.793319903825562
6088.740428814181 100.663325284369634
6177.303197698925 100.550296345486942
6267.154141720092 100.458766559066163
6358.3119978165005 100.394304361299191
6450.795775462017 100.358324929398350
6544.624760629676 100.355532456913338
6639.818519813445 100.388395648892725
6736.396904108505 100.457213089861995
6834.380053350861 100.560662667755594
6933.788400317181 100.695527310483698
7034.642674985712 100.853660413726416
7136.963908859177 101.020272615086100
7240.773439350552 101.171466799188181
7346.092914232631 101.273155748539580
7452.944296152315 101.302588063711624
7561.349867210557 101.239672630576280
7671.332233608935 101.042415810917248
7782.914330363799 100.685322662917471
7896.119426088994 100.176089427670178
8010.971127848146 99.550401798074631
8127.49338607753 98.852185109897732
8245.710499580537 98.121512412207991
8365.647120594791 97.396224513636867
8487.328259932974 96.708908945458404
8610.77929219841 96.092411985922837
8736.025961076528 95.588697453747727
8863.094384703289 95.246076304265500
8992.011061111683 95.108994905017909
9122.802873757471 95.105187371773212
9255.497097125279 95.091486281668779
9390.121402416245 95.111018847033677
9526.7038633184 95.248006438863996
9665.272961860968 95.511110347808000
9805.857594353829 95.873198002217933
9948.487077413367 96.295670948933321
10093.19115407597 96.721390523738791
10240.000000000457 97.095000000001065
10388.944229760706 97.380169689288010
10540.05490322983 97.564805589520205
10693.363532057198 97.677472366178506
10848.902086239672 97.724494660177541
11006.703000788428 97.707824931067677
11166.799182492743 97.622647700513880
11329.224016782166 97.432008778183189
11494.0113746885 97.146053056330089
11661.195619909053 96.735540840725093
11830.811615972614 96.300215275328895
12002.894733509682 95.876956992002150
12177.48085762842 95.515384242963648
12354.606395397908 95.308822732506030
12534.308283440243 95.249640834002534
12716.62399563306 95.413102233405908
12901.591550924093 95.841742821753797
13089.249521259411 96.400963573353039
13279.637039626952 97.075014398775892
13472.793808217073 97.765438356568666
13668.760106701786 98.285376480592760
13867.576800634426 98.504459043971451
14069.285349971487 98.397689815791495
14273.927817718419 98.099935025219693
14481.54687870117 97.769255658094352
14692.18582846533 97.580370134030716
14905.888592304698 97.597973208767968
15122.699734421185 97.812960620222299
15342.664467217943 98.130660780007062
15565.828660727671 98.371400928394962
15792.238852178061 98.319485881522482
16021.942255696367 97.847230136348813
16254.986772155136 97.066616826320100
16491.42099916115 96.408383938335362
16731.294241189662 96.122674918973303
16974.65651986603 96.115878017271427
17221.558584396902 96.204794082252391
17472.051922153143 96.201344573137888
17726.188769406665 95.898216559150327
17984.022122223458 95.120437474351633
18245.605747515034 93.968203828142578
18510.99419425065 92.853199130105423
18780.242804832582 91.756560364119593
19053.40772663689 90.410800748071807
19330.545923722028 88.872181388563192
19611.71518870775 87.392767094202810
19896.974154826825 86.320411849581433
20186.382308152035 86.034000000000006
