20 97.893000000000001
20.290906698750476 97.922090766844263
20.586044732869844 97.951127736639748
20.885475648548283 97.977717015621764
21.189261887185914 98.003105076915233
21.49746679841394 98.027919197169126
21.810154653305165 98.053312448202178
22.12739065777668 98.078850490944347
22.449240966187475 98.104775128157272
22.77577269513385 98.129177749759975
23.107053937445478 98.150566410009944
23.44315377638505 98.168657714960204
23.784142300054445 98.185246759252578
24.130090616010463 98.202655007730598
24.481070866093134 98.222411580242451
24.837156241469714 98.242543563426040
25.1984209978975 98.260676971152762
25.56494047120865 98.275360578715734
25.936791093020236 98.285906817442594
26.3140504066728 98.294351244670978
26.69679708340074 98.305395905210531
27.08511093873791 98.318478861259621
27.47907294916184 98.332616383448084
27.878765268980047 98.343620675138283
28.284271247461966 98.350764068711925
28.695675446220072 98.357522158031969
29.11306365684382 98.366391909705314
29.536522918790062 98.379095687563705
29.966141537533712 98.391984246126015
30.402009102982383 98.402536833431896
30.844216508158908 98.409802698358732
31.29285596815558 98.414928559681556
31.74802103936409 98.420224273511735
32.20980663898519 98.426227486306800
32.67830906482211 98.432496326907511
33.153626015361866 98.439458016245794
33.63585661014871 98.447173705762367
34.125101410453844 98.453875709873174
34.62146244024586 98.456135612679262
35.12504320746613 98.454124697547741
35.635948725613716 98.450820256371941
36.15428553564419 98.449000000000012
36.68016172818701 98.448999999999998
37.21368696608603 98.448572626067829
37.754972507267915 98.445996647447686
38.30413122794313 98.440729786124962
38.86127764614443 98.429766482746800
39.4265279456077 98.414928643838607
40.000000000000206 98.401000000000010
40.58181339750116 98.394697000517084
41.1720894657399 98.393069778486748
41.77095129709678 98.387290477997283
42.37852377437204 98.373776595476357
42.9949335968281 98.360276402990067
43.62030930661056 98.350195369424000
44.25478131555359 98.338696951715491
44.89848193237519 98.321045552180578
45.55154539026795 98.302505911750671
46.21410787489121 98.289717861561712
46.88630755277036 98.275287449359439
47.56828460010916 98.254049014212569
48.260181232021196 98.235157476751709
48.962141732186545 98.226378596422990
49.674312482939705 98.215827993560509
50.39684199579528 98.195354592457520
51.129880942417586 98.174224222465554
51.873582186040764 98.160429963289488
52.628100813345895 98.147437993030564
53.393594166801776 98.126470183603914
54.17022187747612 98.098484439660638
54.95814589832399 98.070946656274131
55.75753053796041 98.045577180160222
56.56854249492426 98.016679656440346
57.39135089244048 97.985824341533487
58.226127313687975 97.954181034766179
59.073045837580466 97.921297304009528
59.932283075067765 97.889505526222493
60.804018205965114 97.855813394275344
61.68843301631817 97.815558905656729
62.58571193631152 97.779294752171552
63.49604207872855 97.741922169575304
64.41961327797075 97.706152761826957
65.35661812964459 97.672913583879037
66.3072520307241 97.628757626125832
67.27171322029778 97.576174897628675
68.25020282090806 97.538366785753226
69.2429248804921 97.495853755975389
70.25008641493265 97.445620722460831
71.27189745122783 97.392186152926328
72.30857107128878 97.340785723217778
73.36032345637442 97.311429164211461
74.42737393217246 97.259656450815754
75.50994501453623 97.189040655497635
76.60826245588666 97.126987600622272
77.72255529228926 97.069385849015788
78.85305589121582 97.015391559660785
80.00000000000082 96.958999999999961
81.16362679500274 96.898394286245988
82.34417893148023 96.838850966488565
83.541902594194 96.776901336298380
84.75704754874454 96.712457496460701
85.98986719365665 96.647531842412633
87.24061861322157 96.582467848618450
88.50956263110764 96.519018680900913
89.79696386475084 96.454219485474212
91.10309078053635 96.388385700778883
92.42821574978288 96.327757893068565
93.77261510554118 96.262827256437788
95.13656920021877 96.195512946771984
96.52036246404286 96.132678279817696
97.92428346437356 96.076886401590826
99.34862496587989 96.017783659559740
100.79368399159105 95.959194395014237
102.25976188483567 95.895810715182392
103.74716437208203 95.828077119176044
105.25620162669229 95.760006094073148
106.78718833360406 95.688427771653409
108.34044375495276 95.613999143517219
109.9162917966485 95.543484866875616
111.51506107592134 95.469554142663611
113.13708498984903 95.392936122246851
114.78270178488147 95.314502773320996
116.45225462737648 95.230727052973805
118.14609167516147 95.146948261793767
119.86456615013608 95.063998756982869
121.60803641193078 94.981698283448523
123.3768660326369 94.904819225103552
125.17142387262359 94.828585903804168
126.99208415745765 94.758105110593959
128.83922655594208 94.697364087257796
130.71323625928977 94.639002070782112
132.61450406144883 94.583447512294782
134.5434264405962 94.531414338985101
136.50040564181674 94.482740061775488
138.48584976098482 94.435189842818090
140.50017282986593 94.395414563903302
142.5437949024563 94.370550495353456
144.61714214257822 94.350041435181154
146.7206469127495 94.325852237047002
148.8547478643456 94.315416201708530
151.01989002907314 94.308584637831387
153.216524911774 94.294411105688170
155.4451105845792 94.278452491310929
157.70611178243232 94.268010663444329
160.00000000000236 94.257000000000005
162.3272535900062 94.271428972258036
164.6883578629612 94.297009608065167
167.08380518838874 94.344676669993845
169.51409509748981 94.388948073715824
171.97973438731407 94.420068972015372
174.4812372264439 94.455718558396654
177.01912526221608 94.491363928618597
179.5939277295025 94.528152559304829
182.20618156107355 94.551649452488590
184.85643149956664 94.572851451996542
187.54523021108326 94.601497532321915
190.27313840043846 94.630794362563677
193.04072492808663 94.652960639539742
195.84856692874806 94.668554840943500
198.69724993176072 94.679049549740682
201.58736798318304 94.687174735966366
204.5195237696723 94.695824841117087
207.49432874416505 94.705484876651113
210.5124032533856 94.712524806506764
213.57437666720915 94.716680782500418
216.68088750990657 94.720015998448645
219.83258359329807 94.726081458983259
223.03012215184378 94.737105427531446
226.2741699796992 94.748838623258905
229.5654035697641 94.761334047017428
232.90450925475412 94.774133952143231
236.2921833503241 94.784168733401302
239.72913230027333 94.797916529201103
243.21607282386276 94.808824109235800
246.75373206527502 94.814130598097904
250.34284774524843 94.827585670821776
253.9841683149166 94.844426778456494
257.67845311188546 94.857374585891591
261.42647251858085 94.868351108490927
265.22900812289896 94.875757634138267
269.08685288119375 94.879985524519796
273.0008112836349 94.878749391537269
276.97169952197106 94.876742924880489
281.00034565973334 94.876699723472200
285.0875898049141 94.873377374273133
289.23428428515797 94.867572002000784
293.44129382550057 94.856520247906047
297.7094957286928 94.842787714522444
302.0397800581479 94.828115742303751
306.4330498235497 94.811767800705809
310.89022116916016 94.791507727092636
315.41222356486645 94.766609103323788
320.00000000000654 94.739999999999952
324.6545071800142 94.712072956919911
329.3767157259242 94.683302034071858
334.16761037677935 94.651577010475577
339.02819019498156 94.618205487654620
343.95946877463007 94.583783718577592
348.9624744528898 94.546781441603329
354.03825052443415 94.508309296014289
359.187855459007 94.470009869603345
364.4123631221491 94.428701095022802
369.71286299913527 94.385825809707001
375.0904604221685 94.344808623916293
380.54627680087896 94.303110598736140
386.08144985617537 94.258532111179363
391.6971338574982 94.218413633863605
397.3944998635236 94.179935750887097
403.1747359663683 94.144216145532312
409.0390475393468 94.112558016264870
414.9886574883323 94.087290644000149
421.0248065067734 94.070018271771204
427.1487533344206 94.061141874444274
433.3617750198154 94.064239477114711
439.6651671865984 94.079708823322605
446.06024430368984 94.107861465822140
452.54833995940066 94.151886719675204
459.13080713953053 94.211332783131184
465.8090185095106 94.280581785395498
472.58436670065066 94.363114402815455
479.45826460054917 94.454823467050346
486.432145647728 94.549777180809116
493.50746413055253 94.643491490296597
500.6856954904994 94.733271201854151
507.9683366298358 94.821118060597399
515.3569062237735 94.909018075634350
522.8529450371643 94.981909960010370
530.4580162458005 95.047635503951028
538.1737057623901 95.108902053653566
546.0016225672724 95.172442247352720
553.9433990439449 95.238547192351561
562.0006913194694 95.301605046632133
570.1751796098309 95.361182462366358
578.4685685703187 95.417162837849645
586.8825876510039 95.469827914053667
595.4189914573883 95.517178755578414
604.0795601162986 95.558338130494263
612.8660996471021 95.591336191672411
621.780442338323 95.616419740465574
630.8244471297356 95.634695448338107
640.0000000000159 95.648000000000025
649.3090143600314 95.657774465078035
658.7534314518515 95.661126029435550
668.3352207535618 95.661916761037673
678.0563803899662 95.660791542941496
687.9189375492632 95.658916212490141
697.9249489057827 95.658500000000004
708.0765010488715 95.657288524842670
718.3757109180171 95.657000000000011
728.8247262443015 95.656558763687784
739.425725998274 95.657913858899747
750.1809208443404 95.660597998790692
761.0925536017613 95.666508466534296
772.1628997123541 95.675990257437860
783.3942677149998 95.688185693517312
794.7889997270506 95.702551999636071
806.34947193274 95.720347014551777
818.0780950786972 95.742156190157402
829.9773149766683 95.767677546676026
842.0496130135506 95.797130234160562
854.2975066688449 95.830713457228669
866.7235500396347 95.868579025126536
879.3303343732008 95.910156170306195
892.1204886073838 95.956820507087812
905.0966799188055 96.007099081338509
918.2616142790653 96.061732276345239
931.6180370190256 96.119517546929572
945.1687334013056 96.179759300305875
958.9165292011028 96.242738947555097
972.8642912954606 96.307142882902127
987.0149282611097 96.374301965552974
1001.3713909810035 96.443082676708826
1015.9366732596762 96.513120921414398
1030.7138124475518 96.586094555539461
1045.7058900743334 96.661636068501309
1060.916032491606 96.738702300123578
1076.3474115247852 96.817961626211400
1092.0032451345498 96.898829232725035
1107.8867980878947 96.980636147377453
1124.0013826389438 97.062951511265709
1140.350359219667 97.146447659366629
1156.9371371406426 97.230028023495464
1173.765175302013 97.313715553053683
1190.837982914782 97.397856223580476
1208.1591202326028 97.482755821104860
1225.73219929421 97.566159706179718
1243.5608846766518 97.650308523786777
1261.648894259477 97.733584913593603
1280.0000000000375 97.816000000000173
1298.6180287200684 97.897121410851724
1317.5068629037087 97.979279510485952
1336.6704415071292 98.060015854329947
1356.112760779938 98.140867957236736
1375.8378750985323 98.221143394149067
1395.8498978115715 98.302588333582150
1416.153002097749 98.384381225092625
1436.7514218360407 98.466668116252350
1457.6494524886093 98.548832864705588
1478.8514519965543 98.631443633746642
1500.3618416886875 98.714903945752098
1522.1851072035295 98.799578215949694
1544.3257994247153 98.885484101767901
1566.788535430007 98.972639517468423
1589.5779994541087 99.061354197871026
1612.6989438654878 99.152033838830022
1636.156190157402 99.244901636826469
1659.9546299533442 99.340614890209650
1684.099226027109 99.439670795752221
1708.5950133376978 99.541942856551827
1733.4471000792773 99.647822530340903
1758.6606687464096 99.757453369234071
1784.2409772147755 99.872138856099383
1810.193359837619 99.991501056843305
1836.5232285581387 100.115811497079079
1863.2360740380593 100.245356762786486
1890.3374668026197 100.380607582021256
1917.833058402214 100.522231903691505
1945.7285825909298 100.669361487731919
1974.0298565222283 100.822722419480925
2002.7427819620161 100.983179570216194
2031.8733465193618 101.149990299580253
2061.4276248951132 101.323565749370687
2091.411780148677 101.503658918245222
2121.832064983222 101.690450406145132
2152.694823049581 101.884770811652956
2184.0064902691106 102.084341862235760
2215.7735961758003 102.291211394855878
2248.002765277899 102.503985147940625
2280.7007184393456 102.723051504158263
2313.874274281297 102.946651351398756
2347.530350604038 103.174706384107452
2381.6759658295764 103.406083718922503
2416.318240465218 103.639604181791384
2451.4643985884327 103.872360115736598
2487.1217693533167 104.103293961038673
2523.2977885189675 104.328490177035164
2560.0000000000887 104.546250000000512
2597.236057440151 104.752420202996802
2635.0137258074315 104.944315655112206
2673.340883014273 105.114323469697624
2712.225521559891 105.264141452256268
2751.6757501970797 105.383463728694068
2791.699795623158 105.472484581027473
2832.3060041955137 105.524390484531153
2873.502843672097 105.543735028436714
2915.2989049772345 105.529466040271615
2957.7029039931244 105.483019918012033
3000.723683377391 105.407344574274219
3044.370214407075 105.306283116355175
3088.6515988494466 105.189441248149649
3133.57707086003 105.063805348048916
3179.1559989082334 104.930989803220712
3225.3978877309914 104.791782463543171
3272.3123803148205 104.645323506795719
3319.9092599067053 104.490503071911604
3368.198452054235 104.327215340412891
3417.190026675413 104.157163006369302
3466.8942001585724 103.982194531438665
3517.3213374928373 103.804202105400137
3568.4819544295697 103.626106896306567
3620.386719675257 103.450519957874889
3673.0464571162966 103.279673195512501
3726.472148076138 103.115877720213859
3780.6749336052594 102.961643932585531
3835.6661168044484 102.813864724484745
3891.45716518188 102.677648520081675
3948.059713044477 102.547462659997706
4005.4855639240527 102.431625984936716
4063.746693038744 102.327879960441891
4122.855249790247 102.240121287748195
4182.823560297375 102.169878122581011
4243.664129966465 102.113383307888284
4305.389646099183 102.065034604657285
4368.012980538242 102.021857796632190
4431.5471923516225 101.983132061786520
4496.00553055582 101.948130383703557
4561.401436878714 101.916973526221255
4627.748548562617 101.879542876197831
4695.060701208099 101.817496852801483
4763.351931659176 101.728350796524040
4832.63648093046 101.612490686232121
4902.928797176889 101.470467880375566
4974.243538706657 101.308886232749131
5046.595577037959 101.128098833840227
5120.000000000202 100.934499999999460
5194.472114880326 100.730248710188818
5270.027451614888 100.520673821768682
5346.6817660285715 100.310875709647490
5424.451043119808 100.105562302790219
5503.351500394186 99.910313152616936
5583.399591246343 99.731709641593909
5664.612008391055 99.576613904560460
5747.005687344222 99.445692037718089
5830.597809954497 99.343655992941422
5915.405807986278 99.274568763925288
6001.447366754812 99.242117598548816
6088.740428814181 99.252682919503926
6177.303197698925 99.305402740884787
6267.154141720092 99.398584970064107
6358.3119978165005 99.524593316757503
6450.795775462017 99.667773240739223
6544.624760629676 99.808974664881532
6639.818519813445 99.919350278846082
6736.396904108505 99.964086417945339
6834.380053350861 99.908743127442818
6933.788400317181 99.725399305116639
7034.642674985712 99.403468580306722
7136.963908859177 98.985609650538436
7240.773439350552 98.545474757908210
7346.092914232631 98.118507169921571
7452.944296152315 97.795493370676326
7561.349867210557 97.615233923732859
7671.332233608935 97.451630066200266
7782.914330363799 97.302802396288030
7896.119426088994 97.274097040147154
8010.971127848146 97.411042211840822
8127.49338607753 97.664050493066327
8245.710499580537 97.964594770087444
8365.647120594791 98.227699682220177
8487.328259932974 98.384216303255130
8610.77929219841 98.366227792724629
8736.025961076528 98.109581646720983
8863.094384703289 97.609417363622015
8992.011061111683 96.904672865922791
9122.802873757471 96.115015405681220
9255.497097125279 95.413984174836429
9390.121402416245 94.914046014281553
9526.7038633184 94.621510299629279
9665.272961860968 94.498248900522242
9805.857594353829 94.516522273231345
9948.487077413367 94.658884368620818
10093.19115407597 94.914018485070414
10240.000000000457 95.242800000001097
10388.944229760706 95.603642731060006
10540.05490322983 95.927484463314471
10693.363532057198 96.161214720883294
10848.902086239672 96.230170326379209
11006.703000788428 96.087618183322945
11166.799182492743 95.762851941579740
11329.224016782166 95.278380169544874
11494.0113746885 94.711409335488611
11661.195619909053 94.074159461211110
11830.811615972614 93.425852539547151
12002.894733509682 92.791130579093135
12177.48085762842 92.206239553555179
12354.606395397908 91.760867877788385
12534.308283440243 91.457710290413402
12716.62399563306 91.375103999272170
12901.591550924093 91.530937909719654
13089.249521259411 91.793122902559574
13279.637039626952 92.093729244813375
13472.793808217073 92.313755383971710
13668.760106701786 92.267110244215388
13867.576800634426 91.858578469963504
14069.285349971487 91.149776491866760
14273.927817718419 90.311765586443073
14481.54687870117 89.554608307053059
14692.18582846533 89.066459920690136
14905.888592304698 88.930458461646325
15122.699734421185 89.234203330741380
15342.664467217943 89.989411022317711
15565.828660727671 90.960428430940325
15792.238852178061 91.465495061968070
16021.942255696367 90.472174244119515
16254.986772155136 87.652434633757167
16491.42099916115 84.709774244440339
16731.294241189662 82.263690044607756
16974.65651986603 79.728187306519203
17221.558584396902 77.516443160320023
17472.051922153143 75.875122655788402
17726.188769406665 75.107837801693364
17984.022122223458 75.138172760400494
18245.605747515034 75.535504350043936
18510.99419425065 76.038222641132037
18780.242804832582 76.501889350126049
19053.40772663689 77.283955936561554
19330.545923722028 78.404776155174858
19611.71518870775 79.502023679532073
19896.974154826825 80.235498719256583
20186.382308152035 80.415999999999997
