20 66.731500000000011
20.290906698750476 66.773986373528857
20.586044732869844 66.816506657567587
20.885475648548283 66.861073537768988
21.189261887185914 66.908042089012014
21.49746679841394 66.957574568436740
21.810154653305165 67.007523173602507
22.12739065777668 67.055055201642361
22.449240966187475 67.100530581335718
22.77577269513385 67.141971152440533
23.107053937445478 67.181006260596348
23.44315377638505 67.220018038285644
23.784142300054445 67.260017067781106
24.130090616010463 67.301510713858789
24.481070866093134 67.343007962482375
24.837156241469714 67.383016013668652
25.1984209978975 67.420039002530018
25.56494047120865 67.453994485071092
25.936791093020236 67.484982591085014
26.3140504066728 67.513003816693242
26.69679708340074 67.541984635557753
27.08511093873791 67.572009010252827
27.47907294916184 67.604006200678754
27.878765268980047 67.637980047863294
28.284271247461966 67.672521067764038
28.695675446220072 67.704474791939418
29.11306365684382 67.733504353887895
29.536522918790062 67.762467369445545
29.966141537533712 67.791009738821131
30.402009102982383 67.821000628146976
30.844216508158908 67.851513742722787
31.29285596815558 67.879990857666897
31.74802103936409 67.906501206803341
32.20980663898519 67.932988908946115
32.67830906482211 67.959517206339882
33.153626015361866 67.985979179426650
33.63585661014871 68.011492414022399
34.125101410453844 68.036004702500890
34.62146244024586 68.059022020964093
35.12504320746613 68.083002113868218
35.635948725613716 68.107997491468382
36.15428553564419 68.133012756820619
36.68016172818701 68.156505905804579
37.21368696608603 68.175988568986284
37.754972507267915 68.193999085269553
38.30413122794313 68.212004829753738
38.86127764614443 68.232510301358701
39.4265279456077 68.253482485614427
40.000000000000206 68.273500000000013
40.58181339750116 68.291494228788693
41.1720894657399 68.308502315056700
41.77095129709678 68.323998739741228
42.37852377437204 68.340487076113718
42.9949335968281 68.356498275242274
43.62030930661056 68.372007062906846
44.25478131555359 68.386495006418158
44.89848193237519 68.400509948145356
45.55154539026795 68.413990615854146
46.21410787489121 68.428502167129508
46.88630755277036 68.442004960528550
47.56828460010916 68.453004935262015
48.260181232021196 68.465003743396451
48.962141732186545 68.479502090151627
49.674312482939705 68.490001728812928
50.39684199579528 68.493999125841185
51.129880942417586 68.497999350299693
51.873582186040764 68.506994945798880
52.628100813345895 68.515000592245499
53.393594166801776 68.519497615862406
54.17022187747612 68.525001126281609
54.95814589832399 68.529000638305178
55.75753053796041 68.532497946103575
56.56854249492426 68.536997461439157
57.39135089244048 68.541999789884770
58.226127313687975 68.541499924844345
59.073045837580466 68.541000266807799
59.932283075067765 68.546001136195798
60.804018205965114 68.549500061784954
61.68843301631817 68.552503857606382
62.58571193631152 68.560497433731058
63.49604207872855 68.565499908920501
64.41961327797075 68.563500837060673
65.35661812964459 68.561500815091478
66.3072520307241 68.557998824727193
67.27171322029778 68.553501337314685
68.25020282090806 68.545998263869365
69.2429248804921 68.537500643016926
70.25008641493265 68.528999069897992
71.27189745122783 68.518001103753903
72.30857107128878 68.508004136246001
73.36032345637442 68.497496059106965
74.42737393217246 68.484496029344427
75.50994501453623 68.473000583871496
76.60826245588666 68.457996469203323
77.72255529228926 68.443005982614949
78.85305589121582 68.427999244713305
80.00000000000082 68.412499999999994
81.16362679500274 68.394005931522713
82.34417893148023 68.375997386226288
83.541902594194 68.358501422872791
84.75704754874454 68.336999170885633
85.98986719365665 68.315502315763496
87.24061861322157 68.291507316772723
88.50956263110764 68.265508961064782
89.79696386475084 68.238500758082154
91.10309078053635 68.208997773307601
92.42821574978288 68.176494546102148
93.77261510554118 68.142509729674060
95.13656920021877 68.108510738410956
96.52036246404286 68.073490964215466
97.92428346437356 68.038493336100686
99.34862496587989 68.005008816591598
100.79368399159105 67.974006779419156
102.25976188483567 67.947004385477101
103.74716437208203 67.919997658051841
105.25620162669229 67.898496839294182
106.78718833360406 67.874496907593738
108.34044375495276 67.848991271317544
109.9162917966485 67.817993339225978
111.51506107592134 67.781498362020614
113.13708498984903 67.737997444108430
114.78270178488147 67.688508968194640
116.45225462737648 67.632990680698143
118.14609167516147 67.570996880164671
119.86456615013608 67.512514764524170
121.60803641193078 67.449498517999430
123.3768660326369 67.377505452600431
125.17142387262359 67.308484171697756
126.99208415745765 67.240496878838201
128.83922655594208 67.171991537398100
130.71323625928977 67.101991056430677
132.61450406144883 67.030018773699098
134.5434264405962 66.957984310821203
136.50040564181674 66.885984885450938
138.48584976098482 66.812005598029771
140.50017282986593 66.734993616117976
142.5437949024563 66.659507575765446
144.61714214257822 66.587995372259215
146.7206469127495 66.519511495473694
148.8547478643456 66.455007620782425
151.01989002907314 66.396502971500780
153.216524911774 66.336013082766357
155.4451105845792 66.274996723057598
157.70611178243232 66.207996515935520
160.00000000000236 66.136499999999927
162.3272535900062 66.062991944408935
164.6883578629612 65.987989395546649
167.08380518838874 65.917005772798163
169.51409509748981 65.865499074476986
171.97973438731407 65.841502585038313
174.4812372264439 65.848504393082294
177.01912526221608 65.895504183514788
179.5939277295025 65.981497586305707
182.20618156107355 66.104509900217025
184.85643149956664 66.249024310964799
187.54523021108326 66.400513839669230
190.27313840043846 66.564508325026381
193.04072492808663 66.730983453947402
195.84856692874806 66.883976403168958
198.69724993176072 67.003007610378873
201.58736798318304 67.091005645838123
204.5195237696723 67.135992693363534
207.49432874416505 67.142997004484911
210.5124032533856 67.115492295779546
213.57437666720915 67.056990907614846
216.68088750990657 66.982002715402956
219.83258359329807 66.888512352165804
223.03012215184378 66.790996065083945
226.2741699796992 66.686493853666292
229.5654035697641 66.567485923389967
232.90450925475412 66.451017117311721
236.2921833503241 66.337493705167802
239.72913230027333 66.219495541932304
243.21607282386276 66.101997612332369
246.75373206527502 65.986008784745081
250.34284774524843 65.869504942234215
253.9841683149166 65.754494623400063
257.67845311188546 65.636485674023902
261.42647251858085 65.517985152256003
265.22900812289896 65.398499744185528
269.08685288119375 65.277004633212798
273.0008112836349 65.155505858211129
276.97169952197106 65.032509307176412
281.00034565973334 64.911489726600394
285.0875898049141 64.790012191463546
289.23428428515797 64.664992364102005
293.44129382550057 64.551992084813179
297.7094957286928 64.437013584258693
302.0397800581479 64.317506069988767
306.4330498235497 64.197998714447351
310.89022116916016 64.082994326487707
315.41222356486645 63.966994298803542
320.00000000000654 63.849999999999824
324.6545071800142 63.726513074815948
329.3767157259242 63.612006893134620
334.16761037677935 63.486010246822332
339.02819019498156 63.351995005019241
343.95946877463007 63.222487678620055
348.9624744528898 63.090986633813387
354.03825052443415 62.947992922076665
359.187855459007 62.802504083633877
364.4123631221491 62.657990067400178
369.71286299913527 62.513003747429806
375.0904604221685 62.374489156112787
380.54627680087896 62.245994198933701
386.08144985617537 62.129991709381386
391.6971338574982 62.026497967940756
397.3944998635236 61.940007592454407
403.1747359663683 61.885002512430752
409.0390475393468 61.867500199745152
414.9886574883323 61.892498560875346
421.0248065067734 61.958997868240630
427.1487533344206 62.049496354795082
433.3617750198154 62.151496306457616
439.6651671865984 62.257502614333049
446.06024430368984 62.357503257131498
452.54833995940066 62.444003640762226
459.13080713953053 62.514497934579509
465.8090185095106 62.568000095621088
472.58436670065066 62.603001093593733
479.45826460054917 62.623500227646012
486.432145647728 62.629499886775619
493.50746413055253 62.623998965581720
500.6856954904994 62.608000678667224
507.9683366298358 62.587999111614323
515.3569062237735 62.568500247480905
522.8529450371643 62.550500131981195
530.4580162458005 62.534499970523427
538.1737057623901 62.520500533868137
546.0016225672724 62.508500578588752
553.9433990439449 62.494499380981715
562.0006913194694 62.482000478841726
570.1751796098309 62.465499631858322
578.4685685703187 62.448500884290397
586.8825876510039 62.432000808623535
595.4189914573883 62.414500017513554
604.0795601162986 62.392501117358442
612.8660996471021 62.367499653459710
621.780442338323 62.336498239254794
630.8244471297356 62.300498050872989
640.0000000000159 62.260499999999922
649.3090143600314 62.215999928534359
658.7534314518515 62.168997816174624
668.3352207535618 62.120498864553227
678.0563803899662 62.070498090915208
687.9189375492632 62.021000313425070
697.9249489057827 61.973500242551992
708.0765010488715 61.931998273083991
718.3757109180171 61.896500996350525
728.8247262443015 61.867000772877127
739.425725998274 61.843500607399356
750.1809208443404 61.826500125118201
761.0925536017613 61.816500409089301
772.1628997123541 61.811500045297038
783.3942677149998 61.810500046988153
794.7889997270506 61.812499999952095
806.34947193274 61.817000261536606
818.0780950786972 61.823500063923824
829.9773149766683 61.831500273938133
842.0496130135506 61.841999663434294
854.2975066688449 61.855500713503240
866.7235500396347 61.872999366355003
879.3303343732008 61.894500679726605
892.1204886073838 61.920501148379842
905.0966799188055 61.950999247709291
918.2616142790653 61.986998945237097
931.6180370190256 62.029500128395995
945.1687334013056 62.076499075334766
958.9165292011028 62.129998167897810
972.8642912954606 62.188001307134599
987.0149282611097 62.251499678084976
1001.3713909810035 62.320001959468158
1015.9366732596762 62.392998362484988
1030.7138124475518 62.470999010009407
1045.7058900743334 62.551999406084647
1060.916032491606 62.638500189504541
1076.3474115247852 62.728502457688265
1092.0032451345498 62.822001504697724
1107.8867980878947 62.919498760612548
1124.0013826389438 63.021502480869046
1140.350359219667 63.127502371408546
1156.9371371406426 63.237000941273124
1173.765175302013 63.352501237268939
1190.837982914782 63.472999879413763
1208.1591202326028 63.600000913392847
1225.73219929421 63.733501559343892
1243.5608846766518 63.872999097671929
1261.648894259477 64.020999134807752
1280.0000000000375 64.176000000000329
1298.6180287200684 64.338000257718861
1317.5068629037087 64.507498769769626
1336.6704415071292 64.685004155521511
1356.112760779938 64.867997748430213
1375.8378750985323 65.057498800059420
1395.8498978115715 65.252999001707082
1416.153002097749 65.454000020928603
1436.7514218360407 65.659504259135062
1457.6494524886093 65.870504631168203
1478.8514519965543 66.087504633222082
1500.3618416886875 66.307998377218894
1522.1851072035295 66.533001108784973
1544.3257994247153 66.761997925489368
1566.788535430007 66.995495170854582
1589.5779994541087 67.231499994346819
1612.6989438654878 67.468999423383650
1636.156190157402 67.708001917634220
1659.9546299533442 67.947996268280292
1684.099226027109 68.187502200663999
1708.5950133376978 68.426000126926027
1733.4471000792773 68.662500932760764
1758.6606687464096 68.897496912644016
1784.2409772147755 69.130499792456703
1810.193359837619 69.360503109117303
1836.5232285581387 69.588001929392448
1863.2360740380593 69.813500609198115
1890.3374668026197 70.036495612758614
1917.833058402214 70.258000458491722
1945.7285825909298 70.476996723093407
1974.0298565222283 70.695498892269072
2002.7427819620161 70.911498359760230
2031.8733465193618 71.126002497331228
2061.4276248951132 71.338997296655691
2091.411780148677 71.549498456553380
2121.832064983222 71.756000413738235
2152.694823049581 71.952498873383746
2184.0064902691106 72.128497134880035
2215.7735961758003 72.255498385567620
2248.002765277899 72.305499635852641
2280.7007184393456 72.337499724449785
2313.874274281297 72.478001902920226
2347.530350604038 72.711502484805749
2381.6759658295764 72.953499757826904
2416.318240465218 73.175001358116020
2451.4643985884327 73.373501995289573
2487.1217693533167 73.551998845408235
2523.2977885189675 73.711499067580036
2560.0000000000887 73.852500000000276
2597.236057440151 73.973500157368193
2635.0137258074315 74.076999248797421
2673.340883014273 74.164499732923233
2712.225521559891 74.232499163329621
2751.6757501970797 74.274499734050124
2791.699795623158 74.299499872341073
2832.3060041955137 74.316500001323931
2873.502843672097 74.329499950669657
2915.2989049772345 74.338499979538597
2957.7029039931244 74.342499990943594
3000.723683377391 74.341500007359713
3044.370214407075 74.337999980632574
3088.6515988494466 74.334000036235992
3133.57707086003 74.329999999999998
3179.1559989082334 74.329999999999998
3225.3978877309914 74.335999985432863
3272.3123803148205 74.351000219733550
3319.9092599067053 74.378500228748464
3368.198452054235 74.421000549012632
3417.190026675413 74.480500042934835
3466.8942001585724 74.560500400896657
3517.3213374928373 74.661500824585232
3568.4819544295697 74.786499888659250
3620.386719675257 74.935999192591282
3673.0464571162966 75.112001728325012
3726.472148076138 75.314000621502885
3780.6749336052594 75.541499721329018
3835.6661168044484 75.793000570508013
3891.45716518188 76.065500831702138
3948.059713044477 76.350498555159191
4005.4855639240527 76.637497820607450
4063.746693038744 76.907498577443931
4122.855249790247 77.136500649790378
4182.823560297375 77.292498856182206
4243.664129966465 77.341499811554300
4305.389646099183 77.252000513140700
4368.012980538242 77.004000077072561
4431.5471923516225 76.595498349771205
4496.00553055582 76.042494580535703
4561.401436878714 75.374495071385468
4627.748548562617 74.626005092857085
4695.060701208099 73.830503531152800
4763.351931659176 73.014500816595330
4832.63648093046 72.199006109564976
4902.928797176889 71.399002308349296
4974.243538706657 70.625005006535048
5046.595577037959 69.883004337652494
5120.000000000202 69.175499999998181
5194.472114880326 68.505999042854000
5270.027451614888 67.876496518108425
5346.6817660285715 67.285501803889048
5424.451043119808 66.735499721282338
5503.351500394186 66.225503229350267
5583.399591246343 65.753496844036178
5664.612008391055 65.319999959620205
5747.005687344222 64.923501504575768
5830.597809954497 64.564500816182601
5915.405807986278 64.244000725643787
6001.447366754812 63.960998974852799
6088.740428814181 63.716999017092029
6177.303197698925 63.513999650152705
6267.154141720092 63.354999825100265
6358.3119978165005 63.242500002694705
6450.795775462017 63.177000159024679
6544.624760629676 63.162500036991439
6639.818519813445 63.199500492476943
6736.396904108505 63.290999909151353
6834.380053350861 63.435000105457696
6933.788400317181 63.631498814617657
7034.642674985712 63.880499197567197
7136.963908859177 64.177499735451917
7240.773439350552 64.517001528883185
7346.092914232631 64.883499701540629
7452.944296152315 65.250000879665748
7561.349867210557 65.571999605573495
7671.332233608935 65.792500126662134
7782.914330363799 65.852999636925063
7896.119426088994 65.711000719891899
8010.971127848146 65.354499387212798
8127.49338607753 64.795997648616790
8245.710499580537 64.076003047776254
8365.647120594791 63.248999127359959
8487.328259932974 62.368498131319186
8610.77929219841 61.480997993639519
8736.025961076528 60.621000267265373
8863.094384703289 59.809003931886842
8992.011061111683 59.053499676667656
9122.802873757471 58.361500667929462
9255.497097125279 57.734999597788331
9390.121402416245 57.177498565145655
9526.7038633184 56.690500487351571
9665.272961860968 56.277500113672033
9805.857594353829 55.939498910302696
9948.487077413367 55.677999902099138
10093.19115407597 55.494999894000557
10240.000000000457 55.393999999999949
10388.944229760706 55.379500119357395
10540.05490322983 55.457999949729285
10693.363532057198 55.651001019378064
10848.902086239672 55.949000225981493
11006.703000788428 56.362500002688904
11166.799182492743 56.908500782553148
11329.224016782166 57.605000088296102
11494.0113746885 58.471996710045204
11661.195619909053 59.537504751185132
11830.811615972614 60.837497056688889
12002.894733509682 62.406997569448727
12177.48085762842 64.243509386045474
12354.606395397908 66.182003357635693
12534.308283440243 67.707993915125570
12716.62399563306 68.131499989856025
12901.591550924093 67.327501951997263
13089.249521259411 65.915503602200332
13279.637039626952 64.538999783459843
13472.793808217073 63.483501047991425
13668.760106701786 62.807999843288442
13867.576800634426 62.516000292805685
14069.285349971487 62.614000880730423
14273.927817718419 63.128999541274247
14481.54687870117 64.003999488792090
14692.18582846533 64.999499189310797
14905.888592304698 65.900498281102898
15122.699734421185 66.221499606796698
15342.664467217943 65.339495910155051
15565.828660727671 63.386002969858595
15792.238852178061 61.051501524183188
16021.942255696367 58.886498089771123
16254.986772155136 57.145496677037968
16491.42099916115 56.128004307100142
16731.294241189662 55.601001667103205
16974.65651986603 55.351499225158470
17221.558584396902 54.983500619441401
17472.051922153143 55.074499608437470
17726.188769406665 55.881499267758912
17984.022122223458 57.502010690947671
18245.605747515034 59.994006423431401
18510.99419425065 62.274500122286838
18780.242804832582 62.443993338385923
19053.40772663689 60.183002262631462
19330.545923722028 57.394010831168700
19611.71518870775 55.269498848278097
19896.974154826825 53.528505158264380
20186.382308152035 53.528500000000001
