20 62.617000000000004
20.290906698750476 62.630090845079920
20.586044732869844 62.635267412989791
20.885475648548283 62.634072621757255
21.189261887185914 62.633035796923387
21.49746679841394 62.640738853511884
21.810154653305165 62.657964782240086
22.12739065777668 62.691127640610986
22.449240966187475 62.729244760239339
22.77577269513385 62.765950908191186
23.107053937445478 62.795136952952873
23.44315377638505 62.813726171968156
23.784142300054445 62.825294091126565
24.130090616010463 62.836270005153736
24.481070866093134 62.852232564139683
24.837156241469714 62.872686527581507
25.1984209978975 62.895401312368591
25.56494047120865 62.916247044178043
25.936791093020236 62.934155613407839
26.3140504066728 62.951512406363875
26.69679708340074 62.971077843232791
27.08511093873791 62.993723653707889
27.47907294916184 63.017744358810610
27.878765268980047 63.038589806862774
28.284271247461966 63.055018036156092
28.695675446220072 63.069652965171485
29.11306365684382 63.084409482616913
29.536522918790062 63.100997439670394
29.966141537533712 63.118611803038881
30.402009102982383 63.134560272888564
30.844216508158908 63.147465936389210
31.29285596815558 63.159562469164086
31.74802103936409 63.172688652220288
32.20980663898519 63.187213812447524
32.67830906482211 63.202384199139132
33.153626015361866 63.218223284522303
33.63585661014871 63.234483268134909
34.125101410453844 63.251003650776340
34.62146244024586 63.268872647848852
35.12504320746613 63.287001555468777
35.635948725613716 63.304850359219643
36.15428553564419 63.321128566069319
36.68016172818701 63.337085013573798
37.21368696608603 63.353196922016494
37.754972507267915 63.365870951023240
38.30413122794313 63.374437172051486
38.86127764614443 63.382939103462050
39.4265279456077 63.400249915521627
40.000000000000206 63.426000000000002
40.58181339750116 63.435212076167360
41.1720894657399 63.421674525371998
41.77095129709678 63.421951587000450
42.37852377437204 63.464562833310467
42.9949335968281 63.499896546485985
43.62030930661056 63.481218927096876
44.25478131555359 63.431532553807628
44.89848193237519 63.427808026566339
45.55154539026795 63.487838622079721
46.21410787489121 63.555540765340048
46.88630755277036 63.578123297756392
47.56828460010916 63.579292647868115
48.260181232021196 63.582902703480315
48.962141732186545 63.596802481393084
49.674312482939705 63.618143713243704
50.39684199579528 63.631232239016647
51.129880942417586 63.629023037177134
51.873582186040764 63.626401596336557
52.628100813345895 63.635456630662659
53.393594166801776 63.648387906528924
54.17022187747612 63.671631116617007
54.95814589832399 63.697453631095769
55.75753053796041 63.689910200524970
56.56854249492426 63.690822509939096
57.39135089244048 63.707349175880779
58.226127313687975 63.717311671334613
59.073045837580466 63.690233018705399
59.932283075067765 63.681211027711782
60.804018205965114 63.676011483429207
61.68843301631817 63.686210283982021
62.58571193631152 63.719107064007396
63.49604207872855 63.730500000000006
64.41961327797075 63.792183151861700
65.35661812964459 63.901036796556539
66.3072520307241 63.896029561253130
67.27171322029778 63.782614739323002
68.25020282090806 63.774257098731781
69.2429248804921 63.797220514113349
70.25008641493265 63.785499481510399
71.27189745122783 63.776513692054735
72.30857107128878 63.761414289287117
73.36032345637442 63.752518220989948
74.42737393217246 63.750068434830432
75.50994501453623 63.750437611897084
76.60826245588666 63.750099173690835
77.72255529228926 63.751815216065538
78.85305589121582 63.748079996894532
80.00000000000082 63.738999999999990
81.16362679500274 63.730272777219419
82.34417893148023 63.723839034586568
83.541902594194 63.714584652313079
84.75704754874454 63.702530761027475
85.98986719365665 63.692163531792382
87.24061861322157 63.670488092080916
88.50956263110764 63.641999999999996
89.79696386475084 63.641999999999996
91.10309078053635 63.647515467691349
92.42821574978288 63.649417172210121
93.77261510554118 63.649989466218742
95.13656920021877 63.650443096024311
96.52036246404286 63.648767827981771
97.92428346437356 63.640267618433640
99.34862496587989 63.625928138854682
100.79368399159105 63.610446669439845
102.25976188483567 63.587824286072959
103.74716437208203 63.562492018317229
105.25620162669229 63.544240681183950
106.78718833360406 63.537500000000001
108.34044375495276 63.536379408326731
109.9162917966485 63.562129763627297
111.51506107592134 63.559777071331808
113.13708498984903 63.531575466409734
114.78270178488147 63.519543246895921
116.45225462737648 63.510088425361680
118.14609167516147 63.500859527127368
119.86456615013608 63.499207146553445
121.60803641193078 63.491659749119400
123.3768660326369 63.475231326560603
125.17142387262359 63.451914370292776
126.99208415745765 63.421274849848075
128.83922655594208 63.393832596088942
130.71323625928977 63.363313009491563
132.61450406144883 63.337662211416237
134.5434264405962 63.316892029831649
136.50040564181674 63.287117394215940
138.48584976098482 63.249890316981535
140.50017282986593 63.213330510445523
142.5437949024563 63.179951349926547
144.61714214257822 63.155924293038574
146.7206469127495 63.143396765436250
148.8547478643456 63.134622907688353
151.01989002907314 63.128052263930229
153.216524911774 63.118337885758748
155.4451105845792 63.097569650868138
157.70611178243232 63.068254097281894
160.00000000000236 63.020999999999937
162.3272535900062 62.955371448761824
164.6883578629612 62.886599950401532
167.08380518838874 62.814569083310658
169.51409509748981 62.735534861782838
171.97973438731407 62.656148499605948
174.4812372264439 62.579666635761399
177.01912526221608 62.503022417081070
179.5939277295025 62.424007025931324
182.20618156107355 62.345314553167796
184.85643149956664 62.265807055012999
187.54523021108326 62.188760692216320
190.27313840043846 62.114453029268688
193.04072492808663 62.044779616625249
195.84856692874806 61.980304107095797
198.69724993176072 61.918970601255602
201.58736798318304 61.877803513515516
204.5195237696723 61.846798254380047
207.49432874416505 61.822284972744313
210.5124032533856 61.817033075342358
213.57437666720915 61.841073302506913
216.68088750990657 61.928602179990889
219.83258359329807 62.059712887868251
223.03012215184378 62.269503123097607
226.2741699796992 62.512522343406388
229.5654035697641 62.769173911179976
232.90450925475412 62.994213525937980
236.2921833503241 63.140284502361553
239.72913230027333 63.196564541416976
243.21607282386276 63.167057334154137
246.75373206527502 63.086133379006839
250.34284774524843 63.016557209815105
253.9841683149166 62.990612800756217
257.67845311188546 63.029123757674796
261.42647251858085 63.117305194834877
265.22900812289896 63.223839707133919
269.08685288119375 63.321505449940688
273.0008112836349 63.378880577574989
276.97169952197106 63.395370277031624
281.00034565973334 63.369595540989437
285.0875898049141 63.316318275745644
289.23428428515797 63.236701741724964
293.44129382550057 63.143538500778590
297.7094957286928 63.040262606782676
302.0397800581479 62.931240581024497
306.4330498235497 62.819862737803405
310.89022116916016 62.707271915478707
315.41222356486645 62.593900522660775
320.00000000000654 62.481499999999841
324.6545071800142 62.368860926243656
329.3767157259242 62.257209508868186
334.16761037677935 62.146228200296406
339.02819019498156 62.034754444534926
343.95946877463007 61.923411952570824
348.9624744528898 61.810844324809977
354.03825052443415 61.696639363200234
359.187855459007 61.579516895534638
364.4123631221491 61.461721829751646
369.71286299913527 61.343874441419203
375.0904604221685 61.227106792593190
380.54627680087896 61.112924349810179
386.08144985617537 61.000054712905261
391.6971338574982 60.889905889778788
397.3944998635236 60.784075152361041
403.1747359663683 60.691908083165536
409.0390475393468 60.612771667643003
414.9886574883323 60.551096411349178
421.0248065067734 60.511024140289010
427.1487533344206 60.491641874444262
433.3617750198154 60.499856656324312
439.6651671865984 60.532917646645217
446.06024430368984 60.584930756011595
452.54833995940066 60.653560743529042
459.13080713953053 60.739241184647781
465.8090185095106 60.834548186597033
472.58436670065066 60.935592955274096
479.45826460054917 61.035689494293564
486.432145647728 61.131390751679554
493.50746413055253 61.216159931833701
500.6856954904994 61.288742699732936
507.9683366298358 61.349734819274872
515.3569062237735 61.395080584705283
522.8529450371643 61.427805162019013
530.4580162458005 61.457360690998563
538.1737057623901 61.488769268376302
546.0016225672724 61.523149579207271
553.9433990439449 61.555530671295287
562.0006913194694 61.586702661579963
570.1751796098309 61.618121887614898
578.4685685703187 61.647563418424632
586.8825876510039 61.673991892335565
595.4189914573883 61.698673176080689
604.0795601162986 61.721698900290747
612.8660996471021 61.740537042201765
621.780442338323 61.753702028887723
630.8244471297356 61.759123667069460
640.0000000000159 61.760500000000000
649.3090143600314 61.760500000000000
658.7534314518515 61.757436298991848
668.3352207535618 61.751998867547869
678.0563803899662 61.744554895688026
687.9189375492632 61.734685115573271
697.9249489057827 61.722593813867775
708.0765010488715 61.711115848846248
718.3757109180171 61.703555787903291
728.8247262443015 61.702500000000001
739.425725998274 61.707212862999135
750.1809208443404 61.719331688214623
761.0925536017613 61.739336348269894
772.1628997123541 61.767579891555386
783.3942677149998 61.801474228947313
794.7889997270506 61.840327249021925
806.34947193274 61.882810519747778
818.0780950786972 61.928779926090073
829.9773149766683 61.978057871055135
842.0496130135506 62.029885790809843
854.2975066688449 62.084696905565536
866.7235500396347 62.141437650179881
879.3303343732008 62.199136054835385
892.1204886073838 62.262051841517902
905.0966799188055 62.330319377890149
918.2616142790653 62.404606360400692
931.6180370190256 62.484471841770194
945.1687334013056 62.569798069883433
958.9165292011028 62.661558094157485
972.8642912954606 62.760221468498301
987.0149282611097 62.863763511456611
1001.3713909810035 62.972242562684528
1015.9366732596762 63.086743165613328
1030.7138124475518 63.209016419200793
1045.7058900743334 63.335446756567009
1060.916032491606 63.464347345011433
1076.3474115247852 63.596857221418105
1092.0032451345498 63.734966604800491
1107.8867980878947 63.877750725375037
1124.0013826389438 64.025512789410229
1140.350359219667 64.176642891147765
1156.9371371406426 64.329668518550946
1173.765175302013 64.485548518456369
1190.837982914782 64.644876610206822
1208.1591202326028 64.806588753646608
1225.73219929421 64.974501817037307
1243.5608846766518 65.145328404428199
1261.648894259477 65.317552791940344
1280.0000000000375 65.493500000000353
1298.6180287200684 65.672233075712654
1317.5068629037087 65.853565883875604
1336.6704415071292 66.037952999506118
1356.112760779938 66.226293779565395
1375.8378750985323 66.416043600945912
1395.8498978115715 66.607762771545794
1416.153002097749 66.804453337049793
1436.7514218360407 67.003644864080087
1457.6494524886093 67.202404853392935
1478.8514519965543 67.401472561647822
1500.3618416886875 67.602314469868389
1522.1851072035295 67.802215581984328
1544.3257994247153 68.001545678833949
1566.788535430007 68.202925277452863
1589.5779994541087 68.405077955185249
1612.6989438654878 68.606972853875121
1636.156190157402 68.808550740141072
1659.9546299533442 69.008725243414631
1684.099226027109 69.206521746299046
1708.5950133376978 69.402556804834305
1733.4471000792773 69.595866902604087
1758.6606687464096 69.786088948723432
1784.2409772147755 69.973719855490685
1810.193359837619 70.158241917273074
1836.5232285581387 70.335900985627887
1863.2360740380593 70.506093101997493
1890.3374668026197 70.671831550151779
1917.833058402214 70.833788399900897
1945.7285825909298 70.990336347553750
1974.0298565222283 71.138474656785149
2002.7427819620161 71.278071083992586
2031.8733465193618 71.410930500265295
2061.4276248951132 71.535591530839184
2091.411780148677 71.652558878866088
2121.832064983222 71.761045814444628
2152.694823049581 71.859243154436854
2184.0064902691106 71.952618010496778
2215.7735961758003 72.036631160391693
2248.002765277899 72.115639601296564
2280.7007184393456 72.187079782186004
2313.874274281297 72.250973693706328
2347.530350604038 72.307756388456397
2381.6759658295764 72.356491604297062
2416.318240465218 72.398950064511737
2451.4643985884327 72.432513043782521
2487.1217693533167 72.459343787257097
2523.2977885189675 72.475945448338138
2560.0000000000887 72.484250000000017
2597.236057440151 72.485422746409995
2635.0137258074315 72.481247483601976
2673.340883014273 72.470038929907332
2712.225521559891 72.451035112423398
2751.6757501970797 72.424722921739516
2791.699795623158 72.393640163501473
2832.3060041955137 72.356632356056224
2873.502843672097 72.314146871960688
2915.2989049772345 72.267559248325952
2957.7029039931244 72.217909195769010
3000.723683377391 72.161486843271646
3044.370214407075 72.099944678389392
3088.6515988494466 72.032823166768978
3133.57707086003 71.963455540166962
3179.1559989082334 71.892516641703168
3225.3978877309914 71.819617358507728
3272.3123803148205 71.744577067693143
3319.9092599067053 71.666751535955811
3368.198452054235 71.585380646987261
3417.190026675413 71.501433154118288
3466.8942001585724 71.415773033725671
3517.3213374928373 71.327841232637681
3568.4819544295697 71.237841399292549
3620.386719675257 71.148138709355308
3673.0464571162966 71.058781952044626
3726.472148076138 70.969556234193618
3780.6749336052594 70.880762786225759
3835.6661168044484 70.792874180121146
3891.45716518188 70.707277823097627
3948.059713044477 70.620958937607170
4005.4855639240527 70.533680228048524
4063.746693038744 70.445411182883873
4122.855249790247 70.357217125314634
4182.823560297375 70.267103313251226
4243.664129966465 70.172365854766497
4305.389646099183 70.073414985857141
4368.012980538242 69.970762023616388
4431.5471923516225 69.859792413384667
4496.00553055582 69.739522917453201
4561.401436878714 69.606742594206224
4627.748548562617 69.461678338305973
4695.060701208099 69.304708858477369
4763.351931659176 69.135689606745714
4832.63648093046 68.953755136678453
4902.928797176889 68.760769779292957
4974.243538706657 68.561332728798803
5046.595577037959 68.358823606650191
5120.000000000202 68.152357142856573
5194.472114880326 67.941707446481360
5270.027451614888 67.730673821768690
5346.6817660285715 67.529628540777850
5424.451043119808 67.344850138078712
5503.351500394186 67.173818602735196
5583.399591246343 67.024380735756580
5664.612008391055 66.932149411902628
5747.005687344222 66.897529943126557
5830.597809954497 66.929127700452227
5915.405807986278 67.032503499812833
6001.447366754812 67.200931742348416
6088.740428814181 67.249876777505932
6177.303197698925 67.254101827256534
6267.154141720092 67.345694651951135
6358.3119978165005 67.524285115065297
6450.795775462017 67.779522608214592
6544.624760629676 68.094587271644798
6639.818519813445 68.448486782866837
6736.396904108505 68.843508517392536
6834.380053350861 69.281914350482296
6933.788400317181 69.754887393547847
7034.642674985712 70.244458053306346
7136.963908859177 70.720586740347500
7240.773439350552 71.141541842497702
7346.092914232631 71.457283238163882
7452.944296152315 71.624679044325660
7561.349867210557 71.604706377256548
7671.332233608935 71.402795429217718
7782.914330363799 71.036069475760826
7896.119426088994 70.526895398974617
8010.971127848146 69.907727476022941
8127.49338607753 69.223722655662314
8245.710499580537 68.509418481380678
8365.647120594791 67.796734022314013
8487.328259932974 67.119852967119485
8610.77929219841 66.462408170964267
8736.025961076528 65.774464706686189
8863.094384703289 65.030699840726200
8992.011061111683 64.215516723570460
9122.802873757471 63.344537481002334
9255.497097125279 62.446154600560583
9390.121402416245 61.519204495837975
9526.7038633184 60.578467270171799
9665.272961860968 59.636367662637070
9805.857594353829 58.714015254445016
9948.487077413367 57.830577535519794
10093.19115407597 57.009259289762419
10240.000000000457 56.258399999997778
10388.944229760706 55.590845945187880
10540.05490322983 55.026245853413378
10693.363532057198 54.571142698916049
10848.902086239672 54.240349834939806
11006.703000788428 54.030460486642582
11166.799182492743 53.936645988734583
11329.224016782166 53.985445585562843
11494.0113746885 54.144863554837130
11661.195619909053 54.453875433647866
11830.811615972614 54.824562317900288
12002.894733509682 55.257748473392638
12177.48085762842 55.637300864239897
12354.606395397908 55.809498110505423
12534.308283440243 55.863555863938387
12716.62399563306 55.862551999636082
12901.591550924093 55.921892214119424
13089.249521259411 56.018670110249495
13279.637039626952 56.102187482284350
13472.793808217073 56.138590077397282
13668.760106701786 56.151611522674131
13867.576800634426 56.228493180459964
14069.285349971487 56.534088183663748
14273.927817718419 57.153131648598219
14481.54687870117 57.361806018271338
14692.18582846533 56.308753023674349
14905.888592304698 54.359899541969725
15122.699734421185 51.964971456281006
15342.664467217943 49.601154667985952
15565.828660727671 47.602876845261136
15792.238852178061 46.058134083456281
16021.942255696367 44.837853551568728
16254.986772155136 43.570387224158317
16491.42099916115 42.190084206897211
16731.294241189662 41.566390281849635
16974.65651986603 40.936791674427795
17221.558584396902 39.991855537113096
17472.051922153143 38.118572361169882
17726.188769406665 35.403042628522115
17984.022122223458 32.444097107741321
18245.605747515034 29.608440349827696
18510.99419425065 27.085868579365744
18780.242804832582 25.220315309193801
19053.40772663689 24.297568563964610
19330.545923722028 23.736832416726877
19611.71518870775 23.110640825407565
19896.974154826825 22.799500000000002
20186.382308152035 22.799500000000002
