20 103.281000000000006
20.290906698750476 103.286818153368856
20.586044732869844 103.290813930391820
20.885475648548283 103.292903170990328
21.189261887185914 103.293000000000006
21.49746679841394 103.291025329579185
21.810154653305165 103.287898443974726
22.12739065777668 103.285363046711126
22.449240966187475 103.284164136006837
22.77577269513385 103.285757719477061
23.107053937445478 103.288713695295286
23.44315377638505 103.289522819002656
23.784142300054445 103.284396442498632
24.130090616010463 103.273796358014110
24.481070866093134 103.259304484168624
24.837156241469714 103.245885329040334
25.1984209978975 103.239015790021028
25.56494047120865 103.236587647791097
25.936791093020236 103.232580214773421
26.3140504066728 103.218396680877419
26.69679708340074 103.185828298951435
27.08511093873791 103.144637864612619
27.47907294916184 103.111767233103848
27.878765268980047 103.101606173655099
28.284271247461966 103.115213562373100
28.695675446220072 103.133044316063931
29.11306365684382 103.140834217608372
29.536522918790062 103.127662533197437
29.966141537533712 103.100166941597834
30.402009102982383 103.079966515061912
30.844216508158908 103.072115682626034
31.29285596815558 103.055428641910666
31.74802103936409 103.013237475276313
32.20980663898519 102.957823203321780
32.67830906482211 102.917650728055335
33.153626015361866 102.916910308890991
33.63585661014871 102.941890837965346
34.125101410453844 102.944241278700972
34.62146244024586 102.888193361711814
35.12504320746613 102.789241444921700
35.635948725613716 102.698142358023901
36.15428553564419 102.643125725718775
36.68016172818701 102.610910943221526
37.21368696608603 102.580606155967004
37.754972507267915 102.557807819383740
38.30413122794313 102.546166958176457
38.86127764614443 102.534532965493625
39.4265279456077 102.504857287677211
40.000000000000206 102.460999999999984
40.58181339750116 102.438697078752725
41.1720894657399 102.429418670920555
41.77095129709678 102.383323823978344
42.37852377437204 102.300833110075430
42.9949335968281 102.246054964426392
43.62030930661056 102.243203087050674
44.25478131555359 102.244792542175730
44.89848193237519 102.209275485764735
45.55154539026795 102.145624559836975
46.21410787489121 102.076471750125961
46.88630755277036 102.005232241347471
47.56828460010916 101.947366169186978
48.260181232021196 101.921435313967450
48.962141732186545 101.897267468340274
49.674312482939705 101.860912873147896
50.39684199579528 101.828614459670490
51.129880942417586 101.790908297018916
51.873582186040764 101.726040770540365
52.628100813345895 101.665778853656121
53.393594166801776 101.629224186942167
54.17022187747612 101.583266655835402
54.95814589832399 101.500022570740313
55.75753053796041 101.414550063719091
56.56854249492426 101.354181822819768
57.39135089244048 101.309780560732619
58.226127313687975 101.268075597296601
59.073045837580466 101.211740699694204
59.932283075067765 101.149875618595118
60.804018205965114 101.087678463982115
61.68843301631817 101.017463759507223
62.58571193631152 100.948107365070058
63.49604207872855 100.870364128756975
64.41961327797075 100.788332871372489
65.35661812964459 100.710470549628440
66.3072520307241 100.632576325357732
67.27171322029778 100.552621508477657
68.25020282090806 100.479735194073712
69.2429248804921 100.405808934441126
70.25008641493265 100.325242827560601
71.27189745122783 100.238801126840727
72.30857107128878 100.148697172154328
73.36032345637442 100.064615417315551
74.42737393217246 99.983946955087063
75.50994501453623 99.901054207330176
76.60826245588666 99.814652888526922
77.72255529228926 99.727393989589217
78.85305589121582 99.643507342596649
80.00000000000082 99.567999999999927
81.16362679500274 99.476849006513973
82.34417893148023 99.365743036306782
83.541902594194 99.274861139975499
84.75704754874454 99.182626401162253
85.98986719365665 99.077386404021055
87.24061861322157 98.966144747255427
88.50956263110764 98.853279615123228
89.79696386475084 98.756295388855435
91.10309078053635 98.647237049247025
92.42821574978288 98.528460567610537
93.77261510554118 98.427043553562953
95.13656920021877 98.327733012814477
96.52036246404286 98.209935002755202
97.92428346437356 98.077529978329025
99.34862496587989 97.945538271859618
100.79368399159105 97.823976158011661
102.25976188483567 97.710271112598932
103.74716437208203 97.598962752147060
105.25620162669229 97.484179571422501
106.78718833360406 97.361925764422068
108.34044375495276 97.235204203767140
109.9162917966485 97.116714127881451
111.51506107592134 96.994795058504778
113.13708498984903 96.865665065253552
114.78270178488147 96.752400090099201
116.45225462737648 96.629420637780640
118.14609167516147 96.490762170189242
119.86456615013608 96.358571724275478
121.60803641193078 96.238637676053386
123.3768660326369 96.117619285924249
125.17142387262359 95.975886155973384
126.99208415745765 95.800807415939317
128.83922655594208 95.625586737172995
130.71323625928977 95.463886471341283
132.61450406144883 95.308604943360621
134.5434264405962 95.168133854920654
136.50040564181674 95.039223430461007
138.48584976098482 94.914521188026328
140.50017282986593 94.816661366550775
142.5437949024563 94.753990289658006
144.61714214257822 94.718168581075190
146.7206469127495 94.704052636053703
148.8547478643456 94.706502789748868
151.01989002907314 94.726278460407030
153.216524911774 94.762476938094323
155.4451105845792 94.811682654029909
157.70611178243232 94.865699348639467
160.00000000000236 94.918000000000063
162.3272535900062 94.967337776108138
164.6883578629612 94.998135637500710
167.08380518838874 95.000332955849288
169.51409509748981 94.969385754518157
171.97973438731407 94.905775543400281
174.4812372264439 94.822845439410330
177.01912526221608 94.736349741084652
179.5939277295025 94.652156741564113
182.20618156107355 94.555165100679204
184.85643149956664 94.436546723619770
187.54523021108326 94.312118423218934
190.27313840043846 94.199511485423159
193.04072492808663 94.093452452732706
195.84856692874806 93.985736176393075
198.69724993176072 93.875504502593088
201.58736798318304 93.763563525994797
204.5195237696723 93.647725557136326
207.49432874416505 93.533709836465889
210.5124032533856 93.423553482878120
213.57437666720915 93.314896816647675
216.68088750990657 93.224264927845141
219.83258359329807 93.143017993760836
223.03012215184378 93.067034598893713
226.2741699796992 92.990177977147113
229.5654035697641 92.919126525034955
232.90450925475412 92.852877984656502
236.2921833503241 92.787229378831100
239.72913230027333 92.719349637069598
243.21607282386276 92.653110689170461
246.75373206527502 92.589432822825046
250.34284774524843 92.529514436076028
253.9841683149166 92.471253306961344
257.67845311188546 92.416742816599694
261.42647251858085 92.364886002869511
265.22900812289896 92.313965642371585
269.08685288119375 92.262755108702891
273.0008112836349 92.206238033566393
276.97169952197106 92.148396206692411
281.00034565973334 92.092595368159564
285.0875898049141 92.037633599043346
289.23428428515797 91.972945165151529
293.44129382550057 91.906627557557087
297.7094957286928 91.843525160652575
302.0397800581479 91.786012694287692
306.4330498235497 91.734425435333094
310.89022116916016 91.683262456554658
315.41222356486645 91.634795319638357
320.00000000000654 91.587999999999923
324.6545071800142 91.538662223891848
329.3767157259242 91.489482156450393
334.16761037677935 91.442157418307559
339.02819019498156 91.393718098050186
343.95946877463007 91.342821524743840
348.9624744528898 91.289997770799360
354.03825052443415 91.238617494755658
359.187855459007 91.189634158685337
364.4123631221491 91.142288731900663
369.71286299913527 91.093641660407954
375.0904604221685 91.045224624952851
380.54627680087896 90.998460484563893
386.08144985617537 90.954980981093058
391.6971338574982 90.916881488194065
397.3944998635236 90.882548600709669
403.1747359663683 90.856830178795590
409.0390475393468 90.840934920767751
414.9886574883323 90.837992438325557
421.0248065067734 90.849506534735568
427.1487533344206 90.877041273340936
433.3617750198154 90.929979525217973
439.6651671865984 91.008835293290431
446.06024430368984 91.108054275314572
452.54833995940066 91.226947463204255
459.13080713953053 91.362337065235792
465.8090185095106 91.505528734372731
472.58436670065066 91.653856067414310
479.45826460054917 91.802534241440341
486.432145647728 91.952734345990933
493.50746413055253 92.097938195809860
500.6856954904994 92.216542485937367
507.9683366298358 92.360374648439262
515.3569062237735 92.539718709180761
522.8529450371643 92.719591991391511
530.4580162458005 92.875072536332240
538.1737057623901 93.010779292198237
546.0016225672724 93.134595071694548
553.9433990439449 93.246292488049306
562.0006913194694 93.342607120590543
570.1751796098309 93.426401436878649
578.4685685703187 93.492748548562545
586.8825876510039 93.548360302201317
595.4189914573883 93.595094957286932
604.0795601162986 93.634828185479734
612.8660996471021 93.668378927311082
621.780442338323 93.697309961634730
630.8244471297356 93.722226007250285
640.0000000000159 93.747000000000043
649.3090143600314 93.772134338772091
658.7534314518515 93.800260294355553
668.3352207535618 93.829005662260684
678.0563803899662 93.859780417247890
687.9189375492632 93.892132493912570
697.9249489057827 93.926737321170236
708.0765010488715 93.962267753671043
718.3757109180171 93.999990130396668
728.8247262443015 94.037769014479480
739.425725998274 94.077817758793444
750.1809208443404 94.117693529903306
761.0925536017613 94.159521455473410
772.1628997123541 94.202088075816746
783.3942677149998 94.245285645057692
794.7889997270506 94.289590248930949
806.34947193274 94.334339642408835
818.0780950786972 94.378909742988938
829.9773149766683 94.424526389523848
842.0496130135506 94.472198452054201
854.2975066688449 94.521548152231119
866.7235500396347 94.571894200158539
879.3303343732008 94.623187404367442
892.1204886073838 94.677380751391510
905.0966799188055 94.733935059634618
918.2616142790653 94.793899758211069
931.6180370190256 94.856562945783040
945.1687334013056 94.922246272556421
958.9165292011028 94.990582646005507
972.8642912954606 95.061992885907372
987.0149282611097 95.135847317058122
1001.3713909810035 95.211405511297414
1015.9366732596762 95.290182925370203
1030.7138124475518 95.371976955064923
1045.7058900743334 95.455595631668118
1060.916032491606 95.541251919618546
1076.3474115247852 95.629814986843755
1092.0032451345498 95.720643862344573
1107.8867980878947 95.813186017235381
1124.0013826389438 95.908563697762673
1140.350359219667 96.004710428781394
1156.9371371406426 96.101992174012892
1173.765175302013 96.201149757986570
1190.837982914782 96.300777360998524
1208.1591202326028 96.402800498521856
1225.73219929421 96.506574310151805
1243.5608846766518 96.610796222576212
1261.648894259477 96.715563586704960
1280.0000000000375 96.822000000000216
1298.6180287200684 96.927324848187808
1317.5068629037087 97.034038432260772
1336.6704415071292 97.138853906213853
1356.112760779938 97.243203270172671
1375.8378750985323 97.346356950512359
1395.8498978115715 97.448834478839018
1416.153002097749 97.549688143682232
1436.7514218360407 97.650069253721185
1457.6494524886093 97.748799437646682
1478.8514519965543 97.847870737264003
1500.3618416886875 97.947664471767965
1522.1851072035295 98.048051493136242
1544.3257994247153 98.150671709330680
1566.788535430007 98.255570345812430
1589.5779994541087 98.363391277401561
1612.6989438654878 98.474462888308963
1636.156190157402 98.588442207968129
1659.9546299533442 98.705374964568591
1684.099226027109 98.825860099176637
1708.5950133376978 98.950006468289018
1733.4471000792773 99.077924920412244
1758.6606687464096 99.210421184480751
1784.2409772147755 99.349010194225571
1810.193359837619 99.494306018271189
1836.5232285581387 99.646756583921857
1863.2360740380593 99.805945887189878
1890.3374668026197 99.971478795504140
1917.833058402214 100.142278284429821
1945.7285825909298 100.318004641974682
1974.0298565222283 100.498791081742255
2002.7427819620161 100.685193787014711
2031.8733465193618 100.878676311447677
2061.4276248951132 101.078803024279779
2091.411780148677 101.284929520379038
2121.832064983222 101.499007661380887
2152.694823049581 101.720037467109464
2184.0064902691106 101.947447703477962
2215.7735961758003 102.183301971318500
2248.002765277899 102.426354533797223
2280.7007184393456 102.677752222597604
2313.874274281297 102.935681815203495
2347.530350604038 103.199905424751762
2381.6759658295764 103.469240130053663
2416.318240465218 103.741826216977543
2451.4643985884327 104.014275869130927
2487.1217693533167 104.286554721440098
2523.2977885189675 104.554656300901442
2560.0000000000887 104.818500000000626
2597.236057440151 105.078066993465029
2635.0137258074315 105.333090590329050
2673.340883014273 105.581965173366697
2712.225521559891 105.825316532233998
2751.6757501970797 106.055135563633200
2791.699795623158 106.265461452568687
2832.3060041955137 106.443039097537252
2873.502843672097 106.585158246649087
2915.2989049772345 106.683724445067682
2957.7029039931244 106.732383767680560
3000.723683377391 106.727986843271651
3044.370214407075 106.662802833050165
3088.6515988494466 106.542848593710531
3133.57707086003 106.378512863016880
3179.1559989082334 106.170884965284145
3225.3978877309914 105.931327532988789
3272.3123803148205 105.665356956142560
3319.9092599067053 105.379358958974692
3368.198452054235 105.080077690140484
3417.190026675413 104.774078034078926
3466.8942001585724 104.467283263035881
3517.3213374928373 104.164496962291977
3568.4819544295697 103.869870694283009
3620.386719675257 103.585950385721134
3673.0464571162966 103.314228643560853
3726.472148076138 103.057698675888247
3780.6749336052594 102.819727065520695
3835.6661168044484 102.594468756143087
3891.45716518188 102.392654925770245
3948.059713044477 102.204451454127110
4005.4855639240527 102.041560368386072
4063.746693038744 101.900381724154556
4122.855249790247 101.781288837846091
4182.823560297375 101.683490717916115
4243.664129966465 101.607874581327394
4305.389646099183 101.551072479279057
4368.012980538242 101.513159094686031
4431.5471923516225 101.495294333504560
4496.00553055582 101.493933425509269
4561.401436878714 101.509886330090879
4627.748548562617 101.539907414089654
4695.060701208099 101.585263713840874
4763.351931659176 101.643351931659168
4832.63648093046 101.714152858642123
4902.928797176889 101.796925790776996
4974.243538706657 101.890370228544214
5046.595577037959 101.998805589121815
5120.000000000202 102.122428571428941
5194.472114880326 102.264308913833787
5270.027451614888 102.421933677826829
5346.6817660285715 102.585198752810726
5424.451043119808 102.736011877615653
5503.351500394186 102.844497471890335
5583.399591246343 102.878264908030431
5664.612008391055 102.815449631357211
5747.005687344222 102.676057544716159
5830.597809954497 102.473408197828775
5915.405807986278 102.231706924520338
6001.447366754812 101.979055925593144
6088.740428814181 101.744397560652288
6177.303197698925 101.546563741646381
6267.154141720092 101.392858214191349
6358.3119978165005 101.290936081986985
6450.795775462017 101.238777182870635
6544.624760629676 101.237494932976304
6639.818519813445 101.282863889860081
6736.396904108505 101.367672625478278
6834.380053350861 101.481350268822609
6933.788400317181 101.612290108434536
7034.642674985712 101.746996197231852
7136.963908859177 101.866224630681998
7240.773439350552 101.948386719675270
7346.092914232631 101.969703275438121
7452.944296152315 101.909702918655299
7561.349867210557 101.754058990127575
7671.332233608935 101.504664609230431
7782.914330363799 101.165495662063748
7896.119426088994 100.755238723181108
8010.971127848146 100.346155295643300
8127.49338607753 99.956943427453751
8245.710499580537 99.593198462829122
8365.647120594791 99.277538299982851
8487.328259932974 99.017293860639072
8610.77929219841 98.824831061702398
8736.025961076528 98.706576635031126
8863.094384703289 98.652301632815835
8992.011061111683 98.645426076740705
9122.802873757471 98.652568788652701
9255.497097125279 98.628856034474779
9390.121402416245 98.518046650952783
9526.7038633184 98.259896779291438
9665.272961860968 97.821649420320014
9805.857594353829 97.204133985414529
9948.487077413367 96.432774951002472
10093.19115407597 95.554972296007975
10240.000000000457 94.640999999997149
10388.944229760706 93.741593728484972
10540.05490322983 92.920965189495263
10693.363532057198 92.204179847324710
10848.902086239672 91.599974447812386
11006.703000788428 91.110896447752978
11166.799182492743 90.730907460247636
11329.224016782166 90.471189353257174
11494.0113746885 90.286789004467792
11661.195619909053 90.196005945866148
11830.811615972614 90.154910705104214
12002.894733509682 90.176752023868531
12177.48085762842 90.221761704237707
12354.606395397908 90.292315000020096
12534.308283440243 90.376840307388917
12716.62399563306 90.471644477729185
12901.591550924093 90.577406238424800
13089.249521259411 90.692681848773645
13279.637039626952 90.855415262004570
13472.793808217073 91.094374526572125
13668.760106701786 91.431677221406204
13867.576800634426 91.884092173690746
14069.285349971487 92.482501090065639
14273.927817718419 93.207617567448921
14481.54687870117 94.136023376418891
14692.18582846533 95.238047404238529
14905.888592304698 96.279170601308948
15122.699734421185 96.981651040159861
15342.664467217943 97.055033960973446
15565.828660727671 96.282158029195870
15792.238852178061 94.647603146256529
16021.942255696367 92.483147100818712
16254.986772155136 90.311612436681344
16491.42099916115 88.301921507130231
16731.294241189662 86.351815938504700
16974.65651986603 84.736138116552965
17221.558584396902 83.414464189448182
17472.051922153143 82.190380489090188
17726.188769406665 81.008198375185955
17984.022122223458 79.932892767950463
18245.605747515034 78.974959925025402
18510.99419425065 77.838361830262770
18780.242804832582 76.071477848119883
19053.40772663689 74.469315671857757
19330.545923722028 74.383486299507936
19611.71518870775 75.299481589933649
19896.974154826825 76.761323306716889
20186.382308152035 77.370000000000005
