20 68.468500000000006
20.290906698750476 68.480995992214361
20.586044732869844 68.494002094515650
20.885475648548283 68.508020340233969
21.189261887185914 68.521008927972247
21.49746679841394 68.531508948212405
21.810154653305165 68.537500731797962
22.12739065777668 68.538996966942733
22.449240966187475 68.536496315501722
22.77577269513385 68.531503475609583
23.107053937445478 68.528000080264050
23.44315377638505 68.528502705742852
23.784142300054445 68.534505140897920
24.130090616010463 68.547004388809626
24.481070866093134 68.564003483586035
24.837156241469714 68.581506275626907
25.1984209978975 68.596009750632504
25.56494047120865 68.604498621267766
25.936791093020236 68.606998596055234
26.3140504066728 68.604499341949435
26.69679708340074 68.599502649041767
27.08511093873791 68.593498451362791
27.47907294916184 68.587998632203210
27.878765268980047 68.580504401206625
28.284271247461966 68.571492099588482
28.695675446220072 68.559509453022713
29.11306365684382 68.546498123324184
29.536522918790062 68.534014064894166
29.966141537533712 68.522996429098924
30.402009102982383 68.511999752860206
30.844216508158908 68.499992284787211
31.29285596815558 68.484005132537874
31.74802103936409 68.465499066435143
32.20980663898519 68.445008579871867
32.67830906482211 68.423485390843496
33.153626015361866 68.401017677845289
33.63585661014871 68.375507585977601
34.125101410453844 68.348494172988040
34.62146244024586 68.319973850105143
35.12504320746613 68.291497547912883
35.635948725613716 68.262502909896682
36.15428553564419 68.232482357588538
36.68016172818701 68.199989854130592
37.21368696608603 68.166519637895348
37.754972507267915 68.135501575369119
38.30413122794313 68.108495288045134
38.86127764614443 68.088493868238857
39.4265279456077 68.076010425229512
40.000000000000206 68.068999999999988
40.58181339750116 68.061502404671359
41.1720894657399 68.051497834301799
41.77095129709678 68.037001178951755
42.37852377437204 68.015516840215469
42.9949335968281 67.986003180022038
43.62030930661056 67.953985387089261
44.25478131555359 67.924010331548658
44.89848193237519 67.892472366262894
45.55154539026795 67.855026067071790
46.21410787489121 67.817494622308260
46.88630755277036 67.783983089107210
47.56828460010916 67.746481904039314
48.260181232021196 67.702489802471746
48.962141732186545 67.662992137048633
49.674312482939705 67.623475364415555
50.39684199579528 67.566512456763036
51.129880942417586 67.505509907929778
51.873582186040764 67.458526394161396
52.628100813345895 67.411992498223611
53.393594166801776 67.355030199076111
54.17022187747612 67.303485639909539
54.95814589832399 67.252488054574712
55.75753053796041 67.187038437204478
56.56854249492426 67.118038924599546
57.39135089244048 67.056974365941471
58.226127313687975 66.995990004297227
59.073045837580466 66.929496157967648
59.932283075067765 66.857475328319794
60.804018205965114 66.781498445078768
61.68843301631817 66.705962629438005
62.58571193631152 66.628524860730352
63.49604207872855 66.550496447899533
64.41961327797075 66.472532645366101
65.35661812964459 66.388534233841895
66.3072520307241 66.299975319271070
67.27171322029778 66.205528083608144
68.25020282090806 66.106979268557723
69.2429248804921 66.005507678378706
70.25008641493265 65.892990360760933
71.27189745122783 65.779011438904135
72.30857107128878 65.663547773641412
73.36032345637442 65.540959984778425
74.42737393217246 65.408949244663575
75.50994501453623 65.262007463400892
76.60826245588666 65.101462102782278
77.72255529228926 64.940564213400393
78.85305589121582 64.790994444988144
80.00000000000082 64.676999999999964
81.16362679500274 64.627515870831076
82.34417893148023 64.680027780680575
83.541902594194 64.865984876894885
84.75704754874454 65.141513015167305
85.98986719365665 65.478963647898723
87.24061861322157 65.845388266783146
88.50956263110764 66.189881265891700
89.79696386475084 66.465992250715800
91.10309078053635 66.664507707781382
92.42821574978288 66.777007298598605
93.77261510554118 66.822486979406790
95.13656920021877 66.820000789589045
96.52036246404286 66.777982444761449
97.92428346437356 66.709984285132975
99.34862496587989 66.631020791365259
100.79368399159105 66.543019244802764
102.25976188483567 66.446515674020020
103.74716437208203 66.352990087568287
105.25620162669229 66.261988476593359
106.78718833360406 66.174490055791665
108.34044375495276 66.092478037508684
109.9162917966485 66.014486313478017
111.51506107592134 65.939497194724950
113.13708498984903 65.864996463059143
114.78270178488147 65.796512410531960
116.45225462737648 65.732490906165125
118.14609167516147 65.671996960160442
119.86456615013608 65.615014385946637
121.60803641193078 65.534498445957738
123.3768660326369 65.459005717657391
125.17142387262359 65.384482542313691
126.99208415745765 65.309496605451756
128.83922655594208 65.234991053820863
130.71323625928977 65.160990807998189
132.61450406144883 65.087019295190743
134.5434264405962 65.012484201868574
136.50040564181674 64.939986417330914
138.48584976098482 64.873505030661875
140.50017282986593 64.813495518599368
142.5437949024563 64.760505318086999
144.61714214257822 64.710496723424399
146.7206469127495 64.662008139131018
148.8547478643456 64.611505966659109
151.01989002907314 64.558502692128926
153.216524911774 64.502012217790067
155.4451105845792 64.439996845331564
157.70611178243232 64.375496686484141
160.00000000000236 64.307499999999933
162.3272535900062 64.236492374040466
164.6883578629612 64.165489096829646
167.08380518838874 64.092505935412191
169.51409509748981 64.016997165585764
171.97973438731407 63.943507916679813
174.4812372264439 63.868492896292452
177.01912526221608 63.792496400231457
179.5939277295025 63.718502076899739
182.20618156107355 63.644494792965432
184.85643149956664 63.568487483463670
187.54523021108326 63.490493164553612
190.27313840043846 63.409495949987168
193.04072492808663 63.328508049430994
195.84856692874806 63.249012261098478
198.69724993176072 63.171493989530319
201.58736798318304 63.101992409484289
204.5195237696723 63.041509823366795
207.49432874416505 62.999998692866143
210.5124032533856 62.988002897313677
213.57437666720915 63.010004970503886
216.68088750990657 63.050998515579707
219.83258359329807 63.090994715650993
223.03012215184378 63.117500320064948
226.2741699796992 63.125999199427127
229.5654035697641 63.110495408487715
232.90450925475412 63.072505583329146
236.2921833503241 63.018996692545798
239.72913230027333 62.956997476923377
243.21607282386276 62.890498507707733
246.75373206527502 62.818005490465673
250.34284774524843 62.744003139273232
253.9841683149166 62.668996468758522
257.67845311188546 62.591490993373668
261.42647251858085 62.516990681332217
265.22900812289896 62.441999847353507
269.08685288119375 62.369502764674294
273.0008112836349 62.304003158130278
276.97169952197106 62.241004767090359
281.00034565973334 62.179494926716245
285.0875898049141 62.119506020475818
289.23428428515797 62.062495810392249
293.44129382550057 62.000495732681884
297.7094957286928 61.938507323687290
302.0397800581479 61.872503352462410
306.4330498235497 61.808499329276870
310.89022116916016 61.748497163243854
315.41222356486645 61.690497295586290
320.00000000000654 61.634999999999934
324.6545071800142 61.582005611054619
329.3767157259242 61.525503401415776
334.16761037677935 61.474004188185319
339.02819019498156 61.415997917150882
343.95946877463007 61.361995830407551
348.9624744528898 61.317498037133433
354.03825052443415 61.296499902708959
359.187855459007 61.294500056132421
364.4123631221491 61.307002089270995
369.71286299913527 61.337499211747527
375.0904604221685 61.387506075952373
380.54627680087896 61.459504700864066
386.08144985617537 61.553508891388077
391.6971338574982 61.664502983485832
397.3944998635236 61.791488852697000
403.1747359663683 61.933493513360602
409.0390475393468 62.091001278368992
414.9886574883323 62.250990789602213
421.0248065067734 62.405995031237552
427.1487533344206 62.548494260312694
433.3617750198154 62.681495183910421
439.6651671865984 62.803503071841334
446.06024430368984 62.921004349117780
452.54833995940066 63.036505964653017
459.13080713953053 63.151996616226000
465.8090185095106 63.268000293693348
472.58436670065066 63.375504881162286
479.45826460054917 63.467002883516173
486.432145647728 63.543001111657574
493.50746413055253 63.597001842557560
500.6856954904994 63.625498791124009
507.9683366298358 63.647001070618643
515.3569062237735 63.670499701753783
522.8529450371643 63.703999754368326
530.4580162458005 63.752500143171908
538.1737057623901 63.820497406926194
546.0016225672724 63.901996070418079
553.9433990439449 63.996004704538933
562.0006913194694 64.090996360802876
570.1751796098309 64.186002003123861
578.4685685703187 64.278495188419868
586.8825876510039 64.365495736348635
595.4189914573883 64.447999917436107
604.0795601162986 64.529495860694880
612.8660996471021 64.613501000495361
621.780442338323 64.703004401863012
630.8244471297356 64.793004288079416
640.0000000000159 64.881000000000142
649.3090143600314 64.960000104917640
658.7534314518515 65.029002746666976
668.3352207535618 65.090001260345915
678.0563803899662 65.145502024786907
687.9189375492632 65.197999667579467
697.9249489057827 65.249499737022575
708.0765010488715 65.298502407953322
718.3757109180171 65.347998610722499
728.8247262443015 65.400498624540703
739.425725998274 65.455998565503648
750.1809208443404 65.514499569446201
761.0925536017613 65.575997484100839
772.1628997123541 65.639499424727603
783.3942677149998 65.706001585850146
794.7889997270506 65.773499998383159
806.34947193274 65.845503118321034
818.0780950786972 65.923000635243000
829.9773149766683 66.002502139326324
842.0496130135506 66.084497371582131
854.2975066688449 66.172503750988469
866.7235500396347 66.264496668837722
879.3303343732008 66.358002562046408
892.1204886073838 66.456003896961107
905.0966799188055 66.559497447144665
918.2616142790653 66.670996733164884
931.6180370190256 66.788000326453670
945.1687334013056 66.907497648989448
958.9165292011028 67.029995804999643
972.8642912954606 67.154002583392014
987.0149282611097 67.279499363774235
1001.3713909810035 67.403003221043548
1015.9366732596762 67.522997308194505
1030.7138124475518 67.635498572128952
1045.7058900743334 67.733999277769584
1060.916032491606 67.804000045270527
1076.3474115247852 67.825500157712611
1092.0032451345498 67.831501828786458
1107.8867980878947 67.949998493667550
1124.0013826389438 68.188006131959355
1140.350359219667 68.450005262577861
1156.9371371406426 68.693001617685866
1173.765175302013 68.891501591507762
1190.837982914782 69.046499844889084
1208.1591202326028 69.174500834711068
1225.73219929421 69.296501391672507
1243.5608846766518 69.420999194696464
1261.648894259477 69.547999257571519
1280.0000000000375 69.675500000000255
1298.6180287200684 69.805000193099090
1317.5068629037087 69.931999078234469
1336.6704415071292 70.054502679516602
1356.112760779938 70.172498548168122
1375.8378750985323 70.286499278136006
1395.8498978115715 70.398999425534768
1416.153002097749 70.507500010540696
1436.7514218360407 70.611001947898259
1457.6494524886093 70.707501931431892
1478.8514519965543 70.798001786049326
1500.3618416886875 70.882999374438128
1522.1851072035295 70.962000358297331
1544.3257994247153 71.035999329634109
1566.788535430007 71.103498603994367
1589.5779994541087 71.162999998574719
1612.6989438654878 71.214499874965298
1636.156190157402 71.256000231714125
1659.9546299533442 71.284999549083864
1684.099226027109 71.302000032294856
1708.5950133376978 71.305499997316588
1733.4471000792773 71.300499940462089
1758.6606687464096 71.285500197065261
1784.2409772147755 71.261500021377856
1810.193359837619 71.230999494341361
1836.5232285581387 71.193999644923338
1863.2360740380593 71.152499870238074
1890.3374668026197 71.105000934502101
1917.833058402214 71.050999875432623
1945.7285825909298 70.991500890301111
1974.0298565222283 70.925000337135515
2002.7427819620161 70.851500558137133
2031.8733465193618 70.774999009274694
2061.4276248951132 70.690501072453486
2091.411780148677 70.598000678236644
2121.832064983222 70.499499778918505
2152.694823049581 70.394500602008691
2184.0064902691106 70.282001831397707
2215.7735961758003 70.166501468243624
2248.002765277899 70.048500859387758
2280.7007184393456 69.929001029007821
2313.874274281297 69.806998993530414
2347.530350604038 69.683498742195439
2381.6759658295764 69.561000122587615
2416.318240465218 69.437999168709837
2451.4643985884327 69.316498658628859
2487.1217693533167 69.196500776196132
2523.2977885189675 69.077500695661286
2560.0000000000887 68.959999999999724
2597.236057440151 68.845499830468071
2635.0137258074315 68.734000809266533
2673.340883014273 68.625500331175189
2712.225521559891 68.521001285765493
2751.6757501970797 68.419500642712194
2791.699795623158 68.323500490210293
2832.3060041955137 68.227999990325173
2873.502843672097 68.133000360491067
2915.2989049772345 68.037500217118250
2957.7029039931244 67.942500215089453
3000.723683377391 67.850500677094431
3044.370214407075 67.759499571495738
3088.6515988494466 67.671000801721334
3133.57707086003 67.585999870962894
3179.1559989082334 67.503000001988113
3225.3978877309914 67.423000194228621
3272.3123803148205 67.345999420702469
3319.9092599067053 67.273499628620129
3368.198452054235 67.204499391011211
3417.190026675413 67.138499966725504
3466.8942001585724 67.076499773751380
3517.3213374928373 67.019499656972542
3568.4819544295697 66.967500046317753
3620.386719675257 66.925000229530895
3673.0464571162966 66.888999666313481
3726.472148076138 66.849999811500226
3780.6749336052594 66.781000084519988
3835.6661168044484 66.687500004187214
3891.45716518188 66.689500135698765
3948.059713044477 66.735999764262800
4005.4855639240527 66.787499608924335
4063.746693038744 66.849499673338983
4122.855249790247 66.915500306151230
4182.823560297375 66.988999461085854
4243.664129966465 67.071000204237222
4305.389646099183 67.167999443858676
4368.012980538242 67.289999962085261
4431.5471923516225 67.447000592351571
4496.00553055582 67.645501979564813
4561.401436878714 67.889501896380750
4627.748548562617 68.177498040423728
4695.060701208099 68.504998546257013
4763.351931659176 68.870999633732978
4832.63648093046 69.268997018262581
4902.928797176889 69.697498763590403
4974.243538706657 70.156497031008286
5046.595577037959 70.642997155973120
5120.000000000202 71.149500000001410
5194.472114880326 71.672000802056417
5270.027451614888 72.199503072430559
5346.6817660285715 72.720998408243432
5424.451043119808 73.222500255764444
5503.351500394186 73.690497036596227
5583.399591246343 74.118002773753659
5664.612008391055 74.499000034218426
5747.005687344222 74.834998725000105
5830.597809954497 75.130999327047221
5915.405807986278 75.398999393221430
6001.447366754812 75.658501142787031
6088.740428814181 75.930501476782922
6177.303197698925 76.235500763503211
6267.154141720092 76.582500602432447
6358.3119978165005 76.969999990718236
6450.795775462017 77.381998999722668
6544.624760629676 77.789498960413027
6639.818519813445 78.149001402079151
6736.396904108505 78.409499741354381
6834.380053350861 78.536499985777965
6933.788400317181 78.510000159860738
7034.642674985712 78.317500620354679
7136.963908859177 77.954000323781912
7240.773439350552 77.421497100753584
7346.092914232631 76.726500565973424
7452.944296152315 75.889497401980975
7561.349867210557 74.938501164905631
7671.332233608935 73.915497800684818
7782.914330363799 72.865006304301090
7896.119426088994 71.829505249634252
8010.971127848146 70.844998993317347
8127.49338607753 69.927497227327279
8245.710499580537 69.078503593836160
8365.647120594791 68.282999236378032
8487.328259932974 67.512498328188656
8610.77929219841 66.718497955145381
8736.025961076528 65.842000272393136
8863.094384703289 64.829004905174116
8992.011061111683 63.653999382771630
9122.802873757471 62.333001275050307
9255.497097125279 60.892498873807334
9390.121402416245 59.331495169520103
9526.7038633184 57.692001640683557
9665.272961860968 56.181000415880007
9805.857594353829 54.617491797058733
9948.487077413367 52.648998694922668
10093.19115407597 50.209497164252397
10240.000000000457 47.507499999992987
10388.944229760706 45.220996975772479
10540.05490322983 43.232001273738305
10693.363532057198 46.005502117432961
10848.902086239672 46.624500154935305
11006.703000788428 46.908000001817229
11166.799182492743 47.277000453352755
11329.224016782166 47.680500033556591
11494.0113746885 48.009998749665392
11661.195619909053 48.244502936597890
11830.811615972614 49.047998180807319
12002.894733509682 51.050496898898416
12177.48085762842 53.288508882486681
12354.606395397908 55.123002715152332
12534.308283440243 56.356995079465904
12716.62399563306 57.032499983819932
12901.591550924093 57.389999132041012
13089.249521259411 57.575999525489195
13279.637039626952 57.498999895781708
13472.793808217073 56.991000504386207
13668.760106701786 55.948499168409057
13867.576800634426 54.399001553775364
14069.285349971487 52.470496371048625
14273.927817718419 50.348501890128247
14481.54687870117 48.238501232741370
14692.18582846533 46.370501521212901
14905.888592304698 44.947502714750904
15122.699734421185 43.919001259842958
15342.664467217943 43.432500662623973
15565.828660727671 43.748999518832740
15792.238852178061 44.458499536771058
16021.942255696367 45.305500937559202
16254.986772155136 46.160002998013901
16491.42099916115 47.077996114085572
16731.294241189662 48.006497062798239
16974.65651986603 49.203003711027719
17221.558584396902 50.965497033246010
17472.051922153143 53.183490456201234
17726.188769406665 54.450498850372426
17984.022122223458 53.194486473291335
18245.605747515034 50.041489831796824
18510.99419425065 46.431497232493868
18780.242804832582 42.595488236844666
19053.40772663689 38.603003995380867
19330.545923722028 39.286997343664616
19611.71518870775 40.967999683789166
19896.974154826825 40.490001416226519
20186.382308152035 40.490000000000002
