20 68.066000000000003
20.290906698750476 68.082484767878427
20.586044732869844 68.100162686763241
20.885475648548283 68.119080124408057
21.189261887185914 68.136873553840672
21.49746679841394 68.151264183091058
21.810154653305165 68.164931613107399
22.12739065777668 68.179369532888842
22.449240966187475 68.196118584129920
22.77577269513385 68.216925176600967
23.107053937445478 68.237923257657599
23.44315377638505 68.254987581469479
23.784142300054445 68.262150889375334
24.130090616010463 68.261765452671369
24.481070866093134 68.257236612990766
24.837156241469714 68.255642964155470
25.1984209978975 68.263696708679049
25.56494047120865 68.278334691969150
25.936791093020236 68.295142645623855
26.3140504066728 68.308471078714831
26.69679708340074 68.314467970834016
27.08511093873791 68.318351103217040
27.47907294916184 68.323686089702647
27.878765268980047 68.331772218552047
28.284271247461966 68.340469696196706
28.695675446220072 68.346174052677327
29.11306365684382 68.348226127313694
29.536522918790062 68.349620889619445
29.966141537533712 68.356924406138077
30.402009102982383 68.368550227407141
30.844216508158908 68.377802698358721
31.29285596815558 68.380276790119410
31.74802103936409 68.376275726488274
32.20980663898519 68.370692126971164
32.67830906482211 68.366786763740720
33.153626015361866 68.364424617892467
33.63585661014871 68.360369720678221
34.125101410453844 68.355124290126824
34.62146244024586 68.352500000000006
35.12504320746613 68.352750086414943
35.635948725613716 68.352820256371928
36.15428553564419 68.350074286786139
36.68016172818701 68.348540485184571
37.21368696608603 68.352491617525203
37.754972507267915 68.357774860715111
38.30413122794313 68.359166958176445
38.86127764614443 68.354992019701626
39.4265279456077 68.351459200913951
40.000000000000206 68.348500000000001
40.58181339750116 68.339287923832643
41.1720894657399 68.328988449407319
41.77095129709678 68.328499999999991
42.37852377437204 68.330979388348183
42.9949335968281 68.317476834679326
43.62030930661056 68.289351745921763
44.25478131555359 68.270045427573251
44.89848193237519 68.261845986716821
45.55154539026795 68.248864551168111
46.21410787489121 68.221412211586909
46.88630755277036 68.194472395994012
47.56828460010916 68.174305140989148
48.260181232021196 68.151833511647226
48.962141732186545 68.129072004832210
49.674312482939705 68.111556586391600
50.39684199579528 68.090114459670502
51.129880942417586 68.060890963420121
51.873582186040764 68.031691486205048
52.628100813345895 68.005248925085709
53.393594166801776 67.978224186942171
54.17022187747612 67.952628885007684
54.95814589832399 67.913047805753735
55.75753053796041 67.855685232384502
56.56854249492426 67.845743866176406
57.39135089244048 67.846716762952056
58.226127313687975 67.818600796395458
59.073045837580466 67.748235579034997
59.932283075067765 67.721599224672900
60.804018205965114 67.692344973705673
61.68843301631817 67.660923776141146
62.58571193631152 67.636205448536884
63.49604207872855 67.602414253732761
64.41961327797075 67.569541021577834
65.35661812964459 67.547650728055331
66.3072520307241 67.531701333370151
67.27171322029778 67.505001191866313
68.25020282090806 67.460741278700965
69.2429248804921 67.419268854541301
70.25008641493265 67.377620549630976
71.27189745122783 67.326900563420367
72.30857107128878 67.282620013755377
73.36032345637442 67.236542533355788
74.42737393217246 67.180844990357457
75.50994501453623 67.130402327459251
76.60826245588666 67.085896692393220
77.72255529228926 67.048093738565228
78.85305589121582 67.018991575188124
80.00000000000082 67.007999999999981
81.16362679500274 66.987636480178651
82.34417893148023 66.955315035016625
83.541902594194 66.901710106405190
84.75704754874454 66.852015661463327
85.98986719365665 66.790119396717500
87.24061861322157 66.727369277568755
88.50956263110764 66.660407116871340
89.79696386475084 66.580588240385453
91.10309078053635 66.516062679239781
92.42821574978288 66.454813111595143
93.77261510554118 66.393253519969022
95.13656920021877 66.327354370626082
96.52036246404286 66.262372808946608
97.92428346437356 66.188296319023237
99.34862496587989 66.113782902555442
100.79368399159105 66.039874045742579
102.25976188483567 65.974856270644963
103.74716437208203 65.901504421904619
105.25620162669229 65.818817026128272
106.78718833360406 65.742477356098206
108.34044375495276 65.665637368497414
109.9162917966485 65.591625842242479
111.51506107592134 65.525224337026913
113.13708498984903 65.469360655837107
114.78270178488147 65.395998725963508
116.45225462737648 65.346873351527080
118.14609167516147 65.321101390748026
119.86456615013608 65.339938529290748
121.60803641193078 65.342239788732130
123.3768660326369 65.354752150113626
125.17142387262359 65.386728455524718
126.99208415745765 65.429669739254138
128.83922655594208 65.447023204268248
130.71323625928977 65.439259449782952
132.61450406144883 65.403609723711028
134.5434264405962 65.330127085766009
136.50040564181674 65.257363540618684
138.48584976098482 65.203461068176608
140.50017282986593 65.172668452575280
142.5437949024563 65.193785880658709
144.61714214257822 65.242162837849605
146.7206469127495 65.274868409865746
148.8547478643456 65.272536319648026
151.01989002907314 65.236094793261543
153.216524911774 65.169409088581972
155.4451105845792 65.075011537121782
157.70611178243232 64.960803514202169
160.00000000000236 64.819499999999877
162.3272535900062 64.698017362601675
164.6883578629612 64.587897866731197
167.08380518838874 64.507651756046911
169.51409509748981 64.440522251387279
171.97973438731407 64.396220196680446
174.4812372264439 64.379282556203648
177.01912526221608 64.376596174947551
179.5939277295025 64.379850284367208
182.20618156107355 64.394619561990879
184.85643149956664 64.399327717799480
187.54523021108326 64.391864309366753
190.27313840043846 64.383680584798682
193.04072492808663 64.369429851006799
195.84856692874806 64.333005190555269
198.69724993176072 64.304245850641450
201.58736798318304 64.280623862787195
204.5195237696723 64.264928412844540
207.49432874416505 64.245801986511822
210.5124032533856 64.202256069350085
213.57437666720915 64.139938089988618
216.68088750990657 64.068669365394669
219.83258359329807 63.988520242980954
223.03012215184378 63.900292875555316
226.2741699796992 63.821194090466918
229.5654035697641 63.745923285157048
232.90450925475412 63.667744032513284
236.2921833503241 63.604544203907558
239.72913230027333 63.552130732420835
243.21607282386276 63.512433472026999
246.75373206527502 63.486785442526752
250.34284774524843 63.464985769496664
253.9841683149166 63.443593011149865
257.67845311188546 63.417750828216803
261.42647251858085 63.386803292656886
265.22900812289896 63.352395032602026
269.08685288119375 63.308356437064276
273.0008112836349 63.255488236387293
276.97169952197106 63.195724033006982
281.00034565973334 63.127293881822723
285.0875898049141 63.054914624531051
289.23428428515797 62.979859454438639
293.44129382550057 62.907153875583944
297.7094957286928 62.834980471757959
302.0397800581479 62.763353574055103
306.4330498235497 62.691760186215362
310.89022116916016 62.623174127170302
315.41222356486645 62.560182316013226
320.00000000000654 62.500999999999927
324.6545071800142 62.445611364557827
329.3767157259242 62.390292426006688
334.16761037677935 62.334238958591683
339.02819019498156 62.277772993738211
343.95946877463007 62.221362055969216
348.9624744528898 62.167101523354077
354.03825052443415 62.112386894336112
359.187855459007 62.055933589950925
364.4123631221491 61.999346478280785
369.71286299913527 61.943514938509082
375.0904604221685 61.887147087448128
380.54627680087896 61.835706533020286
386.08144985617537 61.789348401150598
391.6971338574982 61.754404338587193
397.3944998635236 61.726619250477668
403.1747359663683 61.711679650728328
409.0390475393468 61.710298809424181
414.9886574883323 61.727448958697494
421.0248065067734 61.759580954255895
427.1487533344206 61.798683147785212
433.3617750198154 61.844484643913475
439.6651671865984 61.902484255459285
446.06024430368984 61.973237992720200
452.54833995940066 62.056412257443789
459.13080713953053 62.152552222398604
465.8090185095106 62.259483641825177
472.58436670065066 62.377863691083050
479.45826460054917 62.501567210281351
486.432145647728 62.624176119705695
493.50746413055253 62.746950984551731
500.6856954904994 62.868585424134579
507.9683366298358 62.981011196723088
515.3569062237735 63.085277113451511
522.8529450371643 63.196027630233353
530.4580162458005 63.307812991656284
538.1737057623901 63.422704846871497
546.0016225672724 63.544882872138174
553.9433990439449 63.669758297860412
562.0006913194694 63.793210611753850
570.1751796098309 63.918496309440087
578.4685685703187 64.036677102127044
586.8825876510039 64.154167968348958
595.4189914573883 64.269301636810397
604.0795601162986 64.377679858859238
612.8660996471021 64.475289203387007
621.780442338323 64.571131913791916
630.8244471297356 64.665703248940872
640.0000000000159 64.757000000000176
649.3090143600314 64.853813749344326
658.7534314518515 64.955099388107399
668.3352207535618 65.055186295837046
678.0563803899662 65.156286356055659
687.9189375492632 65.257669109879942
697.9249489057827 65.355475756940791
708.0765010488715 65.449803809649609
718.3757109180171 65.538693542803145
728.8247262443015 65.621774101017763
739.425725998274 65.704520662786535
750.1809208443404 65.785819214489990
761.0925536017613 65.865383203346170
772.1628997123541 65.949003509358988
783.3942677149998 66.034425577214236
794.7889997270506 66.121548997907382
806.34947193274 66.210179284817684
818.0780950786972 66.299319485977861
829.9773149766683 66.388255556750778
842.0496130135506 66.476353492721557
854.2975066688449 66.563977860571256
866.7235500396347 66.654018250289624
879.3303343732008 66.745894924205714
892.1204886073838 66.838504867593414
905.0966799188055 66.931389121094924
918.2616142790653 67.022386312042897
931.6180370190256 67.115089878789234
945.1687334013056 67.212772014384527
958.9165292011028 67.311901792607898
972.8642912954606 67.410050039068224
987.0149282611097 67.507718159951480
1001.3713909810035 67.604959754409222
1015.9366732596762 67.699869819093962
1030.7138124475518 67.792359354590417
1045.7058900743334 67.883735340445995
1060.916032491606 67.974690850785763
1076.3474115247852 68.061776022233829
1092.0032451345498 68.145516225672750
1107.8867980878947 68.224664447855488
1124.0013826389438 68.302951165605975
1140.350359219667 68.382066274659266
1156.9371371406426 68.458244130509669
1173.765175302013 68.532612318489925
1190.837982914782 68.603894045400935
1208.1591202326028 68.674405146619776
1225.73219929421 68.741654545014342
1243.5608846766518 68.807389910481049
1261.648894259477 68.872159426383490
1280.0000000000375 68.933500000000109
1298.6180287200684 68.989088114321333
1317.5068629037087 69.045520588711128
1336.6704415071292 69.101761041408352
1356.112760779938 69.157421368222828
1375.8378750985323 69.211262262766041
1395.8498978115715 69.262520991974213
1416.153002097749 69.312844071841113
1436.7514218360407 69.361853128039286
1457.6494524886093 69.406451894026986
1478.8514519965543 69.448740729753524
1500.3618416886875 69.489129604538320
1522.1851072035295 69.527102086534143
1544.3257994247153 69.564467343033527
1566.788535430007 69.597839720310617
1589.5779994541087 69.629326079257581
1612.6989438654878 69.660770563657067
1636.156190157402 69.692672418614066
1659.9546299533442 69.726033759731877
1684.099226027109 69.760738916437958
1708.5950133376978 69.794689218139268
1733.4471000792773 69.829839592120493
1758.6606687464096 69.868683856619327
1784.2409772147755 69.910024841720826
1810.193359837619 69.954236446117449
1836.5232285581387 69.999359023977675
1863.2360740380593 70.044236604383940
1890.3374668026197 70.089153445556292
1917.833058402214 70.134602876947667
1945.7285825909298 70.179665732145480
1974.0298565222283 70.222064187652890
2002.7427819620161 70.263794181714118
2031.8733465193618 70.304091462685122
2061.4276248951132 70.344903499860152
2091.411780148677 70.384741195516696
2121.832064983222 70.422244279604442
2152.694823049581 70.458622990642652
2184.0064902691106 70.493206814782553
2215.7735961758003 70.525182086319205
2248.002765277899 70.555302350486215
2280.7007184393456 70.581668848214861
2313.874274281297 70.604055802473468
2347.530350604038 70.624226037852367
2381.6759658295764 70.642067033341917
2416.318240465218 70.657527296186089
2451.4643985884327 70.670244234523608
2487.1217693533167 70.681636530806003
2523.2977885189675 70.690159557703794
2560.0000000000887 70.696500000000015
2597.236057440151 70.701654507180024
2635.0137258074315 70.706001372580744
2673.340883014273 70.709542327263748
2712.225521559891 70.712852126796662
2751.6757501970797 70.717063521897174
2791.699795623158 70.721566227007614
2832.3060041955137 70.727022840587367
2873.502843672097 70.732320341240651
2915.2989049772345 70.736264945248863
2957.7029039931244 70.738077029039928
3000.723683377391 70.738545230211088
3044.370214407075 70.741509858347499
3088.6515988494466 70.747764029798645
3133.57707086003 70.755036560629009
3179.1559989082334 70.762456519814393
3225.3978877309914 70.771333556423514
3272.3123803148205 70.780962476062967
3319.9092599067053 70.790083666783204
3368.198452054235 70.798411752328676
3417.190026675413 70.805390902934306
3466.8942001585724 70.810689420015862
3517.3213374928373 70.815212493624500
3568.4819544295697 70.818793736810079
3620.386719675257 70.822630937574019
3673.0464571162966 70.829148362280932
3726.472148076138 70.840353315538280
3780.6749336052594 70.853887840069916
3835.6661168044484 70.867603206865027
3891.45716518188 70.876706965541473
3948.059713044477 70.879890858858744
4005.4855639240527 70.868302931070673
4063.746693038744 70.837815751845241
4122.855249790247 70.778193331566385
4182.823560297375 70.686131028239032
4243.664129966465 70.559669558426862
4305.389646099183 70.403410080910447
4368.012980538242 70.216494175376297
4431.5471923516225 69.999041431991913
4496.00553055582 69.755778845623993
4561.401436878714 69.488381015595763
4627.748548562617 69.204664671276575
4695.060701208099 68.909910185372752
4763.351931659176 68.608346871640052
4832.63648093046 68.305163131999024
4902.928797176889 68.008080697410037
4974.243538706657 67.720664836221488
5046.595577037959 67.450217366167948
5120.000000000202 67.198499999999342
5194.472114880326 66.975842762408234
5270.027451614888 66.787686174995386
5346.6817660285715 66.636598670487672
5424.451043119808 66.528333822764779
5503.351500394186 66.472824249802912
5583.399591246343 66.485104867155059
5664.612008391055 66.579341511537706
5747.005687344222 66.769252090469394
5830.597809954497 66.997957028596701
5915.405807986278 67.157194638878480
6001.447366754812 67.165143093667368
6088.740428814181 67.094122128644244
6177.303197698925 67.155405024955456
6267.154141720092 67.325354971626950
6358.3119978165005 67.539864394650422
6450.795775462017 67.767719544268488
6544.624760629676 67.991690701841961
6639.818519813445 68.196345206235293
6736.396904108505 68.365137650272459
6834.380053350861 68.477706536011823
6933.788400317181 68.517776449960337
7034.642674985712 68.486116194384635
7136.963908859177 68.407808384305270
7240.773439350552 68.307707224665677
7346.092914232631 68.192149432063161
7452.944296152315 68.053083820944465
7561.349867210557 67.878370859041397
7671.332233608935 67.654566682686735
7782.914330363799 67.369484698812087
7896.119426088994 67.013223794919980
8010.971127848146 66.581189854514577
8127.49338607753 66.081011651161077
8245.710499580537 65.529028667343198
8365.647120594791 64.943218702320877
8487.328259932974 64.346197124162316
8610.77929219841 63.765645228588276
8736.025961076528 63.205738219513002
8863.094384703289 62.676745240954759
8992.011061111683 62.196745482460827
9122.802873757471 61.810710987662453
9255.497097125279 61.541466911493416
9390.121402416245 61.389620129073776
9526.7038633184 61.355844957287005
9665.272961860968 61.423133764029046
9805.857594353829 61.562173623928679
9948.487077413367 61.747881908378716
10093.19115407597 61.958233545212693
10240.000000000457 62.181700000000703
10388.944229760706 62.419034373361143
10540.05490322983 62.681473482668508
10693.363532057198 62.996578252940502
10848.902086239672 63.379315750602345
11006.703000788428 63.830775214855429
11166.799182492743 64.359601456555239
11329.224016782166 64.985293821891730
11494.0113746885 65.684324716867650
11661.195619909053 66.444306424267808
11830.811615972614 67.186927459393985
12002.894733509682 67.901403326245003
12177.48085762842 68.728002160599743
12354.606395397908 69.741766308425440
12534.308283440243 70.758373825386059
12716.62399563306 71.634988301746176
12901.591550924093 72.228625899301136
13089.249521259411 72.681417773438781
13279.637039626952 72.957691483682908
13472.793808217073 73.112229557395750
13668.760106701786 73.262633691763540
13867.576800634426 73.442738916631242
14069.285349971487 73.616186685566177
14273.927817718419 73.739313236993922
14481.54687870117 73.650610544746826
14692.18582846533 73.237947246850524
14905.888592304698 72.524623349242148
15122.699734421185 71.511783418190873
15342.664467217943 70.224306423984729
15565.828660727671 68.678246502395439
15792.238852178061 66.938252506266068
16021.942255696367 65.378429454232318
16254.986772155136 64.559809074552291
16491.42099916115 64.218870919209621
16731.294241189662 63.891939831982057
16974.65651986603 63.117045849726928
17221.558584396902 61.930910718378598
17472.051922153143 60.427433509512625
17726.188769406665 58.820606069345303
17984.022122223458 57.347275009437467
18245.605747515034 56.071706662492453
18510.99419425065 54.945514587187205
18780.242804832582 54.025054354743816
19053.40772663689 53.452701080503587
19330.545923722028 53.376579372637366
19611.71518870775 53.834236060262732
19896.974154826825 54.193500000000000
20186.382308152035 54.193500000000000
