20 65.220500000000001
20.290906698750476 65.253989259134499
20.586044732869844 65.286504488247800
20.885475648548283 65.316546156684780
21.189261887185914 65.346022957642916
21.49746679841394 65.373041012640201
21.810154653305165 65.400512440565564
22.12739065777668 65.426029723961264
22.449240966187475 65.450516211792433
22.77577269513385 65.472484707317875
23.107053937445478 65.492002809241953
23.44315377638505 65.509507440792817
23.784142300054445 65.526006785985260
24.130090616010463 65.542504259726996
24.481070866093134 65.559002985930888
24.837156241469714 65.574006059225979
25.1984209978975 65.588016059865296
25.56494047120865 65.601997729146916
25.936791093020236 65.615992137909359
26.3140504066728 65.630501710931441
26.69679708340074 65.643493112491399
27.08511093873791 65.654502111778015
27.47907294916184 65.662000638305159
27.878765268980047 65.665497946103585
28.284271247461966 65.667501975102880
28.695675446220072 65.670497636744315
29.11306365684382 65.676000900804397
29.536522918790062 65.681993248850802
29.966141537533712 65.686000162313690
30.402009102982383 65.686499948512534
30.844216508158908 65.683998071196811
31.29285596815558 65.680001283134473
31.74802103936409 65.674499772301260
32.20980663898519 65.669502092651669
32.67830906482211 65.663495779577005
33.153626015361866 65.657005106933084
33.63585661014871 65.649502231169890
34.125101410453844 65.641997648749566
34.62146244024586 65.630488071977780
35.12504320746613 65.617498731679078
35.635948725613716 65.602501505118965
36.15428553564419 65.587992400191979
36.68016172818701 65.573995305642512
37.21368696608603 65.558509086190384
37.754972507267915 65.542000838502929
38.30413122794313 65.525495877039475
38.86127764614443 65.507989698641282
39.4265279456077 65.487017514385570
40.000000000000206 65.461999999999989
40.58181339750116 65.438007694948411
41.1720894657399 65.415496490075299
41.77095129709678 65.392001910714896
42.37852377437204 65.365021148177561
42.9949335968281 65.335503180022030
43.62030930661056 65.306485630637781
44.25478131555359 65.277010159356166
44.89848193237519 65.245976419210990
45.55154539026795 65.214022243901269
46.21410787489121 65.183995103892585
46.88630755277036 65.153485343892896
47.56828460010916 65.120985811121727
48.260181232021196 65.086491222380744
48.962141732186545 65.052493132358933
49.674312482939705 65.017984008480255
50.39684199579528 64.981008085968980
51.129880942417586 64.940006659428207
51.873582186040764 64.897024147849791
52.628100813345895 64.855494406570244
53.393594166801776 64.813022516855000
54.17022187747612 64.765986062265142
54.95814589832399 64.716491063727659
55.75753053796041 64.667528754549920
56.56854249492426 64.617528206231555
57.39135089244048 64.564977517669988
58.226127313687975 64.511491808033057
59.073045837580466 64.456996905029484
59.932283075067765 64.398979710789291
60.804018205965114 64.336498712813551
61.68843301631817 64.273970585751215
62.58571193631152 64.213019567800671
63.49604207872855 64.147496926066907
64.41961327797075 64.080028250797596
65.35661812964459 64.017525471608550
66.3072520307241 63.956483154423104
67.27171322029778 63.892019168176986
68.25020282090806 63.819984987576291
69.2429248804921 63.746505560205271
70.25008641493265 63.671493489285893
71.27189745122783 63.594507726277357
72.30857107128878 63.515032883155776
73.36032345637442 63.432978021942702
74.42737393217246 63.360475312880581
75.50994501453623 63.289003630157580
76.60826245588666 63.226986700665833
77.72255529228926 63.170522534516280
78.85305589121582 63.122997977780770
80.00000000000082 63.081499999999977
81.16362679500274 63.044012023356871
82.34417893148023 63.008495071169577
83.541902594194 62.975502683131552
84.75704754874454 62.935998110390528
85.98986719365665 62.887005277786557
87.24061861322157 62.817021340587118
88.50956263110764 62.734028606476016
89.79696386475084 62.639502653287522
91.10309078053635 62.533491778366525
92.42821574978288 62.413479628087416
93.77261510554118 62.286536343194257
95.13656920021877 62.167037742356200
96.52036246404286 62.055973408976911
97.92428346437356 61.952987169507296
99.34862496587989 61.888516975228598
100.79368399159105 61.907495844872130
102.25976188483567 61.943494152697191
103.74716437208203 61.960000762494744
105.25620162669229 61.966998156254931
106.78718833360406 61.953003031770834
108.34044375495276 61.978002674918812
109.9162917966485 61.987504927147910
111.51506107592134 62.014501543842648
113.13708498984903 62.055503562757949
114.78270178488147 62.124487498880214
116.45225462737648 62.235022546698033
118.14609167516147 62.385009999472238
119.86456615013608 62.572452677807163
121.60803641193078 62.725002325917565
123.3768660326369 62.837991442446565
125.17142387262359 62.927012918687865
126.99208415745765 62.982500888505911
128.83922655594208 63.001998851504027
130.71323625928977 62.992495217674730
132.61450406144883 62.954010038714102
134.5434264405962 62.900986054063281
136.50040564181674 62.836983455696299
138.48584976098482 62.756006127573130
140.50017282986593 62.658992347797032
142.5437949024563 62.568509080884397
144.61714214257822 62.470493885977504
146.7206469127495 62.380015187450653
148.8547478643456 62.285011224408237
151.01989002907314 62.187004977898766
153.216524911774 62.082022705627551
155.4451105845792 61.988995378043903
157.70611178243232 61.894495565736122
160.00000000000236 61.803499999999900
162.3272535900062 61.700489688843462
164.6883578629612 61.604484914791698
167.08380518838874 61.503508212008654
169.51409509748981 61.405996278626212
171.97973438731407 61.309510394008186
174.4812372264439 61.213492522413119
177.01912526221608 61.133497032623225
179.5939277295025 61.072501712038971
182.20618156107355 61.021997944591618
184.85643149956664 60.991997432505364
187.54523021108326 60.975998945147161
190.27313840043846 60.963498799996202
193.04072492808663 60.939502385016596
195.84856692874806 60.910004549715794
198.69724993176072 60.875496670459242
201.58736798318304 60.836993036799640
204.5195237696723 60.781509011518310
207.49432874416505 60.728493845578086
210.5124032533856 60.671989925250159
213.57437666720915 60.595490907614845
216.68088750990657 60.520502715402969
219.83258359329807 60.470506605436263
223.03012215184378 60.413997514789862
226.2741699796992 60.347996565284106
229.5654035697641 60.281491300292508
232.90450925475412 60.209510578939430
236.2921833503241 60.135496265777512
239.72913230027333 60.065497078542862
243.21607282386276 59.988498456249374
246.75373206527502 59.913505679792081
250.34284774524843 59.823003839246311
253.9841683149166 59.755496104243264
257.67845311188546 59.669988152357320
261.42647251858085 59.571991240452284
265.22900812289896 59.501499833667957
269.08685288119375 59.422503012541654
273.0008112836349 59.333504291199922
276.97169952197106 59.248506431788584
281.00034565973334 59.163992770570644
285.0875898049141 59.078508579178042
289.23428428515797 58.993494323757247
293.44129382550057 58.909494459369220
297.7094957286928 58.829009508981081
302.0397800581479 58.746504190578008
306.4330498235497 58.667999200721603
310.89022116916016 58.596496551873997
315.41222356486645 58.525996710848190
320.00000000000654 58.458499999999901
324.6545071800142 58.386507622564764
329.3767157259242 58.314504334547536
334.16761037677935 58.241005977313030
339.02819019498156 58.157496567156088
343.95946877463007 58.068491707664450
348.9624744528898 57.979991120365540
354.03825052443415 57.884995427321002
359.187855459007 57.791002638223944
364.4123631221491 57.706495992709733
369.71286299913527 57.648001511894094
375.0904604221685 57.595497088606152
380.54627680087896 57.561000625114900
386.08144985617537 57.573503604616789
391.6971338574982 57.618501949837196
397.3944998635236 57.701492714754735
403.1747359663683 57.830494107207869
409.0390475393468 57.972501298343502
414.9886574883323 58.134990645689754
421.0248065067734 58.313494277909058
427.1487533344206 58.455994260312693
433.3617750198154 58.602994676953628
439.6651671865984 58.693503111056330
446.06024430368984 58.812503238304146
452.54833995940066 58.898502762847926
459.13080713953053 58.951998432624166
465.8090185095106 58.999000106549211
472.58436670065066 59.038002027149361
479.45826460054917 59.076001233082572
486.432145647728 59.108500874915677
493.50746413055253 59.151002618371272
500.6856954904994 59.191498282123590
507.9683366298358 59.236002050120803
515.3569062237735 59.280999428890212
522.8529450371643 59.335499600390264
530.4580162458005 59.394000131591824
538.1737057623901 59.456497616660101
546.0016225672724 59.521996841869743
553.9433990439449 59.582502822723363
562.0006913194694 59.639497816481729
570.1751796098309 59.690501082769657
578.4685685703187 59.740497399145880
586.8825876510039 59.788997623136872
595.4189914573883 59.842499946458560
604.0795601162986 59.900497054236851
612.8660996471021 59.961000676312509
621.780442338323 60.021502934575338
630.8244471297356 60.081502948054606
640.0000000000159 60.142000000000110
649.3090143600314 60.205000093513547
658.7534314518515 60.266502679125978
668.3352207535618 60.326001294409323
678.0563803899662 60.383002179056376
687.9189375492632 60.439499642252187
697.9249489057827 60.495499714043959
708.0765010488715 60.554002724149200
718.3757109180171 60.609998428292130
728.8247262443015 60.666498519743811
739.425725998274 60.721998565503654
750.1809208443404 60.778499584165992
761.0925536017613 60.836497627282093
772.1628997123541 60.895999460965228
783.3942677149998 60.959501574103115
794.7889997270506 61.026499998395117
806.34947193274 61.095002897020834
818.0780950786972 61.167000603281082
829.9773149766683 61.242502048013620
842.0496130135506 61.320997483770704
854.2975066688449 61.404503628673631
866.7235500396347 61.493496777462582
879.3303343732008 61.588502588189748
892.1204886073838 61.687503953438799
905.0966799188055 61.792497410146765
918.2616142790653 61.901996791762826
931.6180370190256 62.017000329185493
945.1687334013056 62.137497629315718
958.9165292011028 62.263495685142487
972.8642912954606 62.393002748070387
987.0149282611097 62.526499323218012
1001.3713909810035 62.662503717621107
1015.9366732596762 62.800996893207824
1030.7138124475518 62.941998210401628
1045.7058900743334 63.084498955148916
1060.916032491606 63.227500304260069
1076.3474115247852 63.372003798245494
1092.0032451345498 63.516502230039194
1107.8867980878947 63.660998163164237
1124.0013826389438 63.805503440450465
1140.350359219667 63.952503194363103
1156.9371371406426 64.100001202058763
1173.765175302013 64.247501478562043
1190.837982914782 64.391499855896953
1208.1591202326028 64.520000800501606
1225.73219929421 64.637001458741068
1243.5608846766518 64.767499155886640
1261.648894259477 64.917499123115959
1280.0000000000375 65.079500000000337
1298.6180287200684 65.243000240233499
1317.5068629037087 65.400998853236587
1336.6704415071292 65.554003542411778
1356.112760779938 65.709998080629035
1375.8378750985323 65.871498977359337
1395.8498978115715 66.036499157451004
1416.153002097749 66.200500016702151
1436.7514218360407 66.364503300325040
1457.6494524886093 66.528003489382499
1478.8514519965543 66.691503467036938
1500.3618416886875 66.856498785674006
1522.1851072035295 67.022500813431776
1544.3257994247153 67.190498478088259
1566.788535430007 67.359996494474743
1589.5779994541087 67.530999995903841
1612.6989438654878 67.703999579980518
1636.156190157402 67.879501410260161
1659.9546299533442 68.055997255631127
1684.099226027109 68.233501656264949
1708.5950133376978 68.413000097408343
1733.4471000792773 68.594500724378051
1758.6606687464096 68.776997602372489
1784.2409772147755 68.959999836993887
1810.193359837619 69.143502507793514
1836.5232285581387 69.327001561481694
1863.2360740380593 69.509500493095345
1890.3374668026197 69.689996448892060
1917.833058402214 69.868000367421430
1945.7285825909298 70.043497373985815
1974.0298565222283 70.216999120405887
2002.7427819620161 70.385498720461101
2031.8733465193618 70.549501840755866
2061.4276248951132 70.706498007394103
2091.411780148677 70.857498892824509
2121.832064983222 71.001000283194884
2152.694823049581 71.135499228855537
2184.0064902691106 71.260997956974109
2215.7735961758003 71.375498544468442
2248.002765277899 71.479999238932038
2280.7007184393456 71.570999216404076
2313.874274281297 71.648500525646057
2347.530350604038 71.713000528791298
2381.6759658295764 71.764499948463168
2416.318240465218 71.801000147100723
2451.4643985884327 71.822500078246648
2487.1217693533167 71.829499954721882
2523.2977885189675 71.824000032152412
2560.0000000000887 71.805499999999938
2597.236057440151 71.776499940701839
2635.0137258074315 71.737500283061848
2673.340883014273 71.688000151089142
2712.225521559891 71.629000725934588
2751.6757501970797 71.565000405256953
2791.699795623158 71.495000357445008
2832.3060041955137 71.420499992158312
2873.502843672097 71.343500292187500
2915.2989049772345 71.263500181879152
2957.7029039931244 71.182000184524114
3000.723683377391 71.100500599817352
3044.370214407075 71.020999619914292
3088.6515988494466 70.942500711131345
3133.57707086003 70.867499890396189
3179.1559989082334 70.797000001688701
3225.3978877309914 70.731500159024691
3272.3123803148205 70.671999576513528
3319.9092599067053 70.618999763178053
3368.198452054235 70.574999667824301
3417.190026675413 70.538999984704475
3466.8942001585724 70.510499926568428
3517.3213374928373 70.491999947226532
3568.4819544295697 70.484000007125815
3620.386719675257 70.486499986498188
3673.0464571162966 70.500500205345560
3726.472148076138 70.524500095615821
3780.6749336052594 70.559499957127542
3835.6661168044484 70.605500122476030
3891.45716518188 70.664000201359471
3948.059713044477 70.732999650196433
4005.4855639240527 70.813499388706973
4063.746693038744 70.904499520545926
4122.855249790247 71.000000412366973
4182.823560297375 71.098999274115641
4243.664129966465 71.199500192656757
4305.389646099183 71.290999475392468
4368.012980538242 71.371499974982498
4431.5471923516225 71.436500101460723
4496.00553055582 71.470499963491633
4561.401436878714 71.465999693813529
4627.748548562617 71.419500316389929
4695.060701208099 71.322000432793715
4763.351931659176 71.167000155113072
4832.63648093046 70.959501554549036
4902.928797176889 70.697000757427119
4974.243538706657 70.390001985796204
5046.595577037959 70.047502002218309
5120.000000000202 69.681999999998993
5194.472114880326 69.308499429817715
5270.027451614888 68.933497796569455
5346.6817660285715 68.559501141547372
5424.451043119808 68.191999804624388
5503.351500394186 67.834502263711215
5583.399591246343 67.489497604816393
5664.612008391055 67.160499968123901
5747.005687344222 66.847501187723111
5830.597809954497 66.552500670679279
5915.405807986278 66.282500611306773
6001.447366754812 66.037499092492652
6088.740428814181 65.821499155086499
6177.303197698925 65.646999731563710
6267.154141720092 65.524999881845503
6358.3119978165005 65.449000001820423
6450.795775462017 65.396500127462517
6544.624760629676 65.361000090565241
6639.818519813445 65.352500129174274
6736.396904108505 65.376499976170848
6834.380053350861 65.429500041861075
6933.788400317181 65.507499529466543
7034.642674985712 65.605499684183087
7136.963908859177 65.710999906027538
7240.773439350552 65.810500300353581
7346.092914232631 65.882499941366774
7452.944296152315 65.896999756862570
7561.349867210557 65.808000109018508
7671.332233608935 65.560999080914456
7782.914330363799 65.122002634543719
7896.119426088994 64.499003158398978
8010.971127848146 63.743999092065522
8127.49338607753 62.916497209365332
8245.710499580537 62.062003617117789
8365.647120594791 61.213499177904694
8487.328259932974 60.383998314502549
8610.77929219841 59.583498215272357
8736.025961076528 58.818500237741873
8863.094384703289 58.093503510613253
8992.011061111683 57.409999702132410
9122.802873757471 56.772500615325185
9255.497097125279 56.183499610053083
9390.121402416245 55.642998557779869
9526.7038633184 55.153500489853371
9665.272961860968 54.716500120277672
9805.857594353829 54.337498668610749
9948.487077413367 54.017999861440856
10093.19115407597 53.758999795347599
10240.000000000457 53.563999999999623
10388.944229760706 53.439999944502617
10540.05490322983 53.403500023374278
10693.363532057198 53.487500850051845
10848.902086239672 53.736000271068477
11006.703000788428 54.232000004166316
11166.799182492743 55.078001416235807
11329.224016782166 56.338500166000742
11494.0113746885 57.968493814733193
11661.195619909053 59.835507066474200
11830.811615972614 61.768995622390733
12002.894733509682 63.546497247336802
12177.48085762842 64.900003360286604
12354.606395397908 65.593999822877009
12534.308283440243 65.513500320991085
12716.62399563306 64.763500017964546
12901.591550924093 63.640502726483746
13089.249521259411 62.444003052431100
13279.637039626952 61.381999829311781
13472.793808217073 60.550000826081344
13668.760106701786 59.984999862609044
13867.576800634426 59.729000256706350
14069.285349971487 59.823000843106982
14273.927817718419 60.315999560870296
14481.54687870117 61.226999467759526
14692.18582846533 62.364999073265381
14905.888592304698 63.142998515758109
15122.699734421185 63.171999964476960
15342.664467217943 62.704497699135089
15565.828660727671 61.605501670782999
15792.238852178061 59.446501409600117
16021.942255696367 56.743997390853380
16254.986772155136 54.365994906968766
16491.42099916115 52.806506601398198
16731.294241189662 51.500004132960797
16974.65651986603 50.503498751410248
17221.558584396902 49.910500998175955
17472.051922153143 49.742000725036107
17726.188769406665 50.061499710097863
17984.022122223458 50.944505028005892
18245.605747515034 52.116501006961954
18510.99419425065 52.473999083750577
18780.242804832582 51.203991678138451
19053.40772663689 48.379502826538072
19330.545923722028 43.934517262296467
19611.71518870775 38.930997948598723
19896.974154826825 35.830009187695474
20186.382308152035 35.829999999999998
