20 104.670500000000004
20.290906698750476 104.652075847665287
20.586044732869844 104.633860571937788
20.885475648548283 104.615395668339517
21.189261887185914 104.596180141544423
21.49746679841394 104.576055473251699
21.810154653305165 104.553712940804147
22.12739065777668 104.528331032411202
22.449240966187475 104.501232463822205
22.77577269513385 104.472806811285892
23.107053937445478 104.443900384985085
23.44315377638505 104.415809065565000
23.784142300054445 104.387117726620303
24.130090616010463 104.357225442363898
24.481070866093134 104.325524597430785
24.837156241469714 104.291055837303361
25.1984209978975 104.253913821468132
25.56494047120865 104.215681207226112
25.936791093020236 104.176636902048358
26.3140504066728 104.137214855360000
26.69679708340074 104.097090309888671
27.08511093873791 104.055137864612618
27.47907294916184 104.011453168038656
27.878765268980047 103.966638907239741
28.284271247461966 103.921445891531732
28.695675446220072 103.875975700915802
29.11306365684382 103.829949934090337
29.536522918790062 103.782909433095512
29.966141537533712 103.734792147796227
30.402009102982383 103.685775650914792
30.844216508158908 103.636455984607295
31.29285596815558 103.586062633622305
31.74802103936409 103.533233517355029
32.20980663898519 103.478113396682787
32.67830906482211 103.421959530350989
33.153626015361866 103.366486634248730
33.63585661014871 103.311376489832895
34.125101410453844 103.254362729335085
34.62146244024586 103.193817194969270
35.12504320746613 103.130494469444329
35.635948725613716 103.065370460572666
36.15428553564419 103.000214308044477
36.68016172818701 102.934479783976627
37.21368696608603 102.867789129239242
37.754972507267915 102.799582113244341
38.30413122794313 102.729358940139448
38.86127764614443 102.656332413734063
39.4265279456077 102.582143219193000
40.000000000000206 102.506999999999977
40.58181339750116 102.429424621748581
41.1720894657399 102.349291297780510
41.77095129709678 102.269373039963895
42.37852377437204 102.190705118163166
42.9949335968281 102.112720648134626
43.62030930661056 102.037496545979508
44.25478131555359 101.963804083765822
44.89848193237519 101.889259215363921
45.55154539026795 101.812461834337427
46.21410787489121 101.734771902065489
46.88630755277036 101.651718255290362
47.56828460010916 101.562818113245953
48.260181232021196 101.475338552389474
48.962141732186545 101.391917643301255
49.674312482939705 101.304568111180657
50.39684199579528 101.209670343272677
51.129880942417586 101.115236075349713
51.873582186040764 101.030007082465573
52.628100813345895 100.953760216024051
53.393594166801776 100.870760634268095
54.17022187747612 100.769082203989569
54.95814589832399 100.656377926055484
55.75753053796041 100.548824156672907
56.56854249492426 100.439962491937763
57.39135089244048 100.332189787552508
58.226127313687975 100.229608422582743
59.073045837580466 100.133731939160754
59.932283075067765 100.048237834030758
60.804018205965114 99.975092338263067
61.68843301631817 99.882022665163959
62.58571193631152 99.777366395787766
63.49604207872855 99.676679434457952
64.41961327797075 99.585913258094507
65.35661812964459 99.509431949341476
66.3072520307241 99.432464683096555
67.27171322029778 99.340100391190518
68.25020282090806 99.242979717909193
69.2429248804921 99.142249962667833
70.25008641493265 99.031364414170753
71.27189745122783 98.907823946931956
72.30857107128878 98.787668612337427
73.36032345637442 98.663099244496834
74.42737393217246 98.532069876003646
75.50994501453623 98.399056892860074
76.60826245588666 98.260095035034681
77.72255529228926 98.117643959096497
78.85305589121582 97.952887308436516
80.00000000000082 97.777499999999890
81.16362679500274 97.630591749860287
82.34417893148023 97.519063243181094
83.541902594194 97.404718020283696
84.75704754874454 97.263958058359862
85.98986719365665 97.105404497421858
87.24061861322157 96.945521169575642
88.50956263110764 96.788801483567852
89.79696386475084 96.627447195617904
91.10309078053635 96.457678595409647
92.42821574978288 96.287693884676528
93.77261510554118 96.116486681594523
95.13656920021877 95.941270231148778
96.52036246404286 95.773295536242188
97.92428346437356 95.609697070908851
99.34862496587989 95.455594852370709
100.79368399159105 95.342320715182410
102.25976188483567 95.280005952879122
103.74716437208203 95.252427302728563
105.25620162669229 95.258145698607535
106.78718833360406 95.310933793347402
108.34044375495276 95.403749435745198
109.9162917966485 95.502477576520874
111.51506107592134 95.602652207190346
113.13708498984903 95.704435980589011
114.78270178488147 95.768020236787464
116.45225462737648 95.771349708400308
118.14609167516147 95.756106258823735
119.86456615013608 95.722067219000934
121.60803641193078 95.694899537851526
123.3768660326369 95.676559152118685
125.17142387262359 95.664142880636888
126.99208415745765 95.652579158425425
128.83922655594208 95.623197789213336
130.71323625928977 95.580095566036334
132.61450406144883 95.521302471680301
134.5434264405962 95.450523501019731
136.50040564181674 95.385737627924584
138.48584976098482 95.324209882768002
140.50017282986593 95.260244901518959
142.5437949024563 95.199958050377546
144.61714214257822 95.147688588578120
146.7206469127495 95.102710544214816
148.8547478643456 95.054798899974315
151.01989002907314 95.007806177424357
153.216524911774 94.961590012082127
155.4451105845792 94.908105169034769
157.70611178243232 94.850924318430003
160.00000000000236 94.799999999999926
162.3272535900062 94.740422308095845
164.6883578629612 94.695296543748924
167.08380518838874 94.666578142927733
169.51409509748981 94.638636496869111
171.97973438731407 94.608847240474773
174.4812372264439 94.581895132844977
177.01912526221608 94.558327872640064
179.5939277295025 94.536411007072189
182.20618156107355 94.517556729072481
184.85643149956664 94.504660415101995
187.54523021108326 94.495891447493392
190.27313840043846 94.489726861599564
193.04072492808663 94.488040724928084
195.84856692874806 94.492715414171983
198.69724993176072 94.503507349686089
201.58736798318304 94.516643155924328
204.5195237696723 94.533636666387707
207.49432874416505 94.557698013488178
210.5124032533856 94.586371965324958
213.57437666720915 94.615169390004880
216.68088750990657 94.651505761057621
219.83258359329807 94.694988753899480
223.03012215184378 94.744466893353575
226.2741699796992 94.798160889654895
229.5654035697641 94.860952936872025
232.90450925475412 94.930978779225626
236.2921833503241 94.996186254468256
239.72913230027333 95.057192098329864
243.21607282386276 95.120254265314628
246.75373206527502 95.181721094634156
250.34284774524843 95.236999876656384
253.9841683149166 95.284792209133286
257.67845311188546 95.325462984230739
261.42647251858085 95.360266561732047
265.22900812289896 95.389374048737395
269.08685288119375 95.412477690846572
273.0008112836349 95.433128752186803
276.97169952197106 95.451129722968375
281.00034565973334 95.467401175243083
285.0875898049141 95.481254010434256
289.23428428515797 95.493279424426959
293.44129382550057 95.505135622711407
297.7094957286928 95.516544688894598
302.0397800581479 95.527854422652638
306.4330498235497 95.539082624558887
310.89022116916016 95.550225552922910
315.41222356486645 95.562071781268656
320.00000000000654 95.574000000000012
324.6545071800142 95.584239915796033
329.3767157259242 95.593315759879260
334.16761037677935 95.601584937640524
339.02819019498156 95.608236647253477
343.95946877463007 95.611479734387316
348.9624744528898 95.611999999999995
354.03825052443415 95.611596174947550
359.187855459007 95.606474573449191
364.4123631221491 95.598881455316771
369.71286299913527 95.589516846601555
375.0904604221685 95.581273848944576
380.54627680087896 95.567634307997793
386.08144985617537 95.552163795417101
391.6971338574982 95.533647173230946
397.3944998635236 95.513640350504957
403.1747359663683 95.499237896050445
409.0390475393468 95.488921904921312
414.9886574883323 95.475030246697770
421.0248065067734 95.463110963062718
427.1487533344206 95.455851246665588
433.3617750198154 95.446489191620429
439.6651671865984 95.436477047321944
446.06024430368984 95.437433740506151
452.54833995940066 95.450880517890369
459.13080713953053 95.479039208656133
465.8090185095106 95.517488947475314
472.58436670065066 95.561453293082891
479.45826460054917 95.608389404732378
486.432145647728 95.656138590404552
493.50746413055253 95.715313445109700
500.6856954904994 95.779056963127914
507.9683366298358 95.848697219022796
515.3569062237735 95.922196528746227
522.8529450371643 95.999636068501289
530.4580162458005 96.076122146212214
538.1737057623901 96.145650204742708
546.0016225672724 96.221660937178171
553.9433990439449 96.309634464602908
562.0006913194694 96.396007086024554
570.1751796098309 96.479804349981265
578.4685685703187 96.565226256274286
586.8825876510039 96.653267170335539
595.4189914573883 96.743712259021180
604.0795601162986 96.836355271250198
612.8660996471021 96.930636781933231
621.780442338323 97.024210327242514
630.8244471297356 97.113961246524099
640.0000000000159 97.197000000000145
649.3090143600314 97.274264819188261
658.7534314518515 97.346526079034078
668.3352207535618 97.412679501124217
678.0563803899662 97.471935463320307
687.9189375492632 97.524678475256167
697.9249489057827 97.571954764966591
708.0765010488715 97.615017479352815
718.3757109180171 97.654827701488472
728.8247262443015 97.691886541855055
739.425725998274 97.727576182094225
750.1809208443404 97.762020147427478
761.0925536017613 97.793391091605059
772.1628997123541 97.824143414588065
783.3942677149998 97.855891377342687
794.7889997270506 97.888801249203908
806.34947193274 97.923312977128745
818.0780950786972 97.959201831011370
829.9773149766683 97.995814815312826
842.0496130135506 98.032986306791784
854.2975066688449 98.070392520006536
866.7235500396347 98.108034000121961
879.3303343732008 98.146707519838259
892.1204886073838 98.185598815442404
905.0966799188055 98.225002401419701
918.2616142790653 98.265025674155623
931.6180370190256 98.307135890254500
945.1687334013056 98.351298383554251
958.9165292011028 98.396721764003672
972.8642912954606 98.445442876891633
987.0149282611097 98.495514361539307
1001.3713909810035 98.547528433597009
1015.9366732596762 98.601028135944773
1030.7138124475518 98.656702289980018
1045.7058900743334 98.713503705908394
1060.916032491606 98.771480923468104
1076.3474115247852 98.830165077511680
1092.0032451345498 98.890012169254561
1107.8867980878947 98.949508107183618
1124.0013826389438 99.009282885860543
1140.350359219667 99.069520052171299
1156.9371371406426 99.129252966615468
1173.765175302013 99.189178113557034
1190.837982914782 99.248307671956667
1208.1591202326028 99.307671363629723
1225.73219929421 99.365561407238388
1243.5608846766518 99.422967196771793
1261.648894259477 99.478723275729067
1280.0000000000375 99.534000000000106
1298.6180287200684 99.586130480416188
1317.5068629037087 99.638768529840007
1336.6704415071292 99.689676669993901
1356.112760779938 99.739990359008345
1375.8378750985323 99.789990634623791
1395.8498978115715 99.840124744528921
1416.153002097749 99.891420938647627
1436.7514218360407 99.943716125681902
1457.6494524886093 99.997388576470385
1478.8514519965543 100.052898920390703
1500.3618416886875 100.110984209393223
1522.1851072035295 100.170343491593599
1544.3257994247153 100.231339206412216
1566.788535430007 100.294343669912621
1589.5779994541087 100.359776198416910
1612.6989438654878 100.428096831596463
1636.156190157402 100.498914818078504
1659.9546299533442 100.572257538053492
1684.099226027109 100.648981492327835
1708.5950133376978 100.729207344547916
1733.4471000792773 100.813226966274300
1758.6606687464096 100.901678407487083
1784.2409772147755 100.994506796150375
1810.193359837619 101.091438634579703
1836.5232285581387 101.193631985090235
1863.2360740380593 101.300738460594516
1890.3374668026197 101.412610611234939
1917.833058402214 101.529682151129521
1945.7285825909298 101.651705763400088
1974.0298565222283 101.779595548610914
2002.7427819620161 101.913665353417684
2031.8733465193618 102.053710620386866
2061.4276248951132 102.199257093216829
2091.411780148677 102.351794197434828
2121.832064983222 102.509209944411083
2152.694823049581 102.673893359179615
2184.0064902691106 102.842935534223386
2215.7735961758003 103.018634968632284
2248.002765277899 103.199349003241423
2280.7007184393456 103.385172440411594
2313.874274281297 103.575277077117462
2347.530350604038 103.769383860993358
2381.6759658295764 103.965865853947193
2416.318240465218 104.164013970651752
2451.4643985884327 104.361932327112868
2487.1217693533167 104.558813642975579
2523.2977885189675 104.751313389724572
2560.0000000000887 104.938500000000445
2597.236057440151 105.117501314942700
2635.0137258074315 105.286308334681578
2673.340883014273 105.439278877529603
2712.225521559891 105.576714646506971
2751.6757501970797 105.691983994306753
2791.699795623158 105.784843302925651
2832.3060041955137 105.851135946251318
2873.502843672097 105.895127132754084
2915.2989049772345 105.916988857647041
2957.7029039931244 105.918418838402744
3000.723683377391 105.900875823087006
3044.370214407075 105.861755742711509
3088.6515988494466 105.802090021783357
3133.57707086003 105.723319425208700
3179.1559989082334 105.622983402565652
3225.3978877309914 105.506695597512874
3272.3123803148205 105.379025335118499
3319.9092599067053 105.246152257459357
3368.198452054235 105.113910133015196
3417.190026675413 104.985337332244455
3466.8942001585724 104.860440267609903
3517.3213374928373 104.736562723142555
3568.4819544295697 104.611219211647551
3620.386719675257 104.483848669598871
3673.0464571162966 104.354536180065082
3726.472148076138 104.225231566098017
3780.6749336052594 104.098666759376499
3835.6661168044484 103.974504526534346
3891.45716518188 103.856415133224303
3948.059713044477 103.741441207878410
4005.4855639240527 103.632625984936709
4063.746693038744 103.528099399392147
4122.855249790247 103.427431600335609
4182.823560297375 103.331905837568797
4243.664129966465 103.243687011548616
4305.389646099183 103.162493460071062
4368.012980538242 103.091235396894476
4431.5471923516225 103.032288658476006
4496.00553055582 102.986229554120200
4561.401436878714 102.955486763110628
4627.748548562617 102.939870857523957
4695.060701208099 102.942550022427625
4763.351931659176 102.962175965829587
4832.63648093046 102.999850995888551
4902.928797176889 103.058547151623927
4974.243538706657 103.134021520802875
5046.595577037959 103.229151363140176
5120.000000000202 103.339500000000328
5194.472114880326 103.464690885113711
5270.027451614888 103.602176128632721
5346.6817660285715 103.747862399604998
5424.451043119808 103.898362026632782
5503.351500394186 104.050892179331640
5583.399591246343 104.203459223368057
5664.612008391055 104.353563035397585
5747.005687344222 104.500054867542232
5830.597809954497 104.640956495927199
5915.405807986278 104.773799218300582
6001.447366754812 104.895182563852472
6088.740428814181 104.994366385932764
6177.303197698925 105.066076941460068
6267.154141720092 105.101430828344007
6358.3119978165005 105.087590800764218
6450.795775462017 105.022458203415283
6544.624760629676 104.904108497220847
6639.818519813445 104.740552978962853
6736.396904108505 104.546520547810516
6834.380053350861 104.341348990363983
6933.788400317181 104.145174053424313
7034.642674985712 103.974421694520856
7136.963908859177 103.840003076153579
7240.773439350552 103.744958592454623
7346.092914232631 103.682527724024155
7452.944296152315 103.638940053385170
7561.349867210557 103.590558193054591
7671.332233608935 103.508970334723344
7782.914330363799 103.371513766815099
7896.119426088994 103.155813370936571
8010.971127848146 102.838049652779375
8127.49338607753 102.412308583366794
8245.710499580537 101.880786253809049
8365.647120594791 101.249904650700628
8487.328259932974 100.542552070727680
8610.77929219841 99.777014164912430
8736.025961076528 99.050565709024170
8863.094384703289 98.606822580650558
8992.011061111683 98.432785067499225
9122.802873757471 98.105377313622057
9255.497097125279 97.627394440499060
9390.121402416245 97.178798731006339
9526.7038633184 96.831204934334806
9665.272961860968 96.593650065437672
9805.857594353829 96.466078919442140
9948.487077413367 96.452690034756344
10093.19115407597 96.567525172041542
10240.000000000457 96.799500000000862
10388.944229760706 97.140625443853224
10540.05490322983 97.577105469568750
10693.363532057198 98.090695691708959
10848.902086239672 98.699135942549049
11006.703000788428 99.414838572480249
11166.799182492743 100.176584670751083
11329.224016782166 100.878817737291612
11494.0113746885 101.478713531757293
11661.195619909053 101.831282789221603
11830.811615972614 101.970707056336394
12002.894733509682 101.790350711994648
12177.48085762842 101.424630195674581
12354.606395397908 100.880462296357521
12534.308283440243 100.349614930454592
12716.62399563306 99.955400326856108
12901.591550924093 99.855703119212393
13089.249521259411 99.913340924386816
13279.637039626952 100.195886968764370
13472.793808217073 100.644572768214005
13668.760106701786 101.087972302466639
13867.576800634426 101.407279872659799
14069.285349971487 101.590497379814622
14273.927817718419 101.724879266968429
14481.54687870117 102.011597114871236
14692.18582846533 102.569048514907379
14905.888592304698 103.216743071098321
15122.699734421185 103.673954448373649
15342.664467217943 103.668290801630263
15565.828660727671 103.087856871013543
15792.238852178061 102.090780974449842
16021.942255696367 101.018715123989239
16254.986772155136 100.122609498344758
16491.42099916115 99.416616896504820
16731.294241189662 98.663810905699705
16974.65651986603 97.732883389880072
17221.558584396902 96.643690010577060
17472.051922153143 95.483070354299272
17726.188769406665 94.388983464788794
17984.022122223458 93.527396147018209
18245.605747515034 92.947938854337707
18510.99419425065 92.367782294077500
18780.242804832582 91.245982038599408
19053.40772663689 89.265953618650713
19330.545923722028 86.652882356201445
19611.71518870775 84.290841627741429
19896.974154826825 83.402500000000003
20186.382308152035 83.402500000000003
