20 66.269000000000005
20.290906698750476 66.269000000000005
20.586044732869844 66.256604726226556
20.885475648548283 66.236968290096769
21.189261887185914 66.219608547697632
21.49746679841394 66.213474670420823
21.810154653305165 66.216906224101081
22.12739065777668 66.230869532888832
22.449240966187475 66.246633768088898
22.77577269513385 66.259646871851700
23.107053937445478 66.268854781181147
23.44315377638505 66.279487581469482
23.784142300054445 66.297469249503536
24.130090616010463 66.322774557636109
24.481070866093134 66.351759338158132
24.837156241469714 66.374714820777314
25.1984209978975 66.379019737526278
25.56494047120865 66.367015899195252
25.936791093020236 66.345805483240184
26.3140504066728 66.328338838307104
26.69679708340074 66.327689945313779
27.08511093873791 66.338595895665293
27.47907294916184 66.350674497788191
27.878765268980047 66.351909260482643
28.284271247461966 66.343893218813449
28.695675446220072 66.342413508924395
29.11306365684382 66.359467174713842
29.536522918790062 66.401017521066905
29.966141537533712 66.448275569128697
30.402009102982383 66.469929681630006
30.844216508158908 66.445258682966013
31.29285596815558 66.397580493701923
31.74802103936409 66.359362800756244
32.20980663898519 66.353811878837377
32.67830906482211 66.379729797991303
33.153626015361866 66.409108780460855
33.63585661014871 66.413794022373764
34.125101410453844 66.388992292805511
34.62146244024586 66.353212253585241
35.12504320746613 66.326998790190942
35.635948725613716 66.314052922938941
36.15428553564419 66.304105718215823
36.68016172818701 66.293076927164449
37.21368696608603 66.286358939101746
37.754972507267915 66.285864245918603
38.30413122794313 66.284417395441139
38.86127764614443 66.271359300478281
39.4265279456077 66.253341924661157
40.000000000000206 66.246000000000009
40.58181339750116 66.250848461140706
41.1720894657399 66.246709335460281
41.77095129709678 66.219855563987366
42.37852377437204 66.179656249211803
42.9949335968281 66.149227913902450
43.62030930661056 66.136695369423990
44.25478131555359 66.127178307154821
44.89848193237519 66.105891538897410
45.55154539026795 66.078600912834276
46.21410787489121 66.060741373098239
46.88630755277036 66.046855907212063
47.56828460010916 66.021329648095445
48.260181232021196 65.990435313967453
48.962141732186545 65.976004110197707
49.674312482939705 65.965285179222690
50.39684199579528 65.944610512785303
51.129880942417586 65.918011630020430
51.873582186040764 65.888256201793695
52.628100813345895 65.855503047036578
53.393594166801776 65.825470183603926
54.17022187747612 65.797748884195343
54.95814589832399 65.761938244602987
55.75753053796041 65.720578119065948
56.56854249492426 65.684121215213182
57.39135089244048 65.651715692425924
58.226127313687975 65.619324270884050
59.073045837580466 65.581285983146472
59.932283075067765 65.543479544697021
60.804018205965114 65.510784685702319
61.68843301631817 65.463809173004819
62.58571193631152 65.426410796719537
63.49604207872855 65.388953832945475
64.41961327797075 65.341599722823503
65.35661812964459 65.300409910786556
66.3072520307241 65.256302471680328
67.27171322029778 65.197750595933144
68.25020282090806 65.177622261917747
69.2429248804921 65.148066009560637
70.25008641493265 65.068243346050181
71.27189745122783 64.995273742731229
72.30857107128878 64.939842874113793
73.36032345637442 64.890425121006786
74.42737393217246 64.839844990357463
75.50994501453623 64.785365252668157
76.60826245588666 64.729272724687149
77.72255529228926 64.672187477130478
78.85305589121582 64.612192610821353
80.00000000000082 64.551499999999976
81.16362679500274 64.499136663316534
82.34417893148023 64.449532483566827
83.541902594194 64.392107183036259
84.75704754874454 64.328856266019599
85.98986719365665 64.268156299364009
87.24061861322157 64.215974993369912
88.50956263110764 64.163783247028235
89.79696386475084 64.134602152398983
91.10309078053635 64.088633992314868
92.42821574978288 64.033037018962219
93.77261510554118 64.014337081000079
95.13656920021877 63.986427185313040
96.52036246404286 63.953628361468745
97.92428346437356 63.916056123439752
99.34862496587989 63.877584113762325
100.79368399159105 63.821255097717341
102.25976188483567 63.754810715182387
103.74716437208203 63.681740238428148
105.25620162669229 63.597233334490177
106.78718833360406 63.507031096094963
108.34044375495276 63.417155001804332
109.9162917966485 63.330176571277953
111.51506107592134 63.221755905151973
113.13708498984903 63.120828716960524
114.78270178488147 63.041825738379849
116.45225462737648 62.967478510972256
118.14609167516147 62.892571627641935
119.86456615013608 62.793428793206601
121.60803641193078 62.698798085384894
123.3768660326369 62.612607062825774
125.17142387262359 62.509343176661595
126.99208415745765 62.387506613922710
128.83922655594208 62.284995025966623
130.71323625928977 62.200129157972164
132.61450406144883 62.136441788694214
134.5434264405962 62.099663743051948
136.50040564181674 62.072493915372746
138.48584976098482 62.040768854541284
140.50017282986593 62.007081633839647
142.5437949024563 61.986986016792514
144.61714214257822 62.020502840350588
146.7206469127495 62.134115332295167
148.8547478643456 62.290421728293381
151.01989002907314 62.457767884145596
153.216524911774 62.610708019618215
155.4451105845792 62.741310418644375
157.70611178243232 62.850244471297287
160.00000000000236 62.942000000000078
162.3272535900062 63.018333917752202
164.6883578629612 63.075645245565880
167.08380518838874 63.115090599901194
169.51409509748981 63.143252227052884
171.97973438731407 63.160774353201347
174.4812372264439 63.158848783211241
177.01912526221608 63.128828421276530
179.5939277295025 63.069651806762437
182.20618156107355 62.992873316855579
184.85643149956664 62.907651619414040
187.54523021108326 62.818052633245330
190.27313840043846 62.730759571185970
193.04072492808663 62.642845672214932
195.84856692874806 62.555515571665808
198.69724993176072 62.465166902156362
201.58736798318304 62.375320715182383
204.5195237696723 62.288693572564341
207.49432874416505 62.206651233488934
210.5124032533856 62.126673380994177
213.57437666720915 62.045779018318960
216.68088750990657 61.962786259110004
219.83258359329807 61.880310972472579
223.03012215184378 61.802519537817787
226.2741699796992 61.727073118796866
229.5654035697641 61.653205986941941
232.90450925475412 61.582505305650159
236.2921833503241 61.519131130937794
239.72913230027333 61.455977193982477
243.21607282386276 61.394488816612224
246.75373206527502 61.337001853939285
250.34284774524843 61.287885827057018
253.9841683149166 61.244189980221002
257.67845311188546 61.205836048964187
261.42647251858085 61.181084546758868
265.22900812289896 61.166456105708107
269.08685288119375 61.157253916836616
273.0008112836349 61.145747363328184
276.97169952197106 61.131141502390143
281.00034565973334 61.108597442117969
285.0875898049141 61.078194173794785
289.23428428515797 61.040044584576549
293.44129382550057 61.002028355570495
297.7094957286928 60.962259790577420
302.0397800581479 60.921377061954857
306.4330498235497 60.878669501764506
310.89022116916016 60.835556621246837
315.41222356486645 60.795831210272695
320.00000000000654 60.754999999999953
324.6545071800142 60.716833041123884
329.3767157259242 60.681174632055566
334.16761037677935 60.647326727362540
339.02819019498156 60.612094211576633
343.95946877463007 60.577283718577590
348.9624744528898 60.544243916056217
354.03825052443415 60.508828421276519
359.187855459007 60.473103797332854
364.4123631221491 60.433083567647238
369.71286299913527 60.394096100106310
375.0904604221685 60.357470160384445
380.54627680087896 60.325514664451994
386.08144985617537 60.302306780517767
391.6971338574982 60.296064291339064
397.3944998635236 60.302859649495034
403.1747359663683 60.336575081078294
409.0390475393468 60.395988094241829
414.9886574883323 60.484056232092342
421.0248065067734 60.597076418173600
427.1487533344206 60.725988824468729
433.3617750198154 60.864943123360860
439.6651671865984 61.004562570850894
446.06024430368984 61.141406695250950
452.54833995940066 61.270663625232672
459.13080713953053 61.384568202496610
465.8090185095106 61.490857205106543
472.58436670065066 61.590163498102108
479.45826460054917 61.686597256936224
486.432145647728 61.781390751679552
493.50746413055253 61.867554388433099
500.6856954904994 61.957614049599400
507.9683366298358 62.049102228912311
515.3569062237735 62.149267247417548
522.8529450371643 62.250634248362999
530.4580162458005 62.363255739625558
538.1737057623901 62.477167624208136
546.0016225672724 62.597382060854542
553.9433990439449 62.718165135898190
562.0006913194694 62.838210611753851
570.1751796098309 62.963373683713215
578.4685685703187 63.075749104127816
586.8825876510039 63.189414933288553
595.4189914573883 63.297340746207269
604.0795601162986 63.400679858859235
612.8660996471021 63.501417410303006
621.780442338323 63.601053500341308
630.8244471297356 63.702651363140063
640.0000000000159 63.804500000000175
649.3090143600314 63.907830059396346
658.7534314518515 64.014413775405927
668.3352207535618 64.125605321778991
678.0563803899662 64.230800451153144
687.9189375492632 64.334648844267264
697.9249489057827 64.434956994167251
708.0765010488715 64.537880310698483
718.3757109180171 64.634556540445743
728.8247262443015 64.727157590949844
739.425725998274 64.813377094286110
750.1809208443404 64.904575519019460
761.0925536017613 64.999597654282013
772.1628997123541 65.088021436182501
783.3942677149998 65.177654141719998
794.7889997270506 65.265134622964240
806.34947193274 65.353472968809257
818.0780950786972 65.442851940202587
829.9773149766683 65.527235417731163
842.0496130135506 65.610709565352749
854.2975066688449 65.703589425572076
866.7235500396347 65.794701500274385
879.3303343732008 65.881662790456431
892.1204886073838 65.968681972909962
905.0966799188055 66.055765504462087
918.2616142790653 66.144849637316611
931.6180370190256 66.234262700738327
945.1687334013056 66.326278528259252
958.9165292011028 66.426630924908181
972.8642912954606 66.526385753783259
987.0149282611097 66.627915060954905
1001.3713909810035 66.729096893507318
1015.9366732596762 66.825619598629885
1030.7138124475518 66.922904579960033
1045.7058900743334 67.035334612390699
1060.916032491606 67.140667952110149
1076.3474115247852 67.244437829781077
1092.0032451345498 67.348334100426854
1107.8867980878947 67.453427259341339
1124.0013826389438 67.554008295833654
1140.350359219667 67.651514565513082
1156.9371371406426 67.746730876350966
1173.765175302013 67.841494906140937
1190.837982914782 67.932984710766547
1208.1591202326028 68.031877609958741
1225.73219929421 68.132116363020089
1243.5608846766518 68.224088966125095
1261.648894259477 68.319904029001179
1280.0000000000375 68.419000000000182
1298.6180287200684 68.514749861988918
1317.5068629037087 68.611785000808908
1336.6704415071292 68.708268968573321
1356.112760779938 68.805966622919186
1375.8378750985323 68.901521800472949
1395.8498978115715 68.995202024823811
1416.153002097749 69.086650076036619
1436.7514218360407 69.177699899440881
1457.6494524886093 69.268810579999652
1478.8514519965543 69.362446388784846
1500.3618416886875 69.456969077256076
1522.1851072035295 69.545571535246324
1544.3257994247153 69.631211069790908
1566.788535430007 69.712767186130833
1589.5779994541087 69.796230157969291
1612.6989438654878 69.881224155670381
1636.156190157402 69.964377294141457
1659.9546299533442 70.046841204836710
1684.099226027109 70.130801337533256
1708.5950133376978 70.217645349882986
1733.4471000792773 70.310085328291734
1758.6606687464096 70.404776608111007
1784.2409772147755 70.504909450226208
1810.193359837619 70.609200509727742
1836.5232285581387 70.719128024515342
1863.2360740380593 70.832915118363658
1890.3374668026197 70.949144357915216
1917.833058402214 71.067182151129515
1945.7285825909298 71.186718333489182
1974.0298565222283 71.308808980176025
2002.7427819620161 71.428108266946168
2031.8733465193618 71.545837273867505
2061.4276248951132 71.661306005860169
2091.411780148677 71.772511819527807
2121.832064983222 71.880137417693788
2152.694823049581 71.980353951453708
2184.0064902691106 72.075817523726585
2215.7735961758003 72.155870781060941
2248.002765277899 72.227972012870609
2280.7007184393456 72.287086113580983
2313.874274281297 72.332030463804728
2347.530350604038 72.362063417932887
2381.6759658295764 72.375335193165910
2416.318240465218 72.373288615837168
2451.4643985884327 72.354279835935159
2487.1217693533167 72.321168513953467
2523.2977885189675 72.266476204230727
2560.0000000000887 72.197499999999820
2597.236057440151 72.115133462143646
2635.0137258074315 72.020213169083391
2673.340883014273 71.913478483409321
2712.225521559891 71.796730457805012
2751.6757501970797 71.668761918104565
2791.699795623158 71.532135705100103
2832.3060041955137 71.397859366280670
2873.502843672097 71.263850786502402
2915.2989049772345 71.134092142715332
2957.7029039931244 71.014164333458154
3000.723683377391 70.900799344063131
3044.370214407075 70.799176875931579
3088.6515988494466 70.709061962186041
3133.57707086003 70.629303119695209
3179.1559989082334 70.558849121615822
3225.3978877309914 70.490411126158136
3272.3123803148205 70.425663277000183
3319.9092599067053 70.364817054720348
3368.198452054235 70.301614074247325
3417.190026675413 70.243185175458621
3466.8942001585724 70.202018769896938
3517.3213374928373 70.174091105127644
3568.4819544295697 70.162554458632883
3620.386719675257 70.173285625444123
3673.0464571162966 70.215155748539559
3726.472148076138 70.294090980614001
3780.6749336052594 70.412187334013140
3835.6661168044484 70.561101557278363
3891.45716518188 70.756487587903649
3948.059713044477 70.979360120112631
4005.4855639240527 71.245473532652966
4063.746693038744 71.538232583337390
4122.855249790247 71.850108698853347
4182.823560297375 72.177807730469340
4243.664129966465 72.507650533175337
4305.389646099183 72.829102998947434
4368.012980538242 73.124694125520762
4431.5471923516225 73.359086874885946
4496.00553055582 73.509945177940381
4561.401436878714 73.527280434975879
4627.748548562617 73.394729242514586
4695.060701208099 73.064049349598918
4763.351931659176 72.565948341556847
4832.63648093046 71.911800572518516
4902.928797176889 71.135142803995166
4974.243538706657 70.302855517616337
5046.595577037959 69.446924856813155
5120.000000000202 68.596071428569132
5194.472114880326 67.784366214122258
5270.027451614888 67.032985778206694
5346.6817660285715 66.354415492623758
5424.451043119808 65.761350116201925
5503.351500394186 65.279064022772857
5583.399591246343 64.926250418225862
5664.612008391055 64.713122981120137
5747.005687344222 64.668284208634731
5830.597809954497 64.748501065339028
5915.405807986278 64.847123119914997
6001.447366754812 64.885861010687080
6088.740428814181 65.381986409072738
6177.303197698925 66.122334670077890
6267.154141720092 67.006840080188709
6358.3119978165005 68.004467775381045
6450.795775462017 69.074398108206424
6544.624760629676 70.172031604288492
6639.818519813445 71.230497180243972
6736.396904108505 72.171965592045552
6834.380053350861 72.922327422505958
6933.788400317181 73.437090459108546
7034.642674985712 73.716999744980001
7136.963908859177 73.813859766784589
7240.773439350552 73.800166873963690
7346.092914232631 73.728973345758078
7452.944296152315 73.638438462347494
7561.349867210557 73.535894508342722
7671.332233608935 73.409478369637469
7782.914330363799 73.240171339272393
7896.119426088994 72.998380528762098
8010.971127848146 72.647981192869025
8127.49338607753 72.178350097484866
8245.710499580537 71.592266023233421
8365.647120594791 70.910032226139009
8487.328259932974 70.172850413325804
8610.77929219841 69.409591549138185
8736.025961076528 68.656790487237288
8863.094384703289 67.941841776205763
8992.011061111683 67.265888669571069
9122.802873757471 66.672766944402753
9255.497097125279 66.144521296586561
9390.121402416245 65.697111830603632
9526.7038633184 65.320078324618805
9665.272961860968 65.013003752793324
9805.857594353829 64.767709750159725
9948.487077413367 64.569461878878400
10093.19115407597 64.404232279237448
10240.000000000457 64.238999999999479
10388.944229760706 64.031501127944040
10540.05490322983 63.719372349990650
10693.363532057198 63.282481544511064
10848.902086239672 62.687270585034980
11006.703000788428 61.949821849259237
11166.799182492743 61.156792641446842
11329.224016782166 60.480347222506097
11494.0113746885 60.014898601243772
11661.195619909053 59.930293739448985
11830.811615972614 60.050389455695282
12002.894733509682 60.418382583966860
12177.48085762842 60.899236190258208
12354.606395397908 61.520901918780140
12534.308283440243 62.199703885257762
12716.62399563306 62.922164782750578
12901.591550924093 63.608666866891703
13089.249521259411 64.268418674027728
13279.637039626952 64.876619285489255
13472.793808217073 65.447011966432228
13668.760106701786 66.001777085960782
13867.576800634426 66.489836195279949
14069.285349971487 66.788293883070452
14273.927817718419 66.880724064336164
14481.54687870117 66.649681049737183
14692.18582846533 66.054976832771828
14905.888592304698 65.148017621506426
15122.699734421185 64.030869256965389
15342.664467217943 62.860096546122925
15565.828660727671 61.683829892423915
15792.238852178061 60.366080002129920
16021.942255696367 58.861077754737948
16254.986772155136 57.036047409598858
16491.42099916115 55.473690037543122
16731.294241189662 54.732831634560981
16974.65651986603 54.462279053968345
17221.558584396902 54.534599542797054
17472.051922153143 54.801915606631809
17726.188769406665 55.170116511338307
17984.022122223458 55.659034872869057
18245.605747515034 55.855047062330101
18510.99419425065 55.691355660444316
18780.242804832582 55.646407930940413
19053.40772663689 55.911672568866940
19330.545923722028 56.461431707135745
19611.71518870775 57.173470364036888
19896.974154826825 57.535499999999999
20186.382308152035 57.535499999999999
