20 100.857500000000002
20.290906698750476 100.913742149232263
20.586044732869844 100.970325249382554
20.885475648548283 101.024861409486277
21.189261887185914 101.078120661521993
21.49746679841394 101.128607391522650
21.810154653305165 101.176997951372755
22.12739065777668 101.222197738799849
22.449240966187475 101.265237168259858
22.77577269513385 101.306218920304360
23.107053937445478 101.346703362962813
23.44315377638505 101.387678515904497
23.784142300054445 101.428597076006525
24.130090616010463 101.469677289125514
24.481070866093134 101.509870483083063
24.837156241469714 101.548672755527718
25.1984209978975 101.585094073542365
25.56494047120865 101.619844679520469
25.936791093020236 101.652627269770363
26.3140504066728 101.683933899969034
26.69679708340074 101.713013784900795
27.08511093873791 101.740957722519255
27.47907294916184 101.767139722044817
27.878765268980047 101.791725916138802
28.284271247461966 101.815772003600259
28.695675446220072 101.839262149542108
29.11306365684382 101.861992373812726
29.536522918790062 101.884289623020720
29.966141537533712 101.905340935339154
30.402009102982383 101.925587060839035
30.844216508158908 101.944809444255569
31.29285596815558 101.964196378646619
31.74802103936409 101.981432715338372
32.20980663898519 101.995874585891585
32.67830906482211 102.007744490361262
33.153626015361866 102.016958016245781
33.63585661014871 102.024809562372525
34.125101410453844 102.032876521156822
34.62146244024586 102.040079011723208
35.12504320746613 102.046500518489594
35.635948725613716 102.053175179609823
36.15428553564419 102.062548567319823
36.68016172818701 102.075724690117426
37.21368696608603 102.089487426287803
37.754972507267915 102.096228491837195
38.30413122794313 102.096042176808794
38.86127764614443 102.088584837433075
39.4265279456077 102.081872481736525
40.000000000000206 102.081000000000003
40.58181339750116 102.083424230570358
41.1720894657399 102.080162816469112
41.77095129709678 102.069532542995034
42.37852377437204 102.056603058259086
42.9949335968281 102.046163525261974
43.62030930661056 102.036695369423995
44.25478131555359 102.026385764979096
44.89848193237519 102.013199565463765
45.55154539026795 101.998821821334133
46.21410787489121 101.983682594256933
46.88630755277036 101.968835480288746
47.56828460010916 101.955731859238171
48.260181232021196 101.943157476751708
48.962141732186545 101.934191353310354
49.674312482939705 101.926756886026880
50.39684199579528 101.915811176720439
51.129880942417586 101.901166740954579
51.873582186040764 101.886028366952957
52.628100813345895 101.869065054006001
53.393594166801776 101.850160133530125
54.17022187747612 101.832859997562963
54.95814589832399 101.815700862109708
55.75753053796041 101.792228723763415
56.56854249492426 101.762895385192877
57.39135089244048 101.730845964302375
58.226127313687975 101.700733753500955
59.073045837580466 101.678918193628959
59.932283075067765 101.654429932360571
60.804018205965114 101.614281814845015
61.68843301631817 101.567482147101700
62.58571193631152 101.528053682535031
63.49604207872855 101.492902379968953
64.41961327797075 101.455876242325232
65.35661812964459 101.416878656684560
66.3072520307241 101.377902666740312
67.27171322029778 101.336865335256164
68.25020282090806 101.291115366006863
69.2429248804921 101.243718143296135
70.25008641493265 101.194870808875763
71.27189745122783 101.144905127438619
72.30857107128878 101.092608589828629
73.36032345637442 101.039163988909479
74.42737393217246 100.986558677323558
75.50994501453623 100.932577730288727
76.60826245588666 100.876144625435259
77.72255529228926 100.816660301228779
78.85305589121582 100.751604189114943
80.00000000000082 100.688999999999965
81.16362679500274 100.627424594825925
82.34417893148023 100.564770483781857
83.541902594194 100.500798412929441
84.75704754874454 100.434362418225092
85.98986719365665 100.368206951022358
87.24061861322157 100.305769515727135
88.50956263110764 100.249120682299406
89.79696386475084 100.198053766698223
91.10309078053635 100.145876258469201
92.42821574978288 100.090981800435628
93.77261510554118 100.039053378125232
95.13656920021877 99.999028857483239
96.52036246404286 99.964483750688800
97.92428346437356 99.931708865724772
99.34862496587989 99.897555823506764
100.79368399159105 99.860364216218628
102.25976188483567 99.820220159301385
103.74716437208203 99.775517724709246
105.25620162669229 99.725032975606993
106.78718833360406 99.669874031656661
108.34044375495276 99.611843285230123
109.9162917966485 99.551493648496930
111.51506107592134 99.491011991448644
113.13708498984903 99.433517948100331
114.78270178488147 99.377743291945521
116.45225462737648 99.325282010168522
118.14609167516147 99.273561057224754
119.86456615013608 99.221345831088811
121.60803641193078 99.169838930456393
123.3768660326369 99.119488758588389
125.17142387262359 99.068528707693915
126.99208415745765 99.016221643591194
128.83922655594208 98.965101103973581
130.71323625928977 98.913967410639387
132.61450406144883 98.864291024479144
134.5434264405962 98.817637048476428
136.50040564181674 98.774116582932294
138.48584976098482 98.732797155019313
140.50017282986593 98.689079214221522
142.5437949024563 98.640372888158126
144.61714214257822 98.585432876614732
146.7206469127495 98.525101239530258
148.8547478643456 98.462128513642497
151.01989002907314 98.398219211151059
153.216524911774 98.334937302470337
155.4451105845792 98.274317345970104
157.70611178243232 98.221083876133790
160.00000000000236 98.177499999999981
162.3272535900062 98.147711154047926
164.6883578629612 98.136308896975564
167.08380518838874 98.142084937640519
169.51409509748981 98.159612760779922
171.97973438731407 98.182901396995675
174.4812372264439 98.205434887592702
177.01912526221608 98.221307101468398
179.5939277295025 98.227350284367205
182.20618156107355 98.220057746380135
184.85643149956664 98.196378257604152
187.54523021108326 98.158185856200504
190.27313840043846 98.108045582870432
193.04072492808663 98.046198166769074
195.84856692874806 97.974918979538046
198.69724993176072 97.895758651951638
201.58736798318304 97.816170187115119
204.5195237696723 97.743044445374323
207.49432874416505 97.673383274512133
210.5124032533856 97.602458523545437
213.57437666720915 97.531682930820992
216.68088750990657 97.461344920088365
219.83258359329807 97.389808723252457
223.03012215184378 97.317064721045540
226.2741699796992 97.243452147126817
229.5654035697641 97.168850852418672
232.90450925475412 97.093164456892239
236.2921833503241 97.015889351698917
239.72913230027333 96.938128381706321
243.21607282386276 96.859692379669056
246.75373206527502 96.780979461547631
250.34284774524843 96.702171629445303
253.9841683149166 96.624338402268663
257.67845311188546 96.545832871372440
261.42647251858085 96.465759149915328
265.22900812289896 96.384133577388411
269.08685288119375 96.302147138534536
273.0008112836349 96.218607658812289
276.97169952197106 96.133608460277628
281.00034565973334 96.046992568315730
285.0875898049141 95.959143096135818
289.23428428515797 95.871233173154650
293.44129382550057 95.782388700281942
297.7094957286928 95.694226287134668
302.0397800581479 95.606704398837053
306.4330498235497 95.518839003528996
310.89022116916016 95.432126964847527
315.41222356486645 95.345167752267542
320.00000000000654 95.257999999999868
324.6545071800142 95.170960715733742
329.3767157259242 95.083968430642997
334.16761037677935 94.996649491142620
339.02819019498156 94.907784119431838
343.95946877463007 94.817937668301738
348.9624744528898 94.729260449629152
354.03825052443415 94.642753566137060
359.187855459007 94.556562813834574
364.4123631221491 94.469754772172323
369.71286299913527 94.386479337213501
375.0904604221685 94.306759399924545
380.54627680087896 94.231936775302231
386.08144985617537 94.158533006884113
391.6971338574982 94.090134393710031
397.3944998635236 94.024399951487595
403.1747359663683 93.963988079005787
409.0390475393468 93.908908334030713
414.9886574883323 93.859837904465422
421.0248065067734 93.816838757705966
427.1487533344206 93.778644668327090
433.3617750198154 93.745872012410828
439.6651671865984 93.720933391185937
446.06024430368984 93.702021076266078
452.54833995940066 93.687912988073080
459.13080713953053 93.679664250513298
465.8090185095106 93.677634836418250
472.58436670065066 93.682584366700652
479.45826460054917 93.692961186786690
486.432145647728 93.709910007813647
493.50746413055253 93.735205762189878
500.6856954904994 93.767228469229593
507.9683366298358 93.806827830424737
515.3569062237735 93.853998343566417
522.8529450371643 93.906737160584271
530.4580162458005 93.962492373874227
538.1737057623901 94.021340015881293
546.0016225672724 94.081583713723631
553.9433990439449 94.141454030389340
562.0006913194694 94.201105046632122
570.1751796098309 94.260735016249299
578.4685685703187 94.319203408420748
586.8825876510039 94.375080949114079
595.4189914573883 94.428555847890067
604.0795601162986 94.479447525654180
612.8660996471021 94.526873233874170
621.780442338323 94.571417894381739
630.8244471297356 94.612586345014350
640.0000000000159 94.652500000000060
649.3090143600314 94.689270606722118
658.7534314518515 94.724387696371849
668.3352207535618 94.759840316788171
678.0563803899662 94.796211426462378
687.9189375492632 94.833591962687194
697.9249489057827 94.872407300732561
708.0765010488715 94.914017479352822
718.3757109180171 94.958434342493376
728.8247262443015 95.006093740723784
739.425725998274 95.057214771091623
750.1809208443404 95.110927219327237
761.0925536017613 95.166849337209030
772.1628997123541 95.224659783110781
783.3942677149998 95.282762764377310
794.7889997270506 95.342707998544270
806.34947193274 95.404363850307945
818.0780950786972 95.467461977157541
829.9773149766683 95.532375232371663
842.0496130135506 95.599110339325648
854.2975066688449 95.668389726123721
866.7235500396347 95.740977950234765
879.3303343732008 95.816198522957862
892.1204886073838 95.894409679745536
905.0966799188055 95.975066611155825
918.2616142790653 96.058237167540213
931.6180370190256 96.143253620967627
945.1687334013056 96.230298069883432
958.9165292011028 96.318714395707076
972.8642912954606 96.407028606632906
987.0149282611097 96.485657880185244
1001.3713909810035 96.539888451139205
1015.9366732596762 96.589244929326014
1030.7138124475518 96.680853593356630
1045.7058900743334 96.793667339011250
1060.916032491606 96.910992381352600
1076.3474115247852 97.029009809893324
1092.0032451345498 97.151025149792758
1107.8867980878947 97.273381443075223
1124.0013826389438 97.391065426061346
1140.350359219667 97.507452514537675
1156.9371371406426 97.622771648945786
1173.765175302013 97.738525256744964
1190.837982914782 97.854573230171496
1208.1591202326028 97.971996950133189
1225.73219929421 98.089851142896975
1243.5608846766518 98.209072564511018
1261.648894259477 98.329659295063180
1280.0000000000375 98.451500000000252
1298.6180287200684 98.574113017713586
1317.5068629037087 98.698545295164479
1336.6704415071292 98.823774630834009
1356.112760779938 98.949830126050102
1375.8378750985323 99.075966453753153
1395.8498978115715 99.202750603658188
1416.153002097749 99.329417829707666
1436.7514218360407 99.456514887653952
1457.6494524886093 99.582743725881883
1478.8514519965543 99.709069508699798
1500.3618416886875 99.835098681794392
1522.1851072035295 99.961673621780477
1544.3257994247153 100.088157056720888
1566.788535430007 100.215523110533837
1589.5779994541087 100.343928356932082
1612.6989438654878 100.473360106769405
1636.156190157402 100.604474664881451
1659.9546299533442 100.737546835139653
1684.099226027109 100.872273681231263
1708.5950133376978 101.009475875224609
1733.4471000792773 101.149641644447129
1758.6606687464096 101.292365811854538
1784.2409772147755 101.438173570124221
1810.193359837619 101.586306018271188
1836.5232285581387 101.737373796494879
1863.2360740380593 101.891504507939999
1890.3374668026197 102.048457307455195
1917.833058402214 102.208645061068921
1945.7285825909298 102.373213208938310
1974.0298565222283 102.542198542002922
2002.7427819620161 102.718870952426101
2031.8733465193618 102.904020199237735
2061.4276248951132 103.102207518000057
2091.411780148677 103.317441296152253
2121.832064983222 103.554068734487004
2152.694823049581 103.811564681209546
2184.0064902691106 104.077253869233616
2215.7735961758003 104.326330271796536
2248.002765277899 104.552616453403502
2280.7007184393456 104.735933520352802
2313.874274281297 104.888540714076754
2347.530350604038 105.022030987275201
2381.6759658295764 105.145678729122125
2416.318240465218 105.265710046907316
2451.4643985884327 105.382027600394764
2487.1217693533167 105.496148210640399
2523.2977885189675 105.604646031417985
2560.0000000000887 105.706750000000227
2597.236057440151 105.800935636420348
2635.0137258074315 105.886278595432145
2673.340883014273 105.959513589425683
2712.225521559891 106.022838282339848
2751.6757501970797 106.072114953359034
2791.699795623158 106.108548578834387
2832.3060041955137 106.127130161510394
2873.502843672097 106.125979090024927
2915.2989049772345 106.100518215475262
2957.7029039931244 106.056607967204826
3000.723683377391 106.026810033113435
3044.370214407075 106.014606240423603
3088.6515988494466 105.990910170776630
3133.57707086003 105.955280636225979
3179.1559989082334 105.910177761135429
3225.3978877309914 105.860054365741291
3272.3123803148205 105.804609524606477
3319.9092599067053 105.743122499125946
3368.198452054235 105.677386136165154
3417.190026675413 105.610121563721435
3466.8942001585724 105.543368597792266
3517.3213374928373 105.478867968258740
3568.4819544295697 105.417930571950293
3620.386719675257 105.360593944340977
3673.0464571162966 105.306914472026023
3726.472148076138 105.255351459327670
3780.6749336052594 105.203858813075001
3835.6661168044484 105.151930511371859
3891.45716518188 105.101627302313005
3948.059713044477 105.053161370705666
4005.4855639240527 105.014165791972573
4063.746693038744 104.984813547204396
4122.855249790247 104.966571712531461
4182.823560297375 104.958080673151358
4243.664129966465 104.959818975141900
4305.389646099183 104.970154768451522
4368.012980538242 104.987437011152508
4431.5471923516225 105.011739631335615
4496.00553055582 105.040669201504755
4561.401436878714 105.071374963099970
4627.748548562617 105.102357704377141
4695.060701208099 105.130163668985631
4763.351931659176 105.151670386331830
4832.63648093046 105.163505459237228
4902.928797176889 105.160295886117595
4974.243538706657 105.148436655081227
5046.595577037959 105.139422887009175
5120.000000000202 105.125928571428517
5194.472114880326 105.095446284596392
5270.027451614888 105.062176347781445
5346.6817660285715 105.010028737838041
5424.451043119808 104.926571211001942
5503.351500394186 104.836313349566382
5583.399591246343 104.756185398534811
5664.612008391055 104.663111710014647
5747.005687344222 104.561772833946264
5830.597809954497 104.457976649955057
5915.405807986278 104.357284698334880
6001.447366754812 104.264170231794012
6088.740428814181 104.185756836561296
6177.303197698925 104.127958355469133
6267.154141720092 104.094211464569980
6358.3119978165005 104.091831199781637
6450.795775462017 104.122159824362939
6544.624760629676 104.189893522598197
6639.818519813445 104.298046835139758
6736.396904108505 104.449880226162364
6834.380053350861 104.648433624040763
6933.788400317181 104.895945404891279
7034.642674985712 105.195801187328058
7136.963908859177 105.548560199589019
7240.773439350552 105.951171101337266
7346.092914232631 106.392890924913800
7452.944296152315 106.852366309012666
7561.349867210557 107.291475110994199
7671.332233608935 107.663019980775928
7782.914330363799 107.919819608351929
7896.119426088994 108.007679081084888
8010.971127848146 107.869129486128543
8127.49338607753 107.501618208974904
8245.710499580537 106.935540107777811
8365.647120594791 106.219338089960559
8487.328259932974 105.425975087691540
8610.77929219841 104.609048769569711
8736.025961076528 103.836671607861589
8863.094384703289 103.137901035463784
8992.011061111683 102.501912098515689
9122.802873757471 101.944114479863060
9255.497097125279 101.479981271961719
9390.121402416245 101.106654639784935
9526.7038633184 100.828887874536605
9665.272961860968 100.646080207548735
9805.857594353829 100.543289898033976
9948.487077413367 100.462841948391087
10093.19115407597 100.281879250920468
10240.000000000457 99.944699999998733
10388.944229760706 99.443417874689914
10540.05490322983 98.771174479214608
10693.363532057198 97.968633303044271
10848.902086239672 97.076104101014721
11006.703000788428 96.142284039063782
11166.799182492743 95.207971869800886
11329.224016782166 94.311011197332860
11494.0113746885 93.455392273455857
11661.195619909053 92.688995453642519
11830.811615972614 91.990766480831994
12002.894733509682 91.403036448628470
12177.48085762842 90.900451897708450
12354.606395397908 90.550324622000602
12534.308283440243 90.313585254819031
12716.62399563306 90.244440319577876
12901.591550924093 90.395889217590010
13089.249521259411 90.660755038577577
13279.637039626952 91.122352137820229
13472.793808217073 91.805640257662475
13668.760106701786 92.656469199631118
13867.576800634426 93.543165564555153
14069.285349971487 94.176039952792365
14273.927817718419 94.470042964788803
14481.54687870117 94.339115270004669
14692.18582846533 93.348770964651564
14905.888592304698 91.348396359894338
15122.699734421185 88.500316933222251
15342.664467217943 85.431489424692444
15565.828660727671 83.054412758496682
15792.238852178061 81.875545208541752
16021.942255696367 81.061554598303246
16254.986772155136 80.276583546065297
16491.42099916115 79.498242070761492
16731.294241189662 78.349610695677285
16974.65651986603 76.325156676993231
17221.558584396902 73.880779343979924
17472.051922153143 73.868567968092663
17726.188769406665 75.880342222153061
17984.022122223458 78.520457894146176
18245.605747515034 82.035088761619960
18510.99419425065 84.386569665766160
18780.242804832582 84.615119340539906
19053.40772663689 82.386054486778477
19330.545923722028 77.730888549178488
19611.71518870775 71.941160098689238
19896.974154826825 68.006271564667784
20186.382308152035 67.139000000000010
