20 96.149500000000003
20.290906698750476 96.146106077201509
20.586044732869844 96.145523258701019
20.885475648548283 96.148354756485475
21.189261887185914 96.151874710768141
21.49746679841394 96.151037994368778
21.810154653305165 96.146042997886269
22.12739065777668 96.129060368922296
22.449240966187475 96.107224871842718
22.77577269513385 96.083327396558076
23.107053937445478 96.065753099699748
23.44315377638505 96.059238590498666
23.784142300054445 96.063643201751233
24.130090616010463 96.071318639409029
24.481070866093134 96.073189290392619
24.837156241469714 96.064599400729406
25.1984209978975 96.042366451405059
25.56494047120865 96.014923257628482
25.936791093020236 95.989476472501536
26.3140504066728 95.971008257460653
26.69679708340074 95.959334076560737
27.08511093873791 95.949989276363084
27.47907294916184 95.941569706254569
27.878765268980047 95.934121607792861
28.284271247461966 95.928588745030453
28.695675446220072 95.921303789290718
29.11306365684382 95.907894562530430
29.536522918790062 95.884479918603475
29.966141537533712 95.854836233910163
30.402009102982383 95.833479909037152
30.844216508158908 95.833564587209850
31.29285596815558 95.844062469164086
31.74802103936409 95.846275726488273
32.20980663898519 95.826215468881173
32.67830906482211 95.782672766610290
33.153626015361866 95.733095414709609
33.63585661014871 95.700875297966576
34.125101410453844 95.693000405641811
34.62146244024586 95.690127352151137
35.12504320746613 95.664745938498186
35.635948725613716 95.616720819792306
36.15428553564419 95.580648573572262
36.68016172818701 95.590372453070387
37.21368696608603 95.633590766049480
37.754972507267915 95.655586032651172
38.30413122794313 95.639462195838036
38.86127764614443 95.579658748718714
39.4265279456077 95.517127856176970
40.000000000000206 95.474999999999994
40.58181339750116 95.445909233155717
41.1720894657399 95.423546677301374
41.77095129709678 95.412508336495250
42.37852377437204 95.410760305825903
42.9949335968281 95.404725755456184
43.62030930661056 95.388757920023096
44.25478131555359 95.365497632343136
44.89848193237519 95.340891538897409
45.55154539026795 95.311591371418643
46.21410787489121 95.274165340453408
46.88630755277036 95.236109311699295
47.56828460010916 95.210097788857269
48.260181232021196 95.190152970951175
48.962141732186545 95.157084335425338
49.674312482939705 95.105811974242016
50.39684199579528 95.035575618028133
51.129880942417586 94.981982889264941
51.873582186040764 94.992782807402932
52.628100813345895 95.037010393730327
53.393594166801776 95.030432360531336
54.17022187747612 94.958837762704263
54.95814589832399 94.888738819342791
55.75753053796041 94.866227784857671
56.56854249492426 94.836494231491102
57.39135089244048 94.778038963433275
58.226127313687975 94.718999999999994
59.073045837580466 94.722177493934751
59.932283075067765 94.759554313765449
60.804018205965114 94.758873682278690
61.68843301631817 94.730943233128016
62.58571193631152 94.701964378900357
63.49604207872855 94.652040907213447
64.41961327797075 94.582689777596244
65.35661812964459 94.531224255536756
66.3072520307241 94.506556292755675
67.27171322029778 94.466408761696755
68.25020282090806 94.428120233708668
69.2429248804921 94.400904467220556
70.25008641493265 94.359746111328036
71.27189745122783 94.312948922341064
72.30857107128878 94.265657157148453
73.36032345637442 94.228091104949698
74.42737393217246 94.197678782034828
75.50994501453623 94.163926745594438
76.60826245588666 94.134904957855014
77.72255529228926 94.119301628114684
78.85305589121582 94.113124207747745
80.00000000000082 94.105000000000004
81.16362679500274 94.103060617159883
82.34417893148023 94.105200344790518
83.541902594194 94.105099269157762
84.75704754874454 94.099417226175376
85.98986719365665 94.087688857621558
87.24061861322157 94.076694760515608
88.50956263110764 94.065372498251890
89.79696386475084 94.048207148469984
91.10309078053635 94.021140017696524
92.42821574978288 93.990184165060867
93.77261510554118 93.961579357968873
95.13656920021877 93.931801241580501
96.52036246404286 93.894251578670577
97.92428346437356 93.856403381154735
99.34862496587989 93.817955672105910
100.79368399159105 93.774631234930155
102.25976188483567 93.732239683071043
103.74716437208203 93.700758862354618
105.25620162669229 93.670432796165386
106.78718833360406 93.633057895548689
108.34044375495276 93.597910976982618
109.9162917966485 93.560447310272110
111.51506107592134 93.516682185811959
113.13708498984903 93.470782645649862
114.78270178488147 93.424156798153689
116.45225462737648 93.377732884967585
118.14609167516147 93.331954381268133
119.86456615013608 93.284365820739168
121.60803641193078 93.234838930456391
123.3768660326369 93.180882677449489
125.17142387262359 93.122900153494300
126.99208415745765 93.064245391118817
128.83922655594208 93.007463534797751
130.71323625928977 92.950440096681604
132.61450406144883 92.886416975741753
134.5434264405962 92.814713938647202
136.50040564181674 92.741861106767772
138.48584976098482 92.675924507170464
140.50017282986593 92.615994987933902
142.5437949024563 92.556729947828771
144.61714214257822 92.502262875364266
146.7206469127495 92.448795568416159
148.8547478643456 92.398382698265777
151.01989002907314 92.359649385633674
153.216524911774 92.336557545547009
155.4451105845792 92.327547508689065
157.70611178243232 92.341946682778371
160.00000000000236 92.397000000000105
162.3272535900062 92.492417397190252
164.6883578629612 92.621610368753238
167.08380518838874 92.775280859320617
169.51409509748981 92.937847190551309
171.97973438731407 93.102350310195106
174.4812372264439 93.266572914609441
177.01912526221608 93.425685766257402
179.5939277295025 93.563127885296424
182.20618156107355 93.666511190384142
184.85643149956664 93.734996928589425
187.54523021108326 93.768063322295518
190.27313840043846 93.769915797277463
193.04072492808663 93.751052025791040
195.84856692874806 93.716771496068787
198.69724993176072 93.670928401201010
201.58736798318304 93.617840008319519
204.5195237696723 93.563648572145894
207.49432874416505 93.512094520930589
210.5124032533856 93.461541211901334
213.57437666720915 93.409735596657441
216.68088750990657 93.358600467025269
219.83258359329807 93.307678662507229
223.03012215184378 93.255002984494581
226.2741699796992 93.202234251994867
229.5654035697641 93.151591379191913
232.90450925475412 93.100464191427108
236.2921833503241 93.048299864339100
239.72913230027333 92.998893723183585
243.21607282386276 92.951664044186799
246.75373206527502 92.905232266643267
250.34284774524843 92.861142962865955
253.9841683149166 92.820178106457192
257.67845311188546 92.782295855603167
261.42647251858085 92.746020202008665
265.22900812289896 92.715425569155087
269.08685288119375 92.688964407232646
273.0008112836349 92.665620639350465
276.97169952197106 92.645734664352361
281.00034565973334 92.632899619774292
285.0875898049141 92.628543794902470
289.23428428515797 92.630617142142583
293.44129382550057 92.636161940738248
297.7094957286928 92.643648041884518
302.0397800581479 92.649529835043609
306.4330498235497 92.651811016607851
310.89022116916016 92.648596056476975
315.41222356486645 92.640304551661899
320.00000000000654 92.626999999999981
324.6545071800142 92.607916520561943
329.3767157259242 92.584616421370384
334.16761037677935 92.555244054626286
339.02819019498156 92.522205487654631
343.95946877463007 92.488179665455050
348.9624744528898 92.451677689048623
354.03825052443415 92.415328421276527
359.187855459007 92.380022582878752
364.4123631221491 92.342289749208305
369.71286299913527 92.303124813806392
375.0904604221685 92.267412007255899
380.54627680087896 92.231949200794276
386.08144985617537 92.195562430949252
391.6971338574982 92.162785051185480
397.3944998635236 92.130830250750620
403.1747359663683 92.099568074846033
409.0390475393468 92.069051508341659
414.9886574883323 92.042792534418751
421.0248065067734 92.023073753302555
427.1487533344206 92.007165304997557
433.3617750198154 91.998106370830030
439.6651671865984 91.999974798101846
446.06024430368984 92.008978923733906
452.54833995940066 92.027928857849787
459.13080713953053 92.055883689780700
465.8090185095106 92.089949601802317
472.58436670065066 92.133763112140230
479.45826460054917 92.183618537032658
486.432145647728 92.237957165181825
493.50746413055253 92.292700437578560
500.6856954904994 92.349028419892150
507.9683366298358 92.407744714078049
515.3569062237735 92.472533702902069
522.8529450371643 92.535610324038018
530.4580162458005 92.594263365751317
538.1737057623901 92.649141495009985
546.0016225672724 92.700081279872734
553.9433990439449 92.748767706464903
562.0006913194694 92.800004493576552
570.1751796098309 92.853112390522426
578.4685685703187 92.905775410421512
586.8825876510039 92.957827914053667
595.4189914573883 93.010055847890072
604.0795601162986 93.062732333205048
612.8660996471021 93.116739333521281
621.780442338323 93.173588557889218
630.8244471297356 93.233358906343284
640.0000000000159 93.293000000000106
649.3090143600314 93.354439494776216
658.7534314518515 93.419836348590366
668.3352207535618 93.490180633576358
678.0563803899662 93.564131309983239
687.9189375492632 93.640767712884255
697.9249489057827 93.724362065699154
708.0765010488715 93.815092334492277
718.3757109180171 93.909975325991667
728.8247262443015 94.007069954071994
739.425725998274 94.106130538083860
750.1809208443404 94.205135825967574
761.0925536017613 94.303795172149250
772.1628997123541 94.402293455136686
783.3942677149998 94.499174132028074
794.7889997270506 94.595357872714047
806.34947193274 94.691647704775633
818.0780950786972 94.788761170843074
829.9773149766683 94.887158566153204
842.0496130135506 94.988090444490751
854.2975066688449 95.092528806685181
866.7235500396347 95.198695200341461
879.3303343732008 95.307457392328189
892.1204886073838 95.419160299744988
905.0966799188055 95.533733034279408
918.2616142790653 95.649909540601044
931.6180370190256 95.766526014088456
945.1687334013056 95.884726417261419
958.9165292011028 96.003533542309469
972.8642912954606 96.123182190726453
987.0149282611097 96.244089002844859
1001.3713909810035 96.365428258175029
1015.9366732596762 96.486774388055323
1030.7138124475518 96.609337966088901
1045.7058900743334 96.731807047789147
1060.916032491606 96.854736656683684
1076.3474115247852 96.976554723610818
1092.0032451345498 97.098837345561407
1107.8867980878947 97.220016214367206
1124.0013826389438 97.339232323167835
1140.350359219667 97.458442172708430
1156.9371371406426 97.576559959984493
1173.765175302013 97.694245903657716
1190.837982914782 97.809822693681326
1208.1591202326028 97.925034281511927
1225.73219929421 98.038440409798909
1243.5608846766518 98.151292122172691
1261.648894259477 98.262058254982804
1280.0000000000375 98.371500000000225
1298.6180287200684 98.477090820026675
1317.5068629037087 98.583787745970398
1336.6704415071292 98.687520384138494
1356.112760779938 98.790091994094681
1375.8378750985323 98.889689375492665
1395.8498978115715 98.988164499276706
1416.153002097749 99.084957543262675
1436.7514218360407 99.181387754899887
1457.6494524886093 99.276116558099204
1478.8514519965543 99.370292330704970
1500.3618416886875 99.464041445593807
1522.1851072035295 99.557008556687038
1544.3257994247153 99.649781841595313
1566.788535430007 99.741997224554439
1589.5779994541087 99.833811997816440
1612.6989438654878 99.925279859952710
1636.156190157402 100.016116646401287
1659.9546299533442 100.106031223426442
1684.099226027109 100.195303167259226
1708.5950133376978 100.284270147748970
1733.4471000792773 100.372395908275891
1758.6606687464096 100.459792700487640
1784.2409772147755 100.547234502985944
1810.193359837619 100.634138087464152
1836.5232285581387 100.720565725099533
1863.2360740380593 100.806855436921779
1890.3374668026197 100.893579893768390
1917.833058402214 100.980495803382951
1945.7285825909298 101.066844034380068
1974.0298565222283 101.154011958088461
2002.7427819620161 101.241274058918748
2031.8733465193618 101.329120039558092
2061.4276248951132 101.417735287188833
2091.411780148677 101.506664751438606
2121.832064983222 101.596450393325085
2152.694823049581 101.688584469148751
2184.0064902691106 101.782619633064058
2215.7735961758003 101.879898148144974
2248.002765277899 101.980608848889290
2280.7007184393456 102.086312370849839
2313.874274281297 102.198097484175165
2347.530350604038 102.317693607194670
2381.6759658295764 102.447265317162476
2416.318240465218 102.586492668605075
2451.4643985884327 102.738479963753804
2487.1217693533167 102.900972315960587
2523.2977885189675 103.077115275525387
2560.0000000000887 103.262250000000449
2597.236057440151 103.452403892944773
2635.0137258074315 103.642067256456414
2673.340883014273 103.821117495639584
2712.225521559891 103.983920384802246
2751.6757501970797 104.115862400630647
2791.699795623158 104.213428292706823
2832.3060041955137 104.269151904824838
2873.502843672097 104.289500000000004
2915.2989049772345 104.275425007420949
2957.7029039931244 104.231637527850594
3000.723683377391 104.165170231794036
3044.370214407075 104.084478081906212
3088.6515988494466 103.997429947286719
3133.57707086003 103.909024711822951
3179.1559989082334 103.823352962008840
3225.3978877309914 103.742077569734619
3272.3123803148205 103.666362058118324
3319.9092599067053 103.596724313927808
3368.198452054235 103.533479873014386
3417.190026675413 103.476778571724054
3466.8942001585724 103.426795219857297
3517.3213374928373 103.384528637005161
3568.4819544295697 103.351389383696613
3620.386719675257 103.329495585687681
3673.0464571162966 103.321730464571175
3726.472148076138 103.330206365903607
3780.6749336052594 103.358753346855067
3835.6661168044484 103.402449422644665
3891.45716518188 103.468003602125094
3948.059713044477 103.545832105436148
4005.4855639240527 103.637825458670889
4063.746693038744 103.736744488397903
4122.855249790247 103.834640112195856
4182.823560297375 103.920404233448721
4243.664129966465 103.982983105108360
4305.389646099183 104.012579019207990
4368.012980538242 103.996129222829552
4431.5471923516225 103.920324500770519
4496.00553055582 103.786787832777193
4561.401436878714 103.581371518503317
4627.748548562617 103.315000680613508
4695.060701208099 102.982666143355459
4763.351931659176 102.599243958759871
4832.63648093046 102.173121062807837
4902.928797176889 101.714229115856043
4974.243538706657 101.238497565020282
5046.595577037959 100.756513079767032
5120.000000000202 100.278714285712994
5194.472114880326 99.815537757193439
5270.027451614888 99.377032226803294
5346.6817660285715 98.969422993254284
5424.451043119808 98.599470305960864
5503.351500394186 98.277953477045372
5583.399591246343 98.018150009472208
5664.612008391055 97.838745163343759
5747.005687344222 97.733480762928565
5830.597809954497 97.673652456380267
5915.405807986278 97.586674608836361
6001.447366754812 97.357045236542803
6088.740428814181 97.037463273836096
6177.303197698925 96.838371002876343
6267.154141720092 96.773800891341466
6358.3119978165005 96.790199479093843
6450.795775462017 96.851184366897343
6544.624760629676 96.943925979511533
6639.818519813445 97.057069520163083
6736.396904108505 97.180270021779435
6834.380053350861 97.303599864554542
6933.788400317181 97.419491472342557
7034.642674985712 97.521139127237575
7136.963908859177 97.600363164859800
7240.773439350552 97.648489492640891
7346.092914232631 97.654472810866963
7452.944296152315 97.608497878616433
7561.349867210557 97.499301417093392
7671.332233608935 97.329350777817112
7782.914330363799 97.103638575018493
7896.119426088994 96.828910385284345
8010.971127848146 96.516686572600079
8127.49338607753 96.183942104669256
8245.710499580537 95.843840562745228
8365.647120594791 95.511691231893622
8487.328259932974 95.196971333921752
8610.77929219841 94.911553949480293
8736.025961076528 94.668711912865263
8863.094384703289 94.474639824775394
8992.011061111683 94.333261202980850
9122.802873757471 94.250665811205849
9255.497097125279 94.237825694937612
9390.121402416245 94.299862297235023
9526.7038633184 94.437884013771310
9665.272961860968 94.641267528058094
9805.857594353829 94.881965627020563
9948.487077413367 95.111020899426819
10093.19115407597 95.238618957823306
10240.000000000457 95.196299999999610
10388.944229760706 94.979729569198668
10540.05490322983 94.742359777615277
10693.363532057198 94.714140542781365
10848.902086239672 94.986854027837609
11006.703000788428 95.401099124025933
11166.799182492743 95.709750178953186
11329.224016782166 95.693375302393704
11494.0113746885 95.400023364271092
11661.195619909053 94.793606096834225
11830.811615972614 94.107854200484468
12002.894733509682 93.383781390540037
12177.48085762842 92.698331464486586
12354.606395397908 92.104639447513065
12534.308283440243 91.579157486675385
12716.62399563306 91.153197448835783
12901.591550924093 90.898147181714521
13089.249521259411 90.738637906929497
13279.637039626952 90.803259003146749
13472.793808217073 91.092903802187635
13668.760106701786 91.438045146714956
13867.576800634426 91.586569961700235
14069.285349971487 91.336467652743835
14273.927817718419 90.782568706708815
14481.54687870117 90.081578463710187
14692.18582846533 89.478610936983216
14905.888592304698 89.101061965434909
15122.699734421185 88.988914161225495
15342.664467217943 89.081075586971053
15565.828660727671 89.195862386247939
15792.238852178061 89.109717250220413
16021.942255696367 88.769064518348941
16254.986772155136 88.169484524675084
16491.42099916115 87.552391192189404
16731.294241189662 86.981832648380504
16974.65651986603 86.699364088942019
17221.558584396902 87.078838443783923
17472.051922153143 87.150096465305168
17726.188769406665 85.130824779043238
17984.022122223458 80.915285621489986
18245.605747515034 75.694517822057165
18510.99419425065 70.559990715317525
18780.242804832582 65.820638540768016
19053.40772663689 61.270960030880275
19330.545923722028 57.333729933004179
19611.71518870775 55.134548751029520
19896.974154826825 54.591731960313339
20186.382308152035 54.560000000000002
