20 66.012500000000003
20.290906698750476 66.069711841460389
20.586044732869844 66.124895025485614
20.885475648548283 66.159853906835480
21.189261887185914 66.167767319997964
21.49746679841394 66.160537994368781
21.810154653305165 66.156837837208485
22.12739065777668 66.201481374644203
22.449240966187475 66.280734280718008
22.77577269513385 66.392747023266239
23.107053937445478 66.480022872672492
23.44315377638505 66.490105712599501
23.784142300054445 66.386254897725095
24.130090616010463 66.199254904655916
24.481070866093134 65.961550762800698
24.837156241469714 65.757494756382386
25.1984209978975 65.694720393710568
25.56494047120865 65.761589887962032
25.936791093020236 65.909465359590541
26.3140504066728 66.052933940314858
26.69679708340074 66.130829617196355
27.08511093873791 66.170149205316406
27.47907294916184 66.212884080855432
27.878765268980047 66.286889163072033
28.284271247461966 66.366795808265238
28.695675446220072 66.406434596430230
29.11306365684382 66.380482759376491
29.536522918790062 66.292622370404402
29.966141537533712 66.205839409418189
30.402009102982383 66.184690864147115
30.844216508158908 66.232469142274311
31.29285596815558 66.280017777850503
31.74802103936409 66.275398422047687
32.20980663898519 66.219574031538599
32.67830906482211 66.140148858693294
33.153626015361866 66.077478048847865
33.63585661014871 66.050549003728960
34.125101410453844 66.048500405641818
34.62146244024586 66.047570751195082
35.12504320746613 66.034248012456558
35.635948725613716 66.010882307347373
36.15428553564419 65.991414289287121
36.68016172818701 65.984860323456374
37.21368696608603 65.985286313033924
37.754972507267915 65.978807819383746
38.30413122794313 65.964043051338166
38.86127764614443 65.942448128060533
39.4265279456077 65.919484805940698
40.000000000000206 65.888999999999982
40.58181339750116 65.852636541444639
41.1720894657399 65.823849050743988
41.77095129709678 65.803468259990979
42.37852377437204 65.775639959561346
42.9949335968281 65.739066547086736
43.62030930661056 65.705617383571536
44.25478131555359 65.679705090167403
44.89848193237519 65.649075920300973
45.55154539026795 65.607833644835480
46.21410787489121 65.567482746196475
46.88630755277036 65.543410747115814
47.56828460010916 65.522219845252920
48.260181232021196 65.494453872111279
48.962141732186545 65.470512330593124
49.674312482939705 65.436755387850411
50.39684199579528 65.383496680324342
51.129880942417586 65.349408074155178
51.873582186040764 65.350502660560920
52.628100813345895 65.322962724735831
53.393594166801776 65.269432360531340
54.17022187747612 65.244115556277649
54.95814589832399 65.228328683452247
55.75753053796041 65.150005633434432
56.56854249492426 65.057744596805790
57.39135089244048 64.979387604050970
58.226127313687975 64.916980106551335
59.073045837580466 64.866881670710171
59.932283075067765 64.841963790823030
60.804018205965114 64.801718655984359
61.68843301631817 64.740751871436657
62.58571193631152 64.690866195079309
63.49604207872855 64.655638527244506
64.41961327797075 64.593730799174097
65.35661812964459 64.468130427599149
66.3072520307241 64.321889300989042
67.27171322029778 64.237289636951687
68.25020282090806 64.185119016783204
69.2429248804921 64.159963438993856
70.25008641493265 64.110361130403305
71.27189745122783 63.965257331938268
72.30857107128878 63.877400025009791
73.36032345637442 63.800714608674610
74.42737393217246 63.791100523556381
75.50994501453623 63.848262209067599
76.60826245588666 63.824834707355144
77.72255529228926 63.764387226106493
78.85305589121582 63.759331581399053
80.00000000000082 63.766499999999965
81.16362679500274 63.718985120416853
82.34417893148023 63.628166001505193
83.541902594194 63.503795364174422
84.75704754874454 63.443300896170129
85.98986719365665 63.354160643752984
87.24061861322157 63.110865440514296
88.50956263110764 63.051274128758422
89.79696386475084 63.088179630789526
91.10309078053635 63.091242266154325
92.42821574978288 63.107533675784751
93.77261510554118 62.985643979094341
95.13656920021877 62.992330910054577
96.52036246404286 62.870294365826823
97.92428346437356 62.833520886572472
99.34862496587989 62.833100151400856
100.79368399159105 62.871774024943718
102.25976188483567 62.853342699754393
103.74716437208203 62.793893614653783
105.25620162669229 62.773459677699236
106.78718833360406 62.726526940543010
108.34044375495276 62.636629972581531
109.9162917966485 62.564797553283938
111.51506107592134 62.517374954713823
113.13708498984903 62.463833804515531
114.78270178488147 62.386132514008736
116.45225462737648 62.295116061534863
118.14609167516147 62.214947844660863
119.86456615013608 62.102585965634155
121.60803641193078 61.979617253517638
123.3768660326369 61.864609703782847
125.17142387262359 61.763571687005701
126.99208415745765 61.664255511602263
128.83922655594208 61.567819335154951
130.71323625928977 61.472512555956115
132.61450406144883 61.380693691219442
134.5434264405962 61.291100391190490
136.50040564181674 61.197232354580976
138.48584976098482 61.116817194969222
140.50017282986593 61.044908169198251
142.5437949024563 60.944430083962558
144.61714214257822 60.875102877865231
146.7206469127495 60.774870489919579
148.8547478643456 60.697650858089801
151.01989002907314 60.640798771267356
153.216524911774 60.571542988934880
155.4451105845792 60.480160058450195
157.70611178243232 60.417791419337036
160.00000000000236 60.331999999999894
162.3272535900062 60.222153630551702
164.6883578629612 60.088825930238620
167.08380518838874 59.976812005484831
169.51409509748981 59.879853110217397
171.97973438731407 59.757261918104746
174.4812372264439 59.614295745975674
177.01912526221608 59.499600564039369
179.5939277295025 59.395324105274000
182.20618156107355 59.273103285068473
184.85643149956664 59.149661578420108
187.54523021108326 59.037163653430014
190.27313840043846 58.925591165740883
193.04072492808663 58.809033902588880
195.84856692874806 58.709988151194068
198.69724993176072 58.610680652497557
201.58736798318304 58.502415455308515
204.5195237696723 58.391264604675683
207.49432874416505 58.277470233768256
210.5124032533856 58.156991466611188
213.57437666720915 58.030663368310819
216.68088750990657 57.895711171441590
219.83258359329807 57.756908175996564
223.03012215184378 57.615038329511933
226.2741699796992 57.472694577553135
229.5654035697641 57.329832511976889
232.90450925475412 57.179812998660267
236.2921833503241 57.034020482636706
239.72913230027333 56.893105575688793
243.21607282386276 56.751965786647062
246.75373206527502 56.595866572619741
250.34284774524843 56.434100394699570
253.9841683149166 56.281164930773500
257.67845311188546 56.152213947722998
261.42647251858085 56.020216843720021
265.22900812289896 55.874540057191574
269.08685288119375 55.723815394356230
273.0008112836349 55.582346909304142
276.97169952197106 55.446312453334713
281.00034565973334 55.313688835190618
285.0875898049141 55.181898582794048
289.23428428515797 55.058741756730811
293.44129382550057 54.934481832147739
297.7094957286928 54.815072665752425
302.0397800581479 54.704045278604454
306.4330498235497 54.599823329146581
310.89022116916016 54.497511190755461
315.41222356486645 54.417657088823219
320.00000000000654 54.341499999999897
324.6545071800142 54.270286040145777
329.3767157259242 54.222983529031126
334.16761037677935 54.213249150660900
339.02819019498156 54.224584570584945
343.95946877463007 54.276201465927947
348.9624744528898 54.318718558396675
354.03825052443415 54.380208731974975
359.187855459007 54.449117263150690
364.4123631221491 54.600313147284339
369.71286299913527 54.809399665165060
375.0904604221685 55.005956880418580
380.54627680087896 55.214447006319304
386.08144985617537 55.426319529491508
391.6971338574982 55.621789692887127
397.3944998635236 55.843210293803978
403.1747359663683 56.063091550923787
409.0390475393468 56.233781505831075
414.9886574883323 56.375758026417756
421.0248065067734 56.484939982386351
427.1487533344206 56.567994412234370
433.3617750198154 56.632255975178339
439.6651671865984 56.685179122984245
446.06024430368984 56.725897603164142
452.54833995940066 56.751957861825417
459.13080713953053 56.780793574475062
465.8090185095106 56.807466401201538
472.58436670065066 56.828925645337620
479.45826460054917 56.849056346330180
486.432145647728 56.873342153461365
493.50746413055253 56.897811305590466
500.6856954904994 56.927671341643560
507.9683366298358 56.961353556912997
515.3569062237735 57.004564957437552
522.8529450371643 57.048650760871212
530.4580162458005 57.099148861689883
538.1737057623901 57.152203532782273
546.0016225672724 57.206082091156361
553.9433990439449 57.257038931823416
562.0006913194694 57.304303905955003
570.1751796098309 57.350340862127183
578.4685685703187 57.390149129137527
586.8825876510039 57.427439256281865
595.4189914573883 57.459153621382249
604.0795601162986 57.486738680348893
612.8660996471021 57.511012827663976
621.780442338323 57.531998153916163
630.8244471297356 57.549071781268658
640.0000000000159 57.561000000000007
649.3090143600314 57.567516310052021
658.7534314518515 57.573252058871113
668.3352207535618 57.576500566226066
678.0563803899662 57.577805638038996
687.9189375492632 57.580375681264776
697.9249489057827 57.585754969343469
708.0765010488715 57.593865025891546
718.3757109180171 57.607225995285219
728.8247262443015 57.628914397737461
739.425725998274 57.656478173895430
750.1809208443404 57.685989993953420
761.0925536017613 57.715542332671433
772.1628997123541 57.745752533829886
783.3942677149998 57.774808525738081
794.7889997270506 57.800360874442731
806.34947193274 57.824492627857069
818.0780950786972 57.849591281707959
829.9773149766683 57.875028935527567
842.0496130135506 57.900942895404924
854.2975066688449 57.930139080561453
866.7235500396347 57.965534000121956
879.3303343732008 58.006589203743523
892.1204886073838 58.054057856708056
905.0966799188055 58.107359782961197
918.2616142790653 58.171512227987456
931.6180370190256 58.244426442916726
945.1687334013056 58.324908492082997
958.9165292011028 58.412085917757125
972.8642912954606 58.506796466995667
987.0149282611097 58.607452948329481
1001.3713909810035 58.712694006292125
1015.9366732596762 58.821118716773540
1030.7138124475518 58.933481059865130
1045.7058900743334 59.048667339011260
1060.916032491606 59.166083984601755
1076.3474115247852 59.285464896175831
1092.0032451345498 59.406962548382303
1107.8867980878947 59.529420528243193
1124.0013826389438 59.652788416416314
1140.350359219667 59.778519420684120
1156.9371371406426 59.905632164009013
1173.765175302013 60.034459461677848
1190.837982914782 60.163284871860867
1208.1591202326028 60.292499398812609
1225.73219929421 60.417761875995041
1243.5608846766518 60.542641649994707
1261.648894259477 60.665824184489125
1280.0000000000375 60.788500000000241
1298.6180287200684 60.909517186680446
1317.5068629037087 61.032294608874111
1336.6704415071292 61.158108152909378
1356.112760779938 61.287552678206083
1375.8378750985323 61.422781338179874
1395.8498978115715 61.563241779571584
1416.153002097749 61.708532398402163
1436.7514218360407 61.857285379403095
1457.6494524886093 62.010146981266388
1478.8514519965543 62.165923715734564
1500.3618416886875 62.324670391662508
1522.1851072035295 62.485726091162050
1544.3257994247153 62.649897431731389
1566.788535430007 62.817578245016449
1589.5779994541087 62.989209675873063
1612.6989438654878 63.165781867764252
1636.156190157402 63.347964530834034
1659.9546299533442 63.535738854428615
1684.099226027109 63.728657777257958
1708.5950133376978 63.926119608035350
1733.4471000792773 64.127590452643730
1758.6606687464096 64.331978203470982
1784.2409772147755 64.538112637262500
1810.193359837619 64.745231409913941
1836.5232285581387 64.952381182753470
1863.2360740380593 65.158358884170013
1890.3374668026197 65.361804003675445
1917.833058402214 65.562254681663987
1945.7285825909298 65.758685506484682
1974.0298565222283 65.949019441568481
2002.7427819620161 66.132730969968293
2031.8733465193618 66.309771742486333
2061.4276248951132 66.479209174433606
2091.411780148677 66.640653019419972
2121.832064983222 66.794339713544048
2152.694823049581 66.939444074299359
2184.0064902691106 67.080027583643727
2215.7735961758003 67.210502874846611
2248.002765277899 67.335576713843039
2280.7007184393456 67.451347406771802
2313.874274281297 67.558547774462639
2347.530350604038 67.656792809181241
2381.6759658295764 67.744877065855334
2416.318240465218 67.825628158349048
2451.4643985884327 67.896014052335659
2487.1217693533167 67.958680193787870
2523.2977885189675 68.010952014500603
2560.0000000000887 68.055000000000092
2597.236057440151 68.091150648824126
2635.0137258074315 68.121009608065208
2673.340883014273 68.144337485657843
2712.225521559891 68.163871910061289
2751.6757501970797 68.181754087588686
2791.699795623158 68.201746145256863
2832.3060041955137 68.229583383062732
2873.502843672097 68.268118099602589
2915.2989049772345 68.320407324615161
2957.7029039931244 68.388443633746661
3000.723683377391 68.472119241556896
3044.370214407075 68.570415677670184
3088.6515988494466 68.676030692253050
3133.57707086003 68.782111403135318
3179.1559989082334 68.885517877565348
3225.3978877309914 68.983557712093912
3272.3123803148205 69.073216036960375
3319.9092599067053 69.151368426864707
3368.198452054235 69.213744405615870
3417.190026675413 69.258189218139279
3466.8942001585724 69.289284984082457
3517.3213374928373 69.316026735621051
3568.4819544295697 69.346937368100697
3620.386719675257 69.385105508543461
3673.0464571162966 69.426476236550712
3726.472148076138 69.463912731807198
3780.6749336052594 69.488359800087409
3835.6661168044484 69.500373355327838
3891.45716518188 69.489076061103390
3948.059713044477 69.462897382716932
4005.4855639240527 69.410188758127632
4063.746693038744 69.336692625789937
4122.855249790247 69.244479519118812
4182.823560297375 69.138574730571463
4243.664129966465 69.021673921707276
4305.389646099183 68.893643323575873
4368.012980538242 68.755404559806891
4431.5471923516225 68.609441457591259
4496.00553055582 68.456986864929931
4561.401436878714 68.296414968968364
4627.748548562617 68.129030917547084
4695.060701208099 67.948937613054525
4763.351931659176 67.755062721260771
4832.63648093046 67.541546883310872
4902.928797176889 67.297780301692598
4974.243538706657 67.023742942592932
5046.595577037959 66.706990124477286
5120.000000000202 66.354714285713271
5194.472114880326 65.969750765024571
5270.027451614888 65.567040462287764
5346.6817660285715 65.166088904952858
5424.451043119808 64.784945082435200
5503.351500394186 64.444615601946822
5583.399591246343 64.163215121879460
5664.612008391055 63.956307900364934
5747.005687344222 63.817563232060365
5830.597809954497 63.751746197104097
5915.405807986278 63.758903052948057
6001.447366754812 63.834797694723264
6088.740428814181 63.977979763778549
6177.303197698925 64.175172925725192
6267.154141720092 64.409789749573008
6358.3119978165005 64.665106073798853
6450.795775462017 64.919886657115512
6544.624760629676 65.154413825645108
6639.818519813445 65.351779687470724
6736.396904108505 65.498218579039900
6834.380053350861 65.575204110403419
6933.788400317181 65.559617743733554
7034.642674985712 65.443721745524854
7136.963908859177 65.244428550991003
7240.773439350552 64.991061987311298
7346.092914232631 64.703635194436998
7452.944296152315 64.398579313004376
7561.349867210557 64.117015943141368
7671.332233608935 63.889037771197081
7782.914330363799 63.693222333778721
7896.119426088994 63.465865606950821
8010.971127848146 63.131664044999823
8127.49338607753 62.664599436092615
8245.710499580537 62.090337073191471
8365.647120594791 61.639826467328582
8487.328259932974 61.506003805050270
8610.77929219841 61.671438965596657
8736.025961076528 61.998377587513730
8863.094384703289 62.387362285928759
8992.011061111683 62.809349540038909
9122.802873757471 63.251051331342765
9255.497097125279 63.702534707107162
9390.121402416245 64.140900309637985
9526.7038633184 64.527252683923791
9665.272961860968 64.822227683256699
9805.857594353829 65.057079271248426
9948.487077413367 65.246765059509585
10093.19115407597 65.336859452647602
10240.000000000457 65.350599999999972
10388.944229760706 65.338693866841083
10540.05490322983 65.338252058871120
10693.363532057198 65.401497507610713
10848.902086239672 65.559490218833190
11006.703000788428 65.792724801261485
11166.799182492743 66.059558610237659
11329.224016782166 66.295836756688516
11494.0113746885 66.441557488336599
11661.195619909053 66.343287322830392
11830.811615972614 66.073412537429476
12002.894733509682 65.598198389769422
12177.48085762842 65.080924660758726
12354.606395397908 64.629533226622797
12534.308283440243 64.332143751825456
12716.62399563306 64.303252317394396
12901.591550924093 64.531220606478257
13089.249521259411 64.860426303009362
13279.637039626952 65.154944484731828
13472.793808217073 65.283797888493794
13668.760106701786 65.070005528443957
13867.576800634426 64.407069922911944
14069.285349971487 63.321152320681627
14273.927817718419 62.017579801133671
14481.54687870117 60.757680055825446
14692.18582846533 59.708248785432261
14905.888592304698 58.866359953626130
15122.699734421185 58.220769066071668
15342.664467217943 57.738781195565295
15565.828660727671 57.359412317300468
15792.238852178061 56.973343773764327
16021.942255696367 56.408522315568987
16254.986772155136 55.506174525427241
16491.42099916115 54.352848366091912
16731.294241189662 53.349278545133387
16974.65651986603 53.170853879100022
17221.558584396902 53.118290103302172
17472.051922153143 52.575190244545084
17726.188769406665 52.984758303448061
17984.022122223458 53.538147562780431
18245.605747515034 53.413838687105290
18510.99419425065 52.476705806394563
18780.242804832582 51.486698959650965
19053.40772663689 50.683228391580684
19330.545923722028 50.030508499301952
19611.71518870775 49.556580672231256
19896.974154826825 49.396999999999998
20186.382308152035 49.396999999999998
