20 103.375500000000002
20.290906698750476 103.362894001034149
20.586044732869844 103.349627984927579
20.885475648548283 103.336629388562912
21.189261887185914 103.324429563080685
21.49746679841394 103.311357650711528
21.810154653305165 103.298017608879960
22.12739065777668 103.282152752144498
22.449240966187475 103.264463483873499
22.77577269513385 103.244201109978547
23.107053937445478 103.223576742342402
23.44315377638505 103.203410742047765
23.784142300054445 103.182951461996737
24.130090616010463 103.161544081772917
24.481070866093134 103.137825032748310
24.837156241469714 103.111756136938666
25.1984209978975 103.083870398910307
25.56494047120865 103.056335609837390
25.936791093020236 103.028911633581586
26.3140504066728 103.000946265987096
26.69679708340074 102.971010236973683
27.08511093873791 102.937840071046679
27.47907294916184 102.902034620975542
27.878765268980047 102.866259582378021
28.284271247461966 102.832189757708107
28.695675446220072 102.798650288856180
29.11306365684382 102.764502652825115
29.536522918790062 102.728895551902838
29.966141537533712 102.692377969309632
30.402009102982383 102.658852666272409
30.844216508158908 102.626003540011737
31.29285596815558 102.589625102786385
31.74802103936409 102.545705811906146
32.20980663898519 102.497260496267572
32.67830906482211 102.450452184166011
33.153626015361866 102.410592552909307
33.63585661014871 102.377848603391072
34.125101410453844 102.348118611141416
34.62146244024586 102.315511779421797
35.12504320746613 102.276621240950448
35.635948725613716 102.230812973615471
36.15428553564419 102.178991447686073
36.68016172818701 102.122542533355798
37.21368696608603 102.065135494628805
37.754972507267915 102.007545802023401
38.30413122794313 101.949878716749794
38.86127764614443 101.893170719166278
39.4265279456077 101.835939054806047
40.000000000000206 101.777499999999975
40.58181339750116 101.716409389627017
41.1720894657399 101.655384177452660
41.77095129709678 101.593501605972023
42.37852377437204 101.529754985469538
42.9949335968281 101.465444245144568
43.62030930661056 101.403336310668408
44.25478131555359 101.343192216401775
44.89848193237519 101.278405636617009
45.55154539026795 101.210824103419839
46.21410787489121 101.151012515465993
46.88630755277036 101.102910379007596
47.56828460010916 101.044647282205602
48.260181232021196 100.965079273317571
48.962141732186545 100.892967042046052
49.674312482939705 100.840084130499150
50.39684199579528 100.790484839668778
51.129880942417586 100.733873852685079
51.873582186040764 100.675981376073537
52.628100813345895 100.614843907662134
53.393594166801776 100.550528440649401
54.17022187747612 100.495315548154196
54.95814589832399 100.447529545561935
55.75753053796041 100.379883084083843
56.56854249492426 100.305546904209365
57.39135089244048 100.242040569222468
58.226127313687975 100.188962533639753
59.073045837580466 100.133519001851866
59.932283075067765 100.086690572408799
60.804018205965114 100.030644013694499
61.68843301631817 99.954059975049091
62.58571193631152 99.892044802348664
63.49604207872855 99.826836423308066
64.41961327797075 99.739730799174083
65.35661812964459 99.646939295526465
66.3072520307241 99.556663154666438
67.27171322029778 99.451611545767236
68.25020282090806 99.347480529192822
69.2429248804921 99.252057749032517
70.25008641493265 99.156617265863531
71.27189745122783 99.065437075566336
72.30857107128878 98.971377177156270
73.36032345637442 98.873111374110863
74.42737393217246 98.783805894188816
75.50994501453623 98.695379699677332
76.60826245588666 98.596999995259779
77.72255529228926 98.494483657867733
78.85305589121582 98.394606275908757
80.00000000000082 98.277999999999935
81.16362679500274 98.159697646752164
82.34417893148023 98.050823519013505
83.541902594194 97.933111442703563
84.75704754874454 97.832132553367742
85.98986719365665 97.732985535143257
87.24061861322157 97.619542603829984
88.50956263110764 97.522474055289081
89.79696386475084 97.451666987438699
91.10309078053635 97.389481923855001
92.42821574978288 97.333037018962216
93.77261510554118 97.276158715937754
95.13656920021877 97.214956042796288
96.52036246404286 97.147242460552079
97.92428346437356 97.071685349883168
99.34862496587989 96.986296669181058
100.79368399159105 96.886296507283333
102.25976188483567 96.771946271481866
103.74716437208203 96.646957431025214
105.25620162669229 96.513941937275121
106.78718833360406 96.376677842198035
108.34044375495276 96.242963020420603
109.9162917966485 96.118132663171380
111.51506107592134 95.997697175122767
113.13708498984903 95.879061475633478
114.78270178488147 95.762210913085582
116.45225462737648 95.654583670417409
118.14609167516147 95.552633519132470
119.86456615013608 95.460100206992834
121.60803641193078 95.369738138201868
123.3768660326369 95.292630527335859
125.17142387262359 95.239342902564644
126.99208415745765 95.232569037941971
128.83922655594208 95.276291161585846
130.71323625928977 95.346164951953511
132.61450406144883 95.354070601757115
134.5434264405962 95.272117123055580
136.50040564181674 95.173112932155959
138.48584976098482 95.125463438993847
140.50017282986593 95.116000000000000
142.5437949024563 95.116000000000014
144.61714214257822 95.113978572321784
146.7206469127495 95.111779353087258
148.8547478643456 95.112083798291479
151.01989002907314 95.109532373901146
153.216524911774 95.095901701058708
155.4451105845792 95.065419744074575
157.70611178243232 95.017934981874333
160.00000000000236 94.955999999999932
162.3272535900062 94.883389687991809
164.6883578629612 94.805784190522274
167.08380518838874 94.727567950858528
169.51409509748981 94.649548956880324
171.97973438731407 94.573420127748193
174.4812372264439 94.499647872987850
177.01912526221608 94.425541542343296
179.5939277295025 94.350776095844424
182.20618156107355 94.274579498416642
184.85643149956664 94.198134772812480
187.54523021108326 94.122197369920798
190.27313840043846 94.043469731027116
193.04072492808663 93.961886397143019
195.84856692874806 93.877873278751821
198.69724993176072 93.793758651951634
201.58736798318304 93.715492993767768
204.5195237696723 93.638985874065298
207.49432874416505 93.558905959535451
210.5124032533856 93.476160977740790
213.57437666720915 93.394172612485761
216.68088750990657 93.321004476333414
219.83258359329807 93.254764619930683
223.03012215184378 93.202260515032549
226.2741699796992 93.159588988573546
229.5654035697641 93.130904338703516
232.90450925475412 93.115881962980978
236.2921833503241 93.114157412538233
239.72913230027333 93.121890547675619
243.21607282386276 93.133648218471592
246.75373206527502 93.144261196195828
250.34284774524843 93.148742864191064
253.9841683149166 93.146011873763811
257.67845311188546 93.134045027386378
261.42647251858085 93.112441164888509
265.22900812289896 93.084524804940003
269.08685288119375 93.051218324069254
273.0008112836349 93.015242089984568
276.97169952197106 92.976040079899803
281.00034565973334 92.934596405138777
285.0875898049141 92.892080307048403
289.23428428515797 92.848540015005838
293.44129382550057 92.804022285449690
297.7094957286928 92.759321244421585
302.0397800581479 92.714337281896718
306.4330498235497 92.669263993460589
310.89022116916016 92.624111510662260
315.41222356486645 92.576960209064310
320.00000000000654 92.531999999999954
324.6545071800142 92.492436688969889
329.3767157259242 92.461489019354076
334.16761037677935 92.434161381890050
339.02819019498156 92.404928039810613
343.95946877463007 92.372867506087445
348.9624744528898 92.341828905837374
354.03825052443415 92.318943172849828
359.187855459007 92.308299431265596
364.4123631221491 92.297292801131277
369.71286299913527 92.277148548003453
375.0904604221685 92.247957237466977
380.54627680087896 92.215222339194725
386.08144985617537 92.181603155877326
391.6971338574982 92.148110767721107
397.3944998635236 92.113654100846148
403.1747359663683 92.079509829523914
409.0390475393468 92.049571032111317
414.9886574883323 92.027781191907081
421.0248065067734 92.020796345645763
427.1487533344206 92.027513757780312
433.3617750198154 92.042994881304494
439.6651671865984 92.062328085153098
446.06024430368984 92.088316282594377
452.54833995940066 92.126838379715792
459.13080713953053 92.179406918338827
465.8090185095106 92.242407603304230
472.58436670065066 92.315255488471479
479.45826460054917 92.394543832792181
486.432145647728 92.477685747772739
493.50746413055253 92.562124750700150
500.6856954904994 92.647014066045216
507.9683366298358 92.732129934361211
515.3569062237735 92.815400475159805
522.8529450371643 92.897329086343973
530.4580162458005 92.980452300657731
538.1737057623901 93.063885948277374
546.0016225672724 93.148874759301805
553.9433990439449 93.235013002162660
562.0006913194694 93.322607639080132
570.1751796098309 93.412926975708132
578.4685685703187 93.504154254273516
586.8825876510039 93.594299558483186
595.4189914573883 93.683857511156845
604.0795601162986 93.772295601162995
612.8660996471021 93.858075525193698
621.780442338323 93.940976932974536
630.8244471297356 94.020884133533286
640.0000000000159 94.097500000000124
649.3090143600314 94.170575762726244
658.7534314518515 94.241213064316298
668.3352207535618 94.309263306312602
678.0563803899662 94.377394662729756
687.9189375492632 94.445640669089912
697.9249489057827 94.514682147449889
708.0765010488715 94.584727857237212
718.3757109180171 94.655373619788406
728.8247262443015 94.727390611085667
739.425725998274 94.800537509388079
750.1809208443404 94.874743830804846
761.0925536017613 94.949761306012107
772.1628997123541 95.025576774953805
783.3942677149998 95.102791304653266
794.7889997270506 95.181457248112110
806.34947193274 95.261946303529186
818.0780950786972 95.344747984213811
829.9773149766683 95.429989815985152
842.0496130135506 95.517865895974936
854.2975066688449 95.608552237238470
866.7235500396347 95.701608300298787
879.3303343732008 95.797343574673647
892.1204886073838 95.895827762276852
905.0966799188055 95.996848716023877
918.2616142790653 96.101111251595668
931.6180370190256 96.207444296152204
945.1687334013056 96.317044656110653
958.9165292011028 96.429689843859052
972.8642912954606 96.546092903938870
987.0149282611097 96.665664777594003
1001.3713909810035 96.789159666698225
1015.9366732596762 96.918430059337084
1030.7138124475518 97.051551778536449
1045.7058900743334 97.189492719446875
1060.916032491606 97.332171774253879
1076.3474115247852 97.478480064355438
1092.0032451345498 97.629343835830497
1107.8867980878947 97.782896281356969
1124.0013826389438 97.940013480729704
1140.350359219667 98.099513934025907
1156.9371371406426 98.261321762705791
1173.765175302013 98.424600135738245
1190.837982914782 98.588586105935519
1208.1591202326028 98.753857419335972
1225.73219929421 98.918454603003653
1243.5608846766518 99.082690233460795
1261.648894259477 99.244675158909359
1280.0000000000375 99.404500000000297
1298.6180287200684 99.557433807343415
1317.5068629037087 99.712054903229671
1336.6704415071292 99.858695355454188
1356.112760779938 100.000817515654546
1375.8378750985323 100.137489444424943
1395.8498978115715 100.269024335775214
1416.153002097749 100.393456445989756
1436.7514218360407 100.514976747827731
1457.6494524886093 100.629736120090087
1478.8514519965543 100.739795085743182
1500.3618416886875 100.844635524432874
1522.1851072035295 100.943276684559947
1544.3257994247153 101.036395325606819
1566.788535430007 101.123460663925428
1589.5779994541087 101.205522998089378
1612.6989438654878 101.282636620369558
1636.156190157402 101.354576075259615
1659.9546299533442 101.421877500874018
1684.099226027109 101.485430049588302
1708.5950133376978 101.545612331210208
1733.4471000792773 101.602414678172821
1758.6606687464096 101.656860617742382
1784.2409772147755 101.709797134885264
1810.193359837619 101.760571250888233
1836.5232285581387 101.810663669689305
1863.2360740380593 101.860354376230021
1890.3374668026197 101.910527688252870
1917.833058402214 101.962026149796159
1945.7285825909298 102.015298878574583
1974.0298565222283 102.072040310174913
2002.7427819620161 102.134354111545335
2031.8733465193618 102.202308256066360
2061.4276248951132 102.278521143454569
2091.411780148677 102.363423577799182
2121.832064983222 102.459229020942956
2152.694823049581 102.568446901147809
2184.0064902691106 102.686826447846613
2215.7735961758003 102.821798163077915
2248.002765277899 102.967146514491318
2280.7007184393456 103.124968556274766
2313.874274281297 103.289871371406491
2347.530350604038 103.458443925530261
2381.6759658295764 103.624773686409100
2416.318240465218 103.784300258046954
2451.4643985884327 103.922845054847784
2487.1217693533167 104.035872688786284
2523.2977885189675 104.124749803019569
2560.0000000000887 104.195250000000129
2597.236057440151 104.229731760770022
2635.0137258074315 104.222489476880966
2673.340883014273 104.174821631327887
2712.225521559891 104.100474277927574
2751.6757501970797 103.998371421345354
2791.699795623158 103.878919375904076
2832.3060041955137 103.747536306238715
2873.502843672097 103.613115758065675
2915.2989049772345 103.480338339819440
2957.7029039931244 103.353779188258500
3000.723683377391 103.238335528232000
3044.370214407075 103.139405244999409
3088.6515988494466 103.059390586826510
3133.57707086003 102.997796941739466
3179.1559989082334 102.957799240775159
3225.3978877309914 102.938428380208421
3272.3123803148205 102.940470590291298
3319.9092599067053 102.963232852330947
3368.198452054235 103.006064250821282
3417.190026675413 103.067269339212856
3466.8942001585724 103.145233792279086
3517.3213374928373 103.237623034860889
3568.4819544295697 103.340627284757801
3620.386719675257 103.449108244121291
3673.0464571162966 103.556401520519103
3726.472148076138 103.653973208767908
3780.6749336052594 103.728118853640225
3835.6661168044484 103.778139802049594
3891.45716518188 103.774943555243141
3948.059713044477 103.733906708042753
4005.4855639240527 103.615811899704639
4063.746693038744 103.428639440397490
4122.855249790247 103.167319919901885
4182.823560297375 102.835388877521126
4243.664129966465 102.445140080643682
4305.389646099183 102.014464575384920
4368.012980538242 101.551737061008026
4431.5471923516225 101.061767750484975
4496.00553055582 100.550322606571967
4561.401436878714 100.017845339924847
4627.748548562617 99.473607614166767
4695.060701208099 98.931703801265229
4763.351931659176 98.404435527947598
4832.63648093046 97.905077388910087
4902.928797176889 97.448811868891525
4974.243538706657 97.029733723000604
5046.595577037959 96.661593896078870
5120.000000000202 96.335428571427741
5194.472114880326 96.057300571809151
5270.027451614888 95.825609091324964
5346.6817660285715 95.636133070586425
5424.451043119808 95.488020763950601
5503.351500394186 95.383764692401016
5583.399591246343 95.324479008025747
5664.612008391055 95.313030819874143
5747.005687344222 95.343993810520629
5830.597809954497 95.420042098189711
5915.405807986278 95.542118354613166
6001.447366754812 95.711091278760392
6088.740428814181 95.931347243561120
6177.303197698925 96.198125438202922
6267.154141720092 96.508139050349584
6358.3119978165005 96.857332391375181
6450.795775462017 97.237374087958955
6544.624760629676 97.644580184802066
6639.818519813445 98.073368820745586
6736.396904108505 98.513877975611535
6834.380053350861 98.943817720072303
6933.788400317181 99.325494895041942
7034.642674985712 99.613844270345780
7136.963908859177 99.769308706226923
7240.773439350552 99.768580701403977
7346.092914232631 99.605873045266804
7452.944296152315 99.293106634582330
7561.349867210557 98.853481842019590
7671.332233608935 98.335733695290770
7782.914330363799 97.777921973867706
7896.119426088994 97.215910340135423
8010.971127848146 96.686881236724503
8127.49338607753 96.213080128767771
8245.710499580537 95.812051305269108
8365.647120594791 95.510606181601375
8487.328259932974 95.317585218764975
8610.77929219841 95.245918255821607
8736.025961076528 95.289249145519960
8863.094384703289 95.436569892465911
8992.011061111683 95.668619910001027
9122.802873757471 95.936659648933357
9255.497097125279 96.203838771131771
9390.121402416245 96.456302869369381
9526.7038633184 96.700841632029920
9665.272961860968 96.926297541145630
9805.857594353829 97.103498246748387
9948.487077413367 97.218448334915678
10093.19115407597 97.284480727008116
10240.000000000457 97.325000000000102
10388.944229760706 97.350071002610377
10540.05490322983 97.360752058871128
10693.363532057198 97.348684258417904
10848.902086239672 97.283625810843390
11006.703000788428 97.125789505298968
11166.799182492743 96.866972917602510
11329.224016782166 96.517540740250993
11494.0113746885 96.144149075189134
11661.195619909053 95.839248823118865
11830.811615972614 95.646440746892353
12002.894733509682 95.646109817820175
12177.48085762842 95.801242561866133
12354.606395397908 96.181441162901933
12534.308283440243 96.658951465755905
12716.62399563306 97.170776948544059
12901.591550924093 97.468160886572662
13089.249521259411 97.613461772175157
13279.637039626952 97.406871104895316
13472.793808217073 96.855942290418540
13668.760106701786 96.136023993466196
13867.576800634426 95.418740585960322
14069.285349971487 94.858586421055321
14273.927817718419 94.461580033626262
14481.54687870117 94.283917184909171
14692.18582846533 94.234484692591593
14905.888592304698 94.075405837310541
15122.699734421185 93.560477321027321
15342.664467217943 92.515383660542312
15565.828660727671 90.975851530431072
15792.238852178061 89.195301418331752
16021.942255696367 87.298980330251510
16254.986772155136 84.945722543757682
16491.42099916115 82.040418762307795
16731.294241189662 79.551744138781714
16974.65651986603 78.772197170109933
17221.558584396902 79.369346401684325
17472.051922153143 80.178389266219256
17726.188769406665 80.565807287922738
17984.022122223458 80.397613151865613
18245.605747515034 79.787178033538481
18510.99419425065 78.930877867274290
18780.242804832582 78.015799625268073
19053.40772663689 77.161667412669090
19330.545923722028 76.440943335201325
19611.71518870775 75.900363204296468
19896.974154826825 75.576948055854388
20186.382308152035 75.497000000000000
