20 102.277999999999992
20.290906698750476 102.215454851284818
20.586044732869844 102.160581715813350
20.885475648548283 102.113275481727428
21.189261887185914 102.069057166167482
21.49746679841394 102.021674270451342
21.810154653305165 101.969171991545110
22.12739065777668 101.911273489989100
22.449240966187475 101.851472519623897
22.77577269513385 101.791987335992246
23.107053937445478 101.732194955555769
23.44315377638505 101.667153368663179
23.784142300054445 101.593107626737606
24.130090616010463 101.514729513829366
24.481070866093134 101.442775533562497
24.837156241469714 101.384626944836981
25.1984209978975 101.349118425157684
25.56494047120865 101.323278842568556
25.936791093020236 101.293294923525707
26.3140504066728 101.247322283040006
26.69679708340074 101.181846543216608
27.08511093873791 101.107594970064980
27.47907294916184 101.033022719525405
27.878765268980047 100.958928425238696
28.284271247461966 100.880214293002524
28.695675446220072 100.798169235309757
29.11306365684382 100.719135942218671
29.536522918790062 100.654603368552515
29.966141537533712 100.614648837009355
30.402009102982383 100.584329226815740
30.844216508158908 100.541153286248544
31.29285596815558 100.477196625333946
31.74802103936409 100.389671518615444
32.20980663898519 100.282918920336755
32.67830906482211 100.162783025016608
33.153626015361866 100.048082048958349
33.63585661014871 99.970805176950478
34.125101410453844 99.952879360649519
34.62146244024586 99.972643873207375
35.12504320746613 99.975747148307235
35.635948725613716 99.931151486060401
36.15428553564419 99.855937168402875
36.68016172818701 99.790285444463166
37.21368696608603 99.746328225407893
37.754972507267915 99.697042449471070
38.30413122794313 99.631713507632071
38.86127764614443 99.558666729017091
39.4265279456077 99.499668655263022
40.000000000000206 99.451499999999982
40.58181339750116 99.382167005687791
41.1720894657399 99.283698418108372
41.77095129709678 99.186220267456008
42.37852377437204 99.118275597121340
42.9949335968281 99.062105611960277
43.62030930661056 98.995332451855063
44.25478131555359 98.907642053514792
44.89848193237519 98.818043379499358
45.55154539026795 98.739824103419835
46.21410787489121 98.680130073148618
46.88630755277036 98.638389952084282
47.56828460010916 98.589964437180015
48.260181232021196 98.501431343108635
48.962141732186545 98.401915588202399
49.674312482939705 98.346327993560493
50.39684199579528 98.338751973442598
51.129880942417586 98.325304741153673
51.873582186040764 98.292087761419765
52.628100813345895 98.243089785711277
53.393594166801776 98.166038657635852
54.17022187747612 98.089819991064203
54.95814589832399 98.060282314548004
55.75753053796041 98.001246976512675
56.56854249492426 97.868124112222006
57.39135089244048 97.751648147803891
58.226127313687975 97.678987732738619
59.073045837580466 97.601551884896395
59.932283075067765 97.496295323304196
60.804018205965114 97.426310523418039
61.68843301631817 97.387174043489253
62.58571193631152 97.350955498714001
63.49604207872855 97.281887876284600
64.41961327797075 97.189699445646994
65.35661812964459 97.098582677396806
66.3072520307241 97.016880715588158
67.27171322029778 96.945382067121244
68.25020282090806 96.878107658812354
69.2429248804921 96.794080159799648
70.25008641493265 96.716494642274171
71.27189745122783 96.652326665670188
72.30857107128878 96.586331450187032
73.36032345637442 96.520538490151097
74.42737393217246 96.445305894188806
75.50994501453623 96.366016237362459
76.60826245588666 96.291933881045978
77.72255529228926 96.227381778729068
78.85305589121582 96.187405240275510
80.00000000000082 96.120499999999950
81.16362679500274 96.049227680625279
82.34417893148023 95.971748208164470
83.541902594194 95.931044455990204
84.75704754874454 95.897978748230344
85.98986719365665 95.829220700034199
87.24061861322157 95.751161418342150
88.50956263110764 95.671958117570568
89.79696386475084 95.599005380997454
91.10309078053635 95.516258542320045
92.42821574978288 95.426859230339559
93.77261510554118 95.347111668531610
95.13656920021877 95.281297466650400
96.52036246404286 95.215379940139314
97.92428346437356 95.130005184748001
99.34862496587989 95.023396063577593
100.79368399159105 94.928760012479302
102.25976188483567 94.846713096334042
103.74716437208203 94.765706550353372
105.25620162669229 94.684746775257111
106.78718833360406 94.604066206652590
108.34044375495276 94.532541806046936
109.9162917966485 94.465984866875615
111.51506107592134 94.392380950438138
113.13708498984903 94.311829988849269
114.78270178488147 94.217900090099207
116.45225462737648 94.103172095779087
118.14609167516147 93.987796384238152
119.86456615013608 93.891297358721090
121.60803641193078 93.804998349469727
123.3768660326369 93.724885318406578
125.17142387262359 93.653200131566535
126.99208415745765 93.608126653480682
128.83922655594208 93.598234254415559
130.71323625928977 93.612155469354718
132.61450406144883 93.648281495828101
134.5434264405962 93.708927495251316
136.50040564181674 93.783643355292213
138.48584976098482 93.880772448099350
140.50017282986593 94.006178476707504
142.5437949024563 94.145825985001181
144.61714214257822 94.264325675699212
146.7206469127495 94.341093089355638
148.8547478643456 94.381944125653547
151.01989002907314 94.395611934017438
153.216524911774 94.391484325617583
155.4451105845792 94.376240314375607
157.70611178243232 94.363953445921354
160.00000000000236 94.369000000000028
162.3272535900062 94.386221676566038
164.6883578629612 94.413322622782943
167.08380518838874 94.445339750562084
169.51409509748981 94.492490359008286
171.97973438731407 94.552389306560315
174.4812372264439 94.598784785404263
177.01912526221608 94.627691252622157
179.5939277295025 94.658464703845823
182.20618156107355 94.693504069230599
184.85643149956664 94.714937593096792
187.54523021108326 94.723072368337739
190.27313840043846 94.726672233919473
193.04072492808663 94.719782345560930
195.84856692874806 94.691601782683023
198.69724993176072 94.641357751433020
201.58736798318304 94.576696852395202
204.5195237696723 94.505765159719800
207.49432874416505 94.428902178698237
210.5124032533856 94.345396507278508
213.57437666720915 94.255768699983719
216.68088750990657 94.163243596580273
219.83258359329807 94.071313221692691
223.03012215184378 93.978247692327557
226.2741699796992 93.885944212238485
229.5654035697641 93.796661670877995
232.90450925475412 93.709482759376385
236.2921833503241 93.622122370404327
239.72913230027333 93.535339409418100
243.21607282386276 93.448949297742217
246.75373206527502 93.366256512974189
250.34284774524843 93.284957349604525
253.9841683149166 93.204848297071834
257.67845311188546 93.125413258094454
261.42647251858085 93.047829004304276
265.22900812289896 92.970891211526649
269.08685288119375 92.893335319777123
273.0008112836349 92.819985802536394
276.97169952197106 92.751466957887473
281.00034565973334 92.685994642274139
285.0875898049141 92.622747465789729
289.23428428515797 92.563449734722241
293.44129382550057 92.507074921503403
297.7094957286928 92.449921807662648
302.0397800581479 92.391462969214999
306.4330498235497 92.334992385509565
310.89022116916016 92.281803623616227
315.41222356486645 92.224099871300254
320.00000000000654 92.163999999999930
324.6545071800142 92.104422308095820
329.3767157259242 92.046604068143722
334.16761037677935 91.987738392365614
339.02819019498156 91.930370174718718
343.95946877463007 91.872674215336829
348.9624744528898 91.816516533572923
354.03825052443415 91.761790719388557
359.187855459007 91.708365088772226
364.4123631221491 91.656317605090720
369.71286299913527 91.602900083708732
375.0904604221685 91.551153548906854
380.54627680087896 91.500102695648920
386.08144985617537 91.449766951294407
391.6971338574982 91.401280791345172
397.3944998635236 91.356956850914386
403.1747359663683 91.320187022871252
409.0390475393468 91.285272222687141
414.9886574883323 91.253305767349033
421.0248065067734 91.227265004403421
427.1487533344206 91.209097807220502
433.3617750198154 91.202015927075081
439.6651671865984 91.203545905356108
446.06024430368984 91.214852419936378
452.54833995940066 91.239232031805130
459.13080713953053 91.277850246406956
465.8090185095106 91.329194075539959
472.58436670065066 91.399410398000157
479.45826460054917 91.485412782221545
486.432145647728 91.581050039068202
493.50746413055253 91.680104497827742
500.6856954904994 91.781056880898831
507.9683366298358 91.882558691778343
515.3569062237735 91.981665274210769
522.8529450371643 92.078575413251514
530.4580162458005 92.168095430734539
538.1737057623901 92.253848725614006
546.0016225672724 92.336516225672725
553.9433990439449 92.415083753357720
562.0006913194694 92.491206291007174
570.1751796098309 92.565559098527501
578.4685685703187 92.639370260275825
586.8825876510039 92.712534383181179
595.4189914573883 92.785561427387790
604.0795601162986 92.857391453437657
612.8660996471021 92.927233640084381
621.780442338323 92.997759221396706
630.8244471297356 93.069389465255455
640.0000000000159 93.140500000000117
649.3090143600314 93.214041213444247
658.7534314518515 93.291715809477779
668.3352207535618 93.372432615367600
678.0563803899662 93.456993328412210
687.9189375492632 93.544874491065912
697.9249489057827 93.633239550370888
708.0765010488715 93.722573209230063
718.3757109180171 93.814043827170352
728.8247262443015 93.906598827262073
739.425725998274 94.004659251783949
750.1809208443404 94.102143364336087
761.0925536017613 94.201257361882668
772.1628997123541 94.306829308783705
783.3942677149998 94.415036969094814
794.7889997270506 94.526258497316007
806.34947193274 94.641523841988459
818.0780950786972 94.761151133888120
829.9773149766683 94.884187501680785
842.0496130135506 95.010527138268969
854.2975066688449 95.142630698913038
866.7235500396347 95.281049100445131
879.3303343732008 95.423365811854495
892.1204886073838 95.570835017465896
905.0966799188055 95.722598350709262
918.2616142790653 95.878416877393505
931.6180370190256 96.039189143655051
945.1687334013056 96.205115681391050
958.9165292011028 96.375956615013791
972.8642912954606 96.551975070623328
987.0149282611097 96.732883504267278
1001.3713909810035 96.918419508818459
1015.9366732596762 97.108864087027726
1030.7138124475518 97.304009001533458
1045.7058900743334 97.503869588809039
1060.916032491606 97.707805369803907
1076.3474115247852 97.915190055584603
1092.0032451345498 98.126481207905968
1107.8867980878947 98.340337002894586
1124.0013826389438 98.557018665625748
1140.350359219667 98.777631917831357
1156.9371371406426 99.000836026983194
1173.765175302013 99.227219543120796
1190.837982914782 99.456062232859381
1208.1591202326028 99.687762565955751
1225.73219929421 99.921110438309341
1243.5608846766518 100.155933772167401
1261.648894259477 100.391435625373191
1280.0000000000375 100.628000000000469
1298.6180287200684 100.863119105550581
1317.5068629037087 101.101335786296360
1336.6704415071292 101.336296147424662
1356.112760779938 101.569950310339749
1375.8378750985323 101.802595032407766
1395.8498978115715 102.032585082497206
1416.153002097749 102.258490673180120
1436.7514218360407 102.483233857007932
1457.6494524886093 102.702177404433584
1478.8514519965543 102.916936113406507
1500.3618416886875 103.125828943535936
1522.1851072035295 103.326602986272476
1544.3257994247153 103.519474907029547
1566.788535430007 103.704822907691664
1589.5779994541087 103.881418115883974
1612.6989438654878 104.049146585935716
1636.156190157402 104.207122740810519
1659.9546299533442 104.354334131526599
1684.099226027109 104.490907882464228
1708.5950133376978 104.616584163754197
1733.4471000792773 104.730815704336138
1758.6606687464096 104.833564114486506
1784.2409772147755 104.925495224808756
1810.193359837619 105.006653009135590
1836.5232285581387 105.077577606824178
1863.2360740380593 105.138531033999158
1890.3374668026197 105.189993941572624
1917.833058402214 105.233036265267231
1945.7285825909298 105.267545155805479
1974.0298565222283 105.294607468000436
2002.7427819620161 105.313279964915608
2031.8733465193618 105.326468336629844
2061.4276248951132 105.333595174993008
2091.411780148677 105.335358821985139
2121.832064983222 105.332087785378775
2152.694823049581 105.323874182508888
2184.0064902691106 105.313197079378909
2215.7735961758003 105.297916031959900
2248.002765277899 105.280965099675853
2280.7007184393456 105.261901223629081
2313.874274281297 105.241212959621848
2347.530350604038 105.219605272107373
2381.6759658295764 105.197681571783647
2416.318240465218 105.175937085046456
2451.4643985884327 105.154889665829302
2487.1217693533167 105.134583026855665
2523.2977885189675 105.116724772809988
2560.0000000000887 105.100749999999962
2597.236057440151 105.086898281331955
2635.0137258074315 105.075496339784678
2673.340883014273 105.066540062359479
2712.225521559891 105.059295746406690
2751.6757501970797 105.055228371857751
2791.699795623158 105.052915010218840
2832.3060041955137 105.051853879916081
2873.502843672097 105.051735028436724
2915.2989049772345 105.052611956199087
2957.7029039931244 105.054385145199660
3000.723683377391 105.056545230211086
3044.370214407075 105.059364184533919
3088.6515988494466 105.063831449856181
3133.57707086003 105.069741847243250
3179.1559989082334 105.076664959825308
3225.3978877309914 105.082285809895794
3272.3123803148205 105.084053752393714
3319.9092599067053 105.079518148018650
3368.198452054235 105.066220619178296
3417.190026675413 105.042842183461246
3466.8942001585724 105.008646755869961
3517.3213374928373 104.963139382257594
3568.4819544295697 104.904658278785860
3620.386719675257 104.832400584503347
3673.0464571162966 104.744094518906024
3726.472148076138 104.638643767559358
3780.6749336052594 104.512312665986855
3835.6661168044484 104.369351567107316
3891.45716518188 104.201361891311734
3948.059713044477 104.016342312985870
4005.4855639240527 103.805149170369191
4063.746693038744 103.571795552607426
4122.855249790247 103.315270675971860
4182.823560297375 103.036523376527995
4243.664129966465 102.735362556665990
4305.389646099183 102.415512259900083
4368.012980538242 102.077746463588994
4431.5471923516225 101.723214968435940
4496.00553055582 101.356768475831828
4561.401436878714 100.980278860277707
4627.748548562617 100.598139559479023
4695.060701208099 100.214229767485847
4763.351931659176 99.832041230576635
4832.63648093046 99.455905745496480
4902.928797176889 99.092003957174342
4974.243538706657 98.739916377030596
5046.595577037959 98.407693570398635
5120.000000000202 98.094571428570603
5194.472114880326 97.807135516979358
5270.027451614888 97.547722081243450
5346.6817660285715 97.317415772006967
5424.451043119808 97.117770018865031
5503.351500394186 96.953345656377010
5583.399591246343 96.826296860575781
5664.612008391055 96.737534111692852
5747.005687344222 96.679467213201320
5830.597809954497 96.651205164253412
5915.405807986278 96.649774422956639
6001.447366754812 96.671214637335197
6088.740428814181 96.716118300169924
6177.303197698925 96.783572877929032
6267.154141720092 96.874753696049353
6358.3119978165005 96.992845236954025
6450.795775462017 97.137098839408111
6544.624760629676 97.309526397456210
6639.818519813445 97.510388039976519
6736.396904108505 97.738174244791807
6834.380053350861 97.989638542980316
6933.788400317181 98.258924926877000
7034.642674985712 98.536401289336069
7136.963908859177 98.808203508958016
7240.773439350552 99.055255160210180
7346.092914232631 99.253213552489413
7452.944296152315 99.380179044325658
7561.349867210557 99.416955004426313
7671.332233608935 99.362483176384700
7782.914330363799 99.222627611766839
7896.119426088994 99.018485033039809
8010.971127848146 98.815454725522073
8127.49338607753 98.638938136315772
8245.710499580537 98.369766862493549
8365.647120594791 97.967689383213056
8487.328259932974 97.531276660992120
8610.77929219841 97.101926700763016
8736.025961076528 96.679974269304296
8863.094384703289 96.276744524105510
8992.011061111683 95.905034773794654
9122.802873757471 95.577512835605575
9255.497097125279 95.322622334612191
9390.121402416245 95.190849520322161
9526.7038633184 95.240660086702562
9665.272961860968 95.459966234119136
9805.857594353829 95.773698878843746
9948.487077413367 96.100886207486852
10093.19115407597 96.377395156813193
10240.000000000457 96.582600000000525
10388.944229760706 96.706684195819861
10540.05490322983 96.734060612701469
10693.363532057198 96.655753115486618
10848.902086239672 96.457190787190910
11006.703000788428 96.166094339055533
11166.799182492743 95.838010270675795
11329.224016782166 95.523833323716048
11494.0113746885 95.246506942682004
11661.195619909053 95.038802658248187
11830.811615972614 94.858143736579493
12002.894733509682 94.696981278424573
12177.48085762842 94.516788503557919
12354.606395397908 94.287462470865151
12534.308283440243 94.027465770115626
12716.62399563306 93.761613445924482
12901.591550924093 93.583191145834519
13089.249521259411 93.462553879190381
13279.637039626952 93.490130501923005
13472.793808217073 93.703431458489561
13668.760106701786 94.102729983559996
13867.576800634426 94.691228700250633
14069.285349971487 95.472553123705126
14273.927817718419 96.392762087007156
14481.54687870117 97.442243222130514
14692.18582846533 98.529063246538044
14905.888592304698 99.491897180402631
15122.699734421185 100.161712418382393
15342.664467217943 100.386754609013593
15565.828660727671 100.096565787280980
15792.238852178061 99.358035024816914
16021.942255696367 98.374484940520858
16254.986772155136 97.440856191383546
16491.42099916115 96.793972146295090
16731.294241189662 96.307911517620681
16974.65651986603 95.964517819942472
17221.558584396902 95.780226396947697
17472.051922153143 95.723251173233962
17726.188769406665 95.690452592593573
17984.022122223458 95.502154479199021
18245.605747515034 94.952605835932133
18510.99419425065 93.879855081159803
18780.242804832582 92.313558639331745
19053.40772663689 90.441648505508738
19330.545923722028 88.451812329607151
19611.71518870775 86.816448434981808
19896.974154826825 86.442459761147390
20186.382308152035 86.563000000000002
