20 104.460499999999996
20.290906698750476 104.453227308288930
20.586044732869844 104.444895397917350
20.885475648548283 104.435935730543548
21.189261887185914 104.426822172310509
21.49746679841394 104.419063323947967
21.810154653305165 104.411296887949462
22.12739065777668 104.404633710200017
22.449240966187475 104.397022775938453
22.77577269513385 104.386721695250742
23.107053937445478 104.373860980580631
23.44315377638505 104.358580875538479
23.784142300054445 104.342713596497546
24.130090616010463 104.327796358014112
24.481070866093134 104.314888855075083
24.837156241469714 104.302928143378153
25.1984209978975 104.289067107589347
25.56494047120865 104.272046779717499
25.936791093020236 104.252305483240193
26.3140504066728 104.231227261723859
26.69679708340074 104.210914149475713
27.08511093873791 104.191553001117668
27.47907294916184 104.170999845232160
27.878765268980047 104.146728714102522
28.284271247461966 104.118248198935277
28.695675446220072 104.088020016979712
29.11306365684382 104.058263925961995
29.536522918790062 104.031564285304128
29.966141537533712 104.008794498510724
30.402009102982383 103.987396196691918
30.844216508158908 103.962986508206328
31.29285596815558 103.932776872348526
31.74802103936409 103.896418211654051
32.20980663898519 103.856956629047261
32.67830906482211 103.819518365462443
33.153626015361866 103.789933203293344
33.63585661014871 103.768973305424510
34.125101410453844 103.749620233708669
34.62146244024586 103.723376166742554
35.12504320746613 103.686121413780313
35.635948725613716 103.644803845578963
36.15428553564419 103.607625725718776
36.68016172818701 103.574329972852411
37.21368696608603 103.539114538441794
37.754972507267915 103.497009490802427
38.30413122794313 103.450753060852776
38.86127764614443 103.405404236419457
39.4265279456077 103.363010410967433
40.000000000000206 103.321999999999989
40.58181339750116 103.280788080303950
41.1720894657399 103.238023576115978
41.77095129709678 103.194130171980134
42.37852377437204 103.146957778341346
42.9949335968281 103.096667842154488
43.62030930661056 103.046375303594630
44.25478131555359 103.000372891213473
44.89848193237519 102.957183295062947
45.55154539026795 102.914781373585853
46.21410787489121 102.866871446246847
46.88630755277036 102.812725432373014
47.56828460010916 102.755732338373946
48.260181232021196 102.702727203526493
48.962141732186545 102.651464986947190
49.674312482939705 102.594683531228554
50.39684199579528 102.535996680324345
51.129880942417586 102.483764593241474
51.873582186040764 102.436750880671866
52.628100813345895 102.386300538324804
53.393594166801776 102.334670350516575
54.17022187747612 102.281555546529489
54.95814589832399 102.222330120301748
55.75753053796041 102.163427514368493
56.56854249492426 102.099379515416217
57.39135089244048 102.024082208971066
58.226127313687975 101.946171088041837
59.073045837580466 101.888165093527022
59.932283075067765 101.843055138558938
60.804018205965114 101.791253106271995
61.68843301631817 101.735040518062249
62.58571193631152 101.662098484883700
63.49604207872855 101.571163602772856
64.41961327797075 101.480315191704662
65.35661812964459 101.400040404017361
66.3072520307241 101.330374991987568
67.27171322029778 101.262991229155887
68.25020282090806 101.178229109446477
69.2429248804921 101.078043598793499
70.25008641493265 100.988118648502450
71.27189745122783 100.914918819493352
72.30857107128878 100.845362881616722
73.36032345637442 100.773317843238345
74.42737393217246 100.699156450815764
75.50994501453623 100.620678983536010
76.60826245588666 100.538880161469663
77.72255529228926 100.455907577540046
78.85305589121582 100.374264182904014
80.00000000000082 100.293499999999952
81.16362679500274 100.213985303554736
82.34417893148023 100.135808139206375
83.541902594194 100.051765525028912
84.75704754874454 99.964512866310173
85.98986719365665 99.877709123216846
87.24061861322157 99.788555702540975
88.50956263110764 99.696798740385447
89.79696386475084 99.602389316584947
91.10309078053635 99.503389117706888
92.42821574978288 99.401994243395279
93.77261510554118 99.300075154906722
95.13656920021877 99.194131340644276
96.52036246404286 99.084733342433594
97.92428346437356 98.975383772321692
99.34862496587989 98.857766864916897
100.79368399159105 98.727481072773628
102.25976188483567 98.590829128863845
103.74716437208203 98.454022146613866
105.25620162669229 98.328876883269118
106.78718833360406 98.206712952755680
108.34044375495276 98.077062280829011
109.9162917966485 97.942542416839999
111.51506107592134 97.802298056366936
113.13708498984903 97.663295506195198
114.78270178488147 97.542805501592397
116.45225462737648 97.448955944894976
118.14609167516147 97.362679137864347
119.86456615013608 97.317734386253662
121.60803641193078 97.312540514965434
123.3768660326369 97.374058170431809
125.17142387262359 97.472513942701525
126.99208415745765 97.605914227651866
128.83922655594208 97.743561881203647
130.71323625928977 97.884380324626633
132.61450406144883 98.009719479471869
134.5434264405962 98.109329487793403
136.50040564181674 98.179260343866332
138.48584976098482 98.224666283974528
140.50017282986593 98.243165341637706
142.5437949024563 98.227497572414507
144.61714214257822 98.190040015005849
146.7206469127495 98.145178156067175
148.8547478643456 98.093005605954147
151.01989002907314 98.027711804994070
153.216524911774 97.942680024164275
155.4451105845792 97.837134691940207
157.70611178243232 97.728482967373793
160.00000000000236 97.616999999999877
162.3272535900062 97.501102771217688
164.6883578629612 97.380893748988967
167.08380518838874 97.272895810673219
169.51409509748981 97.174741834139411
171.97973438731407 97.072747102610265
174.4812372264439 96.971354263496949
177.01912526221608 96.874580890140678
179.5939277295025 96.771905319728106
182.20618156107355 96.668135210181489
184.85643149956664 96.565070457816816
187.54523021108326 96.462763159894408
190.27313840043846 96.357847602382890
193.04072492808663 96.250236162761468
195.84856692874806 96.142584743321834
198.69724993176072 96.034243952579445
201.58736798318304 95.927061068613824
204.5195237696723 95.821303652215022
207.49432874416505 95.714953220000751
210.5124032533856 95.607813818922608
213.57437666720915 95.500790410814488
216.68088750990657 95.395855157479389
219.83258359329807 95.291024741421154
223.03012215184378 95.185127203720171
226.2741699796992 95.077573362339976
229.5654035697641 94.970551951244303
232.90450925475412 94.863071618972072
236.2921833503241 94.753442316139939
239.72913230027333 94.646896898691523
243.21607282386276 94.547963133888516
246.75373206527502 94.457310615827325
250.34284774524843 94.374771612999496
253.9841683149166 94.303310696819750
257.67845311188546 94.245524170126785
261.42647251858085 94.196384166323270
265.22900812289896 94.157139309001451
269.08685288119375 94.125834127910849
273.0008112836349 94.096494321014546
276.97169952197106 94.065783004780286
281.00034565973334 94.022595540989442
285.0875898049141 93.969633599043334
289.23428428515797 93.904945165151531
293.44129382550057 93.832089099288652
297.7094957286928 93.753832429873441
302.0397800581479 93.671479261373378
306.4330498235497 93.587677561656477
310.89022116916016 93.504058353078250
315.41222356486645 93.415714306346189
320.00000000000654 93.323499999999882
324.6545071800142 93.232271659271717
329.3767157259242 93.140591714917065
334.16761037677935 93.046398075577457
339.02819019498156 92.951047472178359
343.95946877463007 92.855978199527101
348.9624744528898 92.759920490504513
354.03825052443415 92.664080890140639
359.187855459007 92.569781030646070
364.4123631221491 92.477783645362393
369.71286299913527 92.385024897515137
375.0904604221685 92.292520325951671
380.54627680087896 92.203278758042757
386.08144985617537 92.108482772502555
391.6971338574982 92.019694425208769
397.3944998635236 91.937850401746900
403.1747359663683 91.870371588361536
409.0390475393468 91.813155080069095
414.9886574883323 91.765830342790977
421.0248065067734 91.723110296844965
427.1487533344206 91.679779663881192
433.3617750198154 91.643249714505728
439.6651671865984 91.628238523660968
446.06024430368984 91.631807236708610
452.54833995940066 91.652467529817301
459.13080713953053 91.692710707629544
465.8090185095106 91.742837311657837
472.58436670065066 91.798312207426875
479.45826460054917 91.858624381404951
486.432145647728 91.915627521487494
493.50746413055253 91.966017067780342
500.6856954904994 92.015042732624551
507.9683366298358 92.063290230172669
515.3569062237735 92.109090450739245
522.8529450371643 92.152691197704399
530.4580162458005 92.194547715367264
538.1737057623901 92.237442974138688
546.0016225672724 92.279865835181823
553.9433990439449 92.322445769861190
562.0006913194694 92.365603663993184
570.1751796098309 92.408928451932098
578.4685685703187 92.452883413422683
586.8825876510039 92.495757067637555
595.4189914573883 92.539136856432677
604.0795601162986 92.584427635625104
612.8660996471021 92.632958705151509
621.780442338323 92.685198336720049
630.8244471297356 92.745971909968432
640.0000000000159 92.818000000000154
649.3090143600314 92.902712030676298
658.7534314518515 92.998285000808892
668.3352207535618 93.104771233477578
678.0563803899662 93.222593478796597
687.9189375492632 93.350238081895355
697.9249489057827 93.483298067892193
708.0765010488715 93.618417463949982
718.3757109180171 93.749952743112914
728.8247262443015 93.867130752375090
739.425725998274 93.961532529885062
750.1809208443404 94.044650902704603
761.0925536017613 94.144219551616061
772.1628997123541 94.263901016077725
783.3942677149998 94.390242652920193
794.7889997270506 94.519441996906579
806.34947193274 94.652312611218093
818.0780950786972 94.790469595169085
829.9773149766683 94.929473381466039
842.0496130135506 95.064202073771227
854.2975066688449 95.195481945578607
866.7235500396347 95.326597275416162
879.3303343732008 95.459185027637261
892.1204886073838 95.595426577719252
905.0966799188055 95.735426394117013
918.2616142790653 95.879136925751297
931.6180370190256 96.026562026865321
945.1687334013056 96.177849553539630
958.9165292011028 96.331567909412314
972.8642912954606 96.488014348395168
987.0149282611097 96.646474773999344
1001.3713909810035 96.806222439889140
1015.9366732596762 96.967834628298434
1030.7138124475518 97.130775457017975
1045.7058900743334 97.293944936428730
1060.916032491606 97.458271013243802
1076.3474115247852 97.622692734727735
1092.0032451345498 97.787346269681422
1107.8867980878947 97.952272294754920
1124.0013826389438 98.116458424460433
1140.350359219667 98.281405660562513
1156.9371371406426 98.445452411536763
1173.765175302013 98.609989812281867
1190.837982914782 98.772960837690434
1208.1591202326028 98.937048973588460
1225.73219929421 99.099272198325764
1243.5608846766518 99.261405690718945
1261.648894259477 99.421510269483406
1280.0000000000375 99.581500000000318
1298.6180287200684 99.737625469409721
1317.5068629037087 99.895305589520035
1336.6704415071292 100.048863532057027
1356.112760779938 100.200776715064023
1375.8378750985323 100.350180010116446
1395.8498978115715 100.496411759133892
1416.153002097749 100.638763364579347
1436.7514218360407 100.779728169663770
1457.6494524886093 100.915997528777780
1478.8514519965543 101.049108711979329
1500.3618416886875 101.178048023957970
1522.1851072035295 101.301567706771976
1544.3257994247153 101.420699768927989
1566.788535430007 101.534942677150042
1589.5779994541087 101.643641917467065
1612.6989438654878 101.746351479744291
1636.156190157402 101.842955389220165
1659.9546299533442 101.933137575232962
1684.099226027109 102.016481492327841
1708.5950133376978 102.092925538679310
1733.4471000792773 102.162293518204535
1758.6606687464096 102.224573111366880
1784.2409772147755 102.279797134885257
1810.193359837619 102.328124844527196
1836.5232285581387 102.369593449123727
1863.2360740380593 102.404618567364906
1890.3374668026197 102.432917218794458
1917.833058402214 102.455553124385688
1945.7285825909298 102.473437149554570
1974.0298565222283 102.485611942608884
2002.7427819620161 102.493365704261606
2031.8733465193618 102.497062444883980
2061.4276248951132 102.497928618755253
2091.411780148677 102.496335292315990
2121.832064983222 102.492725190252514
2152.694823049581 102.487778405966310
2184.0064902691106 102.482298864202903
2215.7735961758003 102.476739620669235
2248.002765277899 102.471566344050913
2280.7007184393456 102.467929928156067
2313.874274281297 102.465075048381237
2347.530350604038 102.463415654979855
2381.6759658295764 102.462729050427129
2416.318240465218 102.462500000000006
2451.4643985884327 102.463304914947059
2487.1217693533167 102.464285362822551
2523.2977885189675 102.465082444712976
2560.0000000000887 102.465000000000003
2597.236057440151 102.462991844973999
2635.0137258074315 102.458497712365428
2673.340883014273 102.449873018208748
2712.225521559891 102.436980216735378
2751.6757501970797 102.417766178023996
2791.699795623158 102.393291380290236
2832.3060041955137 102.366031917147041
2873.502843672097 102.343893777220998
2915.2989049772345 102.336630704343861
2957.7029039931244 102.357169210790033
3000.723683377391 102.420517267414482
3044.370214407075 102.546752488560458
3088.6515988494466 102.733128804563648
3133.57707086003 102.963673889730160
3179.1559989082334 103.228644433460317
3225.3978877309914 103.510458946177522
3272.3123803148205 103.798159272314109
3319.9092599067053 104.082172800057947
3368.198452054235 104.356727517257212
3417.190026675413 104.618669136044602
3466.8942001585724 104.865064856742123
3517.3213374928373 105.093269257594699
3568.4819544295697 105.300622509566594
3620.386719675257 105.483533635764076
3673.0464571162966 105.636307536504219
3726.472148076138 105.751885145056292
3780.6749336052594 105.817663520209777
3835.6661168044484 105.842360197950399
3891.45716518188 105.795132106579445
3948.059713044477 105.703152966302724
4005.4855639240527 105.535517717990501
4063.746693038744 105.309328097833941
4122.855249790247 105.028510269887903
4182.823560297375 104.701699816230629
4243.664129966465 104.339698426699528
4305.389646099183 103.955353131495940
4368.012980538242 103.558117573582166
4431.5471923516225 103.159511179394826
4496.00553055582 102.768133252891914
4561.401436878714 102.394420873864021
4627.748548562617 102.042854968233286
4695.060701208099 101.724131408367981
4763.351931659176 101.438574707563163
4832.63648093046 101.192332368352794
4902.928797176889 100.997324446916622
4974.243538706657 100.847144532908459
5046.595577037959 100.759690313596366
5120.000000000202 100.728999999999999
5194.472114880326 100.770295535246021
5270.027451614888 100.892804216939396
5346.6817660285715 101.099339324027682
5424.451043119808 101.396909515218596
5503.351500394186 101.798265677148322
5583.399591246343 102.309814786897604
5664.612008391055 102.929788746205418
5747.005687344222 103.617714451458014
5830.597809954497 104.337204483165266
5915.405807986278 105.030685220304974
6001.447366754812 105.623239301452088
6088.740428814181 106.011225661841763
6177.303197698925 106.186307261229956
6267.154141720092 106.178481973238178
6358.3119978165005 106.039749404203235
6450.795775462017 105.839114012155022
6544.624760629676 105.620978669567478
6639.818519813445 105.417951164160982
6736.396904108505 105.241627092741510
6834.380053350861 105.082851415972385
6933.788400317181 104.915639923400533
7034.642674985712 104.695059430414375
7136.963908859177 104.356794470082718
7240.773439350552 103.823399714598679
7346.092914232631 103.028429346760277
7452.944296152315 101.991114333362219
7561.349867210557 100.942028077297749
7671.332233608935 100.182571560440238
7782.914330363799 99.842880673422428
7896.119426088994 99.937037404500785
8010.971127848146 100.400304239488619
8127.49338607753 100.965549958623768
8245.710499580537 101.447512036751419
8365.647120594791 102.008096670177849
8487.328259932974 102.703817521690951
8610.77929219841 103.462523709709330
8736.025961076528 104.215655766459179
8863.094384703289 104.935515213040844
8992.011061111683 105.634673321429034
9122.802873757471 106.299448661270901
9255.497097125279 106.832510173319434
9390.121402416245 107.143307666147706
9526.7038633184 107.152662552593398
9665.272961860968 106.842977492499116
9805.857594353829 106.264856538934936
9948.487077413367 105.499772490760364
10093.19115407597 104.639314792200892
10240.000000000457 103.762599999997292
10388.944229760706 102.918442052242995
10540.05490322983 102.182750190304276
10693.363532057198 101.628353344960786
10848.902086239672 101.318707405643664
11006.703000788428 101.260671321976019
11166.799182492743 101.395277593339529
11329.224016782166 101.640681560044953
11494.0113746885 101.875890403224020
11661.195619909053 101.968994054133873
11830.811615972614 101.918793945520207
12002.894733509682 101.646770248182776
12177.48085762842 101.213288065928396
12354.606395397908 100.537172848643493
12534.308283440243 99.722985198233971
12716.62399563306 98.774730423581474
12901.591550924093 97.789547918991133
13089.249521259411 96.801394663768292
13279.637039626952 95.903445303788260
13472.793808217073 95.156603937541021
13668.760106701786 94.614980595132579
13867.576800634426 94.340699655790644
14069.285349971487 94.434184992943543
14273.927817718419 94.839377079082482
14481.54687870117 95.670289976824790
14692.18582846533 96.858027858588031
14905.888592304698 98.171103914042732
15122.699734421185 99.478821049550874
15342.664467217943 100.673461284285821
15565.828660727671 101.627611683073866
15792.238852178061 102.097842925281583
16021.942255696367 101.684049458869794
16254.986772155136 100.133466801870156
16491.42099916115 98.045752577407058
16731.294241189662 96.085414522786635
16974.65651986603 94.146531354025342
17221.558584396902 92.191142245914122
17472.051922153143 90.116307488464315
17726.188769406665 87.780396822056844
17984.022122223458 85.238904680276647
18245.605747515034 83.581813728663263
18510.99419425065 84.095334251340319
18780.242804832582 85.503452854114443
19053.40772663689 87.158869037980281
19330.545923722028 88.725837851815413
19611.71518870775 89.940910210860579
19896.974154826825 90.454499999999996
20186.382308152035 90.454499999999996
