20 106.257000000000005
20.290906698750476 106.227424387041651
20.586044732869844 106.199802487257188
20.885475648548283 106.173758777125812
21.189261887185914 106.147430720008160
21.49746679841394 106.117144126778840
21.810154653305165 106.083806716703066
22.12739065777668 106.044939214489034
22.449240966187475 106.003016627729892
22.77577269513385 105.960149646798101
23.107053937445478 105.918153484684836
23.44315377638505 105.879014436588875
23.784142300054445 105.842165058494288
24.130090616010463 105.806274076619189
24.481070866093134 105.769987549122476
24.837156241469714 105.731684280316813
25.1984209978975 105.690929611489153
25.56494047120865 105.648413270077157
25.936791093020236 105.603572063128439
26.3140504066728 105.556743776645163
26.69679708340074 105.508162375512157
27.08511093873791 105.458244175381381
27.47907294916184 105.408964759953122
27.878765268980047 105.361245080894832
28.284271247461966 105.315161620284272
28.695675446220072 105.269084350023348
29.11306365684382 105.221997679462959
29.536522918790062 105.173080726826413
29.966141537533712 105.121096873958422
30.402009102982383 105.067762256939560
30.844216508158908 105.016275714771410
31.29285596815558 104.966767983423267
31.74802103936409 104.918705811906136
32.20980663898519 104.870260496267576
32.67830906482211 104.818816148480636
33.153626015361866 104.761374991987594
33.63585661014871 104.696844217969030
34.125101410453844 104.628486208178273
34.62146244024586 104.562317194969268
35.12504320746613 104.500369944726458
35.635948725613716 104.441001845280027
36.15428553564419 104.381448592329633
36.68016172818701 104.318840107433005
37.21368696608603 104.251934381374895
37.754972507267915 104.182217867325733
38.30413122794313 104.113441544698318
38.86127764614443 104.055186679763040
39.4265279456077 104.005020652978132
40.000000000000206 103.945999999999970
40.58181339750116 103.869394313976727
41.1720894657399 103.805023734426172
41.77095129709678 103.777734531488491
42.37852377437204 103.761210438519555
42.9949335968281 103.712630935727219
43.62030930661056 103.632324734228391
44.25478131555359 103.551360017447848
44.89848193237519 103.472351406065712
45.55154539026795 103.383320473754850
46.21410787489121 103.291119077078093
46.88630755277036 103.198820758015216
47.56828460010916 103.087611000681960
48.260181232021196 102.988370627934898
48.962141732186545 102.968495889802284
49.674312482939705 102.956584130499152
50.39684199579528 102.869532829500585
51.129880942417586 102.754845334793316
51.873582186040764 102.678217192597074
52.628100813345895 102.646029928570428
53.393594166801776 102.635270016691265
54.17022187747612 102.606497768390682
54.95814589832399 102.492661677452986
55.75753053796041 102.333993953025356
56.56854249492426 102.246270567850232
57.39135089244048 102.193605972792227
58.226127313687975 102.138213860052304
59.073045837580466 102.065788543476060
59.932283075067765 102.010367741658129
60.804018205965114 101.936532050259700
61.68843301631817 101.830061579137649
62.58571193631152 101.708687888872618
63.49604207872855 101.596199224064321
64.41961327797075 101.499766158509729
65.35661812964459 101.419823494665593
66.3072520307241 101.359673658617410
67.27171322029778 101.310974497290800
68.25020282090806 101.247361512409611
69.2429248804921 101.182560119849740
70.25008641493265 101.116368216427787
71.27189745122783 101.036835793706686
72.30857107128878 100.957431456439480
73.36032345637442 100.874674123490053
74.42737393217246 100.789523772392300
75.50994501453623 100.707028894018364
76.60826245588666 100.630776856232998
77.72255529228926 100.558263557458133
78.85305589121582 100.480631550344384
80.00000000000082 100.396999999999935
81.16362679500274 100.303909623673832
82.34417893148023 100.223547863373966
83.541902594194 100.144475025977954
84.75704754874454 100.062101792340272
85.98986719365665 99.982808254339048
87.24061861322157 99.906662609134059
88.50956263110764 99.830891179152815
89.79696386475084 99.748926633944194
91.10309078053635 99.660162319243923
92.42821574978288 99.564218150762358
93.77261510554118 99.468448749531689
95.13656920021877 99.369814188352478
96.52036246404286 99.265486908029942
97.92428346437356 99.157178813605498
99.34862496587989 99.050810435806667
100.79368399159105 98.941915455308546
102.25976188483567 98.830511350714090
103.74716437208203 98.721131192521000
105.25620162669229 98.612693012189411
106.78718833360406 98.498124102201274
108.34044375495276 98.374643907930505
109.9162917966485 98.250273638538246
111.51506107592134 98.130504406220894
113.13708498984903 98.016035896200663
114.78270178488147 97.902848748488310
116.45225462737648 97.797233962017103
118.14609167516147 97.701010153284301
119.86456615013608 97.624670170769093
121.60803641193078 97.554918639963063
123.3768660326369 97.490014864055553
125.17142387262359 97.421228729621674
126.99208415745765 97.360917335013852
128.83922655594208 97.282243091883231
130.71323625928977 97.177833979839562
132.61450406144883 97.093676520417702
134.5434264405962 97.058407569830450
136.50040564181674 97.061876926798632
138.48584976098482 97.077259445936733
140.50017282986593 97.128008641493295
142.5437949024563 97.230189745122814
144.61714214257822 97.374285660693374
146.7206469127495 97.553728669556847
148.8547478643456 97.739050215479466
151.01989002907314 97.906740587959519
153.216524911774 98.041753025659290
155.4451105845792 98.136977857820938
157.70611178243232 98.171623667069468
160.00000000000236 98.172999999999988
162.3272535900062 98.159967379895960
164.6883578629612 98.107792426006711
167.08380518838874 98.028400340481738
169.51409509748981 97.936255929236893
171.97973438731407 97.837914677629968
174.4812372264439 97.736958016051659
177.01912526221608 97.635638814563805
179.5939277295025 97.537768317370706
182.20618156107355 97.444842409050210
184.85643149956664 97.352967470115004
187.54523021108326 97.260070725329768
190.27313840043846 97.174032709586413
193.04072492808663 97.088453817200559
195.84856692874806 97.002194425208813
198.69724993176072 96.914364152088126
201.58736798318304 96.828466328487693
204.5195237696723 96.744193572564342
207.49432874416505 96.657668247256439
210.5124032533856 96.567123767980632
213.57437666720915 96.474768699983713
216.68088750990657 96.381238263764061
219.83258359329807 96.285606200404402
223.03012215184378 96.189217570175714
226.2741699796992 96.091774900609011
229.5654035697641 95.993893027430332
232.90450925475412 95.897253316487920
236.2921833503241 95.803611049541246
239.72913230027333 95.710813427892617
243.21607282386276 95.619679206712377
246.75373206527502 95.532564347892603
250.34284774524843 95.452643045095030
253.9841683149166 95.379816633701665
257.67845311188546 95.313747650625061
261.42647251858085 95.258316148480588
265.22900812289896 95.208694650494493
269.08685288119375 95.161660422148458
273.0008112836349 95.125743712551838
276.97169952197106 95.094483478943744
281.00034565973334 95.060396854496432
285.0875898049141 95.023062789087419
289.23428428515797 94.978693158148815
293.44129382550057 94.927139697798694
297.7094957286928 94.868754211079704
302.0397800581479 94.803618491576913
306.4330498235497 94.732354677911417
310.89022116916016 94.656866240124288
315.41222356486645 94.579033421753763
320.00000000000654 94.501499999999879
324.6545071800142 94.422838828657760
329.3767157259242 94.344784190522248
334.16761037677935 94.268651756046893
339.02819019498156 94.191048956880294
343.95946877463007 94.112148499605922
348.9624744528898 94.036062883206654
354.03825052443415 93.961541542343255
359.187855459007 93.888032452482094
364.4123631221491 93.815168152602126
369.71286299913527 93.742433776911838
375.0904604221685 93.672901552016526
380.54627680087896 93.606652353132176
386.08144985617537 93.545736631524534
391.6971338574982 93.496661503943457
397.3944998635236 93.451520150996274
403.1747359663683 93.413716145532320
409.0390475393468 93.386363333612280
414.9886574883323 93.371018904186116
421.0248065067734 93.366000000000000
427.1487533344206 93.371192820558178
433.3617750198154 93.389553470909291
439.6651671865984 93.417016205017745
446.06024430368984 93.451018091771516
452.54833995940066 93.491838379715801
459.13080713953053 93.541751399463408
465.8090185095106 93.594972148076096
472.58436670065066 93.652449481248539
479.45826460054917 93.711395249104669
486.432145647728 93.766241092357973
493.50746413055253 93.817446705513277
500.6856954904994 93.879014066045215
507.9683366298358 93.964129934361196
515.3569062237735 94.066833861288671
522.8529450371643 94.156402613825406
530.4580162458005 94.235408406365821
538.1737057623901 94.309612982079329
546.0016225672724 94.382658503327264
553.9433990439449 94.458962290917469
562.0006913194694 94.534906360139132
570.1751796098309 94.610199242215359
578.4685685703187 94.690645115132099
586.8825876510039 94.775702394040238
595.4189914573883 94.858438519699448
604.0795601162986 94.931331783350430
612.8660996471021 94.989891754975048
621.780442338323 95.045135605959587
630.8244471297356 95.100276461630301
640.0000000000159 95.159000000000120
649.3090143600314 95.232541213444250
658.7534314518515 95.317218554639254
668.3352207535618 95.401849942631344
678.0563803899662 95.490215880568186
687.9189375492632 95.580062331698301
697.9249489057827 95.671909529933203
708.0765010488715 95.766111459754512
718.3757109180171 95.867338323634272
728.8247262443015 95.966893663008648
739.425725998274 96.067073110683680
750.1809208443404 96.171331823548940
761.0925536017613 96.281812105217838
772.1628997123541 96.398883089254213
783.3942677149998 96.523919796469613
794.7889997270506 96.659165246656372
806.34947193274 96.806601380447745
818.0780950786972 96.968197287090533
829.9773149766683 97.142925465415658
842.0496130135506 97.328450138838974
854.2975066688449 97.523297295035121
866.7235500396347 97.722168425626535
879.3303343732008 97.917955015598011
892.1204886073838 98.096753099997215
905.0966799188055 98.254864585800590
918.2616142790653 98.379556239506229
931.6180370190256 98.472680982802075
945.1687334013056 98.536681447479950
958.9165292011028 98.576919800952709
972.8642912954606 98.602050009015755
987.0149282611097 98.620287604013683
1001.3713909810035 98.636782808275314
1015.9366732596762 98.656029899657483
1030.7138124475518 98.680376638291705
1045.7058900743334 98.709838252667254
1060.916032491606 98.744259546812629
1076.3474115247852 98.782548183681939
1092.0032451345498 98.823758518478201
1107.8867980878947 98.865621309095701
1124.0013826389438 98.909614951774842
1140.350359219667 98.955159351122376
1156.9371371406426 99.002523100383215
1173.765175302013 99.051405849362411
1190.837982914782 99.104681330731239
1208.1591202326028 99.159979809377234
1225.73219929421 99.222836949692223
1243.5608846766518 99.291670352819381
1261.648894259477 99.369755134741695
1280.0000000000375 99.455500000000200
1298.6180287200684 99.554973467732935
1317.5068629037087 99.656789118551131
1336.6704415071292 99.770605888005093
1356.112760779938 99.890801935855109
1375.8378750985323 100.017550241262995
1395.8498978115715 100.148316830665806
1416.153002097749 100.281840597143514
1436.7514218360407 100.417390598571970
1457.6494524886093 100.553609484976874
1478.8514519965543 100.689110089498428
1500.3618416886875 100.823692760633449
1522.1851072035295 100.955941749653391
1544.3257994247153 101.087408732594326
1566.788535430007 101.216694651951030
1589.5779994541087 101.343970556986676
1612.6989438654878 101.468804402487081
1636.156190157402 101.590227198393308
1659.9546299533442 101.704795834790048
1684.099226027109 101.808896904108437
1708.5950133376978 101.909114756818582
1733.4471000792773 102.015491472342489
1758.6606687464096 102.121989101735494
1784.2409772147755 102.222191615694669
1810.193359837619 102.314749689054395
1836.5232285581387 102.399530614816740
1863.2360740380593 102.477031564345054
1890.3374668026197 102.546923418998389
1917.833058402214 102.608306083812693
1945.7285825909298 102.661226020315496
1974.0298565222283 102.706967173305117
2002.7427819620161 102.746745625321722
2031.8733465193618 102.780904568961361
2061.4276248951132 102.810808656153853
2091.411780148677 102.838200013126368
2121.832064983222 102.863965651986575
2152.694823049581 102.887227690846586
2184.0064902691106 102.908303731904738
2215.7735961758003 102.922626418757147
2248.002765277899 102.930499999999995
2280.7007184393456 102.927111439160882
2313.874274281297 102.911981721717154
2347.530350604038 102.883677476885893
2381.6759658295764 102.840382698265728
2416.318240465218 102.785943079185870
2451.4643985884327 102.717997982893706
2487.1217693533167 102.640619930487361
2523.2977885189675 102.554211640485022
2560.0000000000887 102.464999999999790
2597.236057440151 102.376426166451665
2635.0137258074315 102.289218659406359
2673.340883014273 102.203066535293232
2712.225521559891 102.118215128646227
2751.6757501970797 102.036564712095981
2791.699795623158 101.958477893425425
2832.3060041955137 101.882733892238292
2873.502843672097 101.806989796080060
2915.2989049772345 101.730961971040983
2957.7029039931244 101.655173976091902
3000.723683377391 101.580787830342871
3044.370214407075 101.507861983135115
3088.6515988494466 101.436157441840891
3133.57707086003 101.364571400009709
3179.1559989082334 101.294182881659481
3225.3978877309914 101.226181020544672
3272.3123803148205 101.162217029393872
3319.9092599067053 101.103803443706354
3368.198452054235 101.052393455069023
3417.190026675413 101.010123180793698
3466.8942001585724 100.979573377934983
3517.3213374928373 100.964441079625644
3568.4819544295697 100.967044586328868
3620.386719675257 100.991790039756438
3673.0464571162966 101.041425283968394
3726.472148076138 101.115855436921819
3780.6749336052594 101.217040933896612
3835.6661168044484 101.337978614347207
3891.45716518188 101.488200959133707
3948.059713044477 101.656239773100793
4005.4855639240527 101.852253716846008
4063.746693038744 102.074454667856656
4122.855249790247 102.327395880265911
4182.823560297375 102.609940494092285
4243.664129966465 102.921096550399909
4305.389646099183 103.253988830088062
4368.012980538242 103.601455483491733
4431.5471923516225 103.946173707106297
4496.00553055582 104.265026961459625
4561.401436878714 104.519179706755864
4627.748548562617 104.689813119800647
4695.060701208099 104.726901416605898
4763.351931659176 104.626033996465139
4832.63648093046 104.374927582445352
4902.928797176889 103.966434732938410
4974.243538706657 103.452117495507636
5046.595577037959 102.842953590343811
5120.000000000202 102.184357142855291
5194.472114880326 101.496679963466690
5270.027451614888 100.805375533449705
5346.6817660285715 100.126576874513745
5424.451043119808 99.471048924065016
5503.351500394186 98.848288036236411
5583.399591246343 98.262230448135739
5664.612008391055 97.708953423696016
5747.005687344222 97.185940449383850
5830.597809954497 96.716977523168637
5915.405807986278 96.325343074851816
6001.447366754812 96.000879940104852
6088.740428814181 95.696903576826230
6177.303197698925 95.451397668133183
6267.154141720092 95.277758659862101
6358.3119978165005 95.174268561899652
6450.795775462017 95.131396549189930
6544.624760629676 95.150436113558925
6639.818519813445 95.228388575582670
6736.396904108505 95.355643139450351
6834.380053350861 95.519962600032869
6933.788400317181 95.714969292675590
7034.642674985712 95.937929926341212
7136.963908859177 96.188790982578155
7240.773439350552 96.467777231771805
7346.092914232631 96.766786663847654
7452.944296152315 97.060743498880584
7561.349867210557 97.305410363294129
7671.332233608935 97.461276060216250
7782.914330363799 97.498947220118765
7896.119426088994 97.392402934053479
8010.971127848146 97.125652452283589
8127.49338607753 96.722768392033231
8245.710499580537 96.222164384468584
8365.647120594791 95.663127312910518
8487.328259932974 95.080824352321713
8610.77929219841 94.508107353966523
8736.025961076528 93.980868485657282
8863.094384703289 93.523423018728806
8992.011061111683 93.163315769294684
9122.802873757471 92.885392711916936
9255.497097125279 92.696272594118611
9390.121402416245 92.639855908778600
9526.7038633184 92.734272747674169
9665.272961860968 92.954157825367759
9805.857594353829 93.278670994051254
9948.487077413367 93.693448931029550
10093.19115407597 94.167069091793991
10240.000000000457 94.635100000001415
10388.944229760706 95.024754070486182
10540.05490322983 95.242054903229828
10693.363532057198 95.246293092539204
10848.902086239672 94.999201167343102
11006.703000788428 94.531544947358753
11166.799182492743 93.937246039581822
11329.224016782166 93.312641269001702
11494.0113746885 92.737487036977143
11661.195619909053 92.333927695352770
11830.811615972614 92.083637178524285
12002.894733509682 92.076025809863992
12177.48085762842 92.256434478307114
12354.606395397908 92.727710901301236
12534.308283440243 93.347475163368159
12716.62399563306 94.048955504075224
12901.591550924093 94.402489598378736
13089.249521259411 94.493905838213522
13279.637039626952 94.029823340268450
13472.793808217073 93.028895348780509
13668.760106701786 91.757916382163728
13867.576800634426 90.480182542293363
14069.285349971487 89.441829963108916
14273.927817718419 88.660095736315640
14481.54687870117 88.300434096260574
14692.18582846533 88.460804625268310
14905.888592304698 89.102517552696455
15122.699734421185 90.192198406527112
15342.664467217943 91.527739762734711
15565.828660727671 92.678212243786533
15792.238852178061 93.057493596231353
16021.942255696367 92.266080012753051
16254.986772155136 90.292723866542175
16491.42099916115 87.363776662391672
16731.294241189662 83.568356853024895
16974.65651986603 78.932331914426726
17221.558584396902 73.748616713798441
17472.051922153143 68.315038381636214
17726.188769406665 62.804584611879953
17984.022122223458 57.717111864486981
18245.605747515034 55.669058576563742
18510.99419425065 57.449878953029476
18780.242804832582 59.696062978683024
19053.40772663689 61.668048591620455
19330.545923722028 63.133960906400105
19611.71518870775 63.705902139429341
19896.974154826825 63.683500000000002
20186.382308152035 63.683500000000002
