20 61.387999999999998
20.290906698750476 61.369006091834166
20.586044732869844 61.356500224412386
20.885475648548283 61.358034421934420
21.189261887185914 61.380032310756704
21.49746679841394 61.418070094330531
21.810154653305165 61.465022441804535
22.12739065777668 61.511044282636178
22.449240966187475 61.547519159391051
22.77577269513385 61.573481926830212
23.107053937445478 61.589001685545171
23.44315377638505 61.599504509571410
23.784142300054445 61.609504729626089
24.130090616010463 61.621004001561715
24.481070866093134 61.636503981241191
24.837156241469714 61.656509954442669
25.1984209978975 61.679528104764273
25.56494047120865 61.703996026007118
25.936791093020236 61.724988206864040
26.3140504066728 61.740000921270784
26.69679708340074 61.746996291341532
27.08511093873791 61.749501407852009
27.47907294916184 61.754502188474859
27.878765268980047 61.766492958069406
28.284271247461966 61.786014484087772
28.695675446220072 61.807982669458355
29.11306365684382 61.828002402145046
29.536522918790062 61.843981996935469
29.966141537533712 61.857003733214768
30.402009102982383 61.868500164759865
30.844216508158908 61.876502652104392
31.29285596815558 61.881998235690105
31.74802103936409 61.889500683096237
32.20980663898519 61.904493722044975
32.67830906482211 61.925512336621054
33.153626015361866 61.944485072041758
33.63585661014871 61.953997173851477
34.125101410453844 61.953500204456560
34.62146244024586 61.954509634171785
35.12504320746613 61.965001479707745
35.635948725613716 61.982498244027866
36.15428553564419 61.997502985638860
36.68016172818701 62.003000000000000
37.21368696608603 62.003000000000000
37.754972507267915 62.005499872954104
38.30413122794313 62.016003533966156
38.86127764614443 62.031006131761139
39.4265279456077 62.043489574770490
40.000000000000206 62.051000000000002
40.58181339750116 62.055998396885741
41.1720894657399 62.062501344226476
41.77095129709678 62.071499268236842
42.37852377437204 62.080992558974557
42.9949335968281 62.090498975925108
43.62030930661056 62.101004383873217
44.25478131555359 62.109996900535407
44.89848193237519 62.116505895197250
45.55154539026795 62.124494439024687
46.21410787489121 62.132000963168679
46.88630755277036 62.138002029307131
47.56828460010916 62.142502673266918
48.260181232021196 62.149002065322179
48.962141732186545 62.157000895779269
49.674312482939705 62.161499783898385
50.39684199579528 62.161000109269850
51.129880942417586 62.166999025449527
51.873582186040764 62.178993261065173
52.628100813345895 62.174498683898875
53.393594166801776 62.164505298083526
54.17022187747612 62.162993523880772
54.95814589832399 62.139997355592875
55.75753053796041 62.125508508999467
56.56854249492426 62.159480819762543
57.39135089244048 62.150980459283254
58.226127313687975 62.104502780759418
59.073045837580466 62.123001147273555
59.932283075067765 62.144497240667349
60.804018205965114 62.136000216247325
61.68843301631817 62.146494695791205
62.58571193631152 62.135503528619793
63.49604207872855 62.115000000000002
64.41961327797075 62.115000000000002
65.35661812964459 62.101505501867443
66.3072520307241 62.078494254221837
67.27171322029778 62.056506537982848
68.25020282090806 62.029496221362741
69.2429248804921 62.011001399507450
70.25008641493265 61.992497759299695
71.27189745122783 61.966002659043504
72.30857107128878 61.951006204369016
73.36032345637442 61.934993785514834
74.42737393217246 61.914493957698042
75.50994501453623 61.897000888500102
76.60826245588666 61.867490466848963
77.72255529228926 61.827016153060342
78.85305589121582 61.800498562518854
80.00000000000082 61.770999999999972
81.16362679500274 61.732512343979721
82.34417893148023 61.700495071169577
83.541902594194 61.667502683131552
84.75704754874454 61.632998708124134
85.98986719365665 61.599503608282646
87.24061861322157 61.578506402176131
88.50956263110764 61.547510684346463
89.79696386475084 61.529000519426660
91.10309078053635 61.498499075066235
92.42821574978288 61.484996310598504
93.77261510554118 61.462006581838331
95.13656920021877 61.422012633424671
96.52036246404286 61.398503227065902
97.92428346437356 61.411004873598003
99.34862496587989 61.435493552044960
100.79368399159105 61.497986331816222
102.25976188483567 61.578986843568686
103.74716437208203 61.682013289194174
105.25620162669229 61.804015145048737
106.78718833360406 61.919013400427076
108.34044375495276 62.029530972744162
109.9162917966485 62.139515146417651
111.51506107592134 62.222502259281924
113.13708498984903 62.282501084317630
114.78270178488147 62.303496195311368
116.45225462737648 62.298498346575471
118.14609167516147 62.287498426749707
119.86456615013608 62.258007445358338
121.60803641193078 62.255999228124701
123.3768660326369 62.218502839896054
125.17142387262359 62.185990922003121
126.99208415745765 62.146997835690719
128.83922655594208 62.099493773942896
130.71323625928977 62.047993789187970
132.61450406144883 61.998013037291045
134.5434264405962 61.950989431594834
136.50040564181674 61.902489685341521
138.48584976098482 61.852003820277076
140.50017282986593 61.802495983650374
142.5437949024563 61.755004766210050
144.61714214257822 61.710497061215705
146.7206469127495 61.667007300045341
148.8547478643456 61.625004962369957
151.01989002907314 61.587001930205645
153.216524911774 61.551507676664556
155.4451105845792 61.517998288164407
157.70611178243232 61.482998172693456
160.00000000000236 61.445499999999960
162.3272535900062 61.404995381461134
164.6883578629612 61.361993502905335
167.08380518838874 61.318503536855218
169.51409509748981 61.275998592433751
171.97973438731407 61.239503931412429
174.4812372264439 61.207997195904916
177.01912526221608 61.177999027089584
179.5939277295025 61.158000561324258
182.20618156107355 61.149499965743189
184.85643149956664 61.149001043044699
187.54523021108326 61.155500843882265
190.27313840043846 61.165500575001822
193.04072492808663 61.176998857179555
195.84856692874806 61.187998303495810
198.69724993176072 61.199501124260514
201.58736798318304 61.212501881946039
204.5195237696723 61.227497564454509
207.49432874416505 61.241500925886484
210.5124032533856 61.250000526784305
213.57437666720915 61.254000121231797
216.68088750990657 61.254999963794631
219.83258359329807 61.235002642174507
223.03012215184378 61.206998870359030
226.2741699796992 61.176998269729587
229.5654035697641 61.143495106414534
232.90450925475412 61.103005950653426
236.2921833503241 61.063997786139524
239.72913230027333 61.022498520300928
243.21607282386276 60.983499186958007
246.75373206527502 60.944002991357159
250.34284774524843 60.905501633270532
253.9841683149166 60.868498268552564
257.67845311188546 60.830495285121792
261.42647251858085 60.791495154292754
265.22900812289896 60.752499918939449
269.08685288119375 60.714001468137383
273.0008112836349 60.672002025060635
276.97169952197106 60.627503367230496
281.00034565973334 60.583496195037185
285.0875898049141 60.538504515356870
289.23428428515797 60.493996959155666
293.44129382550057 60.448996937166839
297.7094957286928 60.404505256517496
302.0397800581479 60.357502387359595
306.4330498235497 60.309999474600218
310.89022116916016 60.262997774613716
315.41222356486645 60.217497782868037
320.00000000000654 60.171999999999940
324.6545071800142 60.128004658234019
329.3767157259242 60.083502678991181
334.16761037677935 60.037003781565389
339.02819019498156 59.991998418577523
343.95946877463007 59.950995970955603
348.9624744528898 59.907995934062114
354.03825052443415 59.864497762306023
359.187855459007 59.818501291045763
364.4123631221491 59.780997670976596
369.71286299913527 59.747000878707681
375.0904604221685 59.718998565400135
380.54627680087896 59.701999799963232
386.08144985617537 59.698001201538929
391.6971338574982 59.713000622538388
397.3944998635236 59.739497673987955
403.1747359663683 59.784997921534561
409.0390475393468 59.850500563281336
414.9886574883323 59.920995941668480
421.0248065067734 59.993997659873173
427.1487533344206 60.061497281200744
433.3617750198154 60.125997664377607
439.6651671865984 60.186001464026504
446.06024430368984 60.242002089835822
452.54833995940066 60.297502866131964
459.13080713953053 60.352998374030676
465.8090185095106 60.409000144797645
472.58436670065066 60.462002613955761
479.45826460054917 60.511001783227101
486.432145647728 60.558000761691304
493.50746413055253 60.595002133487704
500.6856954904994 60.627998600248844
507.9683366298358 60.656501138956003
515.3569062237735 60.681499682716790
522.8529450371643 60.705999820358926
530.4580162458005 60.730000052636726
538.1737057623901 60.754999046664039
546.0016225672724 60.781498722283175
553.9433990439449 60.815002030379965
562.0006913194694 60.855998429399136
570.1751796098309 60.902501223529711
578.4685685703187 60.958997061034843
586.8825876510039 61.026496691994623
595.4189914573883 61.106499919938031
604.0795601162986 61.202995098859574
612.8660996471021 61.320001537073878
621.780442338323 61.457507483167120
630.8244471297356 61.610507942692557
640.0000000000159 61.773500000000283
649.3090143600314 61.940500247848917
658.7534314518515 62.103506979235746
668.3352207535618 62.258503292795645
678.0563803899662 62.403505264445947
687.9189375492632 62.539999135706623
697.9249489057827 62.668499343833005
708.0765010488715 62.787505448298411
718.3757109180171 62.899496856584264
728.8247262443015 63.004997235981797
739.425725998274 63.101497505785623
750.1809208443404 63.192999326569705
761.0925536017613 63.280996400014203
772.1628997123541 63.363999248069135
783.3942677149998 63.445001867779069
794.7889997270506 63.524499998095706
806.34947193274 63.602503138439232
818.0780950786972 63.680500639238232
829.9773149766683 63.760502100192312
842.0496130135506 63.840997419662955
854.2975066688449 63.924003465587177
866.7235500396347 64.008996922295722
879.3303343732008 64.097502379043107
892.1204886073838 64.188503520443120
905.0966799188055 64.281997693797351
918.2616142790653 64.378497172649446
931.6180370190256 64.478000277280728
945.1687334013056 64.579498003116569
958.9165292011028 64.683996421407855
972.8642912954606 64.792002295204838
987.0149282611097 64.903499434747630
1001.3713909810035 65.018003153938480
1015.9366732596762 65.135497364273775
1030.7138124475518 65.255998470591464
1045.7058900743334 65.379999090796247
1060.916032491606 65.505500272675974
1076.3474115247852 65.635003456534832
1092.0032451345498 65.766502044845623
1107.8867980878947 65.898998315704233
1124.0013826389438 66.026502714913292
1140.350359219667 66.142502284781742
1156.9371371406426 66.248000867927175
1173.765175302013 66.354501293741805
1190.837982914782 66.480499873909821
1208.1591202326028 66.627001091282096
1225.73219929421 66.786501810850979
1243.5608846766518 66.948498952135139
1261.648894259477 67.110999050042295
1280.0000000000375 67.271500000000316
1298.6180287200684 67.429500234911885
1317.5068629037087 67.583998878639576
1336.6704415071292 67.735503326687976
1356.112760779938 67.881998197513809
1375.8378750985323 68.022499110334280
1395.8498978115715 68.149499351492580
1416.153002097749 68.252000005957768
1436.7514218360407 68.310500262411168
1457.6494524886093 68.323500256101468
1478.8514519965543 68.335501533901194
1500.3618416886875 68.408499462752744
1522.1851072035295 68.545500784380650
1544.3257994247153 68.707498532442258
1566.788535430007 68.866496711631186
1589.5779994541087 69.008999996586539
1612.6989438654878 69.131999701373417
1636.156190157402 69.236500795019182
1659.9546299533442 69.335998452891204
1684.099226027109 69.447501171842049
1708.5950133376978 69.574500077819337
1733.4471000792773 69.719500648963361
1758.6606687464096 69.882997851988492
1784.2409772147755 70.053999847682817
1810.193359837619 70.217002138799373
1836.5232285581387 70.373501356136160
1863.2360740380593 70.532000461679289
1890.3374668026197 70.700996675139947
1917.833058402214 70.879000383123213
1945.7285825909298 71.061997261762997
1974.0298565222283 71.244499074778503
2002.7427819620161 71.418998674898887
2031.8733465193618 71.582001787995353
2061.4276248951132 71.734498064507022
2091.411780148677 71.879498936818237
2121.832064983222 72.018500286353174
2152.694823049581 72.154499220255417
2184.0064902691106 72.288497818601826
2215.7735961758003 72.418998341075394
2248.002765277899 72.547499064141306
2280.7007184393456 72.674998902104619
2313.874274281297 72.810001108338966
2347.530350604038 72.946001268072351
2381.6759658295764 73.069499876411669
2416.318240465218 73.181500673926593
2451.4643985884327 73.280000927781700
2487.1217693533167 73.362999463131004
2523.2977885189675 73.430499605402218
2560.0000000000887 73.482000000000085
2597.236057440151 73.518500031929790
2635.0137258074315 73.539499847582078
2673.340883014273 73.550999964898466
2712.225521559891 73.550000012303968
2751.6757501970797 73.543000044324970
2791.699795623158 73.531500058723111
2832.3060041955137 73.513999997148474
2873.502843672097 73.486000106250003
2915.2989049772345 73.448000086392597
2957.7029039931244 73.399500109808827
3000.723683377391 73.340000437903456
3044.370214407075 73.269499600546879
3088.6515988494466 73.187000747367350
3133.57707086003 73.095499845310940
3179.1559989082334 72.996000002383340
3225.3978877309914 72.890000257352938
3272.3123803148205 72.775499045157872
3319.9092599067053 72.655999351430808
3368.198452054235 72.535498906588288
3417.190026675413 72.416999938549509
3466.8942001585724 72.302499547502777
3517.3213374928373 72.188499267768321
3568.4819544295697 72.077500098870573
3620.386719675257 71.969000585978890
3673.0464571162966 71.864999127281436
3726.472148076138 71.762999717250324
3780.6749336052594 71.659500126779989
3835.6661168044484 71.554499778077613
3891.45716518188 71.448499705256438
3948.059713044477 71.347500512031303
4005.4855639240527 71.255000702417476
4063.746693038744 71.173500429401187
4122.855249790247 71.099999704262075
4182.823560297375 71.029000520583736
4243.664129966465 70.954499830504147
4305.389646099183 70.874000461539964
4368.012980538242 70.789500026260612
4431.5471923516225 70.698999712030599
4496.00553055582 70.602499152194582
4561.401436878714 70.497999229595322
4627.748548562617 70.381000796077856
4695.060701208099 70.247500592594463
4763.351931659176 70.094500153111625
4832.63648093046 69.926501258622835
4902.928797176889 69.745000523706750
4974.243538706657 69.557001216057614
5046.595577037959 69.369001099027855
5120.000000000202 69.184499999999503
5194.472114880326 69.005499736195659
5270.027451614888 68.831999033789813
5346.6817660285715 68.668000500571580
5424.451043119808 68.513499918570716
5503.351500394186 68.364500943476841
5583.399591246343 68.217998944371956
5664.612008391055 68.072999985487712
5747.005687344222 67.930500540736560
5830.597809954497 67.797500302374061
5915.405807986278 67.676500273956009
6001.447366754812 67.570999626073359
6088.740428814181 67.481999685275781
6177.303197698925 67.416999924089737
6267.154141720092 67.382500009327984
6358.3119978165005 67.388499999856279
6450.795775462017 67.432999891960336
6544.624760629676 67.519499779326935
6639.818519813445 67.650500947278033
6736.396904108505 67.826499825252853
6834.380053350861 68.051000145977071
6933.788400317181 68.322998359165396
7034.642674985712 68.640998975206301
7136.963908859177 68.993999685570799
7240.773439350552 69.374001735376282
7346.092914232631 69.789999661230297
7452.944296152315 70.261501438335458
7561.349867210557 70.787999355075897
7671.332233608935 71.344001145193147
7782.914330363799 71.890996717322508
7896.119426088994 72.375997541214275
8010.971127848146 72.740500205176744
8127.49338607753 72.927499885696648
8245.710499580537 72.892500148155790
8365.647120594791 72.622499524780352
8487.328259932974 72.142998655602597
8610.77929219841 71.504498271263827
8736.025961076528 70.763500230283299
8863.094384703289 69.964503868937911
8992.011061111683 69.133999602375965
9122.802873757471 68.283000821398801
9255.497097125279 67.410999353575505
9390.121402416245 66.514997295284815
9526.7038633184 65.597000918662701
9665.272961860968 64.675500253628996
9805.857594353829 63.765496218354485
9948.487077413367 62.857999508088284
10093.19115407597 61.938499028163477
10240.000000000457 61.012499999997189
10388.944229760706 60.094998640694115
10540.05490322983 59.201000572509827
10693.363532057198 58.374497372877997
10848.902086239672 57.606499604327460
11006.703000788428 56.882499996766924
11166.799182492743 56.225999348902299
11329.224016782166 55.646499949385053
11494.0113746885 55.149501885937177
11661.195619909053 54.737498835959641
11830.811615972614 54.419000721111225
12002.894733509682 54.204500332177929
12177.48085762842 54.104500162204033
12354.606395397908 54.138000424655104
12534.308283440243 54.330999230418897
12716.62399563306 54.698999991185396
12901.591550924093 54.983499309274599
13089.249521259411 54.979000011480096
13279.637039626952 55.699000245364310
13472.793808217073 56.894998812508064
13668.760106701786 58.328000925778881
13867.576800634426 60.052998270240408
14069.285349971487 62.120004041099008
14273.927817718419 64.482997895205912
14481.54687870117 66.860998610682941
14692.18582846533 68.704998498331591
14905.888592304698 69.606998279195125
15122.699734421185 69.732499846270997
15342.664467217943 69.407998480047382
15565.828660727671 68.682001103720154
15792.238852178061 67.570500725692696
16021.942255696367 66.028497676125937
16254.986772155136 63.910492166953880
16491.42099916115 61.512010152903869
16731.294241189662 58.822508507920439
16974.65651986603 55.286990689268336
17221.558584396902 50.865007443396408
17472.051922153143 45.726522110374191
17726.188769406665 40.287504935141591
17984.022122223458 34.801477047925346
18245.605747515034 29.451489191002857
18510.99419425065 25.613998782542595
18780.242804832582 23.926496107920300
19053.40772663689 22.605501321953192
19330.545923722028 21.291505102960080
19611.71518870775 20.324999585221349
19896.974154826825 19.698001857686251
20186.382308152035 19.698000000000000
