20 63.236999999999995
20.290906698750476 63.300514840943322
20.586044732869844 63.364953110166212
20.885475648548283 63.427949886195137
21.189261887185914 63.487405879981651
21.49746679841394 63.539607391522637
21.810154653305165 63.587921784353796
22.12739065777668 63.632016215444295
22.449240966187475 63.676721984300883
22.77577269513385 63.725623511633117
23.107053937445478 63.779699230029834
23.44315377638505 63.836359049867340
23.784142300054445 63.890581700758304
24.130090616010463 63.940411836454146
24.481070866093134 63.982644144382135
24.837156241469714 64.021172755527715
25.1984209978975 64.058338152284492
25.56494047120865 64.097555849400592
25.936791093020236 64.139389033519606
26.3140504066728 64.181355393574194
26.69679708340074 64.220933711985822
27.08511093873791 64.257968446156156
27.47907294916184 64.292221174981691
27.878765268980047 64.326195047863308
28.284271247461966 64.360094513539352
28.695675446220072 64.393262684805165
29.11306365684382 64.424801392322223
29.536522918790062 64.453800943883778
29.966141537533712 64.480866916864613
30.402009102982383 64.507620545777115
30.844216508158908 64.533792412450168
31.29285596815558 64.558624938328165
31.74802103936409 64.581653030928834
32.20980663898519 64.603231492115356
32.67830906482211 64.623488980722527
33.153626015361866 64.642991414599123
33.63585661014871 64.661254981355199
34.125101410453844 64.678128346544980
34.62146244024586 64.694265335647628
35.12504320746613 64.709501209809048
35.635948725613716 64.723534666865959
36.15428553564419 64.736702852855458
36.68016172818701 64.748963558020108
37.21368696608603 64.760060052355641
37.754972507267915 64.769506705104632
38.30413122794313 64.777853692963262
38.86127764614443 64.784411172417720
39.4265279456077 64.789357118720460
40.000000000000206 64.795000000000002
40.58181339750116 64.799848461140712
41.1720894657399 64.802860443026475
41.77095129709678 64.802524206499783
42.37852377437204 64.802086768608632
42.9949335968281 64.803649784155368
43.62030930661056 64.804867181175112
44.25478131555359 64.802226102384950
44.89848193237519 64.798176789373457
45.55154539026795 64.794205455333525
46.21410787489121 64.790370686549110
46.88630755277036 64.783890320192498
47.56828460010916 64.774878183172234
48.260181232021196 64.763717656983729
48.962141732186545 64.756502055098849
49.674312482939705 64.753314221506713
50.39684199579528 64.747787495409298
51.129880942417586 64.734752963221041
51.873582186040764 64.717227834840756
52.628100813345895 64.703578494772927
53.393594166801776 64.689882110162358
54.17022187747612 64.673831108493559
54.95814589832399 64.662091300958949
55.75753053796041 64.655666979635242
56.56854249492426 64.641207793864197
57.39135089244048 64.622694604920085
58.226127313687975 64.605268899324159
59.073045837580466 64.590892991573227
59.932283075067765 64.571989772348502
60.804018205965114 64.554402390851720
61.68843301631817 64.532654586502403
62.58571193631152 64.510098284175257
63.49604207872855 64.487598948031788
64.41961327797075 64.463041021577837
65.35661812964459 64.437762855823706
66.3072520307241 64.414165073216537
67.27171322029778 64.388212746780908
68.25020282090806 64.358619016783223
69.2429248804921 64.329576640905984
70.25008641493265 64.300872537174413
71.27189745122783 64.271479025188782
72.30857107128878 64.240588582325699
73.36032345637442 64.208329972852397
74.42737393217246 64.175678782034822
75.50994501453623 64.142139223215025
76.60826245588666 64.106809915710002
77.72255529228926 64.070638572704496
78.85305589121582 64.033275776724935
80.00000000000082 63.995999999999967
81.16362679500274 63.956242651777366
82.34417893148023 63.918914345435603
83.541902594194 63.881540801779032
84.75704754874454 63.844389822200242
85.98986719365665 63.804829235779252
87.24061861322157 63.762779042062405
88.50956263110764 63.719674870542342
89.79696386475084 63.675903228598465
91.10309078053635 63.628553236930088
92.42821574978288 63.582012442959652
93.77261510554118 63.533490175437720
95.13656920021877 63.484049354115456
96.52036246404286 63.433671148624995
97.92428346437356 63.382160556302139
99.34862496587989 63.330383810960598
100.79368399159105 63.276869130980600
102.25976188483567 63.222388810261080
103.74716437208203 63.165913999923951
105.25620162669229 63.107589785711241
106.78718833360406 63.050136427767853
108.34044375495276 62.992903581066741
109.9162917966485 62.934998039307587
111.51506107592134 62.878953261419440
113.13708498984903 62.821438666024342
114.78270178488147 62.759829785737338
116.45225462737648 62.692419560731132
118.14609167516147 62.621566342433340
119.86456615013608 62.545887312147713
121.60803641193078 62.474978587146097
123.3768660326369 62.407875736265161
125.17142387262359 62.340157316712933
126.99208415745765 62.271808717859145
128.83922655594208 62.200489501366206
130.71323625928977 62.129009416967094
132.61450406144883 62.057263349726398
134.5434264405962 61.986300791528386
136.50040564181674 61.915985802536412
138.48584976098482 61.846738183246025
140.50017282986593 61.776493778124831
142.5437949024563 61.702923383511575
144.61714214257822 61.624240027510737
146.7206469127495 61.544115417315517
148.8547478643456 61.468709522185122
151.01989002907314 61.412865847511569
153.216524911774 61.383700850529351
155.4451105845792 61.371308579778599
157.70611178243232 61.362098439879460
160.00000000000236 61.346499999999963
162.3272535900062 61.308798491841898
164.6883578629612 61.249102695563010
167.08380518838874 61.170150623594779
169.51409509748981 61.080672843353881
171.97973438731407 60.988853880791915
174.4812372264439 60.908874140870815
177.01912526221608 60.848579244231246
179.5939277295025 60.816223151613173
182.20618156107355 60.824354616742013
184.85643149956664 60.876898920390637
187.54523021108326 60.973171050131995
190.27313840043846 61.106186495064378
193.04072492808663 61.262767930642049
195.84856692874806 61.431565448796135
198.69724993176072 61.592454246383319
201.58736798318304 61.727904893963156
204.5195237696723 61.830053173474049
207.49432874416505 61.894663985953173
210.5124032533856 61.925314083475826
213.57437666720915 61.931819217499594
216.68088750990657 61.918095562450461
219.83258359329807 61.898671914846915
223.03012215184378 61.874774083861169
226.2741699796992 61.851580810142103
229.5654035697641 61.825976771441887
232.90450925475412 61.798779841086173
236.2921833503241 61.769797304009501
239.72913230027333 61.738005526222473
243.21607282386276 61.704623198937512
246.75373206527502 61.665708947281971
250.34284774524843 61.623328699470989
253.9841683149166 61.573715706709265
257.67845311188546 61.522461463072588
261.42647251858085 61.465746294091645
265.22900812289896 61.406564878156516
269.08685288119375 61.348726157742490
273.0008112836349 61.291112932155933
276.97169952197106 61.233017669132650
281.00034565973334 61.177895471857497
285.0875898049141 61.124308778653166
289.23428428515797 61.067913733721852
293.44129382550057 61.011386662738289
297.7094957286928 60.952296110225433
302.0397800581479 60.890678161664120
306.4330498235497 60.827626285862451
310.89022116916016 60.763091793047181
315.41222356486645 60.699228870091872
320.00000000000654 60.634999999999913
324.6545071800142 60.572629603787803
329.3767157259242 60.510665023990391
334.16761037677935 60.448321065101865
339.02819019498156 60.385133527465243
343.95946877463007 60.317463384032642
348.9624744528898 60.243166635761369
354.03825052443415 60.164503291818832
359.187855459007 60.082075527109986
364.4123631221491 59.999725898982263
369.71286299913527 59.916036764613665
375.0904604221685 59.831097863456392
380.54627680087896 59.746532709586376
386.08144985617537 59.663594542128607
391.6971338574982 59.581010846467990
397.3944998635236 59.499695351869725
403.1747359663683 59.424315800420395
409.0390475393468 59.357849762721699
414.9886574883323 59.304337904465427
421.0248065067734 59.269765004403418
427.1487533344206 59.257685941668029
433.3617750198154 59.277064279288865
439.6651671865984 59.331101268069666
446.06024430368984 59.417695840188031
452.54833995940066 59.536731301175834
459.13080713953053 59.677672814722499
465.8090185095106 59.825115825418358
472.58436670065066 59.971081519770991
479.45826460054917 60.111346844539511
486.432145647728 60.245324338177284
493.50746413055253 60.364302795887049
500.6856954904994 60.464885498140738
507.9683366298358 60.548635871243107
515.3569062237735 60.609141437342643
522.8529450371643 60.652625016407946
530.4580162458005 60.684545804829582
538.1737057623901 60.710583155059453
546.0016225672724 60.737434945800004
553.9433990439449 60.770474070339233
562.0006913194694 60.812004147916809
570.1751796098309 60.861208739307834
578.4685685703187 60.918433123135202
586.8825876510039 60.980963536765074
595.4189914573883 61.045955284649025
604.0795601162986 61.110831783350434
612.8660996471021 61.172172383344829
621.780442338323 61.228635605959575
630.8244471297356 61.277251234440300
640.0000000000159 61.319000000000059
649.3090143600314 61.351581550260107
658.7534314518515 61.378509608065180
668.3352207535618 61.400754246695513
678.0563803899662 61.417793027643441
687.9189375492632 61.430502725059114
697.9249489057827 61.440132454015206
708.0765010488715 61.447249725681772
718.3757109180171 61.453106641004908
728.8247262443015 61.461501017307654
739.425725998274 61.473339584898014
750.1809208443404 61.493125684586673
761.0925536017613 61.530861747872763
772.1628997123541 61.583250975529097
783.3942677149998 61.633482778915194
794.7889997270506 61.680373123919573
806.34947193274 61.726133326400429
818.0780950786972 61.776318973629422
829.9773149766683 61.834226621223216
842.0496130135506 61.900291476454612
854.2975066688449 61.975650044458966
866.7235500396347 62.062608300298784
879.3303343732008 62.160725258578907
892.1204886073838 62.270397649365222
905.0966799188055 62.382472332656718
918.2616142790653 62.469622252166346
931.6180370190256 62.462046317771197
945.1687334013056 62.253145187268885
958.9165292011028 61.823320823611084
972.8642912954606 61.455010580981494
987.0149282611097 61.398454648494877
1001.3713909810035 61.557385169224553
1015.9366732596762 61.767801201215576
1030.7138124475518 61.968820682387602
1045.7058900743334 62.152084645206600
1060.916032491606 62.321465669079927
1076.3474115247852 62.480114805507910
1092.0032451345498 62.631530017494583
1107.8867980878947 62.777711640207066
1124.0013826389438 62.919345200984267
1140.350359219667 63.059086326830560
1156.9371371406426 63.196100732579332
1173.765175302013 63.333342049328856
1190.837982914782 63.472162822556783
1208.1591202326028 63.613004296171454
1225.73219929421 63.755403518095989
1243.5608846766518 63.899629348784138
1261.648894259477 64.046244339977079
1280.0000000000375 64.195500000000308
1298.6180287200684 64.348167835504569
1317.5068629037087 64.503056275810422
1336.6704415071292 64.659364098283106
1356.112760779938 64.817819000356508
1375.8378750985323 64.975411107033324
1395.8498978115715 65.135695429937869
1416.153002097749 65.297416366677112
1436.7514218360407 65.460161090321122
1457.6494524886093 65.622706762261828
1478.8514519965543 65.787118354613057
1500.3618416886875 65.955380259841945
1522.1851072035295 66.129093453340090
1544.3257994247153 66.307652459351701
1566.788535430007 66.492173302651850
1589.5779994541087 66.683038315392679
1612.6989438654878 66.880464896120515
1636.156190157402 67.085343844794579
1659.9546299533442 67.297790762179162
1684.099226027109 67.517394863969940
1708.5950133376978 67.745136925907872
1733.4471000792773 67.981598986765817
1758.6606687464096 68.227067407214520
1784.2409772147755 68.481833869869234
1810.193359837619 68.746603207917730
1836.5232285581387 69.021915758145099
1863.2360740380593 69.307714321091794
1890.3374668026197 69.604939132173030
1917.833058402214 69.912443576440893
1945.7285825909298 70.229720413188417
1974.0298565222283 70.559168724179628
2002.7427819620161 70.901187661740380
2031.8733465193618 71.254135829514126
2061.4276248951132 71.619392898685419
2091.411780148677 71.995311959542477
2121.832064983222 72.379221423662329
2152.694823049581 72.770882938017792
2184.0064902691106 73.168782264160981
2215.7735961758003 73.570444481767282
2248.002765277899 73.975234289445950
2280.7007184393456 74.378727110267334
2313.874274281297 74.778910150233372
2347.530350604038 75.168092961825636
2381.6759658295764 75.535513842919073
2416.318240465218 75.880663431047466
2451.4643985884327 76.186044678389862
2487.1217693533167 76.456069482892772
2523.2977885189675 76.669725613289444
2560.0000000000887 76.832250000000329
2597.236057440151 76.937317607700294
2635.0137258074315 76.986756176613341
2673.340883014273 76.974827293588589
2712.225521559891 76.918530658317536
2751.6757501970797 76.812432218183403
2791.699795623158 76.671210756194313
2832.3060041955137 76.501261121917338
2873.502843672097 76.315241720051318
2915.2989049772345 76.118677212308370
2957.7029039931244 75.917373380272252
3000.723683377391 75.715761516886175
3044.370214407075 75.521572262583504
3088.6515988494466 75.339826184544677
3133.57707086003 75.171211971675390
3179.1559989082334 75.023282643340806
3225.3978877309914 74.896513238427133
3272.3123803148205 74.793552725008141
3319.9092599067053 74.716613425116620
3368.198452054235 74.668080928767452
3417.190026675413 74.650375202134029
3466.8942001585724 74.666008534122099
3517.3213374928373 74.717308792864330
3568.4819544295697 74.807214758377938
3620.386719675257 74.938456291829027
3673.0464571162966 75.113193749614936
3726.472148076138 75.332330501900344
3780.6749336052594 75.602487321462576
3835.6661168044484 75.912696535868037
3891.45716518188 76.284296233003857
3948.059713044477 76.693957173159404
4005.4855639240527 77.162361545237360
4063.746693038744 77.672656910608382
4122.855249790247 78.219791760531820
4182.823560297375 78.781149854934469
4243.664129966465 79.323065500487019
4305.389646099183 79.791229702670591
4368.012980538242 80.111213929150836
4431.5471923516225 80.182107569549117
4496.00553055582 79.987946664489783
4561.401436878714 79.478271675884130
4627.748548562617 78.745735728877634
4695.060701208099 77.845638042844996
4763.351931659176 76.873041442227020
4832.63648093046 75.878451983689828
4902.928797176889 74.932628247382908
4974.243538706657 74.089813693500446
5046.595577037959 73.332230445934982
5120.000000000202 72.608142857140933
5194.472114880326 71.945757655370954
5270.027451614888 71.362736245348344
5346.6817660285715 70.850655440246072
5424.451043119808 70.401329352251338
5503.351500394186 70.010342537418964
5583.399591246343 69.671165428444709
5664.612008391055 69.384288351596268
5747.005687344222 69.142285212905023
5830.597809954497 68.948658996833046
5915.405807986278 68.805669843534531
6001.447366754812 68.715421053298087
6088.740428814181 68.685311064322121
6177.303197698925 68.712052055663591
6267.154141720092 68.793137836206597
6358.3119978165005 68.934295356113381
6450.795775462017 69.132187713250005
6544.624760629676 69.385204910479587
6639.818519813445 69.683095670978773
6736.396904108505 70.010889164379762
6834.380053350861 70.350048380859420
6933.788400317181 70.671837896932516
7034.642674985712 70.934572856346932
7136.963908859177 71.079448939442329
7240.773439350552 71.043893434613125
7346.092914232631 70.779112500769969
7452.944296152315 70.278100005258665
7561.349867210557 69.586896545120197
7671.332233608935 68.807551579664306
7782.914330363799 68.009144307646437
7896.119426088994 67.239186422668411
8010.971127848146 66.528655953475493
8127.49338607753 65.888781085435610
8245.710499580537 65.333160651971468
8365.647120594791 64.871316958651434
8487.328259932974 64.503906442945208
8610.77929219841 64.244518254834858
8736.025961076528 64.104618994566096
8863.094384703289 64.092070609315158
8992.011061111683 64.215830618667212
9122.802873757471 64.493346505952800
9255.497097125279 64.942025510251241
9390.121402416245 65.550637362685279
9526.7038633184 66.270699467044921
9665.272961860968 66.966892623436877
9805.857594353829 67.435332691245065
9948.487077413367 67.470337649282953
10093.19115407597 66.924074034736094
10240.000000000457 65.891199999996218
10388.944229760706 64.489945436075118
10540.05490322983 62.915108099352707
10693.363532057198 61.384342821609764
10848.902086239672 59.977403481610864
11006.703000788428 58.721057194007948
11166.799182492743 57.623331016404208
11329.224016782166 56.712702998591517
11494.0113746885 55.944975662288627
11661.195619909053 55.402074955246199
11830.811615972614 55.003307720711319
12002.894733509682 54.787211036573417
12177.48085762842 54.693262551948905
12354.606395397908 54.827041424462422
12534.308283440243 55.137746726233459
12716.62399563306 55.704781583332846
12901.591550924093 56.622680412026220
13089.249521259411 57.730398602634125
13279.637039626952 59.132677447493450
13472.793808217073 60.700425905326114
13668.760106701786 61.924690966520629
13867.576800634426 62.151145021893704
14069.285349971487 61.120842391493071
14273.927817718419 59.376265353950487
14481.54687870117 57.574088288103063
14692.18582846533 56.106636366435758
14905.888592304698 55.019483987059488
15122.699734421185 54.339149565682874
15342.664467217943 54.096355326968691
15565.828660727671 54.346593988433952
15792.238852178061 55.140596667987666
16021.942255696367 56.336707291615724
16254.986772155136 57.071916746702314
16491.42099916115 56.593846739696161
16731.294241189662 55.614778545133390
16974.65651986603 54.393498313881921
17221.558584396902 52.640032459201912
17472.051922153143 50.528515027147563
17726.188769406665 48.596655627299334
17984.022122223458 47.150100097548858
18245.605747515034 46.270684647021469
18510.99419425065 46.025018069346388
18780.242804832582 46.453962622772792
19053.40772663689 47.302004174222290
19330.545923722028 47.171372292517681
19611.71518870775 44.356041372575177
19896.974154826825 42.203499999999998
20186.382308152035 42.203499999999998
