20 77.065500000000000
20.290906698750476 76.993023245156650
20.586044732869844 76.918988928988725
20.885475648548283 76.844883434812999
21.189261887185914 76.770436228769654
21.49746679841394 76.695388893029261
21.810154653305165 76.620964141899279
22.12739065777668 76.547411434727650
22.449240966187475 76.474445837875294
22.77577269513385 76.401051091460744
23.107053937445478 76.326487719599470
23.44315377638505 76.249964599864441
23.784142300054445 76.171466481345561
24.130090616010463 76.089978314117161
24.481070866093134 76.005983079724956
24.837156241469714 75.920963211842320
25.1984209978975 75.835904214374821
25.56494047120865 75.752513544016566
25.936791093020236 75.671045768599058
26.3140504066728 75.588989142165786
26.69679708340074 75.506543709189145
27.08511093873791 75.421975644160341
27.47907294916184 75.335484315930216
27.878765268980047 75.249550467169300
28.284271247461966 75.165446343038468
28.695675446220072 75.084064201779285
29.11306365684382 75.001987313671449
29.536522918790062 74.917595078684528
29.966141537533712 74.828470458909237
30.402009102982383 74.737498167046539
30.844216508158908 74.648458530731261
31.29285596815558 74.562527587391145
31.74802103936409 74.477496038041835
32.20980663898519 74.390536412139141
32.67830906482211 74.300439615486439
33.153626015361866 74.207573068427195
33.63585661014871 74.117026922783282
34.125101410453844 74.029481803366139
34.62146244024586 73.940412833683823
35.12504320746613 73.845491459972450
35.635948725613716 73.744510134467731
36.15428553564419 73.647951958356458
36.68016172818701 73.559473953887476
37.21368696608603 73.473550413701503
37.754972507267915 73.377004903971624
38.30413122794313 73.269475380035800
38.86127764614443 73.164954870238006
39.4265279456077 73.073076729689205
40.000000000000206 72.986499999999978
40.58181339750116 72.896029016367947
41.1720894657399 72.801485885622000
41.77095129709678 72.707007683513112
42.37852377437204 72.603581068013966
42.9949335968281 72.492511965506623
43.62030930661056 72.391458596752926
44.25478131555359 72.306529272721178
44.89848193237519 72.211912677390742
45.55154539026795 72.093582371946866
46.21410787489121 71.972984589301262
46.88630755277036 71.876962796035855
47.56828460010916 71.794460517903929
48.260181232021196 71.698474828885949
48.962141732186545 71.600986264717875
49.674312482939705 71.531978389838187
50.39684199579528 71.482010926985112
51.129880942417586 71.421009907929772
51.873582186040764 71.349040433608963
52.628100813345895 71.256989997631479
53.393594166801776 71.181040265434817
54.17022187747612 71.189994368591982
54.95814589832399 71.169967628809360
55.75753053796041 70.992604161890029
56.56854249492426 70.811102388620526
57.39135089244048 70.720449992574345
58.226127313687975 70.601480760151048
59.073045837580466 70.473494877290193
59.932283075067765 70.377467699576556
60.804018205965114 70.277998115559029
61.68843301631817 70.186449127815621
62.58571193631152 70.081033842671644
63.49604207872855 69.975495764803298
64.41961327797075 69.882538923321121
65.35661812964459 69.774044218712447
66.3072520307241 69.668969573492888
67.27171322029778 69.552534621590993
68.25020282090806 69.428479166432396
69.2429248804921 69.326507716203224
70.25008641493265 69.230492051855506
71.27189745122783 69.136509432078867
72.30857107128878 69.047536812589485
73.36032345637442 68.960473171612804
74.42737393217246 68.871966508383451
75.50994501453623 68.775004924829162
76.60826245588666 68.677474342877446
77.72255529228926 68.568543473668583
78.85305589121582 68.466494883541714
80.00000000000082 68.361499999999936
81.16362679500274 68.257033505087804
82.34417893148023 68.148984541395492
83.541902594194 68.045508415276231
84.75704754874454 67.941996047245482
85.98986719365665 67.839511040267809
87.24061861322157 67.723535364401528
88.50956263110764 67.607539980135158
89.79696386475084 67.501502976174365
91.10309078053635 67.412992429245833
92.42821574978288 67.302486445459749
93.77261510554118 67.218024181101683
95.13656920021877 67.104036005260312
96.52036246404286 66.999969407415193
97.92428346437356 66.881472449252115
99.34862496587989 66.743036450684656
100.79368399159105 66.605030179349782
102.25976188483567 66.478020627984904
103.74716437208203 66.349986002774983
105.25620162669229 66.221482221029746
106.78718833360406 66.086483507166690
108.34044375495276 65.950462691921800
109.9162917966485 65.817975364260448
111.51506107592134 65.682995180198560
113.13708498984903 65.554993287557494
114.78270178488147 65.425023552834389
116.45225462737648 65.287479858283092
118.14609167516147 65.153492853710503
119.86456615013608 65.019533819593818
121.60803641193078 64.884497231540593
123.3768660326369 64.750010185760516
125.17142387262359 64.608468459780056
126.99208415745765 64.472993575418784
128.83922655594208 64.331982953901900
130.71323625928977 64.190980994915179
132.61450406144883 64.038039894110582
134.5434264405962 63.895966551542415
136.50040564181674 63.742463949757976
138.48584976098482 63.566013352057496
140.50017282986593 63.408486513520735
142.5437949024563 63.249016004431610
144.61714214257822 63.087490035156705
146.7206469127495 62.940024753027309
148.8547478643456 62.829013114834879
151.01989002907314 62.775002742923810
153.216524911774 62.785497729437239
155.4451105845792 62.866507409802630
157.70611178243232 63.018008868527758
160.00000000000236 63.200000000000195
162.3272535900062 63.393021588984006
164.6883578629612 63.594028527473114
167.08380518838874 63.784984470359873
169.51409509748981 63.961505726673650
171.97973438731407 64.109984005075475
174.4812372264439 64.215504907166391
177.01912526221608 64.267999562190312
179.5939277295025 64.259000252595911
182.20618156107355 64.204994039315707
184.85643149956664 64.117982589177018
187.54523021108326 64.009489578053959
190.27313840043846 63.885993424979169
193.04072492808663 63.754513067903403
195.84856692874806 63.622020435164131
198.69724993176072 63.493988843876423
201.58736798318304 63.364985069894729
204.5195237696723 63.246019321994204
207.49432874416505 63.127986492950143
210.5124032533856 63.003983472142423
213.57437666720915 62.878484664177037
216.68088750990657 62.752004579979662
219.83258359329807 62.619517504406090
223.03012215184378 62.486995086061768
226.2741699796992 62.356493259692883
229.5654035697641 62.225984654682620
232.90450925475412 62.099018660073725
236.2921833503241 61.975493518456680
239.72913230027333 61.853995693696298
243.21607282386276 61.740497704957406
246.75373206527502 61.629008443957552
250.34284774524843 61.523504475585483
253.9841683149166 61.432996149807678
257.67845311188546 61.348490993373673
261.42647251858085 61.273991551074545
265.22900812289896 61.205999867355459
269.08685288119375 61.143002402406637
273.0008112836349 61.080503013483089
276.97169952197106 61.018004729256312
281.00034565973334 60.955494334833134
285.0875898049141 60.888506722864662
289.23428428515797 60.810994931926118
293.44129382550057 60.735995044404767
297.7094957286928 60.664008504927175
302.0397800581479 60.592503631834276
306.4330498235497 60.514999100113130
310.89022116916016 60.434496454054816
315.41222356486645 60.361996978853156
320.00000000000654 60.299999999999919
324.6545071800142 60.241006246268341
329.3767157259242 60.185003371314750
334.16761037677935 60.128504594805250
339.02819019498156 60.085498167864202
343.95946877463007 60.037995315064663
348.9624744528898 59.987995606917686
354.03825052443415 59.940997786628785
359.187855459007 59.895501277012656
364.4123631221491 59.847997088720746
369.71286299913527 59.805501098384596
375.0904604221685 59.775998776370699
380.54627680087896 59.761500825151671
386.08144985617537 59.778004165334956
391.6971338574982 59.830002184757348
397.3944998635236 59.922991837014337
403.1747359663683 60.062493627562006
409.0390475393468 60.235501585976536
414.9886574883323 60.433988573350248
421.0248065067734 60.641493348269634
427.1487533344206 60.843491863741505
433.3617750198154 61.022493518195233
439.6651671865984 61.190003790782924
446.06024430368984 61.335004575045986
452.54833995940066 61.456505060917706
459.13080713953053 61.554497128919039
465.8090185095106 61.641000191242178
472.58436670065066 61.711002720647834
479.45826460054917 61.762001612492597
486.432145647728 61.804500720518796
493.50746413055253 61.839502198138845
500.6856954904994 61.873498557832150
507.9683366298358 61.911502482924078
515.3569062237735 61.965999308322594
522.8529450371643 62.028999538065818
530.4580162458005 62.100500173701207
538.1737057623901 62.182996853991341
546.0016225672724 62.270495781123699
553.9433990439449 62.358004209324314
562.0006913194694 62.442996743876265
570.1751796098309 62.522501548360609
578.4685685703187 62.593996280778612
586.8825876510039 62.654497035047029
595.4189914573883 62.707499946958947
604.0795601162986 62.754497612916069
612.8660996471021 62.790500363308368
621.780442338323 62.823001345013694
630.8244471297356 62.850501072019853
640.0000000000159 62.872500000000031
649.3090143600314 62.893000029650636
658.7534314518515 62.912500990601202
668.3352207535618 62.934500590432322
678.0563803899662 62.960501118453720
687.9189375492632 62.989499816377233
697.9249489057827 63.024999818724297
708.0765010488715 63.067502213371228
718.3757109180171 63.112998722987356
728.8247262443015 63.159498781736048
739.425725998274 63.209998694737557
750.1809208443404 63.258999639365200
761.0925536017613 63.303998159098171
772.1628997123541 63.344499633093974
783.3942677149998 63.378500669581172
794.7889997270506 63.406999999317321
806.34947193274 63.469002957375430
818.0780950786972 63.542500411509614
829.9773149766683 63.594000965305781
842.0496130135506 63.630998814006574
854.2975066688449 63.667001671636164
866.7235500396347 63.707998515460289
879.3303343732008 63.753001294094872
892.1204886073838 63.802502089674789
905.0966799188055 63.857998631077578
918.2616142790653 63.917498256711312
931.6180370190256 63.979500178934849
945.1687334013056 64.044998711370795
958.9165292011028 64.113997637101846
972.8642912954606 64.186501512982574
987.0149282611097 64.259999627389689
1001.3713909810035 64.334001999731214
1015.9366732596762 64.408498328837425
1030.7138124475518 64.481999067124249
1045.7058900743334 64.555499461076806
1060.916032491606 64.630000161078868
1076.3474115247852 64.706502010835862
1092.0032451345498 64.783001188325386
1107.8867980878947 64.859999021201702
1124.0013826389438 64.938001825545143
1140.350359219667 65.016001732535926
1156.9371371406426 65.096000668263173
1173.765175302013 65.178000857360644
1190.837982914782 65.261499916440243
1208.1591202326028 65.346000581560986
1225.73219929421 65.431000966904989
1243.5608846766518 65.517499440491918
1261.648894259477 65.605999482638424
1280.0000000000375 65.694000000000173
1298.6180287200684 65.781500132280485
1317.5068629037087 65.868499368554325
1336.6704415071292 65.954001896098617
1356.112760779938 66.037498972644386
1375.8378750985323 66.121499468100211
1395.8498978115715 66.203999578725501
1416.153002097749 66.286000008351067
1436.7514218360407 66.368001685487087
1457.6494524886093 66.451501782039372
1478.8514519965543 66.535001712506116
1500.3618416886875 66.616499400196545
1522.1851072035295 66.697500404294956
1544.3257994247153 66.780999243573632
1566.788535430007 66.865498252407761
1589.5779994541087 66.950499997963902
1612.6989438654878 67.036499791204193
1636.156190157402 67.124000711122676
1659.9546299533442 67.212998616153953
1684.099226027109 67.304500871961210
1708.5950133376978 67.399000052863471
1733.4471000792773 67.497500406842462
1758.6606687464096 67.599998653387274
1784.2409772147755 67.706999904690420
1810.193359837619 67.818501592141388
1836.5232285581387 67.935001039561769
1863.2360740380593 68.056500349674252
1890.3374668026197 68.184497481762804
1917.833058402214 68.319000299380434
1945.7285825909298 68.461997860284725
1974.0298565222283 68.614499226869725
2002.7427819620161 68.774998781210726
2031.8733465193618 68.943502086971620
2061.4276248951132 69.121497740867198
2091.411780148677 69.308998625195997
2121.832064983222 69.506000429529777
2152.694823049581 69.709998830383142
2184.0064902691106 69.923996516274599
2215.7735961758003 70.147497158853255
2248.002765277899 70.379498310356269
2280.7007184393456 70.619497933373381
2313.874274281297 70.865502061836480
2347.530350604038 71.118502649090431
2381.6759658295764 71.376499741815465
2416.318240465218 71.637501802839154
2451.4643985884327 71.901002928660319
2487.1217693533167 72.162998305305095
2523.2977885189675 72.418998503451348
2560.0000000000887 72.666500000000568
2597.236057440151 72.904000337543366
2635.0137258074315 73.125998388724909
2673.340883014273 73.328999380381916
2712.225521559891 73.510497766828337
2751.6757501970797 73.665999015352241
2791.699795623158 73.793999346386272
2832.3060041955137 73.894000007281591
2873.502843672097 73.965499728683028
2915.2989049772345 74.010499897692981
2957.7029039931244 74.030999953585962
3000.723683377391 74.036499959521535
3044.370214407075 74.034499997579076
3088.6515988494466 74.034000004529503
3133.57707086003 74.045000052081235
3179.1559989082334 74.078499999197561
3225.3978877309914 74.148499830049943
3272.3123803148205 74.269001458231713
3319.9092599067053 74.451501375182005
3368.198452054235 74.707003058784679
3417.190026675413 75.038500213332455
3466.8942001585724 75.436001694879934
3517.3213374928373 75.863002602390964
3568.4819544295697 76.257499648608615
3620.386719675257 76.528998533702577
3673.0464571162966 76.590998442796277
3726.472148076138 76.408998935932402
3780.6749336052594 76.019500477109233
3835.6661168044484 75.504498854796779
3891.45716518188 74.957498514609171
3948.059713044477 74.448502580434990
4005.4855639240527 74.019503257698290
4063.746693038744 73.688501743948365
4122.855249790247 73.462999504326575
4182.823560297375 73.344000872527687
4243.664129966465 73.328000176865231
4305.389646099183 73.411999518393088
4368.012980538242 73.584999946235655
4431.5471923516225 73.827500795273011
4496.00553055582 74.094001724006233
4561.401436878714 74.306500230462945
4627.748548562617 74.341499761857051
4695.060701208099 74.065501225139116
4763.351931659176 73.427500638465460
4832.63648093046 72.535506682687881
4902.928797176889 71.627002621419166
4974.243538706657 70.930004508468897
5046.595577037959 70.552002209747513
5120.000000000202 70.460500000000266
5194.472114880326 70.557500289652609
5270.027451614888 70.748001272569496
5346.6817660285715 70.963999340710615
5424.451043119808 71.162500087440833
5503.351500394186 71.322498986870499
5583.399591246343 71.438500542374413
5664.612008391055 71.513000004430069
5747.005687344222 71.556499834933049
5830.597809954497 71.582499940889278
5915.405807986278 71.604999949057770
6001.447366754812 71.635500199567588
6088.740428814181 71.683000351038572
6177.303197698925 71.755500216729303
6267.154141720092 71.854000186559730
6358.3119978165005 71.973999997125659
6450.795775462017 72.110499668597441
6544.624760629676 72.258499622432211
6639.818519813445 72.402500675473846
6736.396904108505 72.527999875393377
6834.380053350861 72.607500005903489
6933.788400317181 72.618499933642724
7034.642674985712 72.553500209470400
7136.963908859177 72.411000126929636
7240.773439350552 72.195498804843012
7346.092914232631 71.909000233311346
7452.944296152315 71.559998946859793
7561.349867210557 71.174500472209388
7671.332233608935 70.790999243167590
7782.914330363799 70.429502169447744
7896.119426088994 70.089501723684833
8010.971127848146 69.781999722956556
8127.49338607753 69.529499392559330
8245.710499580537 69.343500787342194
8365.647120594791 69.234499973736547
8487.328259932974 69.208000130544463
8610.77929219841 69.270000369776909
8736.025961076528 69.428499950742378
8863.094384703289 69.680998777338147
8992.011061111683 70.017000162600652
9122.802873757471 70.364999664104829
9255.497097125279 70.709500229062257
9390.121402416245 71.027000474356370
9526.7038633184 71.187999838883769
9665.272961860968 71.121500018303124
9805.857594353829 70.817997991456593
9948.487077413367 70.335999707902346
10093.19115407597 69.789999494141256
10240.000000000457 69.307999999999026
10388.944229760706 68.993499845671664
10540.05490322983 68.892000064999706
10693.363532057198 69.013500974908553
10848.902086239672 69.298500183353781
11006.703000788428 69.634000001492183
11166.799182492743 69.937000240439886
11329.224016782166 70.151000014461403
11494.0113746885 70.292999461160804
11661.195619909053 70.309499448131575
11830.811615972614 70.158500341876902
12002.894733509682 69.824000518011729
12177.48085762842 69.296496559821861
12354.606395397908 68.585998117655748
12534.308283440243 67.730503411277894
12716.62399563306 66.786500022611364
12901.591550924093 65.811002368374787
13089.249521259411 64.867002408269911
13279.637039626952 64.007499849006578
13472.793808217073 63.271500730764274
13668.760106701786 62.689499785326632
13867.576800634426 62.289500401103673
14069.285349971487 62.088499982043359
14273.927817718419 62.078000009352664
14481.54687870117 62.229499911487999
14692.18582846533 62.471499802926381
14905.888592304698 62.681999598415274
15122.699734421185 62.753999911804868
15342.664467217943 62.661999486021529
15565.828660727671 62.416500373227684
15792.238852178061 61.965000294782051
16021.942255696367 61.197498688843481
16254.986772155136 60.002495349486068
16491.42099916115 58.578506027823686
16731.294241189662 57.306504023824054
16974.65651986603 56.363998845107119
17221.558584396902 55.815500923270676
17472.051922153143 55.569501058509687
17726.188769406665 55.540000026767174
17984.022122223458 55.684501269871795
18245.605747515034 55.980501277362919
18510.99419425065 56.434000470750199
18780.242804832582 57.086502555926671
19053.40772663689 57.953999131874042
19330.545923722028 58.717497034923881
19611.71518870775 58.498498897231237
19896.974154826825 56.831504939015915
20186.382308152035 56.831500000000005
