20 72.682500000000005
20.290906698750476 72.596682237809404
20.586044732869844 72.513907461771566
20.885475648548283 72.432921574891964
21.189261887185914 72.352827956947849
21.49746679841394 72.268452895822364
21.810154653305165 72.181656431292396
22.12739065777668 72.093786045755849
22.449240966187475 72.007107731483700
22.77577269513385 71.926825025186403
23.107053937445478 71.853340174374623
23.44315377638505 71.781960416169795
23.784142300054445 71.705456737362283
24.130090616010463 71.620525871843469
24.481070866093134 71.523668437488652
24.837156241469714 71.422596404376492
25.1984209978975 71.326402645536149
25.56494047120865 71.238506829512161
25.936791093020236 71.157773804096735
26.3140504066728 71.077218963917403
26.69679708340074 70.988276707275318
27.08511093873791 70.893030936776967
27.47907294916184 70.797173723949015
27.878765268980047 70.705974727651935
28.284271247461966 70.618450224290598
28.695675446220072 70.527690322815602
29.11306365684382 70.430525531386962
29.536522918790062 70.328172774515863
29.966141537533712 70.230219729442311
30.402009102982383 70.136578089780073
30.844216508158908 70.041731699378701
31.29285596815558 69.938455637602857
31.74802103936409 69.830715055749437
32.20980663898519 69.728909252286002
32.67830906482211 69.639152531785768
33.153626015361866 69.557076325357770
33.63585661014871 69.471279674241302
34.125101410453844 69.374853805215153
34.62146244024586 69.271721662189847
35.12504320746613 69.170366660959047
35.635948725613716 69.073393280663907
36.15428553564419 68.980500031262267
36.68016172818701 68.889012182751827
37.21368696608603 68.796604780934942
37.754972507267915 68.699694399459531
38.30413122794313 68.597902866006962
38.86127764614443 68.489446226511575
39.4265279456077 68.377102589063696
40.000000000000206 68.269499999999965
40.58181339750116 68.176409546098299
41.1720894657399 68.086733228196636
41.77095129709678 67.978301223450586
42.37852377437204 67.856055516244055
42.9949335968281 67.750248130347813
43.62030930661056 67.670129364804410
44.25478131555359 67.582830866778409
44.89848193237519 67.470696306441923
45.55154539026795 67.345500934506433
46.21410787489121 67.223437242518912
46.88630755277036 67.103005704649803
47.56828460010916 66.995061986469381
48.260181232021196 66.909718191925435
48.962141732186545 66.817366189457601
49.674312482939705 66.709710326247887
50.39684199579528 66.614111139994847
51.129880942417586 66.537132519484473
51.873582186040764 66.456602825568098
52.628100813345895 66.345863442502235
53.393594166801776 66.225706797842477
54.17022187747612 66.131944433161863
54.95814589832399 66.063230407671654
55.75753053796041 65.972111807847256
56.56854249492426 65.871853544371774
57.39135089244048 65.774973024600442
58.226127313687975 65.679364722357448
59.073045837580466 65.577990159921882
59.932283075067765 65.477889021754606
60.804018205965114 65.388207172555155
61.68843301631817 65.321348621674701
62.58571193631152 65.216268312320935
63.49604207872855 65.060220341671396
64.41961327797075 64.935770164318285
65.35661812964459 64.823277482561991
66.3072520307241 64.637937951594026
67.27171322029778 64.504911955252510
68.25020282090806 64.523615366006865
69.2429248804921 64.442087197587000
70.25008641493265 64.246856982486548
71.27189745122783 64.095937949024560
72.30857107128878 64.106025719466317
73.36032345637442 64.009162047013760
74.42737393217246 63.801364571512359
75.50994501453623 63.726950268552983
76.60826245588666 63.649855362714220
77.72255529228926 63.447570571964832
78.85305589121582 63.243065234064581
80.00000000000082 63.157999999999930
81.16362679500274 63.056667246603297
82.34417893148023 62.882313175298130
83.541902594194 62.732769784696224
84.75704754874454 62.573494971592851
85.98986719365665 62.447374827203703
87.24061861322157 62.296221884050780
88.50956263110764 62.150075612326262
89.79696386475084 62.025626826407418
91.10309078053635 61.894771401557747
92.42821574978288 61.772571004663703
93.77261510554118 61.619649600594457
95.13656920021877 61.489594933300793
96.52036246404286 61.360224224315097
97.92428346437356 61.213165741050133
99.34862496587989 61.064380782943367
100.79368399159105 60.932655808739987
102.25976188483567 60.798322620940610
103.74716437208203 60.654084201641595
105.25620162669229 60.503077242152301
106.78718833360406 60.355841069419625
108.34044375495276 60.218501984992379
109.9162917966485 60.076670219774883
111.51506107592134 59.926722747523492
113.13708498984903 59.772029536756904
114.78270178488147 59.616371758596756
116.45225462737648 59.488731046020206
118.14609167516147 59.405392489777597
119.86456615013608 59.351194406952942
121.60803641193078 59.272197953342470
123.3768660326369 59.160347971527798
125.17142387262359 59.054100230241446
126.99208415745765 58.966364128756950
128.83922655594208 58.900577899705340
130.71323625928977 58.857207960856435
132.61450406144883 58.857784357628390
134.5434264405962 58.905911955252520
136.50040564181674 58.946383011425880
138.48584976098482 58.981951659572061
140.50017282986593 59.013171045023270
142.5437949024563 59.064942804195560
144.61714214257822 59.126631406419925
146.7206469127495 59.147447363946299
148.8547478643456 59.127385488014646
151.01989002907314 59.086194243406908
153.216524911774 59.023469769005459
155.4451105845792 58.917395763029731
157.70611178243232 58.790122629609741
160.00000000000236 58.663499999999871
162.3272535900062 58.532242897523652
164.6883578629612 58.388572498786772
167.08380518838874 58.237386751056150
169.51409509748981 58.083306370819145
171.97973438731407 57.938071352413246
174.4812372264439 57.781597064952877
177.01912526221608 57.620487458375500
179.5939277295025 57.470227333872458
182.20618156107355 57.319923942082170
184.85643149956664 57.166326973025136
187.54523021108326 57.010467108179341
190.27313840043846 56.857594994215276
193.04072492808663 56.701935693998379
195.84856692874806 56.546328818918852
198.69724993176072 56.386298953944234
201.58736798318304 56.213905991695306
204.5195237696723 56.040633891167069
207.49432874416505 55.875555302605783
210.5124032533856 55.707284745721431
213.57437666720915 55.525463023300247
216.68088750990657 55.363444958872236
219.83258359329807 55.169593586164112
223.03012215184378 55.053082020492411
226.2741699796992 54.890630367817046
229.5654035697641 54.675052557256038
232.90450925475412 54.509956234778144
236.2921833503241 54.361194336697181
239.72913230027333 54.198798498812081
243.21607282386276 54.031046813956003
246.75373206527502 53.876274222144218
250.34284774524843 53.719700419368294
253.9841683149166 53.557206488946846
257.67845311188546 53.443847373448506
261.42647251858085 53.333775678831515
265.22900812289896 53.218788154666370
269.08685288119375 53.114285251529559
273.0008112836349 53.009850560080494
276.97169952197106 52.888284152856684
281.00034565973334 52.759389077152427
285.0875898049141 52.630056982554891
289.23428428515797 52.490728048018696
293.44129382550057 52.349716656845729
297.7094957286928 52.208899489671751
302.0397800581479 52.064137533008434
306.4330498235497 51.916303847518932
310.89022116916016 51.770581534356154
315.41222356486645 51.630185178854816
320.00000000000654 51.481999999999800
324.6545071800142 51.336313925265557
329.3767157259242 51.188946469351166
334.16761037677935 51.055724236713928
339.02819019498156 50.908528922975073
343.95946877463007 50.743878061662578
348.9624744528898 50.631231748168645
354.03825052443415 50.519331713095347
359.187855459007 50.398666611167435
364.4123631221491 50.276691939253922
369.71286299913527 50.134338840123604
375.0904604221685 50.037681862419831
380.54627680087896 49.958182823758619
386.08144985617537 49.897818081380720
391.6971338574982 49.861697909453291
397.3944998635236 49.850401849549627
403.1747359663683 49.885456133053069
409.0390475393468 49.939137221431849
414.9886574883323 49.999880903627485
421.0248065067734 50.034740864114397
427.1487533344206 50.013752148320556
433.3617750198154 49.959249714505724
439.6651671865984 49.956422145085419
446.06024430368984 49.990623519302979
452.54833995940066 50.039102881703627
459.13080713953053 50.081194727531532
465.8090185095106 50.115775419711049
472.58436670065066 50.144010012038272
479.45826460054917 50.167830136216054
486.432145647728 50.188853222378413
493.50746413055253 50.204444565994038
500.6856954904994 50.219985687267595
507.9683366298358 50.230454483905390
515.3569062237735 50.245417758861137
522.8529450371643 50.265751852954189
530.4580162458005 50.295061073106105
538.1737057623901 50.329880936366408
546.0016225672724 50.371225180094541
553.9433990439449 50.421945769861203
562.0006913194694 50.469905323159914
570.1751796098309 50.533111652410447
578.4685685703187 50.609410830846926
586.8825876510039 50.676151795530181
595.4189914573883 50.733868696608681
604.0795601162986 50.784682608132371
612.8660996471021 50.822683770218632
621.780442338323 50.855184500113765
630.8244471297356 50.898374901509754
640.0000000000159 50.941500000000090
649.3090143600314 50.994095931134183
658.7534314518515 50.997562328427406
668.3352207535618 50.972077576701636
678.0563803899662 50.929135012167166
687.9189375492632 50.891095877945190
697.9249489057827 50.893406186132225
708.0765010488715 50.933151904824811
718.3757109180171 50.979690699131076
728.8247262443015 51.030241158597079
739.425725998274 51.070875186193618
750.1809208443404 51.109618146218168
761.0925536017613 51.146899558139353
772.1628997123541 51.187524552784083
783.3942677149998 51.234482778915194
794.7889997270506 51.277412874078792
806.34947193274 51.316164906442467
818.0780950786972 51.353468058123738
829.9773149766683 51.373351388851539
842.0496130135506 51.367112919235325
854.2975066688449 51.371571582784405
866.7235500396347 51.422796275233239
879.3303343732008 51.498348073113846
892.1204886073838 51.575036183543077
905.0966799188055 51.648607016226862
918.2616142790653 51.719234721942726
931.6180370190256 51.791399203604641
945.1687334013056 51.866525428157289
958.9165292011028 51.944026998806251
972.8642912954606 52.023342888912623
987.0149282611097 52.105279006439517
1001.3713909810035 52.187862641624420
1015.9366732596762 52.271713706884029
1030.7138124475518 52.361808367987010
1045.7058900743334 52.452395267640469
1060.916032491606 52.545118332615189
1076.3474115247852 52.639629382866204
1092.0032451345498 52.733831666575938
1107.8867980878947 52.827483860297392
1124.0013826389438 52.921563697762672
1140.350359219667 53.017808360415543
1156.9371371406426 53.114230876350952
1173.765175302013 53.210539434530197
1190.837982914782 53.307693133514917
1208.1591202326028 53.405952272716192
1225.73219929421 53.503300057989307
1243.5608846766518 53.602084865721586
1261.648894259477 53.700404029001177
1280.0000000000375 53.798000000000187
1298.6180287200684 53.893749861988923
1317.5068629037087 53.990534314518541
1336.6704415071292 54.086768968573324
1356.112760779938 54.181244070763199
1375.8378750985323 54.272854225453244
1395.8498978115715 54.362135797816208
1416.153002097749 54.450496342423577
1436.7514218360407 54.539362328349071
1457.6494524886093 54.627974711402388
1478.8514519965543 54.716599069345598
1500.3618416886875 54.806505261424938
1522.1851072035295 54.897290045966685
1544.3257994247153 54.989395325606814
1566.788535430007 55.079818371011427
1589.5779994541087 55.171103557805516
1612.6989438654878 55.264557712093875
1636.156190157402 55.359571008235903
1659.9546299533442 55.455915797610579
1684.099226027109 55.553942857670066
1708.5950133376978 55.654083355218070
1733.4471000792773 55.757815704336139
1758.6606687464096 55.865067662234637
1784.2409772147755 55.975660299745016
1810.193359837619 56.090666252072531
1836.5232285581387 56.208854528511623
1863.2360740380593 56.330915383536592
1890.3374668026197 56.457279344636262
1917.833058402214 56.586672035658452
1945.7285825909298 56.720411768088283
1974.0298565222283 56.859707491219808
2002.7427819620161 57.005125327104381
2031.8733465193618 57.155459958994605
2061.4276248951132 57.312756761930117
2091.411780148677 57.475929498501735
2121.832064983222 57.646988572028945
2152.694823049581 57.824947344263805
2184.0064902691106 58.007738454844478
2215.7735961758003 58.197141577054801
2248.002765277899 58.391050109352584
2280.7007184393456 58.589417691865364
2313.874274281297 58.791364311020601
2347.530350604038 58.996350793664497
2381.6759658295764 59.199617248821632
2416.318240465218 59.399970029302899
2451.4643985884327 59.596895717148158
2487.1217693533167 59.790745377572577
2523.2977885189675 59.972867941386454
2560.0000000000887 60.144000000000403
2597.236057440151 60.302659680478605
2635.0137258074315 60.447548955379837
2673.340883014273 60.571897932155849
2712.225521559891 60.677693378540397
2751.6757501970797 60.758767712884307
2791.699795623158 60.817398476645977
2832.3060041955137 60.845945242265572
2873.502843672097 60.851504516575744
2915.2989049772345 60.833842941719581
2957.7029039931244 60.792291585930450
3000.723683377391 60.726453126780825
3044.370214407075 60.631720137795881
3088.6515988494466 60.516275523221552
3133.57707086003 60.385179360648408
3179.1559989082334 60.243950163428146
3225.3978877309914 60.097226759260828
3272.3123803148205 59.950000992433502
3319.9092599067053 59.809453164860294
3368.198452054235 59.682005699590377
3417.190026675413 59.574714151450749
3466.8942001585724 59.496416379825575
3517.3213374928373 59.454630385377222
3568.4819544295697 59.455589172657739
3620.386719675257 59.508341954660928
3673.0464571162966 59.622491009067957
3726.472148076138 59.806506364150650
3780.6749336052594 60.073841414852239
3835.6661168044484 60.402692834127002
3891.45716518188 60.814998394278909
3948.059713044477 61.271356436421101
4005.4855639240527 61.763715876060147
4063.746693038744 62.251318754884508
4122.855249790247 62.694154961203026
4182.823560297375 63.059943833596293
4243.664129966465 63.328076915637922
4305.389646099183 63.500013079857872
4368.012980538242 63.572430188060665
4431.5471923516225 63.551199991466888
4496.00553055582 63.470058969976485
4561.401436878714 63.343765328188042
4627.748548562617 63.192257771069499
4695.060701208099 63.022051259612532
4763.351931659176 62.835016430665007
4832.63648093046 62.625925977738788
4902.928797176889 62.382574684610233
4974.243538706657 62.105745402835041
5046.595577037959 61.783413011486466
5120.000000000202 61.421357142856095
5194.472114880326 61.020450394267911
5270.027451614888 60.593718182649951
5346.6817660285715 60.156997455712499
5424.451043119808 59.724924307546189
5503.351500394186 59.314550594426670
5583.399591246343 58.942720602165011
5664.612008391055 58.629081689037008
5747.005687344222 58.377225326651910
5830.597809954497 58.199192956561433
5915.405807986278 58.105191883840277
6001.447366754812 58.105236840105775
6088.740428814181 58.218978669928745
6177.303197698925 58.441505072751610
6267.154141720092 58.768153127509379
6358.3119978165005 59.193268429093422
6450.795775462017 59.690020004624259
6544.624760629676 60.236132944762311
6639.818519813445 60.801132896503063
6736.396904108505 61.348267560816161
6834.380053350861 61.837959835810807
6933.788400317181 62.241529025065731
7034.642674985712 62.534324630220993
7136.963908859177 62.670696390885915
7240.773439350552 62.571600659278829
7346.092914232631 62.154618066018188
7452.944296152315 61.391737939013140
7561.349867210557 60.362998227792446
7671.332233608935 59.221575755413014
7782.914330363799 58.051514268819311
7896.119426088994 56.911171429908848
8010.971127848146 55.872330933359351
8127.49338607753 54.968474639839044
8245.710499580537 54.218705331506520
8365.647120594791 53.612819600408372
8487.328259932974 53.134494215503864
8610.77929219841 52.826168663333732
8736.025961076528 52.498369964236545
8863.094384703289 52.079352767838273
8992.011061111683 51.541340504960573
9122.802873757471 50.901491793485121
9255.497097125279 49.955548887154322
9390.121402416245 49.034849860401849
9526.7038633184 48.255394525050761
9665.272961860968 47.764784865358607
9805.857594353829 47.627421080557866
9948.487077413367 47.826866525549974
10093.19115407597 48.338743289415277
10240.000000000457 49.069800000002516
10388.944229760706 49.980996415115470
10540.05490322983 51.068351161522244
10693.363532057198 52.302075186865792
10848.902086239672 53.653102157704289
11006.703000788428 55.081999010336645
11166.799182492743 56.531836919389967
11329.224016782166 57.911097406937600
11494.0113746885 59.172533509171402
11661.195619909053 60.166455096418574
11830.811615972614 60.989866631043029
12002.894733509682 61.589510109845278
12177.48085762842 62.075908526698100
12354.606395397908 62.368063139610129
12534.308283440243 62.484989467727885
12716.62399563306 62.310410567904157
12901.591550924093 61.798849994219466
13089.249521259411 61.132664199529088
13279.637039626952 60.375802655944412
13472.793808217073 59.617262135623960
13668.760106701786 58.971518803635789
13867.576800634426 58.468805442702603
14069.285349971487 58.077097064299750
14273.927817718419 57.719995958081356
14481.54687870117 57.236518155133425
14692.18582846533 56.430175375963429
14905.888592304698 55.280945528217671
15122.699734421185 53.852614089327687
15342.664467217943 52.282410441112916
15565.828660727671 50.757974777062330
15792.238852178061 49.496672966593636
16021.942255696367 48.709762154501021
16254.986772155136 48.366019233035715
16491.42099916115 48.200988142585516
16731.294241189662 47.998399894988793
16974.65651986603 48.039562756045967
17221.558584396902 48.482913528430693
17472.051922153143 49.353930554302039
17726.188769406665 50.686514528033442
17984.022122223458 52.547763704453587
18245.605747515034 55.009570042788454
18510.99419425065 57.939929533281813
18780.242804832582 60.369563503988388
19053.40772663689 60.875147495797087
19330.545923722028 59.017764164110417
19611.71518870775 55.343687461436886
19896.974154826825 53.161000000000001
20186.382308152035 53.161000000000001
