20 68.942499999999995
20.290906698750476 68.961993747854422
20.586044732869844 68.979502618144551
20.885475648548283 68.997027381084195
21.189261887185914 69.014516155378345
21.49746679841394 69.033529827374693
21.810154653305165 69.053509757306315
22.12739065777668 69.073522444623819
22.449240966187475 69.092011421944662
22.77577269513385 69.107489225610323
23.107053937445478 69.120501846073282
23.44315377638505 69.132005186007120
23.784142300054445 69.143505346533829
24.130090616010463 69.156503614313806
24.481070866093134 69.170502786868838
24.837156241469714 69.184505410023178
25.1984209978975 69.197011471332360
25.56494047120865 69.206998377962094
25.936791093020236 69.215994945798883
26.3140504066728 69.224001184491001
26.69679708340074 69.232995231724828
27.08511093873791 69.240501830207606
27.47907294916184 69.247000729491617
27.878765268980047 69.250997652689790
28.284271247461966 69.253501975102878
28.695675446220072 69.256497636744328
29.11306365684382 69.262500900804383
29.536522918790062 69.268493248850803
29.966141537533712 69.274501136195795
30.402009102982383 69.278000041189955
30.844216508158908 69.280000000000001
31.29285596815558 69.280000000000001
31.74802103936409 69.280000022769869
32.20980663898519 69.280499790734837
32.67830906482211 69.280000000000001
33.153626015361866 69.280000000000001
33.63585661014871 69.279000297489318
34.125101410453844 69.275998773260653
34.62146244024586 69.269994494758976
35.12504320746613 69.263999661781085
35.635948725613716 69.260000401365062
36.15428553564419 69.259999728578293
36.68016172818701 69.259499091414682
37.21368696608603 69.256501758617489
37.754972507267915 69.251500254091795
38.30413122794313 69.245498115218055
38.86127764614443 69.237494358779756
39.4265279456077 69.226009591211152
40.000000000000206 69.213499999999996
40.58181339750116 69.202503526851359
41.1720894657399 69.192497834301790
41.77095129709678 69.178001178951746
42.37852377437204 69.161512923886292
42.9949335968281 69.145001778656393
43.62030930661056 69.127989770962472
44.25478131555359 69.107007232084058
44.89848193237519 69.085485630456702
45.55154539026795 69.066013554877344
46.21410787489121 69.043995746005038
46.88630755277036 69.017488049635773
47.56828460010916 68.990990335111903
48.260181232021196 68.967493804033467
48.962141732186545 68.943495322041599
49.674312482939705 68.919989843223959
50.39684199579528 68.896505135683000
51.129880942417586 68.868004629114722
51.873582186040764 68.835018532070762
52.628100813345895 68.803495591061250
53.393594166801776 68.770017748579818
54.17022187747612 68.726487610902353
54.95814589832399 68.682493343388970
55.75753053796041 68.646021419205567
56.56854249492426 68.600025949733023
57.39135089244048 68.546986552625029
58.226127313687975 68.514996016750018
59.073045837580466 68.488497598729765
59.932283075067765 68.443484904827244
60.804018205965114 68.396999155605698
61.68843301631817 68.355975166658823
62.58571193631152 68.304516520356287
63.49604207872855 68.244997404234283
64.41961327797075 68.188023856229080
65.35661812964459 68.133022415015517
66.3072520307241 68.072982893251364
67.27171322029778 68.007519465358030
68.25020282090806 67.937485906704268
69.2429248804921 67.868505219784538
70.25008641493265 67.801493616117995
71.27189745122783 67.726007575765465
72.30857107128878 67.652530401408171
73.36032345637442 67.586477264078638
74.42737393217246 67.511470824313420
75.50994501453623 67.427004290186233
76.60826245588666 67.342979992152138
77.72255529228926 67.258033901484666
78.85305589121582 67.171995736284757
80.00000000000082 67.084499999999935
81.16362679500274 66.992529497302186
82.34417893148023 66.899986483055955
83.541902594194 66.809507358285003
84.75704754874454 66.716996510006993
85.98986719365665 66.626509747748642
87.24061861322157 66.538526828166681
88.50956263110764 66.445532053039400
89.79696386475084 66.363502302323568
91.10309078053635 66.299995752156036
92.42821574978288 66.237991177518182
93.77261510554118 66.183015739178614
95.13656920021877 66.136514686356179
96.52036246404286 66.087484897331535
97.92428346437356 66.028984981361248
99.34862496587989 65.953519870228817
100.79368399159105 65.865519244802755
102.25976188483567 65.765516242507800
103.74716437208203 65.660988617042705
105.25620162669229 65.556486369456138
106.78718833360406 65.452987872916680
108.34044375495276 65.352971983745050
109.9162917966485 65.253482025034458
111.51506107592134 65.154996159220730
113.13708498984903 65.052994320240956
114.78270178488147 64.943019929321409
116.45225462737648 64.821480534684028
118.14609167516147 64.691992987036798
119.86456615013608 64.560533188631240
121.60803641193078 64.424997210957258
123.3768660326369 64.289510261491074
125.17142387262359 64.160470321933275
126.99208415745765 64.032994760093317
128.83922655594208 63.917988333698815
130.71323625928977 63.821490745890074
132.61450406144883 63.747019425563650
134.5434264405962 63.694492700173754
136.50040564181674 63.660997344741382
138.48584976098482 63.648000983437662
140.50017282986593 63.659003382189155
142.5437949024563 63.698995986349438
144.61714214257822 63.780508613678101
146.7206469127495 63.907978603315378
148.8547478643456 64.076480091444338
151.01989002907314 64.272990018805018
153.216524911774 64.480455129355079
155.4451105845792 64.669507165254686
157.70611178243232 64.816004507356126
160.00000000000236 64.908500000000046
162.3272535900062 64.952501127782739
164.6883578629612 64.962998506415019
167.08380518838874 64.953000813070162
169.51409509748981 64.930499151603897
171.97973438731407 64.908502369618446
174.4812372264439 64.887497336109675
177.01912526221608 64.858997713660528
179.5939277295025 64.812001319111999
182.20618156107355 64.747994518910986
184.85643149956664 64.667986039247936
187.54523021108326 64.580992489447794
190.27313840043846 64.491995649986222
193.04072492808663 64.405008645685143
195.84856692874806 64.319013263578228
198.69724993176072 64.231992130176394
201.58736798318304 64.140988206471462
204.5195237696723 64.047015262751728
207.49432874416505 63.952989815248699
210.5124032533856 63.859487752264904
213.57437666720915 63.766488967906014
216.68088750990657 63.675503294688923
219.83258359329807 63.588511493459094
223.03012215184378 63.505996968796723
226.2741699796992 63.425496384509586
229.5654035697641 63.355493233560843
232.90450925475412 63.299508228063999
236.2921833503241 63.255998266253840
239.72913230027333 63.223499146327462
243.21607282386276 63.200999650083190
246.75373206527502 63.184001287419534
250.34284774524843 63.166000763607002
253.9841683149166 63.140498541938996
257.67845311188546 63.108494922438851
261.42647251858085 63.066493663305913
265.22900812289896 63.015499876830070
269.08685288119375 62.957002230806154
273.0008112836349 62.892503109914543
276.97169952197106 62.822005334601116
281.00034565973334 62.748493785227396
285.0875898049141 62.675007375082885
289.23428428515797 62.601994898138955
293.44129382550057 62.526494631438503
297.7094957286928 62.448509213671109
302.0397800581479 62.371503911206148
306.4330498235497 62.292499133649294
310.89022116916016 62.214996087232905
315.41222356486645 62.134996199202355
320.00000000000654 62.056999999999888
324.6545071800142 61.980508098975065
329.3767157259242 61.904004605456755
334.16761037677935 61.830505977313024
339.02819019498156 61.761997492866804
343.95946877463007 61.696994565475009
348.9624744528898 61.638995233038344
354.03825052443415 61.587998200115713
359.187855459007 61.551001038449854
364.4123631221491 61.527499760247593
369.71286299913527 61.524000090455203
375.0904604221685 61.550505147681868
380.54627680087896 61.611505250965187
386.08144985617537 61.716512015389299
391.6971338574982 61.866504463482741
397.3944998635236 62.056483322932522
403.1747359663683 62.270990201520071
409.0390475393468 62.485501589971435
414.9886574883323 62.684488544567756
421.0248065067734 62.861494325993853
427.1487533344206 63.018493676274339
433.3617750198154 63.159994876115221
439.6651671865984 63.289003163342990
446.06024430368984 63.410004292635733
452.54833995940066 63.524005344948797
459.13080713953053 63.627496967786939
465.8090185095106 63.716500184412098
472.58436670065066 63.784002427244630
479.45826460054917 63.829500986466059
486.432145647728 63.855500174983142
493.50746413055253 63.864000032325563
500.6856954904994 63.864499978791656
507.9683366298358 63.864000455582399
515.3569062237735 63.873999873086717
522.8529450371643 63.899499813026637
530.4580162458005 63.942500126328156
538.1737057623901 64.002497711993698
546.0016225672724 64.075496480251772
553.9433990439449 64.153003639827503
562.0006913194694 64.226497184410647
570.1751796098309 64.292501234357417
578.4685685703187 64.349497035026303
586.8825876510039 64.395997721151844
595.4189914573883 64.431999963972117
604.0795601162986 64.460998527118420
612.8660996471021 64.486000251521176
621.780442338323 64.508501076010958
630.8244471297356 64.530501072019860
640.0000000000159 64.552500000000038
649.3090143600314 64.573000022808174
658.7534314518515 64.588000337704955
668.3352207535618 64.595499977291070
678.0563803899662 64.594499749312092
687.9189375492632 64.588000041156832
697.9249489057827 64.579500043404039
708.0765010488715 64.570499586513051
718.3757109180171 64.562000238562803
728.8247262443015 64.555500170294962
739.425725998274 64.553500051693561
750.1809208443404 64.555999981600252
761.0925536017613 64.563999672728556
772.1628997123541 64.579499859579187
783.3942677149998 64.600500587351902
794.7889997270506 64.625499999401171
806.34947193274 64.655501408274006
818.0780950786972 64.690500311628639
829.9773149766683 64.729501147931202
842.0496130135506 64.773498589629440
854.2975066688449 64.821002058966485
866.7235500396347 64.871498171481576
879.3303343732008 64.925501464026524
892.1204886073838 64.981502240281984
905.0966799188055 65.040998532416495
918.2616142790653 65.101998212762865
931.6180370190256 65.167000187130341
945.1687334013056 65.235498652349605
958.9165292011028 65.306497568612031
972.8642912954606 65.381501605614162
987.0149282611097 65.459499604576820
1001.3713909810035 65.540002241309480
1015.9366732596762 65.623498126952015
1030.7138124475518 65.708998914818011
1045.7058900743334 65.797499351092483
1060.916032491606 65.887000188451736
1076.3474115247852 65.976502352546504
1092.0032451345498 66.066001388951747
1107.8867980878947 66.155998855950031
1124.0013826389438 66.245502118100461
1140.350359219667 66.336001970759611
1156.9371371406426 66.427000749758690
1173.765175302013 66.519000944636872
1190.837982914782 66.610999907934158
1208.1591202326028 66.702500632875186
1225.73219929421 66.795001033973548
1243.5608846766518 66.887499401682106
1261.648894259477 66.978999465100742
1280.0000000000375 67.071500000000185
1298.6180287200684 67.165000142163507
1317.5068629037087 67.258499321377343
1336.6704415071292 67.353002168591814
1356.112760779938 67.448498825000456
1375.8378750985323 67.545499385782392
1395.8498978115715 67.642999502130138
1416.153002097749 67.743000010336999
1436.7514218360407 67.844502079103847
1457.6494524886093 67.947502262229619
1478.8514519965543 68.053502269333265
1500.3618416886875 68.161499205168440
1522.1851072035295 68.273500559234350
1544.3257994247153 68.388998953685686
1566.788535430007 68.508497528552994
1589.5779994541087 68.632999997017706
1612.6989438654878 68.762999684378414
1636.156190157402 68.899501146585450
1659.9546299533442 69.042997768742595
1684.099226027109 69.192501448655136
1708.5950133376978 69.349500088016356
1733.4471000792773 69.513500670793917
1758.6606687464096 69.682497779731236
1784.2409772147755 69.856999844565223
1810.193359837619 70.038502541959645
1836.5232285581387 70.224501629930202
1863.2360740380593 70.415000525877304
1890.3374668026197 70.607496212807320
1917.833058402214 70.801000398824982
1945.7285825909298 70.991497149540152
1974.0298565222283 71.178999049429976
2002.7427819620161 71.361498614149269
2031.8733465193618 71.534501881791840
2061.4276248951132 71.694997962972963
2091.411780148677 71.843498911155237
2121.832064983222 71.978000249506266
2152.694823049581 72.096499320590198
2184.0064902691106 72.199498323253664
2215.7735961758003 72.287498881338195
2248.002765277899 72.360999464703397
2280.7007184393456 72.422499470426928
2313.874274281297 72.473000338206376
2347.530350604038 72.514500364506631
2381.6759658295764 72.549999964474608
2416.318240465218 72.580500198414938
2451.4643985884327 72.609500340931845
2487.1217693533167 72.639999802716815
2523.2977885189675 72.669999824623204
2560.0000000000887 72.702000000000083
2597.236057440151 72.735500050175361
2635.0137258074315 72.768499760486137
2673.340883014273 72.799999903852381
2712.225521559891 72.827999655488668
2751.6757501970797 72.842999905017905
2791.699795623158 72.842500002553180
2832.3060041955137 72.818999994653382
2873.502843672097 72.766500199218754
2915.2989049772345 72.680000196656835
2957.7029039931244 72.557000278484239
3000.723683377391 72.397001177555552
3044.370214407075 72.205998973526491
3088.6515988494466 71.994001920507600
3133.57707086003 71.774499675852567
3179.1559989082334 71.566000004994265
3225.3978877309914 71.385000439442294
3272.3123803148205 71.243499220944699
3319.9092599067053 71.145999717428367
3368.198452054235 71.093499875434105
3417.190026675413 71.080000013417134
3466.8942001585724 71.105000240141067
3517.3213374928373 71.165500626684775
3568.4819544295697 71.260499915381033
3620.386719675257 71.388999306006568
3673.0464571162966 71.556501771105331
3726.472148076138 71.763500666578921
3780.6749336052594 72.007499701117709
3835.6661168044484 72.286000644831063
3891.45716518188 72.594000954268765
3948.059713044477 72.920998342235293
4005.4855639240527 73.262497406750668
4063.746693038744 73.606998184923839
4122.855249790247 73.941501295415435
4182.823560297375 74.252497719696578
4243.664129966465 74.524000464271225
4305.389646099183 74.744498735781832
4368.012980538242 74.899999951674246
4431.5471923516225 74.983500029841395
4496.00553055582 74.993499505108801
4561.401436878714 74.932499180210414
4627.748548562617 74.808000847108502
4695.060701208099 74.635000767931402
4763.351931659176 74.431000204148830
4832.63648093046 74.211501644450664
4902.928797176889 73.992500631910616
4974.243538706657 73.783501351893818
5046.595577037959 73.593001113642600
5120.000000000202 73.434499999999673
5194.472114880326 73.315499886723785
5270.027451614888 73.240999864494910
5346.6817660285715 73.218000070202123
5424.451043119808 73.249500052191252
5503.351500394186 73.344999395288340
5583.399591246343 73.515001900130471
5664.612008391055 73.776000037986535
5747.005687344222 74.148998584598331
5830.597809954497 74.639998883716828
5915.405807986278 75.135498878138861
6001.447366754812 75.416000911708778
6088.740428814181 75.633000818282994
6177.303197698925 75.801999261800205
6267.154141720092 75.466499187687887
6358.3119978165005 74.944000012515389
6450.795775462017 74.711000565690824
6544.624760629676 74.701000025511334
6639.818519813445 74.723999668990913
6736.396904108505 74.662500061062218
6834.380053350861 74.452999797403152
6933.788400317181 74.075502277261251
7034.642674985712 73.538001732159159
7136.963908859177 72.871500593674398
7240.773439350552 72.112496581392165
7346.092914232631 71.293000667360033
7452.944296152315 70.441997651948100
7561.349867210557 69.582501052824810
7671.332233608935 68.735498279069901
7782.914330363799 67.913504933018089
7896.119426088994 67.129003977149281
8010.971127848146 66.391499258291589
8127.49338607753 65.715497988261035
8245.710499580537 65.099502607541908
8365.647120594791 64.534999486128498
8487.328259932974 64.016499016705424
8610.77929219841 63.549499032980904
8736.025961076528 63.135000128815690
8863.094384703289 62.765001791623312
8992.011061111683 62.429999864265824
9122.802873757471 62.139500280395239
9255.497097125279 61.936999964648663
9390.121402416245 61.888000461097960
9526.7038633184 62.044499843387015
9665.272961860968 62.412999898575926
9805.857594353829 62.830001181373561
9948.487077413367 63.113500218805754
10093.19115407597 63.522500724679389
10240.000000000457 64.213000000002779
10388.944229760706 65.117501562289476
10540.05490322983 66.144999341997931
10693.363532057198 67.173003326661643
10848.902086239672 68.145500451689713
11006.703000788428 68.972000003082883
11166.799182492743 69.598000454476306
11329.224016782166 70.002500019451617
11494.0113746885 70.193499275223331
11661.195619909053 70.230499945178636
11830.811615972614 70.215500033961291
12002.894733509682 70.245499953541554
12177.48085762842 70.313499648961425
12354.606395397908 70.240998803044675
12534.308283440243 69.697002169181957
12716.62399563306 68.390500031294238
12901.591550924093 66.569004422342061
13089.249521259411 64.694504782099528
13279.637039626952 62.977499708065707
13472.793808217073 61.554501412877116
13668.760106701786 60.484999614661312
13867.576800634426 59.767000719981098
14069.285349971487 59.304999253516833
14273.927817718419 58.868500388803476
14481.54687870117 58.221500378001735
14692.18582846533 57.326500728846653
14905.888592304698 56.278501999338687
15122.699734421185 55.165001363962219
15342.664467217943 53.997997216560606
15565.828660727671 52.668502021206557
15792.238852178061 51.281500905565252
16021.942255696367 50.169999376240604
16254.986772155136 49.601500369036572
16491.42099916115 49.714499521668486
16731.294241189662 50.513997470874735
16974.65651986603 51.971003684708371
17221.558584396902 53.720997054286812
17472.051922153143 54.825995245312157
17726.188769406665 54.552000248617176
17984.022122223458 52.800488873606426
18245.605747515034 50.206993165333792
18510.99419425065 47.780498734926482
18780.242804832582 46.026997005072658
19053.40772663689 45.010501017233473
19330.545923722028 44.524501887396198
19611.71518870775 43.317997934375846
19896.974154826825 40.195509251396047
20186.382308152035 40.195499999999996
