20 66.012499999999989
20.290906698750476 65.976136541444660
20.586044732869844 65.946872263360262
20.885475648548283 65.922661948116144
21.189261887185914 65.894020212316633
21.49746679841394 65.848724929609716
21.810154653305165 65.789664211418767
22.12739065777668 65.716700148711368
22.449240966187475 65.646121471671762
22.77577269513385 65.601327396558077
23.107053937445478 65.591068476476437
23.44315377638505 65.608713753437655
23.784142300054445 65.628365692002177
24.130090616010463 65.628110444940774
24.481070866093134 65.580964823955100
24.837156241469714 65.499367811545397
25.1984209978975 65.397198041846593
25.56494047120865 65.306805647183381
25.936791093020236 65.247017783922985
26.3140504066728 65.219008257460644
26.69679708340074 65.207088080206489
27.08511093873791 65.192244483914834
27.47907294916184 65.168011437146617
27.878765268980047 65.142228714102515
28.284271247461966 65.121707793864203
28.695675446220072 65.104955683936069
29.11306365684382 65.088233753500973
29.536522918790062 65.066089487359847
29.966141537533712 65.037734658522766
30.402009102982383 65.009382802716686
30.844216508158908 64.984248397057456
31.29285596815558 64.959169711870857
31.74802103936409 64.931126653480703
32.20980663898519 64.899893921993069
32.67830906482211 64.865983438267989
33.153626015361866 64.831285300878591
33.63585661014871 64.796490037289587
34.125101410453844 64.762493104089145
34.62146244024586 64.729226403824271
35.12504320746613 64.697747493966972
35.635948725613716 64.668794717542482
36.15428553564419 64.642402865360367
36.68016172818701 64.618753045687953
37.21368696608603 64.596452521356554
37.754972507267915 64.575347483157032
38.30413122794313 64.554959572249942
38.86127764614443 64.536460098508115
39.4265279456077 64.518796004569765
40.000000000000206 64.500499999999988
40.58181339750116 64.482075847665300
41.1720894657399 64.464814082345498
41.77095129709678 64.447823020992331
42.37852377437204 64.430883975736805
42.9949335968281 64.411827050523954
43.62030930661056 64.391156376497776
44.25478131555359 64.371856614309650
44.89848193237519 64.354207157493846
45.55154539026795 64.337674549000894
46.21410787489121 64.320635571183885
46.88630755277036 64.303465587019573
47.56828460010916 64.287731859238178
48.260181232021196 64.274736215127561
48.962141732186545 64.257823032381623
49.674312482939705 64.236313472418487
50.39684199579528 64.218559203277835
51.129880942417586 64.207701185288414
51.873582186040764 64.199730495401695
52.628100813345895 64.188508243901737
53.393594166801776 64.174620100147592
54.17022187747612 64.163297776514128
54.95814589832399 64.152800574739814
55.75753053796041 64.128092616192248
56.56854249492426 64.111040405071066
57.39135089244048 64.115762149542121
58.226127313687975 64.128881962980984
59.073045837580466 64.114783422816856
59.932283075067765 64.094591347735900
60.804018205965114 64.084454066283172
61.68843301631817 64.075557836264366
62.58571193631152 64.070589303634677
63.49604207872855 64.060807389858439
64.41961327797075 64.049094060581311
65.35661812964459 64.038542273379448
66.3072520307241 64.027120227662039
67.27171322029778 64.018005577288363
68.25020282090806 64.012498783074562
69.2429248804921 64.006178063396305
70.25008641493265 63.999124524717871
71.27189745122783 63.993368615292638
72.30857107128878 63.986994288036620
73.36032345637442 63.980878544446313
74.42737393217246 63.975649443373051
75.50994501453623 63.969950268552992
76.60826245588666 63.965714875935120
77.72255529228926 63.964513587950847
78.85305589121582 63.967066316279805
80.00000000000082 63.968499999999992
81.16362679500274 63.969469691420059
82.34417893148023 63.968179793125685
83.541902594194 63.964794153262126
84.75704754874454 63.958815995734284
85.98986719365665 63.948838640402101
87.24061861322157 63.936193569723699
88.50956263110764 63.922891623514111
89.79696386475084 63.908301076199493
91.10309078053635 63.892211330771616
92.42821574978288 63.879190231582328
93.77261510554118 63.862837081000080
95.13656920021877 63.845849784705152
96.52036246404286 63.828564180734375
97.92428346437356 63.810104432862389
99.34862496587989 63.794513766625613
100.79368399159105 63.778740353431438
102.25976188483567 63.761636111343584
103.74716437208203 63.744727834840759
105.25620162669229 63.727332616723800
106.78718833360406 63.710628116663955
108.34044375495276 63.695375710368793
109.9162917966485 63.679837070579850
111.51506107592134 63.664502997862158
113.13708498984903 63.646102317731319
114.78270178488147 63.622850022524801
116.45225462737648 63.601346792403419
118.14609167516147 63.579140055739742
119.86456615013608 63.551380062097849
121.60803641193078 63.538419960387273
123.3768660326369 63.537016523325761
125.17142387262359 63.530671478692014
126.99208415745765 63.511087074267962
128.83922655594208 63.490169060344684
130.71323625928977 63.468216375248325
132.61450406144883 63.451159349615949
134.5434264405962 63.440869720678215
136.50040564181674 63.434873681664094
138.48584976098482 63.432550711245170
140.50017282986593 63.445001555468792
142.5437949024563 63.463394154122106
144.61714214257822 63.536228541059572
146.7206469127495 63.632682146134130
148.8547478643456 63.753265317162288
151.01989002907314 63.902011642209558
153.216524911774 64.074831397571373
155.4451105845792 64.263546576624563
157.70611178243232 64.459019501506745
160.00000000000236 64.654000000000195
162.3272535900062 64.833198526430479
164.6883578629612 64.982178187503592
167.08380518838874 65.098605321778919
169.51409509748981 65.186076414295158
171.97973438731407 65.244866315888515
174.4812372264439 65.275812372264440
177.01912526221608 65.281403825052450
179.5939277295025 65.270611575806583
182.20618156107355 65.248203129638128
184.85643149956664 65.217694108305096
187.54523021108326 65.186466283509219
190.27313840043846 65.154331594554918
193.04072492808663 65.122119445848568
195.84856692874806 65.088817196855018
198.69724993176072 65.054633000818868
201.58736798318304 65.020480706862855
204.5195237696723 64.986778730610382
207.49432874416505 64.954060493395573
210.5124032533856 64.922371833048345
213.57437666720915 64.892043421661512
216.68088750990657 64.862531568655896
219.83258359329807 64.830299726372047
223.03012215184378 64.794789891060731
226.2741699796992 64.757468016903516
229.5654035697641 64.717787589901207
232.90450925475412 64.674741379688200
236.2921833503241 64.631665093527005
239.72913230027333 64.586555138558921
243.21607282386276 64.546812925848030
246.75373206527502 64.494632452037195
250.34284774524843 64.447714320955313
253.9841683149166 64.434059368819064
257.67845311188546 64.387099722823464
261.42647251858085 64.324321658119302
265.22900812289896 64.273782439078261
269.08685288119375 64.244588044747474
273.0008112836349 64.202115366006836
276.97169952197106 64.157754704302263
281.00034565973334 64.121196785364475
285.0875898049141 64.083308040541183
289.23428428515797 64.050549154147262
293.44129382550057 64.015937261248339
297.7094957286928 63.982678782034796
302.0397800581479 63.949946677056616
306.4330498235497 63.917563142931229
310.89022116916016 63.889186117692745
315.41222356486645 63.865603771601613
320.00000000000654 63.844499999999968
324.6545071800142 63.821227464099927
329.3767157259242 63.798929436088159
334.16761037677935 63.774745187078423
339.02819019498156 63.748344953927599
343.95946877463007 63.720035081107149
348.9624744528898 63.685073936493907
354.03825052443415 63.645597820856970
359.187855459007 63.601984443052544
364.4123631221491 63.555729968212873
369.71286299913527 63.508555519307698
375.0904604221685 63.465996006219349
380.54627680087896 63.435599314966531
386.08144985617537 63.418928955302036
391.6971338574982 63.428742834643742
397.3944998635236 63.456155998908187
403.1747359663683 63.515361392926948
409.0390475393468 63.599137776475999
414.9886574883323 63.704533547069005
421.0248065067734 63.823792475781232
427.1487533344206 63.947437878354805
433.3617750198154 64.066799208696622
439.6651671865984 64.175952305900822
446.06024430368984 64.274015107276966
452.54833995940066 64.363138087464080
459.13080713953053 64.444479570368713
465.8090185095106 64.518812112558990
472.58436670065066 64.583259300305855
479.45826460054917 64.638118537032653
486.432145647728 64.685365732145456
493.50746413055253 64.724326233851571
500.6856954904994 64.759042773739083
507.9683366298358 64.791359493794900
515.3569062237735 64.823182557912077
522.8529450371643 64.859297815834054
530.4580162458005 64.902448479582347
538.1737057623901 64.952178717673362
546.0016225672724 65.005654446909091
553.9433990439449 65.063561342590575
562.0006913194694 65.127105737951595
570.1751796098309 65.194883918917668
578.4685685703187 65.260401691705511
586.8825876510039 65.323431148617431
595.4189914573883 65.383078192337365
604.0795601162986 65.440517140755944
612.8660996471021 65.493806283697722
621.780442338323 65.542808115550883
630.8244471297356 65.587045122657869
640.0000000000159 65.626500000000064
649.3090143600314 65.663270606722122
658.7534314518515 65.697950024799255
668.3352207535618 65.733757077825857
678.0563803899662 65.766183236267381
687.9189375492632 65.792693290750634
697.9249489057827 65.815434887592716
708.0765010488715 65.838979777464857
718.3757109180171 65.865276848386841
728.8247262443015 65.897297887669552
739.425725998274 65.933047468394136
750.1809208443404 65.972738760114396
761.0925536017613 66.017294593873856
772.1628997123541 66.063606002640256
783.3942677149998 66.112628491816338
794.7889997270506 66.163267623783099
806.34947193274 66.213749817044672
818.0780950786972 66.263948790528275
829.9773149766683 66.314175000672321
842.0496130135506 66.365217056934284
854.2975066688449 66.419338780009809
866.7235500396347 66.475074300176829
879.3303343732008 66.530620437804771
892.1204886073838 66.585855450631996
905.0966799188055 66.643147421297897
918.2616142790653 66.703158926892655
931.6180370190256 66.764544786241657
945.1687334013056 66.826856694755975
958.9165292011028 66.889867425505059
972.8642912954606 66.954142882902119
987.0149282611097 67.019453515051282
1001.3713909810035 67.085262685479918
1015.9366732596762 67.151715029668537
1030.7138124475518 67.218110182807195
1045.7058900743334 67.283356650945564
1060.916032491606 67.349061077379446
1076.3474115247852 67.417293869556573
1092.0032451345498 67.484576393232288
1107.8867980878947 67.552653663165543
1124.0013826389438 67.621894726697761
1140.350359219667 67.690695231781120
1156.9371371406426 67.758090886354836
1173.765175302013 67.824840054295294
1190.837982914782 67.890267704175528
1208.1591202326028 67.955865366561625
1225.73219929421 68.019881583143189
1243.5608846766518 68.084889910481053
1261.648894259477 68.152377501710703
1280.0000000000375 68.220500000000129
1298.6180287200684 68.287258931553396
1317.5068629037087 68.355024706453349
1336.6704415071292 68.421929784237278
1356.112760779938 68.489491843710283
1375.8378750985323 68.558036615967396
1395.8498978115715 68.625597157668764
1416.153002097749 68.690112739906283
1436.7514218360407 68.753585479962226
1457.6494524886093 68.814877434117420
1478.8514519965543 68.874821891350763
1500.3618416886875 68.932426314723045
1522.1851072035295 68.988293874441041
1544.3257994247153 69.045360562515768
1566.788535430007 69.104657504243818
1589.5779994541087 69.166443718504269
1612.6989438654878 69.229795106191432
1636.156190157402 69.295852951456467
1659.9546299533442 69.366859352855357
1684.099226027109 69.442981492327831
1708.5950133376978 69.524238746148427
1733.4471000792773 69.611747444288568
1758.6606687464096 69.705083754611280
1784.2409772147755 69.804833547947695
1810.193359837619 69.912127580105007
1836.5232285581387 70.027354528511623
1863.2360740380593 70.149944826498114
1890.3374668026197 70.279540088660724
1917.833058402214 70.415308630843029
1945.7285825909298 70.554642912954648
1974.0298565222283 70.698071671132908
2002.7427819620161 70.841665353417682
2031.8733465193618 70.980961281779116
2061.4276248951132 71.114043612055980
2091.411780148677 71.240364764564973
2121.832064983222 71.355229020942957
2152.694823049581 71.453180245691300
2184.0064902691106 71.540214927618948
2215.7735961758003 71.603026433690076
2248.002765277899 71.650202488750097
2280.7007184393456 71.673031870224492
2313.874274281297 71.674106479810916
2347.530350604038 71.654391374496640
2381.6759658295764 71.613382698265724
2416.318240465218 71.554591548395138
2451.4643985884327 71.474948833423056
2487.1217693533167 71.384056585568601
2523.2977885189675 71.282810080364456
2560.0000000000887 71.173999999999722
2597.236057440151 71.059568221935535
2635.0137258074315 70.942707678760428
2673.340883014273 70.826477350957191
2712.225521559891 70.712416412835637
2751.6757501970797 70.604871421345351
2791.699795623158 70.505627995613850
2832.3060041955137 70.418949631357236
2873.502843672097 70.343955336377761
2915.2989049772345 70.283059248325941
2957.7029039931244 70.238801228564199
3000.723683377391 70.212900493535614
3044.370214407075 70.208592553601761
3088.6515988494466 70.227123539252148
3133.57707086003 70.267229491331790
3179.1559989082334 70.333024278220421
3225.3978877309914 70.421351479744317
3272.3123803148205 70.530227198393348
3319.9092599067053 70.656542298135037
3368.198452054235 70.797141309724338
3417.190026675413 70.945929581360005
3466.8942001585724 71.094148470451927
3517.3213374928373 71.231283703607318
3568.4819544295697 71.348039811137653
3620.386719675257 71.436002735577830
3673.0464571162966 71.488558338840932
3726.472148076138 71.503676392596191
3780.6749336052594 71.476207199766918
3835.6661168044484 71.416650907272668
3891.45716518188 71.309843876387362
3948.059713044477 71.177535420758545
4005.4855639240527 71.039805993707802
4063.746693038744 70.936251984176749
4122.855249790247 70.905260074797241
4182.823560297375 70.967337049577225
4243.664129966465 71.114658143275946
4305.389646099183 71.300323161754989
4368.012980538242 71.460982775859065
4431.5471923516225 71.506005675028547
4496.00553055582 71.394821811342041
4561.401436878714 71.078981596215669
4627.748548562617 70.612137337217746
4695.060701208099 70.029871854634294
4763.351931659176 69.407644662935439
4832.63648093046 68.804029058128407
4902.928797176889 68.280789796279521
4974.243538706657 67.857426217999063
5046.595577037959 67.592290381876950
5120.000000000202 67.468999999999866
5194.472114880326 67.508584381198148
5270.027451614888 67.714156693353587
5346.6817660285715 68.100883489661243
5424.451043119808 68.699431791217137
5503.351500394186 69.522250311540859
5583.399591246343 70.475927548971327
5664.612008391055 71.345411226805453
5747.005687344222 71.947938607341428
5830.597809954497 72.173039967511656
5915.405807986278 71.989415226559800
6001.447366754812 71.486644749338907
6088.740428814181 70.846243628168267
6177.303197698925 70.379737437611368
6267.154141720092 70.130364392147101
6358.3119978165005 70.163300476637403
6450.795775462017 70.512718279219229
6544.624760629676 71.036221173888407
6639.818519813445 71.300195091200550
6736.396904108505 70.869347144668438
6834.380053350861 69.711048795469026
6933.788400317181 68.147435078611096
7034.642674985712 66.481554630098117
7136.963908859177 65.176193082240047
7240.773439350552 64.688665195229220
7346.092914232631 64.836954294111877
7452.944296152315 65.208599731321272
7561.349867210557 65.540998405854026
7671.332233608935 65.723404476829899
7782.914330363799 65.720501910875981
7896.119426088994 65.526343214559134
8010.971127848146 65.173304027457633
8127.49338607753 64.716259666984328
8245.710499580537 64.199741817217344
8365.647120594791 63.672152669382918
8487.328259932974 63.173426145105346
8610.77929219841 62.726425610774847
8736.025961076528 62.352115922217138
8863.094384703289 62.061005336525724
8992.011061111683 61.854308932017602
9122.802873757471 61.714290041845075
9255.497097125279 61.608883471137247
9390.121402416245 61.477269653744756
9526.7038633184 61.240407938286957
9665.272961860968 60.846691464076898
9805.857594353829 60.281832512451970
9948.487077413367 59.586930542369274
10093.19115407597 58.876682460435340
10240.000000000457 58.266799999998291
10388.944229760706 57.829804480428038
10540.05490322983 57.606069067334616
10693.363532057198 57.559315741582104
10848.902086239672 57.604593771908682
11006.703000788428 57.603493187352171
11166.799182492743 57.452753934500635
11329.224016782166 57.038198862955625
11494.0113746885 56.396550520105023
11661.195619909053 55.427139269850429
11830.811615972614 54.501697519182514
12002.894733509682 53.838184729448244
12177.48085762842 53.268914023046982
12354.606395397908 52.847509621980507
12534.308283440243 52.332952889530389
12716.62399563306 51.767558091630619
12901.591550924093 51.408931929400609
13089.249521259411 51.156666000706991
13279.637039626952 51.131297835489434
13472.793808217073 51.390008517392673
13668.760106701786 51.821710240079014
13867.576800634426 52.145213314264872
14069.285349971487 51.988486829087250
14273.927817718419 51.362280877781643
14481.54687870117 52.087206539842938
14692.18582846533 52.742866883797475
14905.888592304698 54.524893826953701
15122.699734421185 56.477852475900633
15342.664467217943 57.683552881649113
15565.828660727671 57.813598372997404
15792.238852178061 56.964724424107530
16021.942255696367 55.114699441106858
16254.986772155136 52.266296221599987
16491.42099916115 48.937775173809335
16731.294241189662 45.702391748140009
16974.65651986603 42.644540066873304
17221.558584396902 40.104881164161483
17472.051922153143 38.169210114557842
17726.188769406665 37.834834289132267
17984.022122223458 40.016159462211590
18245.605747515034 40.862046688457610
18510.99419425065 40.201479898318738
18780.242804832582 40.525768931593760
19053.40772663689 42.364908517764555
19330.545923722028 42.361799411306002
19611.71518870775 40.888344259468496
19896.974154826825 40.140500000000003
20186.382308152035 40.140500000000003
