20 70.187500000000000
20.290906698750476 70.208493266920129
20.586044732869844 70.228502917361084
20.885475648548283 70.248025816450820
21.189261887185914 70.264510203396853
21.49746679841394 70.276512676634255
21.810154653305165 70.285003415057218
22.12739065777668 70.292011525617639
22.449240966187475 70.301511421944667
22.77577269513385 70.316989225610314
23.107053937445478 70.338004093466850
23.44315377638505 70.363510822971392
23.784142300054445 70.387507814164849
24.130090616010463 70.406503227065912
24.481070866093134 70.419001692027507
24.837156241469714 70.427503029612978
25.1984209978975 70.434512044898980
25.56494047120865 70.444998296860192
25.936791093020236 70.456993261065179
26.3140504066728 70.470501381906175
26.69679708340074 70.480994437012285
27.08511093873791 70.489501970992819
27.47907294916184 70.496501367796782
27.878765268980047 70.503995598793381
28.284271247461966 70.512506254492450
28.695675446220072 70.521992516357017
29.11306365684382 70.529500900804393
29.536522918790062 70.535493248850798
29.966141537533712 70.540501623136862
30.402009102982383 70.545500102974913
30.844216508158908 70.550502169903609
31.29285596815558 70.554998556473720
31.74802103936409 70.559000159389115
32.20980663898519 70.562498535143817
32.67830906482211 70.565001947887538
33.153626015361866 70.567997642953969
33.63585661014871 70.569999405021363
34.125101410453844 70.572000511141397
34.62146244024586 70.574501376310252
35.12504320746613 70.576000169109449
35.635948725613716 70.577999799317467
36.15428553564419 70.578500271421717
36.68016172818701 70.578999848569111
37.21368696608603 70.578500293102920
37.754972507267915 70.576500101636725
38.30413122794313 70.573499057609027
38.86127764614443 70.569497547295555
39.4265279456077 70.564504170091794
40.000000000000206 70.560000000000002
40.58181339750116 70.556001282491394
41.1720894657399 70.553499775962251
41.77095129709678 70.552000121960532
42.37852377437204 70.551500391632914
42.9949335968281 70.551000053898690
43.62030930661056 70.549998538708934
44.25478131555359 70.547001033154856
44.89848193237519 70.543995578602065
45.55154539026795 70.538004170731483
46.21410787489121 70.530998715775098
46.88630755277036 70.522995941385716
47.56828460010916 70.513994859102070
48.260181232021196 70.501496514768832
48.962141732186545 70.487997611255281
49.674312482939705 70.475995245764409
50.39684199579528 70.465002403936722
51.129880942417586 70.453001949100937
51.873582186040764 70.441006738934817
52.628100813345895 70.429498157458426
53.393594166801776 70.415507417316945
54.17022187747612 70.404997043510789
54.95814589832399 70.394495531863839
55.75753053796041 70.370014377274970
56.56854249492426 70.338517769925886
57.39135089244048 70.318991595390656
58.226127313687975 70.298995415504749
59.073045837580466 70.268498399153174
59.932283075067765 70.238489449610441
60.804018205965114 70.205999165903194
61.68843301631817 70.165478783164815
62.58571193631152 70.121514114479169
63.49604207872855 70.074497836861894
64.41961327797075 70.027019880190892
65.35661812964459 69.975021192378307
66.3072520307241 69.920485896726319
67.27171322029778 69.866516047776074
68.25020282090806 69.810491727848159
69.2429248804921 69.770003063786561
70.25008641493265 69.746000169109465
71.27189745122783 69.747999799317469
72.30857107128878 69.773489452572676
73.36032345637442 69.804512277397521
74.42737393217246 69.845006214939147
75.50994501453623 69.862999086114172
76.60826245588666 69.880008473912028
77.72255529228926 69.915985641724134
78.85305589121582 69.920499415261901
80.00000000000082 69.908500000000004
81.16362679500274 69.906500641245685
82.34417893148023 69.888496863471545
83.541902594194 69.867501707447360
84.75704754874454 69.853499421548122
85.98986719365665 69.838501615648937
87.24061861322157 69.818006249743377
88.50956263110764 69.783511890643638
89.79696386475084 69.733001417894400
91.10309078053635 69.721001747097120
92.42821574978288 69.746505614306628
93.77261510554118 69.781489984159066
95.13656920021877 69.816988787835612
96.52036246404286 69.842503614313813
97.92428346437356 69.856500795689470
99.34862496587989 69.860498947272646
100.79368399159105 69.854001421491120
102.25976188483567 69.837002761226330
103.74716437208203 69.812996841093181
105.25620162669229 69.783995917421635
106.78718833360406 69.752996179968747
108.34044375495276 69.721490989747153
109.9162917966485 69.689494525391211
111.51506107592134 69.659499002150483
113.13708498984903 69.632998760779856
114.78270178488147 69.609004348215592
116.45225462737648 69.583495490660383
118.14609167516147 69.553498106766597
119.86456615013608 69.518008959668521
121.60803641193078 69.491999351624742
123.3768660326369 69.460502385512683
125.17142387262359 69.420990922003114
126.99208415745765 69.381998177423753
128.83922655594208 69.341994922438857
130.71323625928977 69.299994596593535
132.61450406144883 69.256511342443204
134.5434264405962 69.209988886831681
136.50040564181674 69.158988868338866
138.48584976098482 69.104504122873280
140.50017282986593 69.046494968993628
142.5437949024563 68.987005970305205
144.61714214257822 68.923995710050519
146.7206469127495 68.860510656388030
148.8547478643456 68.799007266327436
151.01989002907314 68.745002742923802
153.216524911774 68.700009730983226
155.4451105845792 68.667499217446590
157.70611178243232 68.651499999999999
160.00000000000236 68.651499999999999
162.3272535900062 68.658000268519700
164.6883578629612 68.660498879811257
167.08380518838874 68.653000609802632
169.51409509748981 68.633998843096236
171.97973438731407 68.604003231297881
174.4812372264439 68.563995560182789
177.01912526221608 68.516497397464633
179.5939277295025 68.463001501542379
182.20618156107355 68.406495786412819
184.85643149956664 68.344990131192503
187.54523021108326 68.283494430377033
190.27313840043846 68.217496574989156
193.04072492808663 68.149006807234855
195.84856692874806 68.080010641708114
198.69724993176072 68.010493600363219
201.58736798318304 67.936490778464389
204.5195237696723 67.863011934172889
207.49432874416505 67.789991775949488
210.5124032533856 67.714490122794274
213.57437666720915 67.639490665151243
216.68088750990657 67.562502787813713
219.83258359329807 67.484510304480565
223.03012215184378 67.402996855832640
226.2741699796992 67.319495764711235
229.5654035697641 67.237489971170532
232.90450925475412 67.154512195166291
236.2921833503241 67.066995198856802
239.72913230027333 66.976996509427835
243.21607282386276 66.884998054874217
246.75373206527502 66.790507156538013
250.34284774524843 66.693504114993289
253.9841683149166 66.593495284083957
257.67845311188546 66.489987185202807
261.42647251858085 66.383986643242849
265.22900812289896 66.276499774714836
269.08685288119375 66.169504080277932
273.0008112836349 66.061505207298779
276.97169952197106 65.963007453307938
281.00034565973334 65.868993151066917
285.0875898049141 65.788008127642343
289.23428428515797 65.709494121034282
293.44129382550057 65.622493186056573
297.7094957286928 65.523511694274873
302.0397800581479 65.408505841411767
306.4330498235497 65.290498658553730
310.89022116916016 65.170493837391831
315.41222356486645 65.044493762793621
320.00000000000654 64.916499999999814
324.6545071800142 64.788013604160724
329.3767157259242 64.655008006872521
334.16761037677935 64.524010653442275
339.02819019498156 64.386994812162840
343.95946877463007 64.252487491222638
348.9624744528898 64.118987615246681
354.03825052443415 63.986493846341574
359.187855459007 63.860003550375851
364.4123631221491 63.751992910178757
369.71286299913527 63.648502674889549
375.0904604221685 63.572496708859134
380.54627680087896 63.533499924986216
386.08144985617537 63.532001682154501
391.6971338574982 63.553001033648634
397.3944998635236 63.596996137942270
403.1747359663683 63.652997441888687
409.0390475393468 63.711500415469914
414.9886574883323 63.763497006620725
421.0248065067734 63.802498749795262
427.1487533344206 63.827498993037317
433.3617750198154 63.839499565465601
439.6651671865984 63.844000013071664
446.06024430368984 63.844499999999996
452.54833995940066 63.844500077463024
459.13080713953053 63.845999956054882
465.8090185095106 63.847999990437891
472.58436670065066 63.844499493212659
479.45826460054917 63.834999411914467
486.432145647728 63.819499650033734
493.50746413055253 63.802499030232866
500.6856954904994 63.787500636250527
507.9683366298358 63.793500751710958
515.3569062237735 63.809999790593082
522.8529450371643 63.839499783697491
530.4580162458005 63.875000082113303
538.1737057623901 63.913998512795914
546.0016225672724 63.955497999047239
553.9433990439449 64.004502674158971
562.0006913194694 64.058497931403735
570.1751796098309 64.115501342634374
578.4685685703187 64.177496774940892
586.8825876510039 64.239496961535792
595.4189914573883 64.299499939953535
604.0795601162986 64.354997181209399
612.8660996471021 64.402000430380696
621.780442338323 64.440501589561649
630.8244471297356 64.473001437481173
640.0000000000159 64.502500000000055
649.3090143600314 64.532500044856093
658.7534314518515 64.562001215737837
668.3352207535618 64.589000556368916
678.0563803899662 64.613500848482118
687.9189375492632 64.635499860699966
697.9249489057827 64.653999905532373
708.0765010488715 64.667000462132449
718.3757109180171 64.676499733370989
728.8247262443015 64.684999777306587
739.425725998274 64.690999844919304
750.1809208443404 64.697999948480742
761.0925536017613 64.705999672728566
772.1628997123541 64.717499895816800
783.3942677149998 64.731500375905227
794.7889997270506 64.747499999616750
806.34947193274 64.766000824846216
818.0780950786972 64.786500179785762
829.9773149766683 64.809000652233635
842.0496130135506 64.833999198653089
854.2975066688449 64.862001263920021
866.7235500396347 64.892998877543150
879.3303343732008 64.927501019589897
892.1204886073838 64.966501637853213
905.0966799188055 65.009998927060792
918.2616142790653 65.059998535051520
931.6180370190256 65.114500161177958
945.1687334013056 65.173498839250016
958.9165292011028 65.237997791203895
972.8642912954606 65.308001492397779
987.0149282611097 65.380499632459220
1001.3713909810035 65.456002147362369
1015.9366732596762 65.535998205463002
1030.7138124475518 65.619498940202377
1045.7058900743334 65.702999387753920
1060.916032491606 65.786000176870914
1076.3474115247852 65.870002181691177
1092.0032451345498 65.953001296354955
1107.8867980878947 66.036998932220030
1124.0013826389438 66.122002071291604
1140.350359219667 66.210501916617858
1156.9371371406426 66.299000737534357
1173.765175302013 66.389500954904662
1190.837982914782 66.482499906933441
1208.1591202326028 66.577000649979922
1225.73219929421 66.672001078685923
1243.5608846766518 66.768499375808901
1261.648894259477 66.864999435871269
1280.0000000000375 66.960500000000195
1298.6180287200684 67.053500136081638
1317.5068629037087 67.142999350409326
1336.6704415071292 67.229001827975310
1356.112760779938 67.309499009555367
1375.8378750985323 67.385999515591266
1395.8498978115715 67.460499619576353
1416.153002097749 67.533000007383578
1436.7514218360407 67.605501503817834
1457.6494524886093 67.680001621975961
1478.8514519965543 67.756001691493765
1500.3618416886875 67.836499407556104
1522.1851072035295 67.919500409136816
1544.3257994247153 68.003999234514623
1566.788535430007 68.090498211044633
1589.5779994541087 68.178999997880055
1612.6989438654878 68.269999779064904
1636.156190157402 68.363500771048749
1659.9546299533442 68.459998499537704
1684.099226027109 68.561500982686454
1708.5950133376978 68.668000060645426
1733.4471000792773 68.781000474318773
1758.6606687464096 68.900498430046639
1784.2409772147755 69.027999886430166
1810.193359837619 69.164001954302307
1836.5232285581387 69.307001304799769
1863.2360740380593 69.459500450751960
1890.3374668026197 69.624496753834848
1917.833058402214 69.800000392544263
1945.7285825909298 69.987497194429281
1974.0298565222283 70.186998988593501
2002.7427819620161 70.398498393931888
2031.8733465193618 70.622002778720656
2061.4276248951132 70.858996992053534
2091.411780148677 71.110998152263420
2121.832064983222 71.374500581128501
2152.694823049581 71.650498417577168
2184.0064902691106 71.939495295342766
2215.7735961758003 72.242496148244015
2248.002765277899 72.557997702230210
2280.7007184393456 72.886497171304825
2313.874274281297 73.226502860492488
2347.530350604038 73.577503681003563
2381.6759658295764 73.935999641243569
2416.318240465218 74.300502500712383
2451.4643985884327 74.666004040880537
2487.1217693533167 75.027497661709134
2523.2977885189675 75.378497948091493
2560.0000000000887 75.714500000000783
2597.236057440151 76.037500464502259
2635.0137258074315 76.342997782682261
2673.340883014273 76.616499165194341
2712.225521559891 76.848497145477552
2751.6757501970797 77.036498809557685
2791.699795623158 77.176499285109998
2832.3060041955137 77.267000003971759
2873.502843672097 77.305999852008938
2915.2989049772345 77.294500026145130
2957.7029039931244 77.234000136978025
3000.723683377391 77.128500776450693
3044.370214407075 76.984499140570534
3088.6515988494466 76.807001607972154
3133.57707086003 76.606499668856571
3179.1559989082334 76.393500005102055
3225.3978877309914 76.175500529273037
3272.3123803148205 75.960998373971762
3319.9092599067053 75.757498977359774
3368.198452054235 75.567498399097602
3417.190026675413 75.393999919765534
3466.8942001585724 75.244499509794679
3517.3213374928373 75.120999373315229
3568.4819544295697 75.026000084618971
3620.386719675257 74.962500342946171
3673.0464571162966 74.933500047058359
3726.472148076138 74.939000113373055
3780.6749336052594 74.980499949165505
3835.6661168044484 75.058500235530829
3891.45716518188 75.171000415851069
3948.059713044477 75.313499277579595
4005.4855639240527 75.481498724258017
4063.746693038744 75.664999033188764
4122.855249790247 75.850000693526255
4182.823560297375 76.016498779194478
4243.664129966465 76.137500089485386
4305.389646099183 76.179999756329835
4368.012980538242 76.106500022842084
4431.5471923516225 75.886498843646194
4496.00553055582 75.498995586544027
4561.401436878714 74.954995743020305
4627.748548562617 74.308504398840483
4695.060701208099 73.664002860877417
4763.351931659176 73.134500529886310
4832.63648093046 72.777502674573526
4902.928797176889 72.545500669421301
4974.243538706657 72.345001296912500
5046.595577037959 72.107001391322513
5120.000000000202 71.806499999999048
5194.472114880326 71.454999425256261
5270.027451614888 71.076997755328776
5346.6817660285715 70.696001162913234
5424.451043119808 70.333999820199779
5503.351500394186 70.005002083247518
5583.399591246343 69.718998307355037
5664.612008391055 69.486499982126972
5747.005687344222 69.311000665959767
5830.597809954497 69.197000259177756
5915.405807986278 69.148000110940856
6001.447366754812 69.166000359221655
6088.740428814181 69.251500779547712
6177.303197698925 69.412500519270196
6267.154141720092 69.648500481945945
6358.3119978165005 69.958499992574588
6450.795775462017 70.341499070130538
6544.624760629676 70.790998853265407
6639.818519813445 71.296002892965618
6736.396904108505 71.833499466326231
6834.380053350861 72.365500257338255
6933.788400317181 72.844997107425769
7034.642674985712 73.216998801184729
7136.963908859177 73.428999811164331
7240.773439350552 73.455999347148094
7346.092914232631 73.299500127445810
7452.944296152315 72.986998833486723
7561.349867210557 72.560000523043854
7671.332233608935 72.050998760595348
7782.914330363799 71.459003552733222
7896.119426088994 70.750503591855022
8010.971127848146 69.874998812279060
8127.49338607753 68.792495774041825
8245.710499580537 67.498505477531211
8365.647120594791 66.126498843417465
8487.328259932974 64.959498436624784
8610.77929219841 64.216999326936048
8736.025961076528 63.928500089658215
8863.094384703289 64.018499564199743
8992.011061111683 64.393000265861417
9122.802873757471 64.961999450792106
9255.497097125279 65.661000559128325
9390.121402416245 66.436002343791870
9526.7038633184 67.231499203925722
9665.272961860968 67.978999794261881
9805.857594353829 68.599501756433710
9948.487077413367 69.021000097633376
10093.19115407597 69.203499955921018
10240.000000000457 69.161499999999336
10388.944229760706 68.946499511927087
10540.05490322983 68.625500205565601
10693.363532057198 68.278998816426807
10848.902086239672 67.932999800797461
11006.703000788428 67.568499998155687
11166.799182492743 67.193999579791992
11329.224016782166 66.819999965934215
11494.0113746885 66.485501269307832
11661.195619909053 66.265499939696497
11830.811615972614 66.249000037357405
12002.894733509682 66.478999643818540
12177.48085762842 66.922502094126727
12354.606395397908 67.355000488463389
12534.308283440243 67.576999114782353
12716.62399563306 67.556500000491042
12901.591550924093 67.331000547481807
13089.249521259411 66.967500927336985
13279.637039626952 66.513499886960091
13472.793808217073 65.962500547080310
13668.760106701786 65.224499508129654
13867.576800634426 64.308000919028785
14069.285349971487 63.519999558779702
14273.927817718419 63.262000229808237
14481.54687870117 63.593999806033111
14692.18582846533 64.126999565949433
14905.888592304698 64.298999671864266
15122.699734421185 63.821000585517680
15342.664467217943 62.875997757755854
15565.828660727671 61.805001628215280
15792.238852178061 60.769500676072688
16021.942255696367 59.773498967532817
16254.986772155136 58.832498638157084
16491.42099916115 58.415501765170276
16731.294241189662 58.321000298939765
16974.65651986603 58.255999652584642
17221.558584396902 58.091000277738672
17472.051922153143 57.753501452223659
17726.188769406665 57.542500191453371
17984.022122223458 57.767503303382703
18245.605747515034 58.537503339170321
18510.99419425065 59.723000729031533
18780.242804832582 60.733500371235465
19053.40772663689 60.859499873909080
19330.545923722028 59.871003838870649
19611.71518870775 57.968998310124292
19896.974154826825 55.414507568516001
20186.382308152035 55.414500000000004
