20 73.982499999999987
20.290906698750476 73.946011702734040
20.586044732869844 73.907994090473721
20.885475648548283 73.868438979298077
21.189261887185914 73.829467264101766
21.49746679841394 73.790944073672449
21.810154653305165 73.753480485387342
22.12739065777668 73.713445404969093
22.449240966187475 73.668463891916858
22.77577269513385 73.619534060973820
23.107053937445478 73.565991572274143
23.44315377638505 73.513478354057241
23.784142300054445 73.465482109675236
24.130090616010463 73.421989673389120
24.481070866093134 73.381991738924540
24.837156241469714 73.340479441911882
25.1984209978975 73.292939775505118
25.56494047120865 73.240508515699048
25.936791093020236 73.183532009940450
26.3140504066728 73.127993090469133
26.69679708340074 73.075527814938539
27.08511093873791 73.025485921479955
27.47907294916184 72.975490151863156
27.878765268980047 72.921531688687679
28.284271247461966 72.863960497942429
28.695675446220072 72.804047265113581
29.11306365684382 72.743491067023086
29.536522918790062 72.684066948896202
29.966141537533712 72.625480846985113
30.402009102982383 72.566498774598529
30.844216508158908 72.506971550152826
31.29285596815558 72.448018926233459
31.74802103936409 72.389997427004175
32.20980663898519 72.333523646963926
32.67830906482211 72.273958445065929
33.153626015361866 72.210050283648826
33.63585661014871 72.145519188061016
34.125101410453844 72.084988959345750
34.62146244024586 72.030952287911134
35.12504320746613 71.978995138103130
35.635948725613716 71.921505769622726
36.15428553564419 71.853957115369028
36.68016172818701 71.774973348163940
37.21368696608603 71.687051586113171
37.754972507267915 71.599504446606389
38.30413122794313 71.522984803945548
38.86127764614443 71.458466152678511
39.4265279456077 71.389557547266904
40.000000000000206 71.305499999999967
40.58181339750116 71.220527252942276
41.1720894657399 71.156492233358136
41.77095129709678 71.104504227964895
42.37852377437204 71.045546212684300
42.9949335968281 70.984006629537447
43.62030930661056 70.946490501608025
44.25478131555359 70.927006715506622
44.89848193237519 70.901473840062209
45.55154539026795 70.866024676827962
46.21410787489121 70.832493578875528
46.88630755277036 70.792473619007239
47.56828460010916 70.733970594063862
48.260181232021196 70.662481024852497
48.962141732186545 70.588984572690379
49.674312482939705 70.511463911029779
50.39684199579528 70.428018248065143
51.129880942417586 70.342513887344197
51.873582186040764 70.258047453332722
52.628100813345895 70.167487365429238
53.393594166801776 70.071550861601864
54.17022187747612 69.976973954737900
54.95814589832399 69.884482948133382
55.75753053796041 69.791054868375880
56.56854249492426 69.714543155534273
57.39135089244048 69.648467011908295
58.226127313687975 69.569987674471761
59.073045837580466 69.487995757755940
59.932283075067765 69.408472406673440
60.804018205965114 69.323498300913883
61.68843301631817 69.240961182835633
62.58571193631152 69.160525823081201
63.49604207872855 69.083996903297034
64.41961327797075 69.016028460062756
65.35661812964459 68.956524248971334
66.3072520307241 68.901484329695904
67.27171322029778 68.841517830862301
68.25020282090806 68.768984374824313
69.2429248804921 68.692505787152413
70.25008641493265 68.610491586804500
71.27189745122783 68.511009983955802
72.30857107128878 68.410541569272397
73.36032345637442 68.324473929476852
74.42737393217246 68.238470479039023
75.50994501453623 68.153004340957665
76.60826245588666 68.071479168299575
77.72255529228926 67.983035297428160
78.85305589121582 67.907496662120067
80.00000000000082 67.838999999999956
81.16362679500274 67.776020199239554
82.34417893148023 67.688987080489952
83.541902594194 67.602507033056952
84.75704754874454 67.524996124372407
85.98986719365665 67.424510824847943
87.24061861322157 67.323530791418563
88.50956263110764 67.222534810290085
89.79696386475084 67.126002709441764
91.10309078053635 67.029992634786680
92.42821574978288 66.922480029109323
93.77261510554118 66.798035627777040
95.13656920021877 66.673539321534292
96.52036246404286 66.534464115027092
97.92428346437356 66.395472548713300
99.34862496587989 66.257536319093731
100.79368399159105 66.115031163459008
102.25976188483567 65.982021602535369
103.74716437208203 65.865990632207385
105.25620162669229 65.779995258941256
106.78718833360406 65.744002789229171
108.34044375495276 65.767019850713297
109.9162917966485 65.837519161130771
111.51506107592134 65.942504913938180
113.13708498984903 66.073007693491803
114.78270178488147 66.221973004828271
116.45225462737648 66.379025252301801
118.14609167516147 66.547009359506006
119.86456615013608 66.722455706427496
121.60803641193078 66.883502964001153
123.3768660326369 67.027489094799165
125.17142387262359 67.134517224917147
126.99208415745765 67.208501845358441
128.83922655594208 67.249001511178903
130.71323625928977 67.261498757837586
132.61450406144883 67.251502607458207
134.5434264405962 67.216987797305364
136.50040564181674 67.160985600328260
138.48584976098482 67.090505333258079
140.50017282986593 67.007491713636568
142.5437949024563 66.909509833443877
144.61714214257822 66.802492197021010
146.7206469127495 66.687019382879015
148.8547478643456 66.566514237275712
151.01989002907314 66.443506247770898
153.216524911774 66.325525516800496
155.4451105845792 66.206994326487745
157.70611178243232 66.090994201347229
160.00000000000236 65.971999999999895
162.3272535900062 65.856988185133133
164.6883578629612 65.746983869282218
167.08380518838874 65.639008781157770
169.51409509748981 65.532996027963733
171.97973438731407 65.430011094122733
174.4812372264439 65.328990559546554
177.01912526221608 65.227995038156877
179.5939277295025 65.126002862753694
182.20618156107355 65.025493217152359
184.85643149956664 64.926484274095372
187.54523021108326 64.828491645565521
190.27313840043846 64.729495049984308
193.04072492808663 64.630509838193433
195.84856692874806 64.531515268537731
198.69724993176072 64.432491611286920
201.58736798318304 64.335488394666058
204.5195237696723 64.243015019197173
207.49432874416505 64.155491231310378
210.5124032533856 64.074991439755038
213.57437666720915 64.009993756562196
216.68088750990657 63.958501864576704
219.83258359329807 63.923504623805385
223.03012215184378 63.904499755244458
226.2741699796992 63.897999948350140
229.5654035697641 63.896999577097546
232.90450925475412 63.893500514254001
236.2921833503241 63.880998693022136
239.72913230027333 63.856498501330428
243.21607282386276 63.816998909082898
246.75373206527502 63.764004013719742
250.34284774524843 63.702002630201889
253.9841683149166 63.631996582669530
257.67845311188546 63.556990570243585
261.42647251858085 63.478990122212153
265.22900812289896 63.399499819982410
269.08685288119375 63.314003260409009
273.0008112836349 63.228004146552735
276.97169952197106 63.141006583124785
281.00034565973334 63.053492516906459
285.0875898049141 62.965008880201836
289.23428428515797 62.875993850737018
293.44129382550057 62.784993736678253
297.7094957286928 62.694010749282953
302.0397800581479 62.603504596937093
306.4330498235497 62.514999016272746
310.89022116916016 62.426995647046610
315.41222356486645 62.337995760648781
320.00000000000654 62.250999999999877
324.6545071800142 62.164509157664611
329.3767157259242 62.077505237578265
334.16761037677935 61.992506912538872
339.02819019498156 61.904496586441724
343.95946877463007 61.815991520267033
348.9624744528898 61.725491400775041
354.03825052443415 61.633495500289293
359.187855459007 61.541002596124628
364.4123631221491 61.448993595185641
369.71286299913527 61.355502416446114
375.0904604221685 61.262492531641882
380.54627680087896 61.173995774223258
386.08144985617537 61.089493952254060
391.6971338574982 61.013998484765068
397.3944998635236 60.949505661425540
403.1747359663683 60.897502375389081
409.0390475393468 60.860999832214070
414.9886574883323 60.840001208864706
421.0248065067734 60.840000000000003
427.1487533344206 60.858999234708357
433.3617750198154 60.898998551552012
439.6651671865984 60.955501947678123
446.06024430368984 61.030003520714395
452.54833995940066 61.123505732263936
459.13080713953053 61.234496748061360
465.8090185095106 61.360500375654269
472.58436670065066 61.498007628483137
479.45826460054917 61.641005406592811
486.432145647728 61.783502707092048
493.50746413055253 61.915007693485961
500.6856954904994 62.033994952412513
507.9683366298358 62.139004259695440
515.3569062237735 62.232498813360777
522.8529450371643 62.320499354758596
530.4580162458005 62.407500190544965
538.1737057623901 62.497996548923837
546.0016225672724 62.592995419505733
553.9433990439449 62.693005100710636
562.0006913194694 62.795996054344172
570.1751796098309 62.900502187194711
578.4685685703187 63.001494746274673
586.8825876510039 63.099495197266265
595.4189914573883 63.192999906427573
604.0795601162986 63.282495454382726
612.8660996471021 63.369000939012409
621.780442338323 63.453003937221922
630.8244471297356 63.533503825161752
640.0000000000159 63.612000000000130
649.3090143600314 63.686000104157365
658.7534314518515 63.754502814207967
668.3352207535618 63.817001271700384
678.0563803899662 63.873001889801117
687.9189375492632 63.921999689740844
697.9249489057827 63.964499782979786
708.0765010488715 64.004501970143622
718.3757109180171 64.044998863318426
728.8247262443015 64.084498965130621
739.425725998274 64.122999004898929
750.1809208443404 64.161499716644087
761.0925536017613 64.200498404551752
772.1628997123541 64.238999651212794
783.3942677149998 64.277000881027874
794.7889997270506 64.314499999101741
806.34947193274 64.351001549101412
818.0780950786972 64.389500323614357
829.9773149766683 64.430001095752516
842.0496130135506 64.471998653737188
854.2975066688449 64.518501977423270
866.7235500396347 64.566998243898155
879.3303343732008 64.617501477098187
892.1204886073838 64.674002277933795
905.0966799188055 64.734498507751226
918.2616142790653 64.799998080917504
931.6180370190256 64.870000202155410
945.1687334013056 64.943998544144094
958.9165292011028 65.020997363142641
972.8642912954606 65.101501739415340
987.0149282611097 65.185999571624890
1001.3713909810035 65.271502335256571
1015.9366732596762 65.358498048441021
1030.7138124475518 65.446498883087543
1045.7058900743334 65.534499354758623
1060.916032491606 65.622500187398941
1076.3474115247852 65.711502339403808
1092.0032451345498 65.800501381235335
1107.8867980878947 65.889998862305873
1124.0013826389438 65.979502082993818
1140.350359219667 66.068501949102910
1156.9371371406426 66.158500741609146
1173.765175302013 66.249500939502965
1190.837982914782 66.340999908434526
1208.1591202326028 66.433500643138046
1225.73219929421 66.527501061918784
1243.5608846766518 66.622499385511361
1261.648894259477 66.718499438794225
1280.0000000000375 66.813500000000204
1298.6180287200684 66.911500156607929
1317.5068629037087 67.014499252426390
1336.6704415071292 67.118502361607852
1356.112760779938 67.222498720419367
1375.8378750985323 67.326999338291330
1395.8498978115715 67.431999463832454
1416.153002097749 67.535500010438838
1436.7514218360407 67.638002069011108
1457.6494524886093 67.740502208875171
1478.8514519965543 67.844002185283884
1500.3618416886875 67.947999234606641
1522.1851072035295 68.050500493869293
1544.3257994247153 68.152499075982149
1566.788535430007 68.254997880139598
1589.5779994541087 68.357999997532715
1612.6989438654878 68.460999749930579
1636.156190157402 68.562500814994536
1659.9546299533442 68.664498414019107
1684.099226027109 68.770000973459346
1708.5950133376978 68.875500056083595
1733.4471000792773 68.980000418750052
1758.6606687464096 69.085498613974238
1784.2409772147755 69.190999906026548
1810.193359837619 69.297001455476902
1836.5232285581387 69.403500919776889
1863.2360740380593 69.511000297769485
1890.3374668026197 69.619997855563625
1917.833058402214 69.730000232386217
1945.7285825909298 69.840998339102129
1974.0298565222283 69.953499429657981
2002.7427819620161 70.066999138114753
2031.8733465193618 70.183501383498054
2061.4276248951132 70.301498502372638
2091.411780148677 70.423499105460877
2121.832064983222 70.550500282142110
2152.694823049581 70.684499231722242
2184.0064902691106 70.828497655810935
2215.7735961758003 70.982498042341831
2248.002765277899 71.148498791030789
2280.7007184393456 71.327998454335514
2313.874274281297 71.520001682882338
2347.530350604038 71.726502284583802
2381.6759658295764 71.948999777340859
2416.318240465218 72.191501789155353
2451.4643985884327 72.453003085153611
2487.1217693533167 72.728998214748884
2523.2977885189675 73.018998304690967
2560.0000000000887 73.322500000000730
2597.236057440151 73.631000462981788
2635.0137258074315 73.935497789940257
2673.340883014273 74.221999125514373
2712.225521559891 74.475996874790098
2751.6757501970797 74.678498717741661
2791.699795623158 74.808499336173554
2832.3060041955137 74.849999994602456
2873.502843672097 74.797000201116077
2915.2989049772345 74.649500335339695
2957.7029039931244 74.415000530931337
3000.723683377391 74.109002252074987
3044.370214407075 73.751998131043521
3088.6515988494466 73.366003496773260
3133.57707086003 72.968499389017055
3179.1559989082334 72.575500009413645
3225.3978877309914 72.198000916516392
3272.3123803148205 71.847497487047264
3319.9092599067053 71.532998533318619
3368.198452054235 71.260497859312082
3417.190026675413 71.028499897761435
3466.8942001585724 70.837999412547475
3517.3213374928373 70.689999297453397
3568.4819544295697 70.583500094862302
3620.386719675257 70.522000332144728
3673.0464571162966 70.503000205345558
3726.472148076138 70.527000176206315
3780.6749336052594 70.591499920992177
3835.6661168044484 70.695000281590183
3891.45716518188 70.829500480052644
3948.059713044477 70.993999166048027
4005.4855639240527 71.174998625539899
4063.746693038744 71.358499033188750
4122.855249790247 71.528500583145203
4182.823560297375 71.668498973496852
4243.664129966465 71.764000080010476
4305.389646099183 71.801999782130196
4368.012980538242 71.778500007303251
4431.5471923516225 71.695999568791933
4496.00553055582 71.551498227315946
4561.401436878714 71.332997843525376
4627.748548562617 71.005502228337605
4695.060701208099 70.510502197260379
4763.351931659176 69.808000703012539
4832.63648093046 68.942006487901011
4902.928797176889 68.060002544955097
4974.243538706657 67.335004689583855
5046.595577037959 66.871502709571345
5120.000000000202 66.688500000000161
5194.472114880326 66.749500402928817
5270.027451614888 67.014502542193270
5346.6817660285715 67.445998682947348
5424.451043119808 68.014000370803785
5503.351500394186 68.692495703697745
5583.399591246343 69.450005733152267
5664.612008391055 70.237500076431374
5747.005687344222 70.987997152120755
5830.597809954497 71.618498566565108
5915.405807986278 72.054499012852773
6001.447366754812 72.256499949582917
6088.740428814181 72.244499220452298
6177.303197698925 72.083499498332174
6267.154141720092 71.855499642427191
6358.3119978165005 71.625500005509167
6450.795775462017 71.442500444297934
6544.624760629676 71.330000287002548
6639.818519813445 71.298500250275168
6736.396904108505 71.344999953831021
6834.380053350861 71.453500074061893
6933.788400317181 71.591499167517739
7034.642674985712 71.711999611674088
7136.963908859177 71.759499957690110
7240.773439350552 71.666998786070920
7346.092914232631 71.376000236975926
7452.944296152315 70.889498392287919
7561.349867210557 70.301000720869581
7671.332233608935 69.722998689413316
7782.914330363799 69.097003756775337
7896.119426088994 68.409503485392122
8010.971127848146 67.727499307665667
8127.49338607753 67.096498194007054
8245.710499580537 66.543502340861480
8365.647120594791 66.083999642222551
8487.328259932974 65.722999468347155
8610.77929219841 65.470499673383188
8736.025961076528 65.330500043508323
8863.094384703289 65.304500125897846
8992.011061111683 65.385000071254609
9122.802873757471 65.537499852804558
9255.497097125279 65.795500212829495
9390.121402416245 66.090500875054914
9526.7038633184 66.387499702785590
9665.272961860968 66.600999941237347
9805.857594353829 66.640499164495949
9948.487077413367 66.439999753107941
10093.19115407597 65.978499278993851
10240.000000000457 65.291499999997427
10388.944229760706 64.450998601161729
10540.05490322983 63.531000589160001
10693.363532057198 62.606997011990799
10848.902086239672 61.733499553775374
11006.703000788428 60.916999996508366
11166.799182492743 60.207999412944687
11329.224016782166 59.685499983552688
11494.0113746885 59.524000612834712
11661.195619909053 59.696001211552215
11830.811615972614 60.027499249455666
12002.894733509682 60.496499273699555
12177.48085762842 61.125503839635840
12354.606395397908 61.918502059467244
12534.308283440243 62.854496267731022
12716.62399563306 63.851499976119136
12901.591550924093 64.717997896261664
13089.249521259411 65.144998910666033
13279.637039626952 64.866499801308251
13472.793808217073 63.898000961610322
13668.760106701786 62.529499222077391
13867.576800634426 61.080001453499442
14069.285349971487 59.759498145335641
14273.927817718419 58.675000965996276
14481.54687870117 57.869000470895521
14692.18582846533 57.368500407584079
14905.888592304698 57.207500307150312
15122.699734421185 57.464499685192379
15342.664467217943 58.234002714350652
15565.828660727671 59.530498028962548
15792.238852178061 60.975999056240397
16021.942255696367 61.747499877661966
16254.986772155136 61.635998185842354
16491.42099916115 61.080502351443862
16731.294241189662 59.931003636309555
16974.65651986603 57.915995476230897
17221.558584396902 55.767503616494160
17472.051922153143 54.014007545108718
17726.188769406665 52.782501117416231
17984.022122223458 52.072499174154323
18245.605747515034 51.880000990061887
18510.99419425065 52.231500661214639
18780.242804832582 53.148004201442582
19053.40772663689 54.573998572971036
19330.545923722028 56.225493586348115
19611.71518870775 57.535500299341848
19896.974154826825 57.987998659325314
20186.382308152035 57.988000000000000
