20 86.788499999999999
20.290906698750476 86.883529838357958
20.586044732869844 86.976127364207997
20.885475648548283 87.067570072807229
21.189261887185914 87.157814073818244
21.49746679841394 87.248752777414055
21.810154653305165 87.341021291751829
22.12739065777668 87.435239482366342
22.449240966187475 87.530526036605181
22.77577269513385 87.626473864835035
23.107053937445478 87.721296778578250
23.44315377638505 87.813174479787747
23.784142300054445 87.901035575013623
24.130090616010463 87.985788215083204
24.481070866093134 88.066967304867035
24.837156241469714 88.147131439366376
25.1984209978975 88.227152619537449
25.56494047120865 88.308611698801201
25.936791093020236 88.392791034823205
26.3140504066728 88.478661202038722
26.69679708340074 88.562565376576913
27.08511093873791 88.642096512732181
27.47907294916184 88.713337713197603
27.878765268980047 88.778405529864358
28.284271247461966 88.840140687119288
28.695675446220072 88.903416720502776
29.11306365684382 88.969816312408710
29.536522918790062 89.038161052412462
29.966141537533712 89.104751938317719
30.402009102982383 89.167784621973766
30.844216508158908 89.230911300961282
31.29285596815558 89.297651605103908
31.74802103936409 89.367943261101431
32.20980663898519 89.436163122818954
32.67830906482211 89.496648924324887
33.153626015361866 89.548362601536184
33.63585661014871 89.597536657285914
34.125101410453844 89.652512980538091
34.62146244024586 89.717869128955158
35.12504320746613 89.788880833007937
35.635948725613716 89.854862205994351
36.15428553564419 89.910348554814902
36.68016172818701 89.957453423439517
37.21368696608603 90.002377079083402
37.754972507267915 90.051768722464999
38.30413122794313 90.104788241426661
38.86127764614443 90.153894167520860
39.4265279456077 90.195581429215366
40.000000000000206 90.230000000000018
40.58181339750116 90.270242227467918
41.1720894657399 90.325848417503209
41.77095129709678 90.384167839526398
42.37852377437204 90.423777593831375
42.9949335968281 90.450884963825644
43.62030930661056 90.481015435253340
44.25478131555359 90.522249482259340
44.89848193237519 90.558585685012304
45.55154539026795 90.585745903081801
46.21410787489121 90.614822903778332
46.88630755277036 90.653315421473621
47.56828460010916 90.685902211142746
48.260181232021196 90.705365587192659
48.962141732186545 90.732481504110297
49.674312482939705 90.773516019318492
50.39684199579528 90.821046735412750
51.129880942417586 90.863494073557916
51.873582186040764 90.894541669757558
52.628100813345895 90.916737634147381
53.393594166801776 90.940521809719570
54.17022187747612 90.968486671269943
54.95814589832399 90.991953631095768
55.75753053796041 91.008802148300674
56.56854249492426 91.034820343559659
57.39135089244048 91.060392421418584
58.226127313687975 91.071042772010458
59.073045837580466 91.056806064542997
59.932283075067765 91.048643310786844
60.804018205965114 91.058063158860648
61.68843301631817 91.072364870484449
62.58571193631152 91.086321392730639
63.49604207872855 91.091251978960642
64.41961327797075 91.089741160166085
65.35661812964459 91.090496326907513
66.3072520307241 91.098379772337964
67.27171322029778 91.108173705762368
68.25020282090806 91.115876521156821
69.2429248804921 91.121499999999997
70.25008641493265 91.119749395095468
71.27189745122783 91.114635948725606
72.30857107128878 91.113611430179191
73.36032345637442 91.104734824698014
74.42737393217246 91.090867321576539
75.50994501453623 91.084087701414745
76.60826245588666 91.078045454114530
77.72255529228926 91.070927989959046
78.85305589121582 91.073088421706416
80.00000000000082 91.075000000000003
81.16362679500274 91.072575771449834
82.34417893148023 91.074260275832415
83.541902594194 91.075301461684461
84.75704754874454 91.077892617353399
85.98986719365665 91.083861794036793
87.24061861322157 91.065788568397664
88.50956263110764 91.047047813155530
89.79696386475084 91.053484819323756
91.10309078053635 91.058176978460892
92.42821574978288 91.059444781473417
93.77261510554118 91.055584270250023
95.13656920021877 91.052032632413358
96.52036246404286 91.040680266743493
97.92428346437356 91.024920360718653
99.34862496587989 91.008499242995697
100.79368399159105 90.980480706862878
102.25976188483567 90.947285238533624
103.74716437208203 90.916323577943274
105.25620162669229 90.887713799650101
106.78718833360406 90.862979363329544
108.34044375495276 90.840113195757382
109.9162917966485 90.813964873514749
111.51506107592134 90.788274073469651
113.13708498984903 90.767734030561712
114.78270178488147 90.748535152180921
116.45225462737648 90.732137550562612
118.14609167516147 90.714156745631300
119.86456615013608 90.674830087971955
121.60803641193078 90.619478587146091
123.3768660326369 90.570406141959609
125.17142387262359 90.541685750309881
126.99208415745765 90.518213727748645
128.83922655594208 90.465103866273793
130.71323625928977 90.407277281141916
132.61450406144883 90.342531479803199
134.5434264405962 90.279686052205392
136.50040564181674 90.236869219604102
138.48584976098482 90.207847866264501
140.50017282986593 90.172412662774775
142.5437949024563 90.125068751426426
144.61714214257822 90.082157157148430
146.7206469127495 90.031483827181262
148.8547478643456 89.964583824747905
151.01989002907314 89.888395892970806
153.216524911774 89.812497982893802
155.4451105845792 89.744296589256180
157.70611178243232 89.694470872508646
160.00000000000236 89.638499999999922
162.3272535900062 89.559838828657803
164.6883578629612 89.485285563103020
167.08380518838874 89.422571348214916
169.51409509748981 89.346340499821835
171.97973438731407 89.244579527590574
174.4812372264439 89.134429314591188
177.01912526221608 89.035580890140679
179.5939277295025 88.949237956018209
182.20618156107355 88.863196008484579
184.85643149956664 88.766312034516034
187.54523021108326 88.663444080738742
190.27313840043846 88.570204943505871
193.04072492808663 88.479033902588881
195.84856692874806 88.377442450407827
198.69724993176072 88.282998101937991
201.58736798318304 88.214517201666865
204.5195237696723 88.164973413262970
207.49432874416505 88.131298205674597
210.5124032533856 88.116231395119925
213.57437666720915 88.122265477502850
216.68088750990657 88.160691981383735
219.83258359329807 88.214235380069312
223.03012215184378 88.277344912498918
226.2741699796992 88.346531739553384
229.5654035697641 88.420649147581315
232.90450925475412 88.491978779225633
236.2921833503241 88.566793262895033
239.72913230027333 88.646702325981352
243.21607282386276 88.730752938935339
246.75373206527502 88.824943116237947
250.34284774524843 88.927028296548514
253.9841683149166 89.033536923211301
257.67845311188546 89.124581907880184
261.42647251858085 89.195889741593746
265.22900812289896 89.248488552798847
269.08685288119375 89.272985524519797
273.0008112836349 89.267370842171374
276.97169952197106 89.242404467220524
281.00034565973334 89.198695229895691
285.0875898049141 89.141967178414006
289.23428428515797 89.069400025009742
293.44129382550057 88.986141735342329
297.7094957286928 88.897600589697447
302.0397800581479 88.804114893706213
306.4330498235497 88.706567395577991
310.89022116916016 88.598203303709425
315.41222356486645 88.484508194563745
320.00000000000654 88.389999999999844
324.6545071800142 88.286204489885677
329.3767157259242 88.169082106851903
334.16761037677935 88.060562288597822
339.02819019498156 87.954185453749403
343.95946877463007 87.851434943242623
348.9624744528898 87.749165521161046
354.03825052443415 87.644812039196651
359.187855459007 87.552131315013284
364.4123631221491 87.468725898982257
369.71286299913527 87.391163486512539
375.0904604221685 87.320920936392696
380.54627680087896 87.255840841018085
386.08144985617537 87.207072836107443
391.6971338574982 87.194422153544224
397.3944998635236 87.202711949303975
403.1747359663683 87.252509463613237
409.0390475393468 87.334384522514398
414.9886574883323 87.453480615347900
421.0248065067734 87.622225923432012
427.1487533344206 87.792079752799069
433.3617750198154 87.872223550039621
439.6651671865984 87.952982466716207
446.06024430368984 88.196458032272005
452.54833995940066 88.572384527787335
459.13080713953053 88.839366059076269
465.8090185095106 88.897401415205280
472.58436670065066 88.934149674229474
479.45826460054917 89.092015883530053
486.432145647728 89.271814710110249
493.50746413055253 89.425410478806867
500.6856954904994 89.550628321217289
507.9683366298358 89.647578481384684
515.3569062237735 89.711666930644327
522.8529450371643 89.758077233389798
530.4580162458005 89.811490463336526
538.1737057623901 89.853058339950536
546.0016225672724 89.875930078098179
553.9433990439449 89.880649762918281
562.0006913194694 89.876599516076368
570.1751796098309 89.870308040541175
578.4685685703187 89.837549154147240
586.8825876510039 89.822208506671146
595.4189914573883 89.811768159823998
604.0795601162986 89.800380659825549
612.8660996471021 89.785462957798245
621.780442338323 89.766001846083839
630.8244471297356 89.743851105740532
640.0000000000159 89.725499999999982
649.3090143600314 89.712001929177944
658.7534314518515 89.692180122378517
668.3352207535618 89.670328992266803
678.0563803899662 89.658040800590527
687.9189375492632 89.648081062450728
697.9249489057827 89.644415010218836
708.0765010488715 89.642788524842672
718.3757109180171 89.643756356637709
728.8247262443015 89.655030907805383
739.425725998274 89.667339584898016
750.1809208443404 89.678263842897991
761.0925536017613 89.694176640669241
772.1628997123541 89.707226422745023
783.3942677149998 89.716311416110386
794.7889997270506 89.729966374579206
806.34947193274 89.750963505196012
818.0780950786972 89.769980732404548
829.9773149766683 89.776011342511666
842.0496130135506 89.766769249857504
854.2975066688449 89.744144668327067
866.7235500396347 89.697655549795726
879.3303343732008 89.633564844852657
892.1204886073838 89.614756635189593
905.0966799188055 89.649846314604176
918.2616142790653 89.696023228558133
931.6180370190256 89.725536012776871
945.1687334013056 89.778038455906739
958.9165292011028 89.864301138257588
972.8642912954606 89.964475040570846
987.0149282611097 90.062718159951487
1001.3713909810035 90.148536963676122
1015.9366732596762 90.216029017801119
1030.7138124475518 90.254101973206787
1045.7058900743334 90.250136002869482
1060.916032491606 90.194282428394899
1076.3474115247852 90.078019935644562
1092.0032451345498 89.930161031871336
1107.8867980878947 89.810743919612293
1124.0013826389438 89.794228175251007
1140.350359219667 89.876044959513621
1156.9371371406426 90.042858117247704
1173.765175302013 90.233299515973144
1190.837982914782 90.421925161830643
1208.1591202326028 90.606320087957243
1225.73219929421 90.770861465227711
1243.5608846766518 90.925771620155061
1261.648894259477 91.066143299896709
1280.0000000000375 91.197000000000230
1298.6180287200684 91.314825524614150
1317.5068629037087 91.432789118551142
1336.6704415071292 91.539937711402246
1356.112760779938 91.642286356055678
1375.8378750985323 91.739313694227889
1395.8498978115715 91.832013282487935
1416.153002097749 91.921803992528467
1436.7514218360407 92.010518400619560
1457.6494524886093 92.096556777103757
1478.8514519965543 92.182251749906357
1500.3618416886875 92.267396708918341
1522.1851072035295 92.351634513805635
1544.3257994247153 92.434391973859945
1566.788535430007 92.516946039673826
1589.5779994541087 92.599480798034790
1612.6989438654878 92.682208240161131
1636.156190157402 92.765492913157203
1659.9546299533442 92.850336667832039
1684.099226027109 92.937257213697592
1708.5950133376978 93.025613948282455
1733.4471000792773 93.115747444288573
1758.6606687464096 93.207871260986792
1784.2409772147755 93.302746074327558
1810.193359837619 93.400327032989452
1836.5232285581387 93.500479662234426
1863.2360740380593 93.604120688748438
1890.3374668026197 93.710429619202330
1917.833058402214 93.820188894776891
1945.7285825909298 93.933158045319175
1974.0298565222283 94.049503008871582
2002.7427819620161 94.168473971207760
2031.8733465193618 94.290305610497342
2061.4276248951132 94.413424643314727
2091.411780148677 94.537788298609570
2121.832064983222 94.662465664806632
2152.694823049581 94.787279292198320
2184.0064902691106 94.912225474306268
2215.7735961758003 95.035531175324635
2248.002765277899 95.158243610949526
2280.7007184393456 95.278879276996292
2313.874274281297 95.398253673698605
2347.530350604038 95.515979709583917
2381.6759658295764 95.632427334247694
2416.318240465218 95.749438076232906
2451.4643985884327 95.869283870147740
2487.1217693533167 95.993211555559171
2523.2977885189675 96.122372038668288
2560.0000000000887 96.254000000000303
2597.236057440151 96.384964398168506
2635.0137258074315 96.512044380110694
2673.340883014273 96.629063843854425
2712.225521559891 96.735045505337055
2751.6757501970797 96.825874491065960
2791.699795623158 96.900370889785819
2832.3060041955137 96.955705565286337
2873.502843672097 96.993981933697029
2915.2989049772345 97.013988857647036
2957.7029039931244 97.015572896482610
3000.723683377391 96.998957237466954
3044.370214407075 96.965129785592922
3088.6515988494466 96.916884936395036
3133.57707086003 96.857992100795968
3179.1559989082334 96.788641961735905
3225.3978877309914 96.711053696470771
3272.3123803148205 96.625829601204984
3319.9092599067053 96.532885109790328
3368.198452054235 96.432555312603938
3417.190026675413 96.325994340247064
3466.8942001585724 96.213643339635283
3517.3213374928373 96.096968070266755
3568.4819544295697 95.976882587546214
3620.386719675257 95.853979607172889
3673.0464571162966 95.729110361205528
3726.472148076138 95.602496287578788
3780.6749336052594 95.473975692690431
3835.6661168044484 95.344654609013674
3891.45716518188 95.216855485623157
3948.059713044477 95.089853518856444
4005.4855639240527 94.972763124034799
4063.746693038744 94.870910741955697
4122.855249790247 94.792049243930038
4182.823560297375 94.742092427047268
4243.664129966465 94.722536529653638
4305.389646099183 94.730654768451529
4368.012980538242 94.768241554340889
4431.5471923516225 94.836762288784286
4496.00553055582 94.932341859606879
4561.401436878714 95.058327477637718
4627.748548562617 95.208581655024773
4695.060701208099 95.388644221438284
4763.351931659176 95.596610454819924
4832.63648093046 95.835007709061301
4902.928797176889 96.106891217178159
4974.243538706657 96.406315481841617
5046.595577037959 96.741202657999764
5120.000000000202 97.107071428572482
5194.472114880326 97.505643657951509
5270.027451614888 97.935971890938944
5346.6817660285715 98.392132923435184
5424.451043119808 98.865921392834252
5503.351500394186 99.345657659530502
5583.399591246343 99.813821381783498
5664.612008391055 100.243074903255888
5747.005687344222 100.616578119054253
5830.597809954497 100.911554305881694
5915.405807986278 101.105171965828276
6001.447366754812 101.176532073482718
6088.740428814181 101.108329659768856
6177.303197698925 100.925366434735025
6267.154141720092 100.650381204765935
6358.3119978165005 100.306709808679415
6450.795775462017 99.922832144390640
6544.624760629676 99.519167281686094
6639.818519813445 99.116646790967678
6736.396904108505 98.732329625072566
6834.380053350861 98.380045823942169
6933.788400317181 98.070581899127760
7034.642674985712 97.815230742405220
7136.963908859177 97.623402332154200
7240.773439350552 97.500400584503325
7346.092914232631 97.447586062865099
7452.944296152315 97.459089389576349
7561.349867210557 97.520978653727653
7671.332233608935 97.600814585200339
7782.914330363799 97.664836053229408
7896.119426088994 97.672440280505668
8010.971127848146 97.569100613976701
8127.49338607753 97.320503714454105
8245.710499580537 96.910381266839835
8365.647120594791 96.335056261732944
8487.328259932974 95.631368864229344
8610.77929219841 94.823510349953864
8736.025961076528 93.948087003982067
8863.094384703289 93.042379052198754
8992.011061111683 92.130508427736686
9122.802873757471 91.235270540292760
9255.497097125279 90.374657991667050
9390.121402416245 89.563326216589843
9526.7038633184 88.818200425853433
9665.272961860968 88.136373741557605
9805.857594353829 87.512761309628885
9948.487077413367 86.951668539215660
10093.19115407597 86.465152130038405
10240.000000000457 86.048999999998813
10388.944229760706 85.706805407319678
10540.05490322983 85.450730316727856
10693.363532057198 85.275105550507391
10848.902086239672 85.182120471020937
11006.703000788428 85.175671662608408
11166.799182492743 85.257759427744929
11329.224016782166 85.448991221816812
11494.0113746885 85.723545806201045
11661.195619909053 86.116240536239161
11830.811615972614 86.581408042310301
12002.894733509682 87.144980252244210
12177.48085762842 87.761644279326788
12354.606395397908 88.417884215298429
12534.308283440243 88.990395744194956
12716.62399563306 89.331455195414719
12901.591550924093 89.302605108798389
13089.249521259411 89.087602691357077
13279.637039626952 88.656079807109819
13472.793808217073 88.063603937541018
13668.760106701786 87.453220488430787
13867.576800634426 86.919810560589980
14069.285349971487 86.556330125611794
14273.927817718419 86.352028728644456
14481.54687870117 86.384548868381117
14692.18582846533 86.627657312326221
14905.888592304698 86.920361801072659
15122.699734421185 87.100625899080057
15342.664467217943 86.989246458516263
15565.828660727671 86.432566927084821
15792.238852178061 85.349056703206799
16021.942255696367 83.771128148712592
16254.986772155136 81.900319949595797
16491.42099916115 80.113822930338358
16731.294241189662 78.482675398663616
16974.65651986603 77.027381341512296
17221.558584396902 75.865420386474938
17472.051922153143 75.085776075779904
17726.188769406665 74.752930465958599
17984.022122223458 74.719947380577736
18245.605747515034 74.330951707431225
18510.99419425065 72.753559944200759
18780.242804832582 70.241159304948866
19053.40772663689 68.882466304429428
19330.545923722028 69.861965494747523
19611.71518870775 70.809506314942652
19896.974154826825 70.889939419646723
20186.382308152035 70.820499999999996
