20 67.413999999999987
20.290906698750476 67.479939071513684
20.586044732869844 67.545406592764166
20.885475648548283 67.609877264437870
21.189261887185914 67.673744793826401
21.49746679841394 67.735506073205897
21.810154653305165 67.796429564480164
22.12739065777668 67.856067271688687
22.449240966187475 67.915363344369268
22.77577269513385 67.974138950587260
23.107053937445478 68.033056077677472
23.44315377638505 68.090597640366013
23.784142300054445 68.146692945883785
24.130090616010463 68.201013657447092
24.481070866093134 68.252302611905208
24.837156241469714 68.302473204980657
25.1984209978975 68.351290782221412
25.56494047120865 68.399236138758454
25.936791093020236 68.446598926132907
26.3140504066728 68.493185974420655
26.69679708340074 68.537393675528335
27.08511093873791 68.579436583778872
27.47907294916184 68.619058423875799
27.878765268980047 68.657482700553103
28.284271247461966 68.696290039756349
28.695675446220072 68.735980518283355
29.11306365684382 68.776014920086482
29.536522918790062 68.814994879340787
29.966141537533712 68.850223606077776
30.402009102982383 68.882637288246173
30.844216508158908 68.912914840973031
31.29285596815558 68.943517777850502
31.74802103936409 68.974117409637387
32.20980663898519 69.004008011617088
32.67830906482211 69.031450380435572
33.153626015361866 69.056334926783450
33.63585661014871 69.080928687117591
34.125101410453844 69.105629969112243
34.62146244024586 69.129587272251314
35.12504320746613 69.152376857921041
35.635948725613716 69.174073897750162
36.15428553564419 69.194862850354482
36.68016172818701 69.214305660486545
37.21368696608603 69.232124295948665
37.754972507267915 69.248649164290654
38.30413122794313 69.264915646382406
38.86127764614443 69.279628729074162
39.4265279456077 69.292346876709772
40.000000000000206 69.304499999999990
40.58181339750116 69.319530229536213
41.1720894657399 69.335732436645657
41.77095129709678 69.346015870004521
42.37852377437204 69.348152925565444
42.9949335968281 69.350149784155377
43.62030930661056 69.356136677638233
44.25478131555359 69.365717963933037
44.89848193237519 69.373815618596439
45.55154539026795 69.380868180833090
46.21410787489121 69.385523511536519
46.88630755277036 69.386315053365422
47.56828460010916 69.385243873223430
48.260181232021196 69.387800901160119
48.962141732186545 69.389625513774718
49.674312482939705 69.387171257351270
50.39684199579528 69.383511840655558
51.129880942417586 69.382471259244511
51.873582186040764 69.381932623850417
52.628100813345895 69.379127060975435
53.393594166801776 69.375532026706026
54.17022187747612 69.369533331979426
54.95814589832399 69.359782314548013
55.75753053796041 69.351621610444852
56.56854249492426 69.342393218813442
57.39135089244048 69.329564333043635
58.226127313687975 69.315399535892595
59.073045837580466 69.305550404111443
59.932283075067765 69.294380320024118
60.804018205965114 69.284982774856189
61.68843301631817 69.280923241444981
62.58571193631152 69.274142885815479
63.49604207872855 69.258094990110507
64.41961327797075 69.232782181743914
65.35661812964459 69.211468745898031
66.3072520307241 69.200930341493063
67.27171322029778 69.179039041018541
68.25020282090806 69.144744929477298
69.2429248804921 69.120412727748686
70.25008641493265 69.096622796419211
71.27189745122783 69.071110409896150
72.30857107128878 69.046440008753422
73.36032345637442 69.020852237047023
74.42737393217246 68.995029338661766
75.50994501453623 68.967826387523786
76.60826245588666 68.938537188652745
77.72255529228926 68.907080150614391
78.85305589121582 68.874563147270777
80.00000000000082 68.843499999999977
81.16362679500274 68.812469874557948
82.34417893148023 68.779374966058526
83.541902594194 68.742941532621259
84.75704754874454 68.704693513523537
85.98986719365665 68.663179452998705
87.24061861322157 68.621179280220787
88.50956263110764 68.574158932823821
89.79696386475084 68.528241622157225
91.10309078053635 68.479633992314859
92.42821574978288 68.430178098539415
93.77261510554118 68.383448040312715
95.13656920021877 68.346370281337357
96.52036246404286 68.316701660321598
97.92428346437356 68.296909917432416
99.34862496587989 68.286985476370063
100.79368399159105 68.283735438669481
102.25976188483567 68.292617142618028
103.74716437208203 68.314041669757557
105.25620162669229 68.338110573171946
106.78718833360406 68.362882201671269
108.34044375495276 68.387326508405977
109.9162917966485 68.399863415443804
111.51506107592134 68.405594885519861
113.13708498984903 68.424872102835849
114.78270178488147 68.444417553565671
116.45225462737648 68.453761283038631
118.14609167516147 68.456988595317029
119.86456615013608 68.445091455184794
121.60803641193078 68.428119564260015
123.3768660326369 68.404486117631308
125.17142387262359 68.371385827057026
126.99208415745765 68.333759018162993
128.83922655594208 68.306774032485038
130.71323625928977 68.272774142152883
132.61450406144883 68.234366406586673
134.5434264405962 68.189457765425686
136.50040564181674 68.143741278700929
138.48584976098482 68.100568380377851
140.50017282986593 68.055329473466315
142.5437949024563 68.009688580511806
144.61714214257822 67.962710016256352
146.7206469127495 67.914769250389313
148.8547478643456 67.867195546984391
151.01989002907314 67.820174353377837
153.216524911774 67.772449841976254
155.4451105845792 67.722262456554688
157.70611178243232 67.669888427795684
160.00000000000236 67.612999999999943
162.3272535900062 67.551095054505836
164.6883578629612 67.484350636691914
167.08380518838874 67.412569083310657
169.51409509748981 67.340382785114315
171.97973438731407 67.265024180870725
174.4812372264439 67.186392903644375
177.01912526221608 67.106599466766411
179.5939277295025 67.021562813834620
182.20618156107355 66.934313535860142
184.85643149956664 66.844381329014738
187.54523021108326 66.749371712401000
190.27313840043846 66.650620740783339
193.04072492808663 66.545128017775852
195.84856692874806 66.435727036235818
198.69724993176072 66.319715502866046
201.58736798318304 66.190129143459870
204.5195237696723 66.049296589247660
207.49432874416505 65.905023165489382
210.5124032533856 65.763181517553164
213.57437666720915 65.622972267475177
216.68088750990657 65.483530283931685
219.83258359329807 65.345698905488177
223.03012215184378 65.224870419305859
226.2741699796992 65.132024778837462
229.5654035697641 65.093049204180261
232.90450925475412 65.127258620311807
236.2921833503241 65.246845826095907
239.72913230027333 65.468529033367645
243.21607282386276 65.789349037933846
246.75373206527502 66.179818176704728
250.34284774524843 66.597770338448811
253.9841683149166 67.020163524530318
257.67845311188546 67.395362990856370
261.42647251858085 67.699547947097528
265.22900812289896 67.936818723269297
269.08685288119375 68.100902929713030
273.0008112836349 68.196762372075426
276.97169952197106 68.245172173685432
281.00034565973334 68.246597614947845
285.0875898049141 68.217703670887275
289.23428428515797 68.156332592579659
293.44129382550057 68.079271287932940
297.7094957286928 67.991245841833106
302.0397800581479 67.897889756242549
306.4330498235497 67.802378412185831
310.89022116916016 67.707332800155342
315.41222356486645 67.607224969790508
320.00000000000654 67.503999999999849
324.6545071800142 67.403928095629695
329.3767157259242 67.302838283465235
334.16761037677935 67.202813704162992
339.02819019498156 67.101713643944379
343.95946877463007 66.999934943242621
348.9624744528898 66.896873026270470
354.03825052443415 66.793927339406423
359.187855459007 66.690324105273959
364.4123631221491 66.588400155430307
369.71286299913527 66.488869461916181
375.0904604221685 66.390878173859704
380.54627680087896 66.293063180212812
386.08144985617537 66.196799062473787
391.6971338574982 66.103203720485183
397.3944998635236 66.011385252115389
403.1747359663683 65.922849837843415
409.0390475393468 65.835933810679478
414.9886574883323 65.754894617023766
421.0248065067734 65.680634437133975
427.1487533344206 65.612012466655798
433.3617750198154 65.555786687351372
439.6651671865984 65.513080104134673
446.06024430368984 65.484394572468545
452.54833995940066 65.481067675943166
459.13080713953053 65.504858978044837
465.8090185095106 65.552646330167335
472.58436670065066 65.627012400407807
479.45826460054917 65.720963284179433
486.432145647728 65.828471115798877
493.50746413055253 65.945802795887062
500.6856954904994 66.066142551720617
507.9683366298358 66.184485470234833
515.3569062237735 66.290731888081893
522.8529450371643 66.377549668788248
530.4580162458005 66.448234739735966
538.1737057623901 66.502480196802054
546.0016225672724 66.546294290712723
553.9433990439449 66.588081382540452
562.0006913194694 66.630103663993182
570.1751796098309 66.673454728873580
578.4685685703187 66.718653698708238
586.8825876510039 66.762445326402670
595.4189914573883 66.802343562412503
604.0795601162986 66.836523487899782
612.8660996471021 66.862165249117751
621.780442338323 66.877670663507487
630.8244471297356 66.881757997583236
640.0000000000159 66.873499999999950
649.3090143600314 66.849762013381920
658.7534314518515 66.804670514313329
668.3352207535618 66.730567950858472
678.0563803899662 66.614281150027935
687.9189375492632 66.448146964745661
697.9249489057827 66.245368567869136
708.0765010488715 66.078025708899830
718.3757109180171 66.020022582878738
728.8247262443015 66.055534977035990
739.425725998274 66.134991949086441
750.1809208443404 66.243610743183979
761.0925536017613 66.370913125353894
772.1628997123541 66.495246300626746
783.3942677149998 66.606422686841910
794.7889997270506 66.703746247839149
806.34947193274 66.786536128893346
818.0780950786972 66.857864614483390
829.9773149766683 66.921120834117687
842.0496130135506 66.978223258560973
854.2975066688449 67.031727215008985
866.7235500396347 67.081667500152435
879.3303343732008 67.129305720462185
892.1204886073838 67.175159059746079
905.0966799188055 67.221050741379116
918.2616142790653 67.268138143931992
931.6180370190256 67.316172209337282
945.1687334013056 67.364389264129613
958.9165292011028 67.413079374253897
972.8642912954606 67.460771447461553
987.0149282611097 67.507741685786755
1001.3713909810035 67.550157042616007
1015.9366732596762 67.588591903613278
1030.7138124475518 67.621147198576423
1045.7058900743334 67.643459563166800
1060.916032491606 67.650797708423113
1076.3474115247852 67.636541643753048
1092.0032451345498 67.592297592663158
1107.8867980878947 67.516409668888656
1124.0013826389438 67.417324807059842
1140.350359219667 67.319150272267507
1156.9371371406426 67.244485735722577
1173.765175302013 67.183145767919456
1190.837982914782 67.146616684402403
1208.1591202326028 67.118574662757453
1225.73219929421 67.119232199294217
1243.5608846766518 67.140617668949787
1261.648894259477 67.194829647531591
1280.0000000000375 67.272500000000207
1298.6180287200684 67.379952622898685
1317.5068629037087 67.490794608874111
1336.6704415071292 67.619942241210794
1356.112760779938 67.754080868401076
1375.8378750985323 67.889885391302414
1395.8498978115715 68.024298067892232
1416.153002097749 68.153763913215812
1436.7514218360407 68.280833388832633
1457.6494524886093 68.402295901085523
1478.8514519965543 68.521066753661586
1500.3618416886875 68.635859866279844
1522.1851072035295 68.748031451026151
1544.3257994247153 68.857969449158105
1566.788535430007 68.966920740772622
1589.5779994541087 69.075308157423393
1612.6989438654878 69.183169120658562
1636.156190157402 69.291095350920898
1659.9546299533442 69.399295834790053
1684.099226027109 69.506854609998726
1708.5950133376978 69.613974258152368
1733.4471000792773 69.721653588339308
1758.6606687464096 69.828874808734923
1784.2409772147755 69.935757645669170
1810.193359837619 70.042792775334249
1836.5232285581387 70.150053843374877
1863.2360740380593 70.257973739113766
1890.3374668026197 70.367770115218633
1917.833058402214 70.479045555944936
1945.7285825909298 70.592572616970983
1974.0298565222283 70.709964203132472
2002.7427819620161 70.831202536371279
2031.8733465193618 70.955617834917234
2061.4276248951132 71.083757755790245
2091.411780148677 71.215258891992477
2121.832064983222 71.350198490799926
2152.694823049581 71.488309333146873
2184.0064902691106 71.628429043954270
2215.7735961758003 71.769798163077922
2248.002765277899 71.911678649537578
2280.7007184393456 72.052478053367224
2313.874274281297 72.191615762458014
2347.530350604038 72.328705747436288
2381.6759658295764 72.462452468443871
2416.318240465218 72.593377489721306
2451.4643985884327 72.719393700041877
2487.1217693533167 72.841572564511054
2523.2977885189675 72.957888033834749
2560.0000000000887 73.069750000000255
2597.236057440151 73.178122763704437
2635.0137258074315 73.285789118551179
2673.340883014273 73.396188560741393
2712.225521559891 73.513028691476336
2751.6757501970797 73.641925922527832
2791.699795623158 73.784411759133945
2832.3060041955137 73.938231996068822
2873.502843672097 74.095075777517252
2915.2989049772345 74.246292364524422
2957.7029039931244 74.381219434222402
3000.723683377391 74.490793584037078
3044.370214407075 74.566098583474911
3088.6515988494466 74.607890394266519
3133.57707086003 74.624447133857501
3179.1559989082334 74.615712280403955
3225.3978877309914 74.587681689815213
3272.3123803148205 74.543010134047393
3319.9092599067053 74.484525221328738
3368.198452054235 74.414428430274853
3417.190026675413 74.335105054385053
3466.8942001585724 74.248590439714576
3517.3213374928373 74.156262672138524
3568.4819544295697 74.058645008406629
3620.386719675257 73.957542029436496
3673.0464571162966 73.854328944052071
3726.472148076138 73.750938197174577
3780.6749336052594 73.649908692836092
3835.6661168044484 73.551054279096348
3891.45716518188 73.458473179403313
3948.059713044477 73.370031698368010
4005.4855639240527 73.288960192964126
4063.746693038744 73.214816192773398
4122.855249790247 73.149168543958012
4182.823560297375 73.090079805459396
4243.664129966465 73.037930745743026
4305.389646099183 72.993727247730575
4368.012980538242 72.958109419199474
4431.5471923516225 72.933260368664378
4496.00553055582 72.917398755624930
4561.401436878714 72.913314388348482
4627.748548562617 72.919114280950538
4695.060701208099 72.934733363236830
4763.351931659176 72.957626885484942
4832.63648093046 72.988576429321057
4902.928797176889 73.033255775106184
4974.243538706657 73.088250919432994
5046.595577037959 73.154057020542552
5120.000000000202 73.226857142857341
5194.472114880326 73.304831036551207
5270.027451614888 73.384528824195627
5346.6817660285715 73.461806482915534
5424.451043119808 73.532283386651841
5503.351500394186 73.589059557401896
5583.399591246343 73.624963589053237
5664.612008391055 73.634730600419545
5747.005687344222 73.616992639752141
5830.597809954497 73.566850014841862
5915.405807986278 73.482048101138659
6001.447366754812 73.364521384432379
6088.740428814181 73.212831300543570
6177.303197698925 73.033993147788010
6267.154141720092 72.836108467744040
6358.3119978165005 72.625841485098476
6450.795775462017 72.405828202259215
6544.624760629676 72.178115584063590
6639.818519813445 71.948231922844002
6736.396904108505 71.722561012194234
6834.380053350861 71.505614286896176
6933.788400317181 71.301795213392595
7034.642674985712 71.116800306024004
7136.963908859177 70.954326429875664
7240.773439350552 70.816591208763100
7346.092914232631 70.702750802336681
7452.944296152315 70.610232891962710
7561.349867210557 70.536167581886815
7671.332233608935 70.475321041534158
7782.914330363799 70.423448112806227
7896.119426088994 70.374343272607717
8010.971127848146 70.317823053866007
8127.49338607753 70.238977793206786
8245.710499580537 70.120305998497997
8365.647120594791 69.935857369842722
8487.328259932974 69.675589023815235
8610.77929219841 69.322085829167165
8736.025961076528 68.871058988374216
8863.094384703289 68.344142692172341
8992.011061111683 67.769604037645593
9122.802873757471 67.159028752347382
9255.497097125279 66.496161382773536
9390.121402416245 65.788639634522752
9526.7038633184 65.053965339789158
9665.272961860968 64.298953949106348
9805.857594353829 63.502084704016497
9948.487077413367 62.799827212200647
10093.19115407597 62.376341230217676
10240.000000000457 61.945999999998506
10388.944229760706 61.460295937350843
10540.05490322983 60.970384922366023
10693.363532057198 60.524107251672049
10848.902086239672 60.120448048192834
11006.703000788428 59.734912798107771
11166.799182492743 59.407132958477867
11329.224016782166 59.195315513893995
11494.0113746885 59.062392606452477
11661.195619909053 59.011606728753733
11830.811615972614 59.000650953715386
12002.894733509682 59.048966598254637
12177.48085762842 59.151432345255195
12354.606395397908 59.333649709354901
12534.308283440243 59.538340165011476
12716.62399563306 59.742287675327375
12901.591550924093 59.928447365738990
13089.249521259411 60.107526686001833
13279.637039626952 60.270019613111820
13472.793808217073 60.412135820546524
13668.760106701786 60.538912263487560
13867.576800634426 60.656532428371136
14069.285349971487 60.783769976396187
14273.927817718419 60.930771482394398
14481.54687870117 61.134677816275193
14692.18582846533 61.426019504763836
14905.888592304698 61.797641004502125
15122.699734421185 62.214709275747424
15342.664467217943 62.573490781972815
15565.828660727671 62.689513052665049
15792.238852178061 62.332263693270143
16021.942255696367 61.342416388186230
16254.986772155136 59.769473521113902
16491.42099916115 57.919139260564847
16731.294241189662 56.115442837148017
16974.65651986603 54.357922370004331
17221.558584396902 52.753537005340675
17472.051922153143 51.335059001295605
17726.188769406665 50.099674814852584
17984.022122223458 49.030253652839399
18245.605747515034 48.091625961836542
18510.99419425065 47.228032729347404
18780.242804832582 46.357319715271807
19053.40772663689 45.476088099140810
19330.545923722028 44.755772623164567
19611.71518870775 44.445892493771133
19896.974154826825 44.433999999999997
20186.382308152035 44.433999999999997
