20 101.593500000000006
20.290906698750476 101.597378768912563
20.586044732869844 101.600360447793875
20.885475648548283 101.603830549233066
21.189261887185914 101.607856812306437
21.49746679841394 101.614802177459836
21.810154653305165 101.623830057082131
22.12739065777668 101.633503243088853
22.449240966187475 101.641410340017103
22.77577269513385 101.642615993943423
23.107053937445478 101.636788371171207
23.44315377638505 101.625512418530505
23.784142300054445 101.613975730998362
24.130090616010463 101.606415907919612
24.481070866093134 101.607037048308314
24.837156241469714 101.611785928310923
25.1984209978975 101.615492104989499
25.56494047120865 101.613407358433236
25.936791093020236 101.605067246989435
26.3140504066728 101.594838838307098
26.69679708340074 101.588778025520241
27.08511093873791 101.586382965594325
27.47907294916184 101.583209273531565
27.878765268980047 101.571546302413253
28.284271247461966 101.551933623884509
28.695675446220072 101.533260008489862
29.11306365684382 101.521886936343151
29.536522918790062 101.521719137512733
29.966141537533712 101.524296849225195
30.402009102982383 101.513889499704305
30.844216508158908 101.487044349519351
31.29285596815558 101.455964362069892
31.74802103936409 101.431835095307349
32.20980663898519 101.414915607469425
32.67830906482211 101.400972418990520
33.153626015361866 101.385623089462342
33.63585661014871 101.369424301695545
34.125101410453844 101.353996349223650
34.62146244024586 101.333819565786484
35.12504320746613 101.305247321137102
35.635948725613716 101.275474461170546
36.15428553564419 101.253062862859394
36.68016172818701 101.233532398775196
37.21368696608603 101.204182973272225
37.754972507267915 101.173526253564006
38.30413122794313 101.153395869772055
38.86127764614443 101.148161694567790
39.4265279456077 101.131204164386972
40.000000000000206 101.079499999999982
40.58181339750116 101.033439619163218
41.1720894657399 101.038674367061788
41.77095129709678 101.067547610013548
42.37852377437204 101.060735372172729
42.9949335968281 101.026004316892511
43.62030930661056 100.990816611808867
44.25478131555359 100.962327463640207
44.89848193237519 100.922767893734630
45.55154539026795 100.874186372502251
46.21410787489121 100.831688851989924
46.88630755277036 100.792883143109833
47.56828460010916 100.753280873450763
48.260181232021196 100.721032610487129
48.962141732186545 100.688207794101189
49.674312482939705 100.648641465978983
50.39684199579528 100.623807229835251
51.129880942417586 100.604718518887196
51.873582186040764 100.554141834764721
52.628100813345895 100.489124911146860
53.393594166801776 100.459278023367773
54.17022187747612 100.446128885007681
54.95814589832399 100.399675627096272
55.75753053796041 100.330670735258209
56.56854249492426 100.268349211612929
57.39135089244048 100.251197281235420
58.226127313687975 100.284597811282310
59.073045837580466 100.320631130937841
59.932283075067765 100.257477193982510
60.804018205965114 100.190278943987721
61.68843301631817 100.137059975049098
62.58571193631152 100.059375275974105
63.49604207872855 99.982544865134727
64.41961327797075 99.908283838177567
65.35661812964459 99.805077134942252
66.3072520307241 99.656730894623280
67.27171322029778 99.515664934918249
68.25020282090806 99.467378955007703
69.2429248804921 99.470703993057114
70.25008641493265 99.419994642274176
71.27189745122783 99.366022820091231
72.30857107128878 99.331034303042486
73.36032345637442 99.275520269161163
74.42737393217246 99.211925998900085
75.50994501453623 99.148190745015285
76.60826245588666 99.080747930671919
77.72255529228926 99.010718723318888
78.85305589121582 98.941612613926821
80.00000000000082 98.889999999999958
81.16362679500274 98.843454811836921
82.34417893148023 98.790071862943904
83.541902594194 98.734511568089658
84.75704754874454 98.672653805137401
85.98986719365665 98.619580321876498
87.24061861322157 98.572176898636968
88.50956263110764 98.515639807561612
89.79696386475084 98.467147694427723
91.10309078053635 98.403426078471256
92.42821574978288 98.332365296861013
93.77261510554118 98.277106047031495
95.13656920021877 98.214602483161030
96.52036246404286 98.147758709863282
97.92428346437356 98.118357701001230
99.34862496587989 98.123543570889780
100.79368399159105 98.162130869019393
102.25976188483567 98.229780395742722
103.74716437208203 98.317231394618915
105.25620162669229 98.413885482583510
106.78718833360406 98.509231300016239
108.34044375495276 98.591220708564464
109.9162917966485 98.650061471349204
111.51506107592134 98.685052734304890
113.13708498984903 98.684287733204883
114.78270178488147 98.656979763212547
116.45225462737648 98.602821310329261
118.14609167516147 98.537392072644707
119.86456615013608 98.453781615604242
121.60803641193078 98.364718045772165
123.3768660326369 98.269911423873751
125.17142387262359 98.174643099914448
126.99208415745765 98.081067736022149
128.83922655594208 97.988997788266829
130.71323625928977 97.897439028474693
132.61450406144883 97.803735674973638
134.5434264405962 97.710366527122432
136.50040564181674 97.621357455991429
138.48584976098482 97.535486997837410
140.50017282986593 97.447242136241101
142.5437949024563 97.354257331938243
144.61714214257822 97.259515746977058
146.7206469127495 97.162506112630979
148.8547478643456 97.061201152938537
151.01989002907314 96.955821410569598
153.216524911774 96.847890279323082
155.4451105845792 96.739401758290953
157.70611178243232 96.632353968582180
160.00000000000236 96.524999999999892
162.3272535900062 96.416549982705703
164.6883578629612 96.309586224594170
167.08380518838874 96.206313137936974
169.51409509748981 96.109547472178406
171.97973438731407 96.018437668301772
174.4812372264439 95.930949191965027
177.01912526221608 95.848387991609087
179.5939277295025 95.771857310298529
182.20618156107355 95.700433097851018
184.85643149956664 95.634060498810754
187.54523021108326 95.574550165567246
190.27313840043846 95.517045582870452
193.04072492808663 95.456387761610870
195.84856692874806 95.390606973238306
198.69724993176072 95.319984351596801
201.58736798318304 95.252461413725740
204.5195237696723 95.168849207677582
207.49432874416505 95.056240083163686
210.5124032533856 94.916627770121821
213.57437666720915 94.752654124135887
216.68088750990657 94.527098325818272
219.83258359329807 94.256195288128310
223.03012215184378 93.999226523659445
226.2741699796992 93.752953364842369
229.5654035697641 93.457852064442164
232.90450925475412 93.063618040671585
236.2921833503241 92.551612253261752
239.72913230027333 91.947138856689435
243.21607282386276 91.586957074345776
246.75373206527502 91.979195042737359
250.34284774524843 92.900310069712077
253.9841683149166 94.533897510279445
257.67845311188546 95.938812182516472
261.42647251858085 96.316700511699096
265.22900812289896 96.102221317897346
269.08685288119375 95.660018560469695
273.0008112836349 95.248924550621950
276.97169952197106 94.895179136808224
281.00034565973334 94.597477704947195
285.0875898049141 94.334656283788235
289.23428428515797 94.105344079030758
293.44129382550057 93.888870532429664
297.7094957286928 93.669648121253715
302.0397800581479 93.442891656918164
306.4330498235497 93.247355123312957
310.89022116916016 93.222596056476988
315.41222356486645 93.246689079156170
320.00000000000654 93.137499999999804
324.6545071800142 93.000192038189581
329.3767157259242 92.856510170359314
334.16761037677935 92.705803512093780
339.02819019498156 92.568724769638010
343.95946877463007 92.444597068144105
348.9624744528898 92.326278097802373
354.03825052443415 92.213562313514899
359.187855459007 92.105811391998543
364.4123631221491 92.005165100679164
369.71286299913527 91.918594192013842
375.0904604221685 91.841446782227607
380.54627680087896 91.777925491532613
386.08144985617537 91.726715821208117
391.6971338574982 91.697862897641244
397.3944998635236 91.677971550286600
403.1747359663683 91.670912632016808
409.0390475393468 91.682669206003837
414.9886574883323 91.720654533860127
421.0248065067734 91.777760468321119
427.1487533344206 91.843136286678629
433.3617750198154 91.914825373162699
439.6651671865984 91.995027911595287
446.06024430368984 92.076379557593668
452.54833995940066 92.150267237565586
459.13080713953053 92.214267379561420
465.8090185095106 92.268115384193948
472.58436670065066 92.310523835910914
479.45826460054917 92.342651505873661
486.432145647728 92.365410007813637
493.50746413055253 92.380479747127580
500.6856954904994 92.391642839522348
507.9683366298358 92.398470315590458
515.3569062237735 92.404178453111882
522.8529450371643 92.408033090648232
530.4580162458005 92.412872138199702
538.1737057623901 92.419210928425770
546.0016225672724 92.429073978320005
553.9433990439449 92.442994110289135
562.0006913194694 92.463402212222292
570.1751796098309 92.489604369653904
578.4685685703187 92.518216561567598
586.8825876510039 92.544836021718112
595.4189914573883 92.570756974372159
604.0795601162986 92.596993652856156
612.8660996471021 92.623598298941303
621.780442338323 92.648404057775451
630.8244471297356 92.667860337764068
640.0000000000159 92.683000000000021
649.3090143600314 92.693239915796028
658.7534314518515 92.702315759879255
668.3352207535618 92.711001698678203
678.0563803899662 92.718139466272973
687.9189375492632 92.724251362529543
697.9249489057827 92.731443711679333
708.0765010488715 92.740672675996422
718.3757109180171 92.753388424193417
728.8247262443015 92.767854616742028
739.425725998274 92.783167302697507
750.1809208443404 92.801891995162734
761.0925536017613 92.825533866137150
772.1628997123541 92.851343726248217
783.3942677149998 92.879631382188649
794.7889997270506 92.912432749158398
806.34947193274 92.949664906442464
818.0780950786972 92.991175970101295
829.9773149766683 93.037483565480898
842.0496130135506 93.087879589183160
854.2975066688449 93.142413156677009
866.7235500396347 93.203162775202742
879.3303343732008 93.268017738740639
892.1204886073838 93.336425337720357
905.0966799188055 93.408805909533129
918.2616142790653 93.485828854355958
931.6180370190256 93.567235461426236
945.1687334013056 93.652999372658371
958.9165292011028 93.743072005957316
972.8642912954606 93.836625037565597
987.0149282611097 93.933718159951482
1001.3713909810035 94.034282588997826
1015.9366732596762 94.138400159679620
1030.7138124475518 94.247328100054943
1045.7058900743334 94.359347484622319
1060.916032491606 94.473961846936206
1076.3474115247852 94.591330155023357
1092.0032451345498 94.711337345561390
1107.8867980878947 94.833055299535189
1124.0013826389438 94.957399565934054
1140.350359219667 95.083813215586574
1156.9371371406426 95.213235799463206
1173.765175302013 95.344790432046977
1190.837982914782 95.478119635834645
1208.1591202326028 95.613310293239550
1225.73219929421 95.753950732129624
1243.5608846766518 95.905336605235249
1261.648894259477 96.062845380057439
1280.0000000000375 96.226000000000369
1298.6180287200684 96.406328906745813
1317.5068629037087 96.591071374198577
1336.6704415071292 96.797874290352354
1356.112760779938 97.019296748969282
1375.8378750985323 97.258409916834495
1395.8498978115715 97.517926156222160
1416.153002097749 97.798103595965230
1436.7514218360407 98.089058045530791
1457.6494524886093 98.389581192487569
1478.8514519965543 98.689456776193069
1500.3618416886875 98.982066442111233
1522.1851072035295 99.257476052908544
1544.3257994247153 99.510608501522299
1566.788535430007 99.742721125008671
1589.5779994541087 99.954744195141572
1612.6989438654878 100.149853487555845
1636.156190157402 100.332225178574220
1659.9546299533442 100.505978780069682
1684.099226027109 100.674920690545974
1708.5950133376978 100.842274190429592
1733.4471000792773 101.010095570531163
1758.6606687464096 101.179199693975875
1784.2409772147755 101.350729727794715
1810.193359837619 101.524295510912054
1836.5232285581387 101.700244702197210
1863.2360740380593 101.877887531612714
1890.3374668026197 102.056613782225185
1917.833058402214 102.235914879614398
1945.7285825909298 102.414333785278302
1974.0298565222283 102.590004513307377
2002.7427819620161 102.762270996281586
2031.8733465193618 102.929147293646537
2061.4276248951132 103.088733299468572
2091.411780148677 103.240017718353059
2121.832064983222 103.379740474554126
2152.694823049581 103.503946901147813
2184.0064902691106 103.618820768861156
2215.7735961758003 103.712391539722461
2248.002765277899 103.794039048240990
2280.7007184393456 103.855729422966334
2313.874274281297 103.898874274281297
2347.530350604038 103.923765175302009
2381.6759658295764 103.928916201708518
2416.318240465218 103.918752997069703
2451.4643985884327 103.888462381482157
2487.1217693533167 103.844173434437693
2523.2977885189675 103.782981535952871
2560.0000000000887 103.708999999999804
2597.236057440151 103.623702560707642
2635.0137258074315 103.528963855373760
2673.340883014273 103.425896093786108
2712.225521559891 103.317527688913628
2751.6757501970797 103.204828165060860
2791.699795623158 103.090259335028719
2832.3060041955137 102.975074008126697
2873.502843672097 102.861777350522061
2915.2989049772345 102.751487792308041
2957.7029039931244 102.644975204656092
3000.723683377391 102.544480264907492
3044.370214407075 102.453623755719775
3088.6515988494466 102.372792281955938
3133.57707086003 102.301429107095700
3179.1559989082334 102.243179041266444
3225.3978877309914 102.198173732060582
3272.3123803148205 102.167513181252033
3319.9092599067053 102.152110888811194
3368.198452054235 102.153777551095715
3417.190026675413 102.174861118406028
3466.8942001585724 102.215745736171257
3517.3213374928373 102.277135579489396
3568.4819544295697 102.361354991593373
3620.386719675257 102.470816525630369
3673.0464571162966 102.605991009067964
3726.472148076138 102.768563924208976
3780.6749336052594 102.962064747699998
3835.6661168044484 103.178864302259129
3891.45716518188 103.429092071025877
3948.059713044477 103.699723002993906
4005.4855639240527 103.997304897320674
4063.746693038744 104.314450258574979
4122.855249790247 104.644965605077132
4182.823560297375 104.979585879303116
4243.664129966465 105.304648351535121
4305.389646099183 105.604831881660232
4368.012980538242 105.859535363657457
4431.5471923516225 106.046866103424733
4496.00553055582 106.150841168287414
4561.401436878714 106.136176262159211
4627.748548562617 106.015784077363151
4695.060701208099 105.763158611773505
4763.351931659176 105.400475411738739
4832.63648093046 104.942874594779738
4902.928797176889 104.408862502302583
4974.243538706657 103.834346894137752
5046.595577037959 103.237212822367383
5120.000000000202 102.637571428569800
5194.472114880326 102.050341109677476
5270.027451614888 101.488862961074275
5346.6817660285715 100.959690972796949
5424.451043119808 100.467301159321735
5503.351500394186 100.017423501394958
5583.399591246343 99.614049508002338
5664.612008391055 99.261129564757567
5747.005687344222 98.950565407099162
5830.597809954497 98.684773956923763
5915.405807986278 98.464880267867727
6001.447366754812 98.291973686543258
6088.740428814181 98.174383340604777
6177.303197698925 98.111248857964682
6267.154141720092 98.106020255115524
6358.3119978165005 98.166647037991183
6450.795775462017 98.288305071757719
6544.624760629676 98.466058854369550
6639.818519813445 98.683856280943871
6736.396904108505 98.922356229312356
6834.380053350861 99.162621225107770
6933.788400317181 99.379008540586796
7034.642674985712 99.535969461610790
7136.963908859177 99.592683120506678
7240.773439350552 99.508981285907311
7346.092914232631 99.257276170459292
7452.944296152315 98.830573479199558
7561.349867210557 98.238878298949814
7671.332233608935 97.528648681414722
7782.914330363799 96.739332858982721
7896.119426088994 95.910372967883887
8010.971127848146 95.087487756698010
8127.49338607753 94.300195157731125
8245.710499580537 93.561792879543106
8365.647120594791 92.883372955110119
8487.328259932974 92.262728292753749
8610.77929219841 91.708801632022045
8736.025961076528 91.229332616391446
8863.094384703289 90.824652966955625
8992.011061111683 90.496345164368904
9122.802873757471 90.248582650072620
9255.497097125279 90.090603452668603
9390.121402416245 90.026813417932914
9526.7038633184 90.069977146500761
9665.272961860968 90.226352133517821
9805.857594353829 90.503210453772311
9948.487077413367 90.912578081109217
10093.19115407597 91.480615590724142
10240.000000000457 92.206300000002457
10388.944229760706 93.090436937309605
10540.05490322983 94.107756234302130
10693.363532057198 95.162917771044761
10848.902086239672 96.106989071908558
11006.703000788428 96.740951305684931
11166.799182492743 96.942225498230215
11329.224016782166 96.565481683266540
11494.0113746885 95.786937439213261
11661.195619909053 94.622699831183738
11830.811615972614 93.423657940240503
12002.894733509682 92.299160952950189
12177.48085762842 91.325169328128936
12354.606395397908 90.635379563771110
12534.308283440243 90.146606746495621
12716.62399563306 89.931297121979682
12901.591550924093 90.035292778932629
13089.249521259411 90.297209688957778
13279.637039626952 90.813480639043973
13472.793808217073 91.579664044100085
13668.760106701786 92.452762663619268
13867.576800634426 93.202247463682809
14069.285349971487 93.473244469616361
14273.927817718419 93.236200277809502
14481.54687870117 92.320505099135033
14692.18582846533 90.982060858289216
14905.888592304698 89.636249401495562
15122.699734421185 88.492461607852448
15342.664467217943 87.702410343677514
15565.828660727671 87.353479327144782
15792.238852178061 87.480697423592503
16021.942255696367 88.065568287752569
16254.986772155136 89.019090077862757
16491.42099916115 90.090137126200005
16731.294241189662 90.852950974923644
16974.65651986603 91.000014668827220
17221.558584396902 90.433061446230482
17472.051922153143 89.321573419700513
17726.188769406665 88.006223225847890
17984.022122223458 86.680030424504764
18245.605747515034 85.089980710257691
18510.99419425065 82.684901381526970
18780.242804832582 79.686658873751909
19053.40772663689 78.013667003237202
19330.545923722028 77.991639335547887
19611.71518870775 78.676493514818915
19896.974154826825 79.479057828517028
20186.382308152035 79.694999999999993
