20 67.857500000000002
20.290906698750476 67.935974831106222
20.586044732869844 68.015011669444306
20.885475648548283 68.093122041403831
21.189261887185914 68.171064621513409
21.49746679841394 68.247111852655095
21.810154653305165 68.322035858100719
22.12739065777668 68.395587352049432
22.449240966187475 68.467552688325398
22.77577269513385 68.538950298783092
23.107053937445478 68.609011236967802
23.44315377638505 68.679030890564150
23.784142300054445 68.747527966484682
24.130090616010463 68.815517297073228
24.481070866093134 68.882513138095931
24.837156241469714 68.948528132120600
25.1984209978975 69.013574563660313
25.56494047120865 69.078489456753573
25.936791093020236 69.141964339803181
26.3140504066728 69.205008094021878
26.69679708340074 69.266467416786284
27.08511093873791 69.326016753438850
27.47907294916184 69.385510760001381
27.878765268980047 69.444465377174552
28.284271247461966 69.502537526954683
28.695675446220072 69.559455098142109
29.11306365684382 69.615508107239549
29.536522918790062 69.669439239657237
29.966141537533712 69.722017042936969
30.402009102982383 69.774501070939110
30.844216508158908 69.826525074441577
31.29285596815558 69.878483319251870
31.74802103936409 69.928502231447709
32.20980663898519 69.977479492013572
32.67830906482211 70.024530516904690
33.153626015361866 70.071463072945392
33.63585661014871 70.117986166746704
34.125101410453844 70.163508996088652
34.62146244024586 70.207539454227316
35.12504320746613 70.250503509021229
35.635948725613716 70.291995835837525
36.15428553564419 70.333021985158922
36.68016172818701 70.373511963040045
37.21368696608603 70.412976844869661
37.754972507267915 70.451998018084012
38.30413122794313 70.489508363719892
38.86127764614443 70.525017659472070
39.4265279456077 70.560969975338992
40.000000000000206 70.595500000000015
40.58181339750116 70.628989259134528
41.1720894657399 70.660004555434170
41.77095129709678 70.690497520135978
42.37852377437204 70.719976893657844
42.9949335968281 70.749996766079292
43.62030930661056 70.779013638716677
44.25478131555359 70.806990357221252
44.89848193237519 70.835020264740535
45.55154539026795 70.862480884147345
46.21410787489121 70.889004093466866
46.88630755277036 70.914510597492807
47.56828460010916 70.938008431072603
48.260181232021196 70.958505292388082
48.962141732186545 70.979004279834285
49.674312482939705 71.000508427963098
50.39684199579528 71.019995738475814
51.129880942417586 71.035497482411287
51.873582186040764 71.051491014753566
52.628100813345895 71.067001776736504
53.393594166801776 71.080492847587237
54.17022187747612 71.092503660415218
54.95814589832399 71.105501914915493
55.75753053796041 71.115993838310729
56.56854249492426 71.125494640816015
57.39135089244048 71.139507143917939
58.226127313687975 71.156501503113205
59.073045837580466 71.166500320169362
59.932283075067765 71.172502272391597
60.804018205965114 71.179500144164891
61.68843301631817 71.186502169903605
62.58571193631152 71.190998556473716
63.49604207872855 71.193500068309618
64.41961327797075 71.194999372204506
65.35661812964459 71.196499388681389
66.3072520307241 71.196499608242391
67.27171322029778 71.195000445771555
68.25020282090806 71.191999285122677
69.2429248804921 71.188500264771676
70.25008641493265 71.182999450394277
71.27189745122783 71.176500652218223
72.30857107128878 71.167003929433719
73.36032345637442 71.155496362252578
74.42737393217246 71.143495338795645
75.50994501453623 71.130000685414359
76.60826245588666 71.115496822282978
77.72255529228926 71.102005384353447
78.85305589121582 71.088499244713290
80.00000000000082 71.072999999999979
81.16362679500274 71.058004809342748
82.34417893148023 71.042497535584801
83.541902594194 71.026001341565774
84.75704754874454 71.008499228730827
85.98986719365665 70.988502154198599
87.24061861322157 70.968506097310609
88.50956263110764 70.945008099423944
89.79696386475084 70.920000701927918
91.10309078053635 70.893998081618861
92.42821574978288 70.865995348145944
93.77261510554118 70.837008298839635
95.13656920021877 70.806009790904113
96.52036246404286 70.774491738711276
97.92428346437356 70.742493037717139
99.34862496587989 70.707509211364339
100.79368399159105 70.670008200910274
102.25976188483567 70.630006497003123
103.74716437208203 70.586494771464587
105.25620162669229 70.538493481044242
106.78718833360406 70.488993815187499
108.34044375495276 70.437985076768726
109.9162917966485 70.384990145704165
111.51506107592134 70.330998286711207
113.13708498984903 70.285497392474255
114.78270178488147 70.235009149370285
116.45225462737648 70.184992634745299
118.14609167516147 70.135996906829916
119.86456615013608 70.078014638331666
121.60803641193078 70.033999094332984
123.3768660326369 69.990003332144710
125.17142387262359 69.936486033850954
126.99208415745765 69.876497106660224
128.83922655594208 69.812992081422522
130.71323625928977 69.747491677511874
132.61450406144883 69.680517469969999
134.5434264405962 69.611985400347493
136.50040564181674 69.544986927957581
138.48584976098482 69.481004841539260
140.50017282986593 69.416994165723708
142.5437949024563 69.348006923547217
144.61714214257822 69.268993852198378
146.7206469127495 69.178015271359214
148.8547478643456 69.075012169621544
151.01989002907314 68.963005689027170
153.216524911774 68.841026381776771
155.4451105845792 68.710493226022024
157.70611178243232 68.571993056235129
160.00000000000236 68.429499999999848
162.3272535900062 68.284984748080944
164.6883578629612 68.142980658074507
167.08380518838874 68.013510529258625
169.51409509748981 67.915497821164564
171.97973438731407 67.859006085611014
174.4812372264439 67.861506075539339
177.01912526221608 67.926505715848691
179.5939277295025 68.043996702220014
182.20618156107355 68.196511064948453
184.85643149956664 68.358023669091139
187.54523021108326 68.505511518992989
190.27313840043846 68.642006225019713
193.04072492808663 68.766487627726434
195.84856692874806 68.884481801136843
198.69724993176072 68.994008734639394
201.58736798318304 69.095010664360927
204.5195237696723 69.179986198575563
207.49432874416505 69.242504411576761
210.5124032533856 69.283001843745069
213.57437666720915 69.296999030145571
216.68088750990657 69.289000289642985
219.83258359329807 69.257004227479200
223.03012215184378 69.203497665408662
226.2741699796992 69.141496074610416
229.5654035697641 69.065489367024185
232.90450925475412 68.977512929814864
236.2921833503241 68.881994612050420
239.72913230027333 68.780996092076805
243.21607282386276 68.677997807874107
246.75373206527502 68.571508065304755
250.34284774524843 68.465004518008101
253.9841683149166 68.360495284083953
257.67845311188546 68.256987910568682
261.42647251858085 68.156988009980807
265.22900812289896 68.060499807349601
269.08685288119375 67.969003489209626
273.0008112836349 67.878004387631378
276.97169952197106 67.786006961465290
281.00034565973334 67.693491671359169
285.0875898049141 67.595009883614466
289.23428428515797 67.490492701973594
293.44129382550057 67.382492394537877
297.7094957286928 67.272013052700743
302.0397800581479 67.158005790616897
306.4330498235497 67.042498692089893
310.89022116916016 66.925494277578110
315.41222356486645 66.808494420623958
320.00000000000654 66.693999999999846
324.6545071800142 66.582011857322968
329.3767157259242 66.474506471720275
334.16761037677935 66.368508620342595
339.02819019498156 66.261995815016121
343.95946877463007 66.153489130950021
348.9624744528898 66.037488596679964
354.03825052443415 65.915493846341576
359.187855459007 65.789003550375838
364.4123631221491 65.655990478404320
369.71286299913527 65.517003592363736
375.0904604221685 65.375987763707030
380.54627680087896 65.230992798676311
386.08144985617537 65.086988305021094
391.6971338574982 64.940996534927876
397.3944998635236 64.793512946670802
403.1747359663683 64.648006646521353
409.0390475393468 64.505498905396550
414.9886574883323 64.368507886403108
421.0248065067734 64.240004119264341
427.1487533344206 64.122004752863887
433.3617750198154 64.016503820281585
439.6651671865984 63.927998156895200
446.06024430368984 63.857498079610330
452.54833995940066 63.806498347455438
459.13080713953053 63.774500937495830
465.8090185095106 63.757999990437895
472.58436670065066 63.754500560133380
479.45826460054917 63.765001005436559
486.432145647728 63.791500885208805
493.50746413055253 63.834503620463977
500.6856954904994 63.890497624664718
507.9683366298358 63.959003325751524
515.3569062237735 64.031999073533015
522.8529450371643 64.101499490405942
530.4580162458005 64.159500086324243
538.1737057623901 64.200498436529031
546.0016225672724 64.223498891038233
553.9433990439449 64.230499702871214
562.0006913194694 64.224500229844040
570.1751796098309 64.211999588547542
578.4685685703187 64.193000988324570
586.8825876510039 64.168501200683437
595.4189914573883 64.140000028522081
604.0795601162986 64.107001676037655
612.8660996471021 64.071499603155473
621.780442338323 64.035998410438353
630.8244471297356 64.003498489426562
640.0000000000159 63.972499999999947
649.3090143600314 63.942499952102821
658.7534314518515 63.910998401529874
668.3352207535618 63.875499114351513
678.0563803899662 63.836498438021536
687.9189375492632 63.796000256438688
697.9249489057827 63.754000214467041
708.0765010488715 63.712498054179136
718.3757109180171 63.672501122648470
728.8247262443015 63.635000982470928
739.425725998274 63.601000878790558
750.1809208443404 63.569500231836663
761.0925536017613 63.540001206813429
772.1628997123541 63.513000244604015
783.3942677149998 63.486999389154022
794.7889997270506 63.461000000622789
806.34947193274 63.437999295862994
818.0780950786972 63.420499880142827
829.9773149766683 63.405499686927854
842.0496130135506 63.393500384646515
854.2975066688449 63.387499877685158
866.7235500396347 63.384500108624856
879.3303343732008 63.386000222218314
892.1204886073838 63.394500564776976
905.0966799188055 63.409499630020967
918.2616142790653 63.431499355422673
931.6180370190256 63.461500101077704
945.1687334013056 63.498499272072053
958.9165292011028 63.543498458979457
972.8642912954606 63.598001307134602
987.0149282611097 63.661499678084972
1001.3713909810035 63.732001744731924
1015.9366732596762 63.796998541938692
1030.7138124475518 63.842499422505497
1045.7058900743334 63.871499787363639
1060.916032491606 63.913500146339622
1076.3474115247852 63.983002326261087
1092.0032451345498 64.071501581861696
1107.8867980878947 64.173998697054216
1124.0013826389438 64.281502551082326
1140.350359219667 64.390502436378640
1156.9371371406426 64.503000957572226
1173.765175302013 64.620501242402838
1190.837982914782 64.741499878913402
1208.1591202326028 64.861000773134023
1225.73219929421 64.974001179288763
1243.5608846766518 65.079499317594184
1261.648894259477 65.183999389104116
1280.0000000000375 65.288000000000210
1298.6180287200684 65.398000181695593
1317.5068629037087 65.517499132669457
1336.6704415071292 65.648003235856905
1356.112760779938 65.790498246728447
1375.8378750985323 65.943499031182540
1395.8498978115715 66.102999185535964
1416.153002097749 66.264500016396624
1436.7514218360407 66.425503219583135
1457.6494524886093 66.585003361331758
1478.8514519965543 66.742503235901140
1500.3618416886875 66.896498866629074
1522.1851072035295 67.042500685122604
1544.3257994247153 67.183998718151713
1566.788535430007 67.320497176966398
1589.5779994541087 67.454499996790133
1612.6989438654878 67.588999673453060
1636.156190157402 67.723001078669242
1659.9546299533442 67.857997900907662
1684.099226027109 67.996501319475698
1708.5950133376978 68.139500078356036
1733.4471000792773 68.285500595379204
1758.6606687464096 68.435498029347244
1784.2409772147755 68.588499863716208
1810.193359837619 68.744502159299046
1836.5232285581387 68.902501368970235
1863.2360740380593 69.062500437092808
1890.3374668026197 69.222496852203506
1917.833058402214 69.383500334971117
1945.7285825909298 69.543497605912989
1974.0298565222283 69.701499198986326
2002.7427819620161 69.856498822976079
2031.8733465193618 70.008001752821684
2061.4276248951132 70.157498102582281
2091.411780148677 70.301998940484395
2121.832064983222 70.440500283194865
2152.694823049581 70.574999228855546
2184.0064902691106 70.703497908136839
2215.7735961758003 70.825498449127963
2248.002765277899 70.942499147895205
2280.7007184393456 71.053499044185187
2313.874274281297 71.158500810880355
2347.530350604038 71.258000975440268
2381.6759658295764 71.352999904932048
2416.318240465218 71.444000602086703
2451.4643985884327 71.532000922192651
2487.1217693533167 71.614499466365146
2523.2977885189675 71.691999546943279
2560.0000000000887 71.769000000000176
2597.236057440151 71.847500115555391
2635.0137258074315 71.923499448392320
2673.340883014273 71.998999769550906
2712.225521559891 72.073499083353781
2751.6757501970797 72.146499537753783
2791.699795623158 72.216499642554993
2832.3060041955137 72.282000005906724
2873.502843672097 72.339999779910713
2915.2989049772345 72.387499892009259
2957.7029039931244 72.420999924152667
3000.723683377391 72.435999889604176
3044.370214407075 72.427499842639676
3088.6515988494466 72.395000294417429
3133.57707086003 72.333999858525587
3179.1559989082334 72.243000002179741
3225.3978877309914 72.123500290129016
3272.3123803148205 71.974998609685912
3319.9092599067053 71.800998980050935
3368.198452054235 71.611498149965826
3417.190026675413 71.410999890516166
3466.8942001585724 71.206999206145227
3517.3213374928373 71.006998736735440
3568.4819544295697 70.815500170574012
3620.386719675257 70.639000953228333
3673.0464571162966 70.479998836375245
3726.472148076138 70.343999683101814
3780.6749336052594 70.228000142091574
3835.6661168044484 70.136499875430360
3891.45716518188 70.076999925584545
3948.059713044477 70.051500129275226
4005.4855639240527 70.061999920266132
4063.746693038744 70.103499781347864
4122.855249790247 70.171000385292373
4182.823560297375 70.263499321774702
4243.664129966465 70.382000308461386
4305.389646099183 70.528499160054594
4368.012980538242 70.708499944060236
4431.5471923516225 70.927500792288868
4496.00553055582 71.193002588037587
4561.401436878714 71.512002508753696
4627.748548562617 71.892997407643890
4695.060701208099 72.337998024685106
4763.351931659176 72.837999499635202
4832.63648093046 73.367496033090546
4902.928797176889 73.885498505343833
4974.243538706657 74.326497147439326
5046.595577037959 74.619998284230448
5120.000000000202 74.724999999999795
5194.472114880326 74.647999624439933
5270.027451614888 74.400997719979628
5346.6817660285715 74.014001181226831
5424.451043119808 73.544999728386898
5503.351500394186 73.048003147033484
5583.399591246343 72.565496796714925
5664.612008391055 72.125499961402411
5747.005687344222 71.746501438169531
5830.597809954497 71.436000705918360
5915.405807986278 71.200000534327401
6001.447366754812 71.043999634476208
6088.740428814181 70.956999910424642
6177.303197698925 70.938500107814576
6267.154141720092 70.987500170235734
6358.3119978165005 71.096999997377154
6450.795775462017 71.252499622468136
6544.624760629676 71.435499533142533
6639.818519813445 71.619500697002877
6736.396904108505 71.748999871421859
6834.380053350861 71.776499940160136
6933.788400317181 71.665000672621545
7034.642674985712 71.415500804044115
7136.963908859177 71.074000304185759
7240.773439350552 70.702998404371556
7346.092914232631 70.320500311488971
7452.944296152315 69.916998930468509
7561.349867210557 69.525500479558957
7671.332233608935 69.202999423216255
7782.914330363799 68.927501653341210
7896.119426088994 68.623501541177035
8010.971127848146 68.273999603910156
8127.49338607753 67.912998817776781
8245.710499580537 67.551001532354178
8365.647120594791 67.194499667990442
8487.328259932974 66.859499383072134
8610.77929219841 66.566499457582779
8736.025961076528 66.334000072254867
8863.094384703289 66.175000769913794
8992.011061111683 66.102500012148326
9122.802873757471 66.128499974904386
9255.497097125279 66.255000167377773
9390.121402416245 66.487001022370549
9526.7038633184 66.833999652749497
9665.272961860968 67.304999870364341
9805.857594353829 67.907003037817731
9948.487077413367 68.636000443763734
10093.19115407597 69.465500913064545
10240.000000000457 70.335500000002554
10388.944229760706 71.171501119830850
10540.05490322983 71.907999528351809
10693.363532057198 72.489001426445157
10848.902086239672 72.906000159307382
11006.703000788428 73.197500000970166
11166.799182492743 73.394500107860878
11329.224016782166 73.490500001171171
11494.0113746885 73.501999956361630
11661.195619909053 73.415499179506867
11830.811615972614 73.191000508287203
12002.894733509682 72.810000590022327
12177.48085762842 72.302996944753829
12354.606395397908 71.671998053847460
12534.308283440243 70.787503526914435
12716.62399563306 69.693000026216254
12901.591550924093 68.659502509190503
13089.249521259411 68.115001389092129
13279.637039626952 67.856499918553823
13472.793808217073 67.459500394175834
13668.760106701786 66.909999618149754
13867.576800634426 66.198500713463162
14069.285349971487 65.344498615628595
14273.927817718419 64.535000721045620
14481.54687870117 63.854500397573702
14692.18582846533 63.159500565975890
14905.888592304698 62.444001365006514
15122.699734421185 62.512499916092132
15342.664467217943 62.925999844026904
15565.828660727671 62.851500113260542
15792.238852178061 61.735500728630726
16021.942255696367 59.951997490150177
16254.986772155136 57.664494219515689
16491.42099916115 55.894507492449385
16731.294241189662 54.546004265822916
16974.65651986603 53.540498472425185
17221.558584396902 52.815001221208519
17472.051922153143 52.429001660913585
17726.188769406665 52.644999804009821
17984.022122223458 53.209003071716907
18245.605747515034 53.925002495575626
18510.99419425065 54.811000562735870
18780.242804832582 55.591000051560485
19053.40772663689 55.608499982487373
19330.545923722028 54.218005400050224
19611.71518870775 51.767498351800619
19896.974154826825 49.276007381858520
20186.382308152035 49.275999999999996
