20 68.439999999999998
20.290906698750476 68.509977556400457
20.586044732869844 68.580010322969969
20.885475648548283 68.649104048119938
21.189261887185914 68.715553567833481
21.49746679841394 68.778587245070980
21.810154653305165 68.837026588659711
22.12739065777668 68.891562480979815
22.449240966187475 68.943038687231933
22.77577269513385 68.995463506099469
23.107053937445478 69.049509230366425
23.44315377638505 69.107027282907026
23.784142300054445 69.167524059402268
24.130090616010463 69.226014586337868
24.481070866093134 69.282510152165031
24.837156241469714 69.333519692484401
25.1984209978975 69.379049900295740
25.56494047120865 69.422492944135087
25.936791093020236 69.465475852150192
26.3140504066728 69.511506185675245
26.69679708340074 69.558475099007410
27.08511093873791 69.606012389097629
27.47907294916184 69.650007568475530
27.878765268980047 69.691475646656670
28.284271247461966 69.729524030418361
28.695675446220072 69.765971247055901
29.11306365684382 69.802505554960419
29.536522918790062 69.839458367913295
29.966141537533712 69.874510550389545
30.402009102982383 69.907000648741956
30.844216508158908 69.938514707124369
31.29285596815558 69.968990216099655
31.74802103936409 69.999501343422594
32.20980663898519 70.028987653355131
32.67830906482211 70.058017206339883
33.153626015361866 70.084479179426665
33.63585661014871 70.109492562767045
34.125101410453844 70.133504906957441
34.62146244024586 70.157521103423903
35.12504320746613 70.180501944758760
35.635948725613716 70.203497692150918
36.15428553564419 70.226011399712036
36.68016172818701 70.247005602942806
37.21368696608603 70.265489155192114
37.754972507267915 70.281499186906274
38.30413122794313 70.298003769563891
38.86127764614443 70.314007603383814
39.4265279456077 70.329487072715409
40.000000000000206 70.344500000000011
40.58181339750116 70.358495511280097
41.1720894657399 70.371501344226473
41.77095129709678 70.380499268236846
42.37852377437204 70.389492950607476
42.9949335968281 70.399498922026424
43.62030930661056 70.411004140324707
44.25478131555359 70.419497072727893
44.89848193237519 70.426004421397948
45.55154539026795 70.431995829268516
46.21410787489121 70.437000080264056
46.88630755277036 70.437497970692874
47.56828460010916 70.432998149276756
48.260181232021196 70.428499354586819
48.962141732186545 70.425999800937944
49.674312482939705 70.424998919491912
50.39684199579528 70.422500546349255
51.129880942417586 70.420000406062684
51.873582186040764 70.417001684733705
52.628100813345895 70.413499736779769
53.393594166801776 70.411501059616711
54.17022187747612 70.409998169792402
54.95814589832399 70.403498905762575
55.75753053796041 70.397503520965302
56.56854249492426 70.395501128249265
57.39135089244048 70.388495167349618
58.226127313687975 70.376998271419808
59.073045837580466 70.365499279618930
59.932283075067765 70.351995617530491
60.804018205965114 70.338499732265220
61.68843301631817 70.325492525887597
62.58571193631152 70.310004972146061
63.49604207872855 70.293999203054369
64.41961327797075 70.276507324280857
65.35661812964459 70.259007132050399
66.3072520307241 70.239494515393574
67.27171322029778 70.218506240801815
68.25020282090806 70.197995302234759
69.2429248804921 70.175001739928177
70.25008641493265 70.146497336526039
71.27189745122783 70.115003160749836
72.30857107128878 70.093009099741209
73.36032345637442 70.068489541476168
74.42737393217246 70.033989123856486
75.50994501453623 70.002501599300189
76.60826245588666 69.968492114554081
77.72255529228926 69.935013361173361
78.85305589121582 69.900498075237124
80.00000000000082 69.860999999999962
81.16362679500274 69.821512664602565
82.34417893148023 69.776493876301600
83.541902594194 69.735503333587687
84.75704754874454 69.688498110390526
85.98986719365665 69.639505277786554
87.24061861322157 69.591014785978217
88.50956263110764 69.542516715832377
89.79696386475084 69.495501319624481
91.10309078053635 69.444496163237716
92.42821574978288 69.388491337926936
93.77261510554118 69.334515453011733
95.13656920021877 69.279517370958928
96.52036246404286 69.226486833571101
97.92428346437356 69.175489059269793
99.34862496587989 69.120514475001130
100.79368399159105 69.062012793420024
102.25976188483567 69.001009907929756
103.74716437208203 68.934491830413407
105.25620162669229 68.859489727706091
106.78718833360406 68.781489813250005
108.34044375495276 68.697474095523063
109.9162917966485 68.605482572495362
111.51506107592134 68.509996272184821
113.13708498984903 68.410995301290228
114.78270178488147 68.320016486984073
116.45225462737648 68.226486396825521
118.14609167516147 68.135995653562730
119.86456615013608 68.054520569379832
121.60803641193078 67.973998363624361
123.3768660326369 67.894506020579627
125.17142387262359 67.807986033850952
126.99208415745765 67.747997334482250
128.83922655594208 67.689497158983642
130.71323625928977 67.665996521945260
132.61450406144883 67.638007300882975
134.5434264405962 67.611496513515817
136.50040564181674 67.595494485232109
138.48584976098482 67.568502042524386
140.50017282986593 67.543497209693939
142.5437949024563 67.510503311261715
144.61714214257822 67.472497500344389
146.7206469127495 67.435506209233964
148.8547478643456 67.372507443554923
151.01989002907314 67.321002615936592
153.216524911774 67.262512650278211
155.4451105845792 67.245499975545201
157.70611178243232 67.244999390897817
160.00000000000236 67.232500000000016
162.3272535900062 67.240505692617660
164.6883578629612 67.293516130717791
167.08380518838874 67.401491218842224
169.51409509748981 67.539506073744789
171.97973438731407 67.696983035686117
174.4812372264439 67.853512618427871
177.01912526221608 67.988504840229325
179.5939277295025 68.087997207411846
182.20618156107355 68.145501884124343
184.85643149956664 68.173001203513110
187.54523021108326 68.180498481011909
190.27313840043846 68.162498649995712
193.04072492808663 68.135502683143670
195.84856692874806 68.094506323333803
198.69724993176072 68.038494076011887
201.58736798318304 67.969990715732848
204.5195237696723 67.896012015357741
207.49432874416505 67.814990142032158
210.5124032533856 67.724488871681558
213.57437666720915 67.639987634356174
216.68088750990657 67.538003692948038
219.83258359329807 67.435513541144331
223.03012215184378 67.338996008601896
226.2741699796992 67.232994370164931
229.5654035697641 67.123986648365587
232.90450925475412 67.013516235733434
236.2921833503241 66.905494158609116
239.72913230027333 66.795995940312807
243.21607282386276 66.688997972540847
246.75373206527502 66.590507459460270
250.34284774524843 66.493004136204590
253.9841683149166 66.399995990332258
257.67845311188546 66.311989723983388
261.42647251858085 66.226989438843177
265.22900812289896 66.141999812613278
269.08685288119375 66.053003393876040
273.0008112836349 65.960504459954990
276.97169952197106 65.865507188469593
281.00034565973334 65.755990529870331
285.0875898049141 65.644011238221537
289.23428428515797 65.529991924868938
293.44129382550057 65.410491740674615
297.7094957286928 65.290514174878638
302.0397800581479 65.151507060489024
306.4330498235497 65.026498580302700
310.89022116916016 64.899492883654844
315.41222356486645 64.753993811521781
320.00000000000654 64.626999999999839
324.6545071800142 64.510012386667739
329.3767157259242 64.375508097175597
334.16761037677935 64.245510572118292
339.02819019498156 64.112494561449523
343.95946877463007 63.971486179440753
348.9624744528898 63.823985932789611
354.03825052443415 63.673492508589739
359.187855459007 63.519504322196681
364.4123631221491 63.377990820907755
369.71286299913527 63.244003463142022
375.0904604221685 63.112490506324420
380.54627680087896 62.999995299135932
386.08144985617537 62.905994112459247
391.6971338574982 62.832498942859353
397.3944998635236 62.787503949831773
403.1747359663683 62.773000662368105
409.0390475393468 62.782000195750250
414.9886574883323 62.806498589657835
421.0248065067734 62.842998829936590
427.1487533344206 62.887498207606420
433.3617750198154 62.934498298073606
439.6651671865984 62.982001202593203
446.06024430368984 63.028001713288816
452.54833995940066 63.073502556279863
459.13080713953053 63.122998549811143
465.8090185095106 63.170500120209368
472.58436670065066 63.214502080495400
479.45826460054917 63.253501138230064
486.432145647728 63.283500494070033
493.50746413055253 63.307500872790420
500.6856954904994 63.320999427374531
507.9683366298358 63.318499817767041
515.3569062237735 63.314500050765318
522.8529450371643 63.308500043993732
530.4580162458005 63.303500001052740
538.1737057623901 63.303999980933284
546.0016225672724 63.308999758921352
553.9433990439449 63.323000866625591
562.0006913194694 63.340499329621586
570.1751796098309 63.350500173243148
578.4685685703187 63.358499583863335
586.8825876510039 63.359999926488776
595.4189914573883 63.355500004503483
604.0795601162986 63.344000584073726
612.8660996471021 63.329499843497935
621.780442338323 63.315499584268494
630.8244471297356 63.306999878179560
640.0000000000159 63.304500000000012
649.3090143600314 63.310500014445182
658.7534314518515 63.320000517814265
668.3352207535618 63.331500215734891
678.0563803899662 63.340999922865265
687.9189375492632 63.339000012663647
697.9249489057827 63.295000224679754
708.0765010488715 63.249001167492516
718.3757109180171 63.272999326410911
728.8247262443015 63.259500353689532
739.425725998274 63.289999211673177
750.1809208443404 63.412499098412987
761.0925536017613 63.507496113651698
772.1628997123541 63.535999741806876
783.3942677149998 63.533999788553309
794.7889997270506 63.525000000215584
806.34947193274 63.526001891110816
818.0780950786972 63.573000934885926
829.9773149766683 63.690003365525570
842.0496130135506 63.818995865049956
854.2975066688449 63.910002670540706
866.7235500396347 63.975497628357296
879.3303343732008 64.037501816961495
892.1204886073838 64.107002955666161
905.0966799188055 64.185498063776393
918.2616142790653 64.277997289845317
931.6180370190256 64.384000327819578
945.1687334013056 64.503997639152573
958.9165292011028 64.638995376938382
972.8642912954606 64.788503406783889
987.0149282611097 64.953999160993135
1001.3713909810035 65.134005247616784
1015.9366732596762 65.329495614600219
1030.7138124475518 65.540997315602453
1045.7058900743334 65.765498353901279
1060.916032491606 66.003000522190291
1076.3474115247852 66.251006729071605
1092.0032451345498 66.507004004810867
1107.8867980878947 66.766496701322637
1124.0013826389438 67.024505874510652
1140.350359219667 67.275505121809317
1156.9371371406426 67.512001768452549
1173.765175302013 67.729001976549966
1190.837982914782 67.921499807362238
1208.1591202326028 68.089000964707054
1225.73219929421 68.230001313425859
1243.5608846766518 68.347499239974582
1261.648894259477 68.444999430025376
1280.0000000000375 68.527000000000143
1298.6180287200684 68.600000101110936
1317.5068629037087 68.666499517343254
1336.6704415071292 68.729001396527707
1356.112760779938 68.790499243324916
1375.8378750985323 68.851499613739435
1395.8498978115715 68.913999680852655
1416.153002097749 68.978000006721601
1436.7514218360407 69.044001392797725
1457.6494524886093 69.113001557950582
1478.8514519965543 69.186001628456751
1500.3618416886875 69.263499429634763
1522.1851072035295 69.344500411557732
1544.3257994247153 69.429499229985126
1566.788535430007 69.518998148999941
1589.5779994541087 69.611499997784250
1612.6989438654878 69.708499764497745
1636.156190157402 69.808000818989612
1659.9546299533442 69.910498406244699
1684.099226027109 70.016500996527100
1708.5950133376978 70.124500059303699
1733.4471000792773 70.235000446534414
1758.6606687464096 70.347498522010440
1784.2409772147755 70.461499898455216
1810.193359837619 70.577001585308167
1836.5232285581387 70.693000992503428
1863.2360740380593 70.809000315526376
1890.3374668026197 70.924497727684397
1917.833058402214 71.039500235526560
1945.7285825909298 71.151998316657568
1974.0298565222283 71.262999437262550
2002.7427819620161 71.371499176083262
2031.8733465193618 71.475501184180530
2061.4276248951132 71.576498718132513
2091.411780148677 71.671499303432626
2121.832064983222 71.760500173706902
2152.694823049581 71.842999526993182
2184.0064902691106 71.918498770928650
2215.7735961758003 71.985999141935551
2248.002765277899 72.044999570306118
2280.7007184393456 72.094999569452796
2313.874274281297 72.136000256710872
2347.530350604038 72.167500236159242
2381.6759658295764 72.190499976983546
2416.318240465218 72.204000041051358
2451.4643985884327 72.209999972054774
2487.1217693533167 72.207500016170755
2523.2977885189675 72.197000061381885
2560.0000000000887 72.179999999999950
2597.236057440151 72.157499958187202
2635.0137258074315 72.130000199594889
2673.340883014273 72.098000097673790
2712.225521559891 72.063000430639164
2751.6757501970797 72.025500237455248
2791.699795623158 71.987500194041573
2832.3060041955137 71.948999996282822
2873.502843672097 71.912500138504470
2915.2989049772345 71.877000080708882
2957.7029039931244 71.845500071319123
3000.723683377391 71.818500198712485
3044.370214407075 71.796499927372167
3088.6515988494466 71.781500135884983
3133.57707086003 71.774500002331990
3179.1559989082334 71.775999999964071
3225.3978877309914 71.786999973293561
3272.3123803148205 71.809500271670572
3319.9092599067053 71.843500255660047
3368.198452054235 71.891000567466847
3417.190026675413 71.952500041056439
3466.8942001585724 72.029000369142466
3517.3213374928373 72.122000742126701
3568.4819544295697 72.234499899793320
3620.386719675257 72.364999295205109
3673.0464571162966 72.515001454530946
3726.472148076138 72.685000519057354
3780.6749336052594 72.874999767263802
3835.6661168044484 73.085500482576506
3891.45716518188 73.316000720808518
3948.059713044477 73.562998747804642
4005.4855639240527 73.823998018043710
4063.746693038744 74.089998598518832
4122.855249790247 74.351000878883127
4182.823560297375 74.561998452913116
4243.664129966465 74.658500352677692
4305.389646099183 74.825999039652871
4368.012980538242 75.108499912205630
4431.5471923516225 75.321500250667668
4496.00553055582 75.405499858023006
4561.401436878714 75.387999390919376
4627.748548562617 75.295500629377798
4695.060701208099 75.168500563741560
4763.351931659176 75.060000108579146
4832.63648093046 75.006500400811433
4902.928797176889 74.988000053380574
4974.243538706657 74.933000355761536
5046.595577037959 74.786000859346245
5120.000000000202 74.539999999999139
5194.472114880326 74.226499475432306
5270.027451614888 73.881497926183016
5346.6817660285715 73.529501074397530
5424.451043119808 73.184499821839296
5503.351500394186 72.858502064251340
5583.399591246343 72.564998176311562
5664.612008391055 72.314499979886477
5747.005687344222 72.117000749441900
5830.597809954497 71.976000320561965
5915.405807986278 71.896000181127931
6001.447366754812 71.878500195366172
6088.740428814181 71.925000556819782
6177.303197698925 72.040000408155180
6267.154141720092 72.225500398771402
6358.3119978165005 72.481999993856078
6450.795775462017 72.809999203662699
6544.624760629676 73.206498988475488
6639.818519813445 73.665502723424382
6736.396904108505 74.171499497601999
6834.380053350861 74.699500271828612
6933.788400317181 75.205996944548815
7034.642674985712 75.615998678725106
7136.963908859177 75.831499808046772
7240.773439350552 75.861499595356975
7346.092914232631 75.764500078991972
7452.944296152315 75.516498935932276
7561.349867210557 75.127000477109107
7671.332233608935 74.657998978328607
7782.914330363799 74.170002928604418
7896.119426088994 73.703502364996979
8010.971127848146 73.274999560570677
8127.49338607753 72.874498669182401
8245.710499580537 72.467001724956702
8365.647120594791 72.000999430132850
8487.328259932974 71.425998485052560
8610.77929219841 70.706497985474101
8736.025961076528 69.843000268353080
8863.094384703289 68.862004750222894
8992.011061111683 67.809499500516935
9122.802873757471 66.740501031815882
9255.497097125279 65.702999304516510
9390.121402416245 64.738997464697803
9526.7038633184 63.878500861121196
9665.272961860968 63.140500203123388
9805.857594353829 62.538998085216399
9948.487077413367 62.079499830144684
10093.19115407597 61.761999807941592
10240.000000000457 61.578999999999809
10388.944229760706 61.517500058538346
10540.05490322983 61.555999975344932
10693.363532057198 61.678000752560990
10848.902086239672 61.898000300579966
11006.703000788428 62.448000003715705
11166.799182492743 63.202500158982446
11329.224016782166 63.343999966494330
11494.0113746885 63.015001248437287
11661.195619909053 62.561498265817420
11830.811615972614 62.087001074308560
12002.894733509682 61.669000647321077
12177.48085762842 61.353999372972453
12354.606395397908 61.224500174922696
12534.308283440243 61.303999682996377
12716.62399563306 61.491499995508860
12901.591550924093 61.578999787562488
13089.249521259411 61.008501455421595
13279.637039626952 59.703999692063690
13472.793808217073 58.203001490322237
13668.760106701786 56.773999384424130
13867.576800634426 55.627001150164787
14069.285349971487 54.840499021790677
14273.927817718419 54.268500509497343
14481.54687870117 53.618000380046567
14692.18582846533 52.606500823718868
14905.888592304698 51.102502869279952
15122.699734421185 49.202502327371533
15342.664467217943 47.474997996426097
15565.828660727671 46.518001454903853
15792.238852178061 46.296500144616218
16021.942255696367 46.844500319834410
16254.986772155136 47.136002330155684
16491.42099916115 47.849496979738618
16731.294241189662 51.267989185972851
16974.65651986603 54.085502463490741
17221.558584396902 55.255498030580327
17472.051922153143 56.312495451850637
17726.188769406665 58.001498467465680
17984.022122223458 60.352010126798547
18245.605747515034 62.712503040602584
18510.99419425065 63.791999276379400
18780.242804832582 62.788991374668200
19053.40772663689 59.861502929612399
19330.545923722028 55.841015613737447
19611.71518870775 51.988998318062642
19896.974154826825 49.446507532962187
20186.382308152035 49.446500000000000
