20 73.971000000000004
20.290906698750476 73.996211997931709
20.586044732869844 74.019406841051989
20.885475648548283 74.041434880893533
21.189261887185914 74.061784061532194
21.49746679841394 74.081469856327487
21.810154653305165 74.100583947145310
22.12739065777668 74.118665724499934
22.449240966187475 74.136462040102572
22.77577269513385 74.152409737646821
23.107053937445478 74.166068476476440
23.44315377638505 74.175840266981425
23.784142300054445 74.181801778750682
24.130090616010463 74.185367273664312
24.481070866093134 74.187631693504613
24.837156241469714 74.190828742648733
25.1984209978975 74.196472367463201
25.56494047120865 74.202680289357858
25.936791093020236 74.207525935567986
26.3140504066728 74.209119834043875
26.69679708340074 74.206778025520236
27.08511093873791 74.202840379580124
27.47907294916184 74.199058114340119
27.878765268980047 74.196954630241322
28.284271247461966 74.196500000000000
28.695675446220072 74.195521622768894
29.11306365684382 74.192530172461034
29.536522918790062 74.186879110380573
29.966141537533712 74.179575593861927
30.402009102982383 74.170963166568100
30.844216508158908 74.162976222297772
31.29285596815558 74.155366090517475
31.74802103936409 74.146791558173348
32.20980663898519 74.136254834025365
32.67830906482211 74.123472418990502
33.153626015361866 74.108276715477700
33.63585661014871 74.091880875254944
34.125101410453844 74.075746957686377
34.62146244024586 74.060977589232863
35.12504320746613 74.046123660568554
35.635948725613716 74.030149640780365
36.15428553564419 74.013717148395031
36.68016172818701 73.998135633338961
37.21368696608603 73.984157825847859
37.754972507267915 73.969168712750047
38.30413122794313 73.950814139742562
38.86127764614443 73.923928177314593
39.4265279456077 73.892132808225568
40.000000000000206 73.862499999999983
40.58181339750116 73.837288002068291
41.1720894657399 73.810756012761644
41.77095129709678 73.780476596486238
42.37852377437204 73.750073802604533
42.9949335968281 73.720490575785917
43.62030930661056 73.686015840046196
44.25478131555359 73.644646788828524
44.89848193237519 73.605506505689476
45.55154539026795 73.571996370335029
46.21410787489121 73.539724119294718
46.88630755277036 73.502937983013595
47.56828460010916 73.467524746674172
48.260181232021196 73.437231709327023
48.962141732186545 73.401084335425338
49.674312482939705 73.355298202188223
50.39684199579528 73.306705238029849
51.129880942417586 73.262120889464029
51.873582186040764 73.220953009120592
52.628100813345895 73.181059857140838
53.393594166801776 73.145026230339454
54.17022187747612 73.109782216174779
54.95814589832399 73.068147518383839
55.75753053796041 73.023138924288389
56.56854249492426 72.980504332758869
57.39135089244048 72.936584350023338
58.226127313687975 72.888140915580806
59.073045837580466 72.834032883044529
59.932283075067765 72.775604750895383
60.804018205965114 72.721270331415809
61.68843301631817 72.669655655894786
62.58571193631152 72.610741270344988
63.49604207872855 72.546284970331556
64.41961327797075 72.479368230708133
65.35661812964459 72.415602912221317
66.3072520307241 72.365478048847848
67.27171322029778 72.326457765425715
68.25020282090806 72.275862323693246
69.2429248804921 72.214667432050959
70.25008641493265 72.155995160763766
71.27189745122783 72.097006409298245
72.30857107128878 72.029900025009795
73.36032345637442 71.956277358053796
74.42737393217246 71.883507007442716
75.50994501453623 71.814978267394707
76.60826245588666 71.747719005110852
77.72255529228926 71.677263557458133
78.85305589121582 71.599675761197602
80.00000000000082 71.516999999999939
81.16362679500274 71.431667155034347
82.34417893148023 71.344066691086226
83.541902594194 71.254758216606575
84.75704754874454 71.160531322926659
85.98986719365665 71.060248198057849
87.24061861322157 70.957749272264678
88.50956263110764 70.854693551443262
89.79696386475084 70.746122714072698
91.10309078053635 70.636156293862257
92.42821574978288 70.516515786137120
93.77261510554118 70.386165046656842
95.13656920021877 70.264062300887431
96.52036246404286 70.147152912388009
97.92428346437356 70.022998648470320
99.34862496587989 69.892895306573294
100.79368399159105 69.758600020798852
102.25976188483567 69.621855160556734
103.74716437208203 69.484887394314711
105.25620162669229 69.337006991281129
106.78718833360406 69.185167523862816
108.34044375495276 69.045622576665650
109.9162917966485 68.922709737070790
111.51506107592134 68.824132449369230
113.13708498984903 68.773231486784198
114.78270178488147 68.776516189429969
116.45225462737648 68.840570614228682
118.14609167516147 68.928074964705075
119.86456615013608 69.064231123996265
121.60803641193078 69.204943023771449
123.3768660326369 69.341248527469673
125.17142387262359 69.484471018209121
126.99208415745765 69.645771742486119
128.83922655594208 69.808035914635212
130.71323625928977 69.963311004341165
132.61450406144883 70.098870243686918
134.5434264405962 70.209171322029817
136.50040564181674 70.300890312978581
138.48584976098482 70.369767706464870
140.50017282986593 70.412334831192169
142.5437949024563 70.430046222487960
144.61714214257822 70.422275719466313
146.7206469127495 70.388184226187960
148.8547478643456 70.336608958944055
151.01989002907314 70.270323739011502
153.216524911774 70.193201968299647
155.4451105845792 70.109229709318328
157.70611178243232 70.020802082781358
160.00000000000236 69.923999999999893
162.3272535900062 69.820204489885725
164.6883578629612 69.714023896166751
167.08380518838874 69.606228766522506
169.51409509748981 69.496060082573962
171.97973438731407 69.383724111938477
174.4812372264439 69.270051829919453
177.01912526221608 69.154831713095390
179.5939277295025 69.040448394355991
182.20618156107355 68.927192956561612
184.85643149956664 68.814587304418382
187.54523021108326 68.700645561345581
190.27313840043846 68.589074463982456
193.04072492808663 68.478154712905294
195.84856692874806 68.365736176393085
198.69724993176072 68.255983402565789
201.58736798318304 68.149061068613818
204.5195237696723 68.043050398253399
207.49432874416505 67.938694713117002
210.5124032533856 67.838351028682752
213.57437666720915 67.743268699983730
216.68088750990657 67.655100038783871
219.83258359329807 67.569436534777594
223.03012215184378 67.490383242010850
226.2741699796992 67.414952147126826
229.5654035697641 67.340350852418680
232.90450925475412 67.264664456892234
236.2921833503241 67.187243260023763
239.72913230027333 67.107763815556183
243.21607282386276 67.024071170300445
246.75373206527502 66.935187481859970
250.34284774524843 66.842371678782769
253.9841683149166 66.745421518615345
257.67845311188546 66.644762152701119
261.42647251858085 66.541343696674204
265.22900812289896 66.434116398574190
269.08685288119375 66.326597070286965
273.0008112836349 66.217977284058236
276.97169952197106 66.106185101183570
281.00034565973334 65.990690044999681
285.0875898049141 65.872994931579456
289.23428428515797 65.754399469444479
293.44129382550057 65.636487902268527
297.7094957286928 65.517946968315215
302.0397800581479 65.397896103386387
306.4330498235497 65.276185621548450
310.89022116916016 65.154977750786529
315.41222356486645 65.035699742600514
320.00000000000654 64.915499999999838
324.6545071800142 64.792621010447633
329.3767157259242 64.670143062698571
334.16761037677935 64.549809740580514
339.02819019498156 64.429906521203449
343.95946877463007 64.310180855653954
348.9624744528898 64.188315623349496
354.03825052443415 64.065274337308693
359.187855459007 63.942329040075634
364.4123631221491 63.821956884502782
369.71286299913527 63.709058590718243
375.0904604221685 63.602929865529504
380.54627680087896 63.508232481241890
386.08144985617537 63.427900426941633
391.6971338574982 63.377629358273921
397.3944998635236 63.342858700464021
403.1747359663683 63.332941754677876
409.0390475393468 63.339850872809976
414.9886574883323 63.365930054511381
421.0248065067734 63.406321818370294
427.1487533344206 63.449145959451599
433.3617750198154 63.487489762608988
439.6651671865984 63.519112514170175
446.06024430368984 63.544867481012304
452.54833995940066 63.563606347910678
459.13080713953053 63.574606095403652
465.8090185095106 63.582943854927763
472.58436670065066 63.591394185757977
479.45826460054917 63.599276712072019
486.432145647728 63.605988931082962
493.50746413055253 63.612077826397616
500.6856954904994 63.618314263394964
507.9683366298358 63.626962399747931
515.3569062237735 63.641994238766223
522.8529450371643 63.663591925759718
530.4580162458005 63.691503821075379
538.1737057623901 63.725380936366406
546.0016225672724 63.765508924119999
553.9433990439449 63.809067232301452
562.0006913194694 63.852403594861244
570.1751796098309 63.894849621107682
578.4685685703187 63.935072557566045
586.8825876510039 63.969342091838911
595.4189914573883 63.995318428216336
604.0795601162986 64.013374312681719
612.8660996471021 64.022975785462222
621.780442338323 64.026437269239523
630.8244471297356 64.028288556495411
640.0000000000159 64.031500000000008
649.3090143600314 64.035689056462004
658.7534314518515 64.040376715725927
668.3352207535618 64.042667044150704
678.0563803899662 64.043000000000006
687.9189375492632 64.040624318735226
697.9249489057827 64.035641278101821
708.0765010488715 64.028442624213341
718.3757109180171 64.020299431265585
728.8247262443015 64.011940219004558
739.425725998274 64.004873278101115
750.1809208443404 64.003552768579596
761.0925536017613 64.006735328133857
772.1628997123541 64.014817615163352
783.3942677149998 64.028622832220776
794.7889997270506 64.048577999454096
806.34947193274 64.075138241162392
818.0780950786972 64.108201831011371
829.9773149766683 64.146729167226937
842.0496130135506 64.190698452054193
854.2975066688449 64.241480654454065
866.7235500396347 64.298754400195122
879.3303343732008 64.362450772177965
892.1204886073838 64.434748232403820
905.0966799188055 64.516539674441788
918.2616142790653 64.612166263685111
931.6180370190256 64.719998774776371
945.1687334013056 64.839713389511957
958.9165292011028 64.970193115610670
972.8642912954606 65.108225055597089
987.0149282611097 65.252421958363669
1001.3713909810035 65.402216753169739
1015.9366732596762 65.553022844806705
1030.7138124475518 65.703010657967027
1045.7058900743334 65.849439410382047
1060.916032491606 65.991152689175294
1076.3474115247852 66.128132652830658
1092.0032451345498 66.262401569539122
1107.8867980878947 66.391622685181190
1124.0013826389438 66.515399220274332
1140.350359219667 66.636942172708430
1156.9371371406426 66.753798662322566
1173.765175302013 66.868083962919457
1190.837982914782 66.978196352455910
1208.1591202326028 67.088263167143140
1225.73219929421 67.194574310151808
1243.5608846766518 67.298653951205296
1261.648894259477 67.401122104328380
1280.0000000000375 67.503000000000199
1298.6180287200684 67.601675552216363
1317.5068629037087 67.701285000808923
1336.6704415071292 67.797352207535653
1356.112760779938 67.892952527821706
1375.8378750985323 67.987625853595489
1395.8498978115715 68.078824540152084
1416.153002097749 68.166419475617062
1436.7514218360407 68.253855971711374
1457.6494524886093 68.340556777103757
1478.8514519965543 68.425327401427182
1500.3618416886875 68.505324340580586
1522.1851072035295 68.585197492364912
1544.3257994247153 68.666618941882945
1566.788535430007 68.749617581091030
1589.5779994541087 68.831022998089381
1612.6989438654878 68.911946303529206
1636.156190157402 68.994492913157202
1659.9546299533442 69.079535760431114
1684.099226027109 69.167121182738668
1708.5950133376978 69.254910646415198
1733.4471000792773 69.341733792279058
1758.6606687464096 69.430485553987353
1784.2409772147755 69.521082698428899
1810.193359837619 69.615827032989444
1836.5232285581387 69.713214087380464
1863.2360740380593 69.808061537652435
1890.3374668026197 69.903908131153372
1917.833058402214 70.002342349079925
1945.7285825909298 70.100964610720069
1974.0298565222283 70.202507483480019
2002.7427819620161 70.306828302030553
2031.8733465193618 70.411087935259758
2061.4276248951132 70.515091862125900
2091.411780148677 70.622011819527799
2121.832064983222 70.730049632315001
2152.694823049581 70.841494789419102
2184.0064902691106 70.956123689482240
2215.7735961758003 71.067735887093335
2248.002765277899 71.176309263680963
2280.7007184393456 71.286560788001097
2313.874274281297 71.399903770461094
2347.530350604038 71.514018847033597
2381.6759658295764 71.629427334247694
2416.318240465218 71.747253988256162
2451.4643985884327 71.863222685447681
2487.1217693533167 71.974936033705063
2523.2977885189675 72.084184587913398
2560.0000000000887 72.195000000000263
2597.236057440151 72.305915468012444
2635.0137258074315 72.415539347314635
2673.340883014273 72.525021516590670
2712.225521559891 72.635472311086346
2751.6757501970797 72.745796153674362
2791.699795623158 72.851815716065502
2832.3060041955137 72.958141730992253
2873.502843672097 73.066077450420892
2915.2989049772345 73.176042098189669
2957.7029039931244 73.288258637501912
3000.723683377391 73.401408714907873
3044.370214407075 73.516653905085519
3088.6515988494466 73.634893026922271
3133.57707086003 73.753005670850328
3179.1559989082334 73.862267237499850
3225.3978877309914 73.965875353008187
3272.3123803148205 74.069087236692610
3319.9092599067053 74.172804908799407
3368.198452054235 74.275716749313887
3417.190026675413 74.377739554684595
3466.8942001585724 74.479464168323489
3517.3213374928373 74.582335528485387
3568.4819544295697 74.687442465213508
3620.386719675257 74.796627580105053
3673.0464571162966 74.907706166230724
3726.472148076138 75.016179574671526
3780.6749336052594 75.126321827227997
3835.6661168044484 75.239145555944987
3891.45716518188 75.347391111892165
3948.059713044477 75.449983229893121
4005.4855639240527 75.534671259414552
4063.746693038744 75.598685130011091
4122.855249790247 75.639761399944064
4182.823560297375 75.654737812258105
4243.664129966465 75.649088330788828
4305.389646099183 75.635114168859360
4368.012980538242 75.619013313360966
4431.5471923516225 75.598277351084477
4496.00553055582 75.571697649513766
4561.401436878714 75.542054965056110
4627.748548562617 75.506850870862436
4695.060701208099 75.465387814903124
4763.351931659176 75.419344389719413
4832.63648093046 75.372791746632430
4902.928797176889 75.330713133082099
4974.243538706657 75.291022142179003
5046.595577037959 75.258861769184819
5120.000000000202 75.234071428571383
5194.472114880326 75.217558550914219
5270.027451614888 75.210811298991842
5346.6817660285715 75.217085786979652
5424.451043119808 75.240597924698790
5503.351500394186 75.284535228819195
5583.399591246343 75.349682147449968
5664.612008391055 75.470932873887193
5747.005687344222 75.651244730221535
5830.597809954497 75.878151583166670
5915.405807986278 76.127101191639383
6001.447366754812 76.381995882982139
6088.740428814181 76.655342868161910
6177.303197698925 76.959681557397545
6267.154141720092 77.297017012551109
6358.3119978165005 77.665036990993059
6450.795775462017 78.056183771118612
6544.624760629676 78.462617708739089
6639.818519813445 78.868547764626726
6736.396904108505 79.250848699996041
6834.380053350861 79.577545146714868
6933.788400317181 79.804627992437716
7034.642674985712 79.883528637005142
7136.963908859177 79.776831205066856
7240.773439350552 79.471090773810772
7346.092914232631 78.977414790580070
7452.944296152315 78.329597088356252
7561.349867210557 77.590817802866241
7671.332233608935 76.831348516456075
7782.914330363799 76.089532248069602
7896.119426088994 75.391462556800150
8010.971127848146 74.753464351988171
8127.49338607753 74.179105515572530
8245.710499580537 73.668043840274905
8365.647120594791 73.217157687622546
8487.328259932974 72.812894350885614
8610.77929219841 72.451624793777086
8736.025961076528 72.128241291861954
8863.094384703289 71.834350975715182
8992.011061111683 71.567063733295100
9122.802873757471 71.331177106243288
9255.497097125279 71.127811488374647
9390.121402416245 70.953950802362272
9526.7038633184 70.809410192527636
9665.272961860968 70.688500517945954
9805.857594353829 70.585618379163208
9948.487077413367 70.493766302261747
10093.19115407597 70.409191679356951
10240.000000000457 70.325399999999746
10388.944229760706 70.233821566582407
10540.05490322983 70.127834852013194
10693.363532057198 70.012110080315964
10848.902086239672 69.892345393595463
11006.703000788428 69.775640324428394
11166.799182492743 69.689321793530027
11329.224016782166 69.739470963993256
11494.0113746885 69.983996848880821
11661.195619909053 70.587527549484150
11830.811615972614 71.348402229029773
12002.894733509682 72.224702412180079
12177.48085762842 73.010178325513948
12354.606395397908 73.454336831506225
12534.308283440243 73.515997794064305
12716.62399563306 72.982304979840464
12901.591550924093 71.827195420152890
13089.249521259411 70.393220443976304
13279.637039626952 68.763072087763021
13472.793808217073 67.050881342209919
13668.760106701786 65.415061262124226
13867.576800634426 63.913320757576457
14069.285349971487 62.579022399085794
14273.927817718419 61.365151494566916
14481.54687870117 60.299134668920118
14692.18582846533 59.386635255766905
14905.888592304698 58.615902552671599
15122.699734421185 58.012382621454421
15342.664467217943 57.591070929665705
15565.828660727671 57.350823844100901
15792.238852178061 57.269477318330871
16021.942255696367 57.299486981073478
16254.986772155136 57.387047936205484
16491.42099916115 57.602675951234964
16731.294241189662 57.881114262191900
16974.65651986603 58.022517268568727
17221.558584396902 57.886226396947691
17472.051922153143 57.370936005909876
17726.188769406665 56.479744348893981
17984.022122223458 55.336592184527760
18245.605747515034 54.120959639570003
18510.99419425065 52.984106386969501
18780.242804832582 51.954835614796011
19053.40772663689 50.987282004023257
19330.545923722028 50.011668470262045
19611.71518870775 48.964737105739658
19896.974154826825 48.433999999999997
20186.382308152035 48.433999999999997
