20 97.018000000000001
20.290906698750476 97.030121152851791
20.586044732869844 97.039081343381611
20.885475648548283 97.046161098466129
21.189261887185914 97.050356812306447
21.49746679841394 97.052852836618229
21.810154653305165 97.055601556025266
22.12739065777668 97.059251621544433
22.449240966187475 97.063820680034183
22.77577269513385 97.069389152374626
23.107053937445478 97.074927390590574
23.44315377638505 97.077977180997351
23.784142300054445 97.077118932749585
24.130090616010463 97.073331815839211
24.481070866093134 97.068462951691686
24.837156241469714 97.066685778493280
25.1984209978975 97.072956577442184
25.56494047120865 97.086334691969142
25.936791093020236 97.103655613407852
26.3140504066728 97.118541327649041
26.69679708340074 97.123745996354245
27.08511093873791 97.120606310768778
27.47907294916184 97.111872024637464
27.878765268980047 97.105166977551519
28.284271247461966 97.104637084989847
28.695675446220072 97.107848105354634
29.11306365684382 97.111160809029457
29.536522918790062 97.109269541624201
29.966141537533712 97.100677169249323
30.402009102982383 97.089459818074289
30.844216508158908 97.082057841313016
31.29285596815558 97.079499999999996
31.74802103936409 97.079251978960627
32.20980663898519 97.076901933610145
32.67830906482211 97.069542273379440
33.153626015361866 97.057812975631322
33.63585661014871 97.047190437627478
34.125101410453844 97.040374492947734
34.62146244024586 97.037649762918278
35.12504320746613 97.032749222265608
35.635948725613716 97.021785589505981
36.15428553564419 97.005871433930679
36.68016172818701 96.992257088892643
37.21368696608603 96.984790504271302
37.754972507267915 96.978493294895372
38.30413122794313 96.968896744301418
38.86127764614443 96.956580847283888
39.4265279456077 96.948102082193486
40.000000000000206 96.944499999999991
40.58181339750116 96.933348539376368
41.1720894657399 96.911546677301374
41.77095129709678 96.893847227492103
42.37852377437204 96.890107380260446
42.9949335968281 96.887850215844622
43.62030930661056 96.876226644723545
44.25478131555359 96.859441698661115
44.89848193237519 96.847191973433667
45.55154539026795 96.835711367084201
46.21410787489121 96.819100303879097
46.88630755277036 96.800527235897775
47.56828460010916 96.785134309948802
48.260181232021196 96.770935313967442
48.962141732186545 96.751823032381637
49.674312482939705 96.731227843742857
50.39684199579528 96.715799336064862
51.129880942417586 96.706672444532927
51.873582186040764 96.695761522915546
52.628100813345895 96.675354301392474
53.393594166801776 96.656858090132829
54.17022187747612 96.649471110930591
54.95814589832399 96.654563192246513
55.75753053796041 96.671089799475027
56.56854249492426 96.662786437626892
57.39135089244048 96.622061656728306
58.226127313687975 96.570864390069403
59.073045837580466 96.550105928882118
59.932283075067765 96.492537033970450
60.804018205965114 96.426999999999992
61.68843301631817 96.428345948193765
62.58571193631152 96.415607264715845
63.49604207872855 96.370469664630562
64.41961327797075 96.319840882989581
65.35661812964459 96.268351075675085
66.3072520307241 96.223704195170455
67.27171322029778 96.201467728136123
68.25020282090806 96.184118611141400
69.2429248804921 96.152240554063269
70.25008641493265 96.123999135850681
71.27189745122783 96.113781025487725
72.30857107128878 96.096317154647465
73.36032345637442 96.057285444463162
74.42737393217246 96.009481860018326
75.50994501453623 95.965726924629763
76.60826245588666 95.931264461595475
77.72255529228926 95.902124984753641
78.85305589121582 95.862121038738707
80.00000000000082 95.821499999999972
81.16362679500274 95.783197188907451
82.34417893148023 95.731832138776312
83.541902594194 95.679316683985292
84.75704754874454 95.635300896170122
85.98986719365665 95.592767007303564
87.24061861322157 95.551879994695923
88.50956263110764 95.519882060882992
89.79696386475084 95.504004112334741
91.10309078053635 95.487251708464001
92.42821574978288 95.465214807584886
93.77261510554118 95.442952952593856
95.13656920021877 95.420382417118503
96.52036246404286 95.393223053899732
97.92428346437356 95.361892937868504
99.34862496587989 95.324912858220443
100.79368399159105 95.285835093557580
102.25976188483567 95.248005952879112
103.74716437208203 95.210287229307568
105.25620162669229 95.167813979091704
106.78718833360406 95.110076524987818
108.34044375495276 95.043261658128614
109.9162917966485 94.985934137840133
111.51506107592134 94.930165606997718
113.13708498984903 94.888810768860196
114.78270178488147 94.852479763212528
116.45225462737648 94.806902826647644
118.14609167516147 94.761240612221997
119.86456615013608 94.693493008691178
121.60803641193078 94.609417979750958
123.3768660326369 94.532925306242433
125.17142387262359 94.473942968347899
126.99208415745765 94.430033868011066
128.83922655594208 94.382200551513534
130.71323625928977 94.332405436538863
132.61450406144883 94.284866406586673
134.5434264405962 94.242267327798231
136.50040564181674 94.202491075880033
138.48584976098482 94.160147392101038
140.50017282986593 94.127498790190941
142.5437949024563 94.113193435682803
144.61714214257822 94.114447140892096
146.7206469127495 94.130985822214740
148.8547478643456 94.157508369246585
151.01989002907314 94.195417690610526
153.216524911774 94.246132782582606
155.4451105845792 94.306216786731397
157.70611178243232 94.361503900301358
160.00000000000236 94.400500000000022
162.3272535900062 94.430288845952077
164.6883578629612 94.449131519758510
167.08380518838874 94.449416194811619
169.51409509748981 94.436512610395567
171.97973438731407 94.412514815494475
174.4812372264439 94.374903956931604
177.01912526221608 94.329751920227665
179.5939277295025 94.280377802047653
182.20618156107355 94.224846478280824
184.85643149956664 94.167129793309442
187.54523021108326 94.106333060554050
190.27313840043846 94.036007656948769
193.04072492808663 93.967428486538950
195.84856692874806 93.907849807882030
198.69724993176072 93.845723801583148
201.58736798318304 93.775815800420418
204.5195237696723 93.708083492913659
207.49432874416505 93.646613425116698
210.5124032533856 93.587008136558978
213.57437666720915 93.530054814157040
216.68088750990657 93.478935577964023
219.83258359329807 93.430469391998855
223.03012215184378 93.387093350950110
226.2741699796992 93.341024535294366
229.5654035697641 93.287743273837265
232.90450925475412 93.235480106551307
236.2921833503241 93.213783422816846
239.72913230027333 93.193591347735889
243.21607282386276 93.130436124785533
246.75373206527502 93.039341399319170
250.34284774524843 92.971685859948650
253.9841683149166 92.915245391118788
257.67845311188546 92.840971131123297
261.42647251858085 92.750123114229950
265.22900812289896 92.661419837542013
269.08685288119375 92.584262942376128
273.0008112836349 92.504232354580950
276.97169952197106 92.417622610516645
281.00034565973334 92.330492913975462
285.0875898049141 92.246765721862701
289.23428428515797 92.164661171153867
293.44129382550057 92.077576959047036
297.7094957286928 91.988642488843197
302.0397800581479 91.896634783735280
306.4330498235497 91.801283920489752
310.89022116916016 91.706819077801498
315.41222356486645 91.612008194563742
320.00000000000654 91.517499999999870
324.6545071800142 91.423013504245716
329.3767157259242 91.325839656045957
334.16761037677935 91.227147226238344
339.02819019498156 91.128227739041876
343.95946877463007 91.028122783875006
348.9624744528898 90.928939253278060
354.03825052443415 90.832580890140633
359.187855459007 90.735349531824767
364.4123631221491 90.636165100679165
369.71286299913527 90.538283320815907
375.0904604221685 90.440852328024789
380.54627680087896 90.341478529698264
386.08144985617537 90.242758337545695
391.6971338574982 90.145180870092062
397.3944998635236 90.046814602347382
403.1747359663683 89.948558611232798
409.0390475393468 89.853388255216899
414.9886574883323 89.762917302047100
421.0248065067734 89.676152708905178
427.1487533344206 89.593103394986144
433.3617750198154 89.516445958102153
439.6651671865984 89.447348328134012
446.06024430368984 89.388204793671719
452.54833995940066 89.343474462231413
459.13080713953053 89.314452059705985
465.8090185095106 89.298603890444866
472.58436670065066 89.294517635707010
479.45826460054917 89.299732054486412
486.432145647728 89.313193934989783
493.50746413055253 89.336346486723983
500.6856954904994 89.367214197611702
507.9683366298358 89.401351577952354
515.3569062237735 89.437284531118877
522.8529450371643 89.474604797991361
530.4580162458005 89.511003821075377
538.1737057623901 89.544657600386188
546.0016225672724 89.573719501109082
553.9433990439449 89.598101422490345
562.0006913194694 89.617501209809063
570.1751796098309 89.631754010434250
578.4685685703187 89.643779424426953
586.8825876510039 89.660453434067108
595.4189914573883 89.676483235050426
604.0795601162986 89.690109395159908
612.8660996471021 89.701061256739536
621.780442338323 89.711249076958083
630.8244471297356 89.720984004833525
640.0000000000159 89.737500000000040
649.3090143600314 89.756583479438063
658.7534314518515 89.771130147177772
668.3352207535618 89.786336353205712
678.0563803899662 89.804307122740937
687.9189375492632 89.825025715730916
697.9249489057827 89.848519877373874
708.0765010488715 89.877729503146611
718.3757109180171 89.915327701488465
728.8247262443015 89.961211268099362
739.425725998274 90.014099916291286
750.1809208443404 90.075138293645637
761.0925536017613 90.143790649744403
772.1628997123541 90.222203821019150
783.3942677149998 90.309331285269423
794.7889997270506 90.403706497679934
806.34947193274 90.504616124733602
818.0780950786972 90.610170401483558
829.9773149766683 90.720093057086928
842.0496130135506 90.835483726882117
854.2975066688449 90.954900690021233
866.7235500396347 91.075963775385674
879.3303343732008 91.199803343732015
892.1204886073838 91.328416934934580
905.0966799188055 91.458329714198214
918.2616142790653 91.588634480153800
931.6180370190256 91.720153130878174
945.1687334013056 91.851499058987571
958.9165292011028 91.982707027410470
972.8642912954606 92.114375052591839
987.0149282611097 92.247255480604252
1001.3713909810035 92.380616797025226
1015.9366732596762 92.514492504221067
1030.7138124475518 92.648373325424586
1045.7058900743334 92.782086465344889
1060.916032491606 92.916530551509737
1076.3474115247852 93.051722480265624
1092.0032451345498 93.187652786464582
1107.8867980878947 93.323537783747099
1124.0013826389438 93.460178303877768
1140.350359219667 93.597586326830566
1156.9371371406426 93.735231381410301
1173.765175302013 93.873842049328857
1190.837982914782 94.012037554311689
1208.1591202326028 94.151850073297695
1225.73219929421 94.292857594353677
1243.5608846766518 94.435344806042281
1261.648894259477 94.578526264649867
1280.0000000000375 94.722500000000281
1298.6180287200684 94.867986595855385
1317.5068629037087 95.015804216939301
1336.6704415071292 95.165529443755602
1356.112760779938 95.317582353103006
1375.8378750985323 95.472327319523487
1395.8498978115715 95.630214192711421
1416.153002097749 95.791954800080362
1436.7514218360407 95.956848945780138
1457.6494524886093 96.125919532307051
1478.8514519965543 96.299312993491540
1500.3618416886875 96.477010522849881
1522.1851072035295 96.658580091933374
1544.3257994247153 96.844723231156109
1566.788535430007 97.034531009737861
1589.5779994541087 97.228496115338089
1612.6989438654878 97.426710917243184
1636.156190157402 97.629112606763101
1659.9546299533442 97.836003465792231
1684.099226027109 98.047573189038559
1708.5950133376978 98.263479917905244
1733.4471000792773 98.483679190705573
1758.6606687464096 98.708772805342761
1784.2409772147755 98.938483975388692
1810.193359837619 99.171536371341816
1836.5232285581387 99.407748127880922
1863.2360740380593 99.646565780419479
1890.3374668026197 99.887083206535152
1917.833058402214 100.128004269267308
1945.7285825909298 100.367936666978352
1974.0298565222283 100.605389600525825
2002.7427819620161 100.837802273238324
2031.8733465193618 101.063300319359300
2061.4276248951132 101.280326818028030
2091.411780148677 101.485964803944100
2121.832064983222 101.678217580151852
2152.694823049581 101.850037023993465
2184.0064902691106 102.009029206211011
2215.7735961758003 102.140348155611449
2248.002765277899 102.254307881042024
2280.7007184393456 102.339471508722625
2313.874274281297 102.398730270279742
2347.530350604038 102.431018210362424
2381.6759658295764 102.433893857261211
2416.318240465218 102.413953730209201
2451.4643985884327 102.365083742329091
2487.1217693533167 102.296261381777583
2523.2977885189675 102.204013526285806
2560.0000000000887 102.094749999999721
2597.236057440151 101.970673798959467
2635.0137258074315 101.835198985749045
2673.340883014273 101.690512883508092
2712.225521559891 101.541061316635080
2751.6757501970797 101.389048361741246
2791.699795623158 101.237333271522573
2832.3060041955137 101.088729204770289
2873.502843672097 100.944120274641421
2915.2989049772345 100.805461438371481
2957.7029039931244 100.674931868819243
3000.723683377391 100.554699837598747
3044.370214407075 100.447385528304437
3088.6515988494466 100.355095672214816
3133.57707086003 100.276276686623959
3179.1559989082334 100.214721241321030
3225.3978877309914 100.168927710937893
3272.3123803148205 100.140521295480369
3319.9092599067053 100.131592740792527
3368.198452054235 100.144009148629834
3417.190026675413 100.178861926942176
3466.8942001585724 100.235651880222008
3517.3213374928373 100.312831980737258
3568.4819544295697 100.410366562934968
3620.386719675257 100.528262931991392
3673.0464571162966 100.667221473639117
3726.472148076138 100.826093101997557
3780.6749336052594 101.004232987595103
3835.6661168044484 101.196151309840360
3891.45716518188 101.405378300515025
3948.059713044477 101.624005641634284
4005.4855639240527 101.845976595290097
4063.746693038744 102.055958636210164
4122.855249790247 102.233829468321744
4182.823560297375 102.351750433845979
4243.664129966465 102.378694114699442
4305.389646099183 102.295184468162105
4368.012980538242 102.080603594575791
4431.5471923516225 101.721801757990733
4496.00553055582 101.247391255021142
4561.401436878714 100.660532969074978
4627.748548562617 100.000881955140443
4695.060701208099 99.287629274078128
4763.351931659176 98.548822283378783
4832.63648093046 97.800168748472004
4902.928797176889 97.058570097972108
4974.243538706657 96.328637798820651
5046.595577037959 95.623556127505054
5120.000000000202 94.941214285712462
5194.472114880326 94.289263417773213
5270.027451614888 93.672031073371272
5346.6817660285715 93.088430214501614
5424.451043119808 92.538962876981884
5503.351500394186 92.027242301079610
5583.399591246343 91.554678618216499
5664.612008391055 91.123809796534331
5747.005687344222 90.727564236330664
5830.597809954497 90.368168541177454
5915.405807986278 90.047045978844935
6001.447366754812 89.766074017677568
6088.740428814181 89.533458898436862
6177.303197698925 89.348329358345467
6267.154141720092 89.213173182692628
6358.3119978165005 89.129223801583038
6450.795775462017 89.090872675926079
6544.624760629676 89.097726171007793
6639.818519813445 89.147257538053566
6736.396904108505 89.240360099176712
6834.380053350861 89.380836993630766
6933.788400317181 89.572699668719991
7034.642674985712 89.819653063210140
7136.963908859177 90.123611260146703
7240.773439350552 90.483696530367808
7346.092914232631 90.894480948353788
7452.944296152315 91.344219359378002
7561.349867210557 91.812582551238947
7671.332233608935 92.267380301081204
7782.914330363799 92.674742991091392
7896.119426088994 92.992126903119242
8010.971127848146 93.160317147869193
8127.49338607753 93.145328932932955
8245.710499580537 92.937539621891133
8365.647120594791 92.549698891890202
8487.328259932974 92.041882884454310
8610.77929219841 91.456682558215959
8736.025961076528 90.844865298117909
8863.094384703289 90.247932258081789
8992.011061111683 89.691012215997517
9122.802873757471 89.196681727947649
9255.497097125279 88.783116682768082
9390.121402416245 88.462793615892380
9526.7038633184 88.250853862041836
9665.272961860968 88.157950323484741
9805.857594353829 88.193615749285783
9948.487077413367 88.374493836763605
10093.19115407597 88.736375621180827
10240.000000000457 89.287900000001954
10388.944229760706 90.049305530001703
10540.05490322983 91.022625400833959
10693.363532057198 92.087911995041537
10848.902086239672 93.002428237412687
11006.703000788428 93.379870916440524
11166.799182492743 92.984917730923428
11329.224016782166 91.669779358486636
11494.0113746885 89.865041015648387
11661.195619909053 87.809595753028987
11830.811615972614 85.847039691107156
12002.894733509682 84.110323920271526
12177.48085762842 82.558069732701057
12354.606395397908 81.299430435706398
12534.308283440243 80.212027754454766
12716.62399563306 79.342179218341158
12901.591550924093 78.705076434032947
13089.249521259411 78.175076709243058
13279.637039626952 77.825607423018752
13472.793808217073 77.689590077397298
13668.760106701786 77.767417923240572
13867.576800634426 78.081015379521034
14069.285349971487 78.683724690715962
14273.927817718419 79.526169516274152
14481.54687870117 80.665594005416153
14692.18582846533 81.922846227478118
14905.888592304698 82.880895059019025
15122.699734421185 83.172208368376971
15342.664467217943 82.589258587678756
15565.828660727671 81.206974253106608
15792.238852178061 79.385308284557894
16021.942255696367 77.576484628819230
16254.986772155136 76.151463863533579
16491.42099916115 75.367447966781626
16731.294241189662 75.043405959759610
16974.65651986603 75.041965651986601
17221.558584396902 75.045386234337599
17472.051922153143 74.429527967947195
17726.188769406665 72.650155698984264
17984.022122223458 69.659458223607373
18245.605747515034 65.846288858638346
18510.99419425065 61.658580409951128
18780.242804832582 57.818308747130985
19053.40772663689 56.776580267767748
19330.545923722028 59.051827957479873
19611.71518870775 61.013780957838236
19896.974154826825 61.475226202841561
20186.382308152035 61.450499999999998
