20 69.839500000000001
20.290906698750476 69.864711997931707
20.586044732869844 69.892197512742825
20.885475648548283 69.921571772107256
21.189261887185914 69.951443990759969
21.49746679841394 69.977431861958706
21.810154653305165 70.001160114164264
22.12739065777668 70.020188009533285
22.449240966187475 70.036469632082060
22.77577269513385 70.049404591328766
23.107053937445478 70.061390052652627
23.44315377638505 70.071317447978771
23.784142300054445 70.080103557501360
24.130090616010463 70.088752276241195
24.481070866093134 70.098884806223992
24.837156241469714 70.111486227946216
25.1984209978975 70.126432892410648
25.56494047120865 70.140772930924641
25.936791093020236 70.150709892613293
26.3140504066728 70.153619834043866
26.69679708340074 70.151278025520241
27.08511093873791 70.149808517202842
27.47907294916184 70.156279134553984
27.878765268980047 70.171195980517879
28.284271247461966 70.189860748630707
28.695675446220072 70.204696210709287
29.11306365684382 70.211886936343163
29.536522918790062 70.211171293730885
29.966141537533712 70.207304726162192
30.402009102982383 70.206013393975240
30.844216508158908 70.209622428522863
31.29285596815558 70.214910699601944
31.74802103936409 70.218244063118092
32.20980663898519 70.218160773444055
32.67830906482211 70.214860291222124
33.153626015361866 70.208695609769563
33.63585661014871 70.201326294237617
34.125101410453844 70.193623478843193
34.62146244024586 70.186420988276808
35.12504320746613 70.180249567925330
35.635948725613716 70.175276461469480
36.15428553564419 70.170148573572263
36.68016172818701 70.161676118523516
37.21368696608603 70.146093582254821
37.754972507267915 70.127304466831447
38.30413122794313 70.111438046580844
38.86127764614443 70.104290423641942
39.4265279456077 70.100051041096748
40.000000000000206 70.089499999999987
40.58181339750116 70.070591001551207
41.1720894657399 70.051883860832262
41.77095129709678 70.037201988493450
42.37852377437204 70.024103058259087
42.9949335968281 70.007476834679323
43.62030930661056 69.985422014147545
44.25478131555359 69.962290174518870
44.89848193237519 69.938722341554040
45.55154539026795 69.912938187334731
46.21410787489121 69.886647326952144
46.88630755277036 69.870582075801522
47.56828460010916 69.857963718476356
48.260181232021196 69.831129907006812
48.962141732186545 69.791520550988565
49.674312482939705 69.750498501823529
50.39684199579528 69.706201291144652
51.129880942417586 69.671781703976535
51.873582186040764 69.662533688074788
52.628100813345895 69.637849104527305
53.393594166801776 69.581068474031937
54.17022187747612 69.545000000000002
54.95814589832399 69.555799137890290
55.75753053796041 69.532229662669153
56.56854249492426 69.471173887931428
57.39135089244048 69.410040569222474
58.226127313687975 69.367025199098862
59.073045837580466 69.348831266598722
59.932283075067765 69.335083470798907
60.804018205965114 69.254649755409105
61.68843301631817 69.191442698431814
62.58571193631152 69.182330373271213
63.49604207872855 69.141804759937912
64.41961327797075 69.070899584235235
65.35661812964459 69.004033057832387
66.3072520307241 68.940609723711049
67.27171322029778 68.876908761696740
68.25020282090806 68.833616177290509
69.2429248804921 68.788610831094900
70.25008641493265 68.736495333593638
71.27189745122783 68.682405127438614
72.30857107128878 68.630571446435567
73.36032345637442 68.579064797550416
74.42737393217246 68.526349181594867
75.50994501453623 68.461366147844785
76.60826245588666 68.387805781794071
77.72255529228926 68.316917095204190
78.85305589121582 68.253303137954362
80.00000000000082 68.194999999999965
81.16362679500274 68.142636663316537
82.34417893148023 68.081590690656157
83.541902594194 68.031423261565408
84.75704754874454 68.001061522054954
85.98986719365665 67.961354561608431
87.24061861322157 67.903569992043899
88.50956263110764 67.841407116871324
89.79696386475084 67.761588240385450
91.10309078053635 67.690627966933192
92.42821574978288 67.620310078334413
93.77261510554118 67.531822344156666
95.13656920021877 67.454500810990822
96.52036246404286 67.380778116515614
97.92428346437356 67.299643576738220
99.34862496587989 67.226754612299885
100.79368399159105 67.138119313935974
102.25976188483567 67.046979366142097
103.74716437208203 66.951729596184464
105.25620162669229 66.851092832747824
106.78718833360406 66.774250070544639
108.34044375495276 66.715244024821700
109.9162917966485 66.668879017994016
111.51506107592134 66.622587300292111
113.13708498984903 66.596892594713680
114.78270178488147 66.602464847819064
116.45225462737648 66.655498922950486
118.14609167516147 66.717618497772492
119.86456615013608 66.754301346513557
121.60803641193078 66.803481227994524
123.3768660326369 66.852560811388884
125.17142387262359 66.901014107159710
126.99208415745765 66.971675450455763
128.83922655594208 67.055320996321086
130.71323625928977 67.149824628504177
132.61450406144883 67.241345430734469
134.5434264405962 67.325416340674593
136.50040564181674 67.398385445276773
138.48584976098482 67.441494110289113
140.50017282986593 67.452498963020801
142.5437949024563 67.440237230585268
144.61714214257822 67.398688588578125
146.7206469127495 67.328244969906109
148.8547478643456 67.249832429873479
151.01989002907314 67.166612354848695
153.216524911774 67.077046123811357
155.4451105845792 66.980326112161606
157.70611178243232 66.880307414503520
160.00000000000236 66.777999999999906
162.3272535900062 66.675135391321732
164.6883578629612 66.574275955037848
167.08380518838874 66.470979615861609
169.51409509748981 66.371630558061412
171.97973438731407 66.277561987036989
174.4812372264439 66.186279212402724
177.01912526221608 66.096022965717552
179.5939277295025 66.010319170472314
182.20618156107355 65.929049607918927
184.85643149956664 65.848364482413174
187.54523021108326 65.770206415963017
190.27313840043846 65.692625263188162
193.04072492808663 65.619306311754684
195.84856692874806 65.551134393710043
198.69724993176072 65.487076101392077
201.58736798318304 65.429017201666866
204.5195237696723 65.368583492913658
207.49432874416505 65.303626658046980
210.5124032533856 65.237735397261105
213.57437666720915 65.171757307488207
216.68088750990657 65.105866251353234
219.83258359329807 65.041348328134035
223.03012215184378 64.979291383308038
226.2741699796992 64.920702025355254
229.5654035697641 64.865243273837265
232.90450925475412 64.811043767048147
236.2921833503241 64.749985039262640
239.72913230027333 64.685112627832339
243.21607282386276 64.619070507110820
246.75373206527502 64.546548492661856
250.34284774524843 64.468914493636376
253.9841683149166 64.388350276032469
257.67845311188546 64.303855385065617
261.42647251858085 64.218976059267106
265.22900812289896 64.134375943250134
269.08685288119375 64.048045810173136
273.0008112836349 63.960357050349579
276.97169952197106 63.872622610516629
281.00034565973334 63.784492568315734
285.0875898049141 63.696660614096800
289.23428428515797 63.609580030011685
293.44129382550057 63.525018252872542
297.7094957286928 63.437100589697451
302.0397800581479 63.346164618778893
306.4330498235497 63.256339003529007
310.89022116916016 63.168654409555231
315.41222356486645 63.080961640485100
320.00000000000654 62.991499999999874
324.6545071800142 62.900271659271723
329.3767157259242 62.812530759070398
334.16761037677935 62.718898075577442
339.02819019498156 62.632409490607323
343.95946877463007 62.545417402689047
348.9624744528898 62.459637934300872
354.03825052443415 62.379003291818819
359.187855459007 62.299088240385387
364.4123631221491 62.221197025792193
369.71286299913527 62.143220913912714
375.0904604221685 62.088944314549536
380.54627680087896 62.055430013937460
386.08144985617537 62.034663795417089
391.6971338574982 62.048439968501242
397.3944998635236 62.079395448894545
403.1747359663683 62.144417180868089
409.0390475393468 62.240482141362747
414.9886574883323 62.355275040185255
421.0248065067734 62.478520936642241
427.1487533344206 62.604079752799066
433.3617750198154 62.719650175336866
439.6651671865984 62.819573816951404
446.06024430368984 62.902445817087511
452.54833995940066 62.961612549695502
459.13080713953053 63.001834266308947
465.8090185095106 63.029379310155903
472.58436670065066 63.043049095286648
479.45826460054917 63.047773789885873
486.432145647728 63.046727141740909
493.50746413055253 63.044640724534126
500.6856954904994 63.046142839522346
507.9683366298358 63.052970315590471
515.3569062237735 63.066045225369621
522.8529450371643 63.088965089213481
530.4580162458005 63.120232829198272
538.1737057623901 63.158005011910973
546.0016225672724 63.203867457749084
553.9433990439449 63.255603793307614
562.0006913194694 63.312204908368230
570.1751796098309 63.370208739307834
578.4685685703187 63.427433123135202
586.8825876510039 63.481360302201324
595.4189914573883 63.534597747035804
604.0795601162986 63.584417690610564
612.8660996471021 63.627592605504404
621.780442338323 63.666559038592808
630.8244471297356 63.699638230815154
640.0000000000159 63.729000000000042
649.3090143600314 63.754599789490086
658.7534314518515 63.779696593347410
668.3352207535618 63.802587768770877
678.0563803899662 63.826238131955421
687.9189375492632 63.850797343873161
697.9249489057827 63.875812372264456
708.0765010488715 63.904018027989281
718.3757109180171 63.933370776116348
728.8247262443015 63.966239123981765
739.425725998274 64.002518754694051
750.1809208443404 64.040193529903291
761.0925536017613 64.082021455473409
772.1628997123541 64.126542479607593
783.3942677149998 64.174482778915191
794.7889997270506 64.223918998817226
806.34947193274 64.274808062366802
818.0780950786972 64.328754065179993
829.9773149766683 64.386195139691921
842.0496130135506 64.446923000570010
854.2975066688449 64.510740972789307
866.7235500396347 64.578206225224093
879.3303343732008 64.650548972801886
892.1204886073838 64.727672330125287
905.0966799188055 64.808703696145670
918.2616142790653 64.894182155450778
931.6180370190256 64.982789940050395
945.1687334013056 65.075979831034189
958.9165292011028 65.174273314657938
972.8642912954606 65.274221468498297
987.0149282611097 65.377763511456607
1001.3713909810035 65.484739719324836
1015.9366732596762 65.593431382121608
1030.7138124475518 65.702955566563432
1045.7058900743334 65.817080939298208
1060.916032491606 65.929095433939565
1076.3474115247852 66.040515759000897
1092.0032451345498 66.156648730046385
1107.8867980878947 66.272342357907249
1124.0013826389438 66.386343127025867
1140.350359219667 66.502246309440125
1156.9371371406426 66.619244635569004
1173.765175302013 66.736025256744966
1190.837982914782 66.853323766661674
1208.1591202326028 66.972959618754459
1225.73219929421 67.093624104768125
1243.5608846766518 67.213572564511011
1261.648894259477 67.335324184489139
1280.0000000000375 67.460000000000264
1298.6180287200684 67.585006764263312
1317.5068629037087 67.711545295164484
1336.6704415071292 67.838441674984736
1356.112760779938 67.967649859186594
1375.8378750985323 68.098425922527781
1395.8498978115715 68.226646851103482
1416.153002097749 68.355840780022334
1436.7514218360407 68.487209099750658
1457.6494524886093 68.620956495927103
1478.8514519965543 68.754569508699802
1500.3618416886875 68.880714471134752
1522.1851072035295 69.014272856085597
1544.3257994247153 69.149387376490765
1566.788535430007 69.288760461083243
1589.5779994541087 69.423969276855672
1612.6989438654878 69.559939684315623
1636.156190157402 69.699098398125528
1659.9546299533442 69.840227779720067
1684.099226027109 69.986005278765361
1708.5950133376978 70.131132074691095
1733.4471000792773 70.272331064462975
1758.6606687464096 70.419578305479035
1784.2409772147755 70.568228028757105
1810.193359837619 70.720975627812720
1836.5232285581387 70.876912867352559
1863.2360740380593 71.024945356844000
1890.3374668026197 71.174196563430712
1917.833058402214 71.327295143548270
1945.7285825909298 71.476861487731924
1974.0298565222283 71.627338836698257
2002.7427819620161 71.779711066450375
2031.8733465193618 71.919773506199022
2061.4276248951132 72.057971899524517
2091.411780148677 72.193594184308466
2121.832064983222 72.324419863182044
2152.694823049581 72.448144551045843
2184.0064902691106 72.571825636562991
2215.7735961758003 72.681729278670815
2248.002765277899 72.776441260463315
2280.7007184393456 72.867856903864265
2313.874274281297 72.951835782465736
2347.530350604038 73.025645046228206
2381.6759658295764 73.089203889774637
2416.318240465218 73.148969038116448
2451.4643985884327 73.197757278306113
2487.1217693533167 73.231699875724757
2523.2977885189675 73.257390896676242
2560.0000000000887 73.279750000000050
2597.236057440151 73.294524465078041
2635.0137258074315 73.302251601344196
2673.340883014273 73.304583522075347
2712.225521559891 73.304629574640671
2751.6757501970797 73.303708106245068
2791.699795623158 73.289235091969587
2832.3060041955137 73.270639238070061
2873.502843672097 73.247693208486581
2915.2989049772345 73.217536963620034
2957.7029039931244 73.177756515208245
3000.723683377391 73.125923520976130
3044.370214407075 73.059924961694406
3088.6515988494466 72.980061962186056
3133.57707086003 72.893524711822948
3179.1559989082334 72.784819722871362
3225.3978877309914 72.665743344040592
3272.3123803148205 72.547719049212944
3319.9092599067053 72.429324128030430
3368.198452054235 72.312051653151997
3417.190026675413 72.197634838913302
3466.8942001585724 72.087529005671755
3517.3213374928373 71.986435885513458
3568.4819544295697 71.893950316558318
3620.386719675257 71.814497264422158
3673.0464571162966 71.748805180602773
3726.472148076138 71.686821751193207
3780.6749336052594 71.638965759813544
3835.6661168044484 71.606046875614311
3891.45716518188 71.589379103375563
3948.059713044477 71.579827423423751
4005.4855639240527 71.588368547621315
4063.746693038744 71.598623566983463
4122.855249790247 71.624713149874140
4182.823560297375 71.661440362828444
4243.664129966465 71.714023998042450
4305.389646099183 71.781351771477418
4368.012980538242 71.866751289744570
4431.5471923516225 71.965777393750045
4496.00553055582 72.070475699907831
4561.401436878714 72.195617262105912
4627.748548562617 72.334175949313803
4695.060701208099 72.485392647839035
4763.351931659176 72.646353894101182
4832.63648093046 72.811953919042395
4902.928797176889 72.973032119624435
4974.243538706657 73.115209095317084
5046.595577037959 73.225777696070708
5120.000000000202 73.294071428571527
5194.472114880326 73.297340707572459
5270.027451614888 73.233219116933242
5346.6817660285715 73.128893828881786
5424.451043119808 73.011505927869422
5503.351500394186 72.902880885196225
5583.399591246343 72.776786921888828
5664.612008391055 72.668734989511194
5747.005687344222 72.584310137320699
5830.597809954497 72.525383974570246
5915.405807986278 72.493344564401042
6001.447366754812 72.487271381266524
6088.740428814181 72.505308876622507
6177.303197698925 72.544491872937954
6267.154141720092 72.608991593690575
6358.3119978165005 72.698602277674581
6450.795775462017 72.814876022278753
6544.624760629676 72.962370207298790
6639.818519813445 73.136447021037156
6736.396904108505 73.332117312874374
6834.380053350861 73.545479917905396
6933.788400317181 73.758414684637529
7034.642674985712 73.938440824605635
7136.963908859177 74.028108917265769
7240.773439350552 73.977198396041018
7346.092914232631 73.815228108669629
7452.944296152315 73.608023078810803
7561.349867210557 73.356824711953209
7671.332233608935 73.022414232336928
7782.914330363799 72.591911010616059
7896.119426088994 72.084164068975795
8010.971127848146 71.538212820669628
8127.49338607753 71.001970137043003
8245.710499580537 70.504548897918824
8365.647120594791 70.073728738800128
8487.328259932974 69.722428073270734
8610.77929219841 69.462671933298225
8736.025961076528 69.302537578225923
8863.094384703289 69.253003544402631
8992.011061111683 69.317032160352142
9122.802873757471 69.449631929786676
9255.497097125279 69.491697220249534
9390.121402416245 69.242116945717584
9526.7038633184 68.719081649875875
9665.272961860968 68.316873868729317
9805.857594353829 68.285658190690569
9948.487077413367 68.397177733545789
10093.19115407597 68.314193995894158
10240.000000000457 68.044499999998948
10388.944229760706 67.572370848580192
10540.05490322983 66.617394034445141
10693.363532057198 65.267322209986133
10848.902086239672 64.259671173811142
11006.703000788428 64.193726163791055
11166.799182492743 64.795543204223975
11329.224016782166 65.689923162045304
11494.0113746885 66.631215120091667
11661.195619909053 67.241407987493261
11830.811615972614 67.369691705901985
12002.894733509682 67.018906889384112
12177.48085762842 66.818585101693984
12354.606395397908 66.802131889534763
12534.308283440243 67.177512168698016
12716.62399563306 68.281716605311942
12901.591550924093 69.887640377297785
13089.249521259411 71.630714838898143
13279.637039626952 73.071614071153320
13472.793808217073 73.984853978761677
13668.760106701786 74.314515700800257
13867.576800634426 74.196058004878651
14069.285349971487 73.698369243358485
14273.927817718419 72.919704653581420
14481.54687870117 71.250119499234870
14692.18582846533 68.840388320327918
14905.888592304698 67.552416718165574
15122.699734421185 66.911842787991503
15342.664467217943 66.364979623756682
15565.828660727671 65.740159077107307
15792.238852178061 65.120228513656727
16021.942255696367 64.491218581691243
16254.986772155136 64.656972326847111
16491.42099916115 65.509081280976787
16731.294241189662 66.589613266518683
16974.65651986603 67.483263471517702
17221.558584396902 67.249251998105336
17472.051922153143 65.685556125562357
17726.188769406665 64.191152688217613
17984.022122223458 62.277772092323957
18245.605747515034 60.707917301156328
18510.99419425065 58.974154428416263
18780.242804832582 57.060801659762802
19053.40772663689 55.626042071751243
19330.545923722028 54.480027570332339
19611.71518870775 53.299686245721531
19896.974154826825 52.680999999999997
20186.382308152035 52.680999999999997
