20 104.054499999999990
20.290906698750476 104.036560693779364
20.586044732869844 104.017407089339827
20.885475648548283 103.996516704601618
21.189261887185914 103.974287532314591
21.49746679841394 103.950324470436087
21.810154653305165 103.925712940804146
22.12739065777668 103.901127224022304
22.449240966187475 103.876224871842723
22.77577269513385 103.850938244183439
23.107053937445478 103.823900384985080
23.44315377638505 103.795093294068977
23.784142300054445 103.765157370870156
24.130090616010463 103.734725442363896
24.481070866093134 103.704608968337254
24.837156241469714 103.674570358445379
25.1984209978975 103.644134215178724
25.56494047120865 103.612567672688428
25.936791093020236 103.579688773184316
26.3140504066728 103.545925602162583
26.69679708340074 103.512526251556693
27.08511093873791 103.478957105452366
27.47907294916184 103.443185780166971
27.878765268980047 103.404123473102004
28.284271247461966 103.362151519016493
28.695675446220072 103.319736779931787
29.11306365684382 103.278711207227218
29.536522918790062 103.240176414390106
29.966141537533712 103.201081120084439
30.402009102982383 103.158282347902414
30.844216508158908 103.109955984607282
31.29285596815558 103.060767983423275
31.74802103936409 103.013449875024236
32.20980663898519 102.968068369296418
32.67830906482211 102.923560638841906
33.153626015361866 102.877791024479166
33.63585661014871 102.829642625764833
34.125101410453844 102.779614554723253
34.62146244024586 102.728610831094926
35.12504320746613 102.677370636045922
35.635948725613716 102.625905127438628
36.15428553564419 102.574380017506869
36.68016172818701 102.522303665453109
37.21368696608603 102.468203929459236
37.754972507267915 102.412592170901291
38.30413122794313 102.355566326065968
38.86127764614443 102.296360344778378
39.4265279456077 102.234536015994181
40.000000000000206 102.171499999999980
40.58181339750116 102.109439697398869
41.1720894657399 102.046953955939415
41.77095129709678 101.982622638470900
42.37852377437204 101.915035902947253
42.9949335968281 101.846644676833819
43.62030930661056 101.782535538905734
44.25478131555359 101.721399674226035
44.89848193237519 101.655159432632047
45.55154539026795 101.580219560920582
46.21410787489121 101.506124575113347
46.88630755277036 101.440615752565520
47.56828460010916 101.373878901875912
48.260181232021196 101.301620895405762
48.962141732186545 101.226164560652961
49.674312482939705 101.144625446660498
50.39684199579528 101.056634821305977
51.129880942417586 100.970506149305805
51.873582186040764 100.883903357680282
52.628100813345895 100.793395520901242
53.393594166801776 100.716036447325905
54.17022187747612 100.655291101994806
54.95814589832399 100.586994462027860
55.75753053796041 100.502868586957533
56.56854249492426 100.424762632961887
57.39135089244048 100.353213551373670
58.226127313687975 100.283779178336516
59.073045837580466 100.210731939160752
59.932283075067765 100.125237834030742
60.804018205965114 100.029138271979889
61.68843301631817 99.950887000952207
62.58571193631152 99.867277092153074
63.49604207872855 99.770171518615399
64.41961327797075 99.679364224899587
65.35661812964459 99.587167224155692
66.3072520307241 99.481238536773972
67.27171322029778 99.381464534580374
68.25020282090806 99.281477689700125
69.2429248804921 99.175314824152025
70.25008641493265 99.077616747373924
71.27189745122783 98.978674306151603
72.30857107128878 98.875105749478053
73.36032345637442 98.771327977818927
74.42737393217246 98.664835232850578
75.50994501453623 98.556642803921562
76.60826245588666 98.449243796755979
77.72255529228926 98.341158924138057
78.85305589121582 98.227805224748181
80.00000000000082 98.115499999999912
81.16362679500274 98.002530949562527
82.34417893148023 97.891623174223000
83.541902594194 97.787637022181769
84.75704754874454 97.678967005718533
85.98986719365665 97.567911729850238
87.24061861322157 97.460947605156008
88.50956263110764 97.358680801268434
89.79696386475084 97.248393428919684
91.10309078053635 97.128963847709997
92.42821574978288 97.011822521294079
93.77261510554118 96.896838499438019
95.13656920021877 96.767826324133651
96.52036246404286 96.683874795872399
97.92428346437356 96.648035236867287
99.34862496587989 96.605640694273404
100.79368399159105 96.535376503123558
102.25976188483567 96.464076984990456
103.74716437208203 96.392773926502940
105.25620162669229 96.311676524385916
106.78718833360406 96.231115791097380
108.34044375495276 96.157180031027124
109.9162917966485 96.085407792976184
111.51506107592134 96.011188181536284
113.13708498984903 95.937015404322835
114.78270178488147 95.855408184814195
116.45225462737648 95.758184836816170
118.14609167516147 95.667594437007864
119.86456615013608 95.592245882837020
121.60803641193078 95.520758560737605
123.3768660326369 95.436328807244962
125.17142387262359 95.343100230241447
126.99208415745765 95.254215932389542
128.83922655594208 95.171930937762312
130.71323625928977 95.096970549628409
132.61450406144883 95.019612585511325
134.5434264405962 94.939589236613770
136.50040564181674 94.858736410999143
138.48584976098482 94.793560119849701
140.50017282986593 94.728160156741723
142.5437949024563 94.651183725340815
144.61714214257822 94.585485735722656
146.7206469127495 94.520659945704764
148.8547478643456 94.469675992285957
151.01989002907314 94.421094793261545
153.216524911774 94.364583742329160
155.4451105845792 94.308597788308418
157.70611178243232 94.264985436254335
160.00000000000236 94.236999999999995
162.3272535900062 94.223036478459960
164.6883578629612 94.224626029435555
167.08380518838874 94.227083805188386
169.51409509748981 94.240390208623936
171.97973438731407 94.281510900236427
174.4812372264439 94.344200910223407
177.01912526221608 94.418573757866483
179.5939277295025 94.512988039267000
182.20618156107355 94.621159625565099
184.85643149956664 94.733412695581634
187.54523021108326 94.840336346569984
190.27313840043846 94.949942237775957
193.04072492808663 95.047329892828216
195.84856692874806 95.128393026761700
198.69724993176072 95.201649598253084
201.58736798318304 95.271509463613214
204.5195237696723 95.314130158464479
207.49432874416505 95.315034027535006
210.5124032533856 95.313562016266928
213.57437666720915 95.337924549172499
216.68088750990657 95.361936434446818
219.83258359329807 95.382037355661467
223.03012215184378 95.397771845490240
226.2741699796992 95.395298461730960
229.5654035697641 95.387014058337229
232.90450925475412 95.385999999999996
236.2921833503241 95.388865229187900
239.72913230027333 95.393161415375346
243.21607282386276 95.398135045514920
246.75373206527502 95.400346082540793
250.34284774524843 95.407228510344112
253.9841683149166 95.430897094046969
257.67845311188546 95.461347238173062
261.42647251858085 95.463999999999999
265.22900812289896 95.471715650384056
269.08685288119375 95.483572377400989
273.0008112836349 95.490378549365914
276.97169952197106 95.509208734691583
281.00034565973334 95.530201106111136
285.0875898049141 95.543297805336707
289.23428428515797 95.557396566569537
293.44129382550057 95.576862339744963
297.7094957286928 95.590731840175991
302.0397800581479 95.596764917521796
306.4330498235497 95.596283475088228
310.89022116916016 95.590164668246246
315.41222356486645 95.577474772810007
320.00000000000654 95.560499999999976
324.6545071800142 95.541416520561938
329.3767157259242 95.513739705644440
334.16761037677935 95.489161948116106
339.02819019498156 95.466067506083590
343.95946877463007 95.432991824822665
348.9624744528898 95.390233977369292
354.03825052443415 95.351924596224080
359.187855459007 95.314009869603353
364.4123631221491 95.274466040271662
369.71286299913527 95.235124813806408
375.0904604221685 95.193308623916295
380.54627680087896 95.151610598736141
386.08144985617537 95.109072836107444
391.6971338574982 95.065010070872205
397.3944998635236 95.017928401200990
403.1747359663683 94.967485621624803
409.0390475393468 94.917674603838776
414.9886574883323 94.869339794884027
421.0248065067734 94.823678181629703
427.1487533344206 94.784614358883630
433.3617750198154 94.756946529090698
439.6651671865984 94.728341580473710
446.06024430368984 94.696774083861172
452.54833995940066 94.679451660040598
459.13080713953053 94.678475288264110
465.8090185095106 94.691244473737655
472.58436670065066 94.721904197796249
479.45826460054917 94.749785478630457
486.432145647728 94.787308946710226
493.50746413055253 94.852820909240251
500.6856954904994 94.919028378777625
507.9683366298358 94.993675450455811
515.3569062237735 95.070543568936046
522.8529450371643 95.144816214112353
530.4580162458005 95.218793902304384
538.1737057623901 95.291001314089243
546.0016225672724 95.358513791821821
553.9433990439449 95.425290117232038
562.0006913194694 95.487304424444602
570.1751796098309 95.539673703385859
578.4685685703187 95.595239409421140
586.8825876510039 95.660560701208027
595.4189914573883 95.713949705151293
604.0795601162986 95.754828185479738
612.8660996471021 95.786988613126198
621.780442338323 95.815794278944594
630.8244471297356 95.841984004833520
640.0000000000159 95.858500000000021
649.3090143600314 95.870601718668041
658.7534314518515 95.885067818750372
668.3352207535618 95.897419025941957
678.0563803899662 95.908362018428960
687.9189375492632 95.923170300078823
697.9249489057827 95.939576165694547
708.0765010488715 95.954307101468430
718.3757109180171 95.976264135111450
728.8247262443015 96.005591706108476
739.425725998274 96.034920746495260
750.1809208443404 96.068610607849649
761.0925536017613 96.105437368405944
772.1628997123541 96.145633672025923
783.3942677149998 96.191191353112885
794.7889997270506 96.237938873896837
806.34947193274 96.287572623697329
818.0780950786972 96.343156702505837
829.9773149766683 96.405066667563091
842.0496130135506 96.473966411956866
854.2975066688449 96.550829107236837
866.7235500396347 96.637199925291156
879.3303343732008 96.733075708422916
892.1204886073838 96.840236202023505
905.0966799188055 96.951958864299698
918.2616142790653 97.064001227416782
931.6180370190256 97.171917056840130
945.1687334013056 97.270187647683855
958.9165292011028 97.357242219306713
972.8642912954606 97.434917887409995
987.0149282611097 97.505188303429264
1001.3713909810035 97.572808398512620
1015.9366732596762 97.639777474552517
1030.7138124475518 97.707288635919070
1045.7058900743334 97.776549668788263
1060.916032491606 97.848335887126922
1076.3474115247852 97.921467575318957
1092.0032451345498 97.996828421441393
1107.8867980878947 98.074799219147479
1124.0013826389438 98.154506913194723
1140.350359219667 98.236251796098344
1156.9371371406426 98.319501010118699
1173.765175302013 98.404325876510057
1190.837982914782 98.489689914573916
1208.1591202326028 98.576141378289265
1225.73219929421 98.662615072728741
1243.5608846766518 98.750019880641418
1261.648894259477 98.837026395970184
1280.0000000000375 98.924000000000177
1298.6180287200684 99.010706819467742
1317.5068629037087 99.098782255647436
1336.6704415071292 99.186350508857430
1356.112760779938 99.274410242529228
1375.8378750985323 99.362874491065924
1395.8498978115715 99.452428292706770
1416.153002097749 99.542611642633346
1436.7514218360407 99.633875041624492
1457.6494524886093 99.726463569049429
1478.8514519965543 99.820446388784831
1500.3618416886875 99.915106577097788
1522.1851072035295 100.012001875983657
1544.3257994247153 100.110306549445738
1566.788535430007 100.209369555892039
1589.5779994541087 100.309643197598078
1612.6989438654878 100.410613416376208
1636.156190157402 100.512864112889417
1659.9546299533442 100.616304908799378
1684.099226027109 100.720490640957649
1708.5950133376978 100.826802357885612
1733.4471000792773 100.934829356345659
1758.6606687464096 101.045106942484210
1784.2409772147755 101.158399577922196
1810.193359837619 101.275277853662800
1836.5232285581387 101.395506851367443
1863.2360740380593 101.519709547978877
1890.3374668026197 101.648313091316510
1917.833058402214 101.781525325002804
1945.7285825909298 101.920142912954645
1974.0298565222283 102.064532865393815
2002.7427819620161 102.214811022594887
2031.8733465193618 102.372365850740465
2061.4276248951132 102.536137461902143
2091.411780148677 102.707329502877201
2121.832064983222 102.887083993148508
2152.694823049581 103.076025273483637
2184.0064902691106 103.271641537722303
2215.7735961758003 103.477711394855902
2248.002765277899 103.691418803889718
2280.7007184393456 103.915369993153462
2313.874274281297 104.148238585301897
2347.530350604038 104.389510696859134
2381.6759658295764 104.638276449701650
2416.318240465218 104.891623155396090
2451.4643985884327 105.145507059872003
2487.1217693533167 105.396640208537889
2523.2977885189675 105.634314624164915
2560.0000000000887 105.851750000000493
2597.236057440151 106.037692300582663
2635.0137258074315 106.184543465056862
2673.340883014273 106.276931199802476
2712.225521559891 106.326039566529261
2751.6757501970797 106.327248637470433
2791.699795623158 106.294300204376839
2832.3060041955137 106.234310393287174
2873.502843672097 106.157819170472209
2915.2989049772345 106.067088606154186
2957.7029039931244 105.964318391538015
3000.723683377391 105.851446548416646
3044.370214407075 105.726962193685566
3088.6515988494466 105.592446898581102
3133.57707086003 105.449374519704904
3179.1559989082334 105.297744283679265
3225.3978877309914 105.139369329573469
3272.3123803148205 104.975014173685537
3319.9092599067053 104.806322127331200
3368.198452054235 104.634713510686922
3417.190026675413 104.461506806902804
3466.8942001585724 104.288883951454508
3517.3213374928373 104.117493159523775
3568.4819544295697 103.950412204458260
3620.386719675257 103.789747575367727
3673.0464571162966 103.637891778359034
3726.472148076138 103.497319629809652
3780.6749336052594 103.372329786080087
3835.6661168044484 103.259770973256110
3891.45716518188 103.170703363416393
3948.059713044477 103.096058753422597
4005.4855639240527 103.047757218037987
4063.746693038744 103.019937996044192
4122.855249790247 103.011856906223784
4182.823560297375 103.019867236377053
4243.664129966465 103.038553982775412
4305.389646099183 103.059886376134713
4368.012980538242 103.077937011152500
4431.5471923516225 103.084654719235161
4496.00553055582 103.078966021435150
4561.401436878714 103.057473526221258
4627.748548562617 103.020882302292108
4695.060701208099 102.969122639601096
4763.351931659176 102.903240649532364
4832.63648093046 102.821693480362484
4902.928797176889 102.721665981458187
4974.243538706657 102.605073807263352
5046.595577037959 102.467100068280573
5120.000000000202 102.312499999999545
5194.472114880326 102.142308187994672
5270.027451614888 101.960870758261308
5346.6817660285715 101.776255522569102
5424.451043119808 101.596167645529576
5503.351500394186 101.429510506337593
5583.399591246343 101.285343210209476
5664.612008391055 101.172504389091642
5747.005687344222 101.083959852953484
5830.597809954497 101.015346478280719
5915.405807986278 100.973583916635476
6001.447366754812 101.003571543667817
6088.740428814181 101.130983592252875
6177.303197698925 101.279685116318277
6267.154141720092 101.413721085022374
6358.3119978165005 101.523351637609068
6450.795775462017 101.528109400753067
6544.624760629676 101.315579052559997
6639.818519813445 100.849745139977159
6736.396904108505 100.247614915897032
6834.380053350861 99.746921026076194
6933.788400317181 99.537392492041235
7034.642674985712 99.627756712966288
7136.963908859177 99.901393425615140
7240.773439350552 100.238329146676307
7346.092914232631 100.571431065553710
7452.944296152315 100.878243764053536
7561.349867210557 101.149660939051387
7671.332233608935 101.385518402195601
7782.914330363799 101.584732153340809
7896.119426088994 101.742850768987523
8010.971127848146 101.850485563924082
8127.49338607753 101.905086462147054
8245.710499580537 101.906450505764383
8365.647120594791 101.853124405879328
8487.328259932974 101.754376576890863
8610.77929219841 101.617950135508465
8736.025961076528 101.455773743207629
8863.094384703289 101.281255157313410
8992.011061111683 101.101631254851043
9122.802873757471 100.932513861419920
9255.497097125279 100.792750321068524
9390.121402416245 100.686462942603896
9526.7038633184 100.534662552593403
9665.272961860968 100.325796896027953
9805.857594353829 100.154415993816230
9948.487077413367 99.956145154284499
10093.19115407597 99.651296522543760
10240.000000000457 99.310699999998945
10388.944229760706 98.934527159280407
10540.05490322983 98.493019873576429
10693.363532057198 97.996298532287824
10848.902086239672 97.443688690741993
11006.703000788428 96.872369197161646
11166.799182492743 96.335309785157392
11329.224016782166 95.888786955946813
11494.0113746885 95.527952298017539
11661.195619909053 95.297653205759559
11830.811615972614 95.126150208940714
12002.894733509682 95.015288969758188
12177.48085762842 94.913885528304377
12354.606395397908 94.818675145322544
12534.308283440243 94.737164958747130
12716.62399563306 94.708441599708863
12901.591550924093 94.821251651618439
13089.249521259411 95.019364851729577
13279.637039626952 95.420141970512560
13472.793808217073 96.091474740675665
13668.760106701786 97.061482136209406
13867.576800634426 98.327680950540909
14069.285349971487 99.744446343723681
14273.927817718419 101.129534779590827
14481.54687870117 101.932336731519030
14692.18582846533 101.711180602214370
14905.888592304698 101.385743345035365
15122.699734421185 101.683700641791631
15342.664467217943 102.337595381157684
15565.828660727671 102.700519358399475
15792.238852178061 102.602354419946636
16021.942255696367 101.427738809588050
16254.986772155136 98.805371830958364
16491.42099916115 94.840369844067510
16731.294241189662 89.902695557103073
16974.65651986603 84.274662017605024
17221.558584396902 78.223853363291539
17472.051922153143 71.967705011572662
17726.188769406665 65.634590131618808
17984.022122223458 59.194691298369136
18245.605747515034 53.599956017066972
18510.99419425065 51.611385556504800
18780.242804832582 54.571792498554849
19053.40772663689 59.837329148764127
19330.545923722028 62.477126417246737
19611.71518870775 62.835693964652734
19896.974154826825 62.062501153843769
20186.382308152035 61.739000000000004
