20 102.585000000000008
20.290906698750476 102.593242383939213
20.586044732869844 102.588255845711231
20.885475648548283 102.575153595815323
21.189261887185914 102.561965360004081
21.49746679841394 102.559096504223419
21.810154653305165 102.562830057082124
22.12739065777668 102.573299434699976
22.449240966187475 102.583156544027361
22.77577269513385 102.585615993943421
23.107053937445478 102.580502066466494
23.44315377638505 102.572182552021232
23.784142300054445 102.565237865499185
24.130090616010463 102.561783181583920
24.481070866093134 102.562631693504613
24.837156241469714 102.564457185662178
25.1984209978975 102.564255921257882
25.56494047120865 102.563087647791093
25.936791093020236 102.564209892613292
26.3140504066728 102.570161161692909
26.69679708340074 102.580157916147769
27.08511093873791 102.589085172028391
27.47907294916184 102.587860432723005
27.878765268980047 102.573258649723442
28.284271247461966 102.543052672718261
28.695675446220072 102.504932455377997
29.11306365684382 102.464663461854585
29.536522918790062 102.428918193628974
29.966141537533712 102.404429932360586
30.402009102982383 102.387939727111430
30.844216508158908 102.373591904923813
31.29285596815558 102.353875061671829
31.74802103936409 102.325638527244507
32.20980663898519 102.291844888798153
32.67830906482211 102.257018365462443
33.153626015361866 102.225436065093646
33.63585661014871 102.197527886441819
34.125101410453844 102.171119828066850
34.62146244024586 102.146048340427967
35.12504320746613 102.122123142078948
35.635948725613716 102.100154204798599
36.15428553564419 102.076014295539579
36.68016172818701 102.044208517298728
37.21368696608603 102.006328225407884
37.754972507267915 101.974526253564022
38.30413122794313 101.950647181566097
38.86127764614443 101.921888275822710
39.4265279456077 101.872428812795334
40.000000000000206 101.798499999999990
40.58181339750116 101.730621544030015
41.1720894657399 101.699418829230751
41.77095129709678 101.691814684497061
42.37852377437204 101.677036901302273
42.9949335968281 101.645128777280945
43.62030930661056 101.600844028295086
44.25478131555359 101.550221367071231
44.89848193237519 101.499867676466508
45.55154539026795 101.458143642668261
46.21410787489121 101.427806409672542
46.88630755277036 101.392341921154980
47.56828460010916 101.338756845480248
48.260181232021196 101.276245761670324
48.962141732186545 101.223337418073626
49.674312482939705 101.169683531228571
50.39684199579528 101.105540096061432
51.129880942417586 101.047293333996976
51.873582186040764 101.003753541232783
52.628100813345895 100.953322222993464
53.393594166801776 100.893996413943384
54.17022187747612 100.843988882570656
54.95814589832399 100.801974764986568
55.75753053796041 100.739716104448604
56.56854249492426 100.658234495538025
57.39135089244048 100.577865446019018
58.226127313687975 100.508058024385008
59.073045837580466 100.446889351698971
59.932283075067765 100.369128381706361
60.804018205965114 100.294224397698969
61.68843301631817 100.233040518062253
62.58571193631152 100.167330573979655
63.49604207872855 100.106485496315656
64.41961327797075 100.049644750209865
65.35661812964459 99.987180112795244
66.3072520307241 99.922143122064369
67.27171322029778 99.857306368816779
68.25020282090806 99.779608064454180
69.2429248804921 99.701574270088756
70.25008641493265 99.637994642274180
71.27189745122783 99.568796562822484
72.30857107128878 99.483314314296905
73.36032345637442 99.402417034597420
74.42737393217246 99.325588015985318
75.50994501453623 99.245891461156603
76.60826245588666 99.164694211095622
77.72255529228926 99.081465999630183
78.85305589121582 98.994998917784770
80.00000000000082 98.908499999999947
81.16362679500274 98.816379315093897
82.34417893148023 98.723285863588984
83.541902594194 98.630453100710923
84.75704754874454 98.532341166455438
85.98986719365665 98.432485535143257
87.24061861322157 98.333451177531742
88.50956263110764 98.239785990210635
89.79696386475084 98.143660031431949
91.10309078053635 98.042550628476448
92.42821574978288 97.942883806342110
93.77261510554118 97.834712094062994
95.13656920021877 97.729415860522693
96.52036246404286 97.621247604819004
97.92428346437356 97.515248009600612
99.34862496587989 97.412138423260487
100.79368399159105 97.313641064454089
102.25976188483567 97.224849207677622
103.74716437208203 97.117061155810504
105.25620162669229 96.997503944244556
106.78718833360406 96.883684004981319
108.34044375495276 96.784633670539478
109.9162917966485 96.692240472745397
111.51506107592134 96.588118868417155
113.13708498984903 96.485459157902170
114.78270178488147 96.377939289637624
116.45225462737648 96.270583670417409
118.14609167516147 96.168015438492887
119.86456615013608 96.068211651827994
121.60803641193078 95.987338600350341
123.3768660326369 95.906607062825771
125.17142387262359 95.824600230241444
126.99208415745765 95.724562024820500
128.83922655594208 95.615594473506576
130.71323625928977 95.532067183871661
132.61450406144883 95.443657431065816
134.5434264405962 95.339596005768414
136.50040564181674 95.207975661490991
138.48584976098482 95.097108460277667
140.50017282986593 95.007741617751506
142.5437949024563 94.908625947230860
144.61714214257822 94.787450043767080
146.7206469127495 94.673149843006826
148.8547478643456 94.566159253792790
151.01989002907314 94.464196992680073
153.216524911774 94.369915358334936
155.4451105845792 94.281846868875519
157.70611178243232 94.175081407253259
160.00000000000236 94.047999999999931
162.3272535900062 93.976786040145811
164.6883578629612 93.893594460078575
167.08380518838874 93.795813704163038
169.51409509748981 93.689476996690956
171.97973438731407 93.599105243321475
174.4812372264439 93.523544120433129
177.01912526221608 93.451560667605506
179.5939277295025 93.391514804405034
182.20618156107355 93.360438184389267
184.85643149956664 93.344775269902343
187.54523021108326 93.338921053298137
190.27313840043846 93.306134307997809
193.04072492808663 93.297162899712347
195.84856692874806 93.316710223616724
198.69724993176072 93.349556899426787
201.58736798318304 93.360235438669463
204.5195237696723 93.349110079650671
207.49432874416505 93.339496219162783
210.5124032533856 93.349574419520309
213.57437666720915 93.353383275831575
216.68088750990657 93.335579564001819
219.83258359329807 93.314671914846912
223.03012215184378 93.306682225158340
226.2741699796992 93.294266235091357
229.5654035697641 93.293137836308134
232.90450925475412 93.295920424378963
236.2921833503241 93.277280862487260
239.72913230027333 93.274703150774798
243.21607282386276 93.258095526644894
246.75373206527502 93.235100741575707
250.34284774524843 93.211428641910643
253.9841683149166 93.184118737638130
257.67845311188546 93.136639916184464
261.42647251858085 93.101233438267940
265.22900812289896 93.092095414709576
269.08685288119375 93.050733991415726
273.0008112836349 92.985620233708644
276.97169952197106 92.960469328704733
281.00034565973334 92.928997234722132
285.0875898049141 92.896430666268060
289.23428428515797 92.869477152146473
293.44129382550057 92.834904873100697
297.7094957286928 92.803346378617761
302.0397800581479 92.759698051693192
306.4330498235497 92.715468651235142
310.89022116916016 92.699829336492513
315.41222356486645 92.679573212689448
320.00000000000654 92.646999999999963
324.6545071800142 92.613952999021905
329.3767157259242 92.590491764515562
334.16761037677935 92.557076444249503
339.02819019498156 92.518774478440150
343.95946877463007 92.484075612332504
348.9624744528898 92.449262678829768
354.03825052443415 92.418981972010727
359.187855459007 92.389629223883674
364.4123631221491 92.348377386086156
369.71286299913527 92.307682241206578
375.0904604221685 92.274405545797180
380.54627680087896 92.238553038165662
386.08144985617537 92.202470575934854
391.6971338574982 92.173014330712505
397.3944998635236 92.148358700464016
403.1747359663683 92.122832636176568
409.0390475393468 92.108506507923224
414.9886574883323 92.137392246139157
421.0248065067734 92.165567884784750
427.1487533344206 92.169297506668840
433.3617750198154 92.183888510474475
439.6651671865984 92.216773182916569
446.06024430368984 92.272572320885047
452.54833995940066 92.338541407545279
459.13080713953053 92.419995550466723
465.8090185095106 92.514635277642654
472.58436670065066 92.612990952866440
479.45826460054917 92.719150681080265
486.432145647728 92.832687188622742
493.50746413055253 92.941471237424167
500.6856954904994 93.045942584612249
507.9683366298358 93.151540881132618
515.3569062237735 93.242961327797175
522.8529450371643 93.336288649510792
530.4580162458005 93.427309170580912
538.1737057623901 93.508547246485307
546.0016225672724 93.599517036956371
553.9433990439449 93.682662765080920
562.0006913194694 93.766507258854432
570.1751796098309 93.852304349981267
578.4685685703187 93.937726256274289
586.8825876510039 94.024046523422783
595.4189914573883 94.110460864146745
604.0795601162986 94.193725986061224
612.8660996471021 94.269471532815487
621.780442338323 94.348508298354787
630.8244471297356 94.418565018125719
640.0000000000159 94.480500000000092
649.3090143600314 94.532165029698177
658.7534314518515 94.584581544557778
668.3352207535618 94.631925820654772
678.0563803899662 94.678267806852347
687.9189375492632 94.719175750197053
697.9249489057827 94.755633568615536
708.0765010488715 94.793690703985718
718.3757109180171 94.826964703845846
728.8247262443015 94.859356651357331
739.425725998274 94.890805891694910
750.1809208443404 94.921520147427486
761.0925536017613 94.952891091605068
772.1628997123541 94.982861653071723
783.3942677149998 95.013099951540383
794.7889997270506 95.041058124374487
806.34947193274 95.068079995840264
818.0780950786972 95.095993919033816
829.9773149766683 95.127240509738584
842.0496130135506 95.164836177796303
854.2975066688449 95.210801591676187
866.7235500396347 95.268844450204270
879.3303343732008 95.336615939364577
892.1204886073838 95.416020525568243
905.0966799188055 95.503176759431639
918.2616142790653 95.596053793908737
931.6180370190256 95.690580799018534
945.1687334013056 95.785083739359038
958.9165292011028 95.880172660307636
972.8642912954606 95.973789322850564
987.0149282611097 96.066097033697218
1001.3713909810035 96.157502624082227
1015.9366732596762 96.247651262000062
1030.7138124475518 96.336655408176824
1045.7058900743334 96.423648940732946
1060.916032491606 96.509538178703821
1076.3474115247852 96.594320935951330
1092.0032451345498 96.679079638366844
1107.8867980878947 96.762501376085481
1124.0013826389438 96.843395763676980
1140.350359219667 96.924458001195887
1156.9371371406426 97.004451401418052
1173.765175302013 97.084274259228181
1190.837982914782 97.163521459606699
1208.1591202326028 97.243061818172961
1225.73219929421 97.320476011210488
1243.5608846766518 97.398097166932160
1261.648894259477 97.476090245315746
1280.0000000000375 97.555000000000163
1298.6180287200684 97.635589467174015
1317.5068629037087 97.717028824195580
1336.6704415071292 97.797932615367614
1356.112760779938 97.879673595275733
1375.8378750985323 97.961727181658915
1395.8498978115715 98.041607096355705
1416.153002097749 98.120458274777960
1436.7514218360407 98.199317831885153
1457.6494524886093 98.276232050859448
1478.8514519965543 98.351248994868143
1500.3618416886875 98.425194077572669
1522.1851072035295 98.497210853771648
1544.3257994247153 98.567956042170607
1566.788535430007 98.638716001250231
1589.5779994541087 98.709691798307745
1612.6989438654878 98.781366725983020
1636.156190157402 98.854084189487935
1659.9546299533442 98.928456630652562
1684.099226027109 99.005299507807280
1708.5950133376978 99.085035444281161
1733.4471000792773 99.168220140269540
1758.6606687464096 99.254985553987353
1784.2409772147755 99.345952337517488
1810.193359837619 99.441123165792689
1836.5232285581387 99.540979662234406
1863.2360740380593 99.645944296152237
1890.3374668026197 99.756497112562840
1917.833058402214 99.872825489961485
1945.7285825909298 99.994705763400091
1974.0298565222283 100.122114951480484
2002.7427819620161 100.256165353417671
2031.8733465193618 100.396304287712837
2061.4276248951132 100.543304680713334
2091.411780148677 100.696911845780562
2121.832064983222 100.856893150909400
2152.694823049581 101.025297582637052
2184.0064902691106 101.199236832277194
2215.7735961758003 101.380895347963047
2248.002765277899 101.567716315139592
2280.7007184393456 101.761347620021439
2313.874274281297 101.960208121497161
2347.530350604038 102.164727311194696
2381.6759658295764 102.374578139424756
2416.318240465218 102.588945061558775
2451.4643985884327 102.807884186195338
2487.1217693533167 103.030511058458231
2523.2977885189675 103.255737511174090
2560.0000000000887 103.482250000000533
2597.236057440151 103.708200893922907
2635.0137258074315 103.932330295973472
2673.340883014273 104.150417183842251
2712.225521559891 104.361665689626761
2751.6757501970797 104.560190910353001
2791.699795623158 104.744545327749506
2832.3060041955137 104.907993416362501
2873.502843672097 105.051033957567114
2915.2989049772345 105.169993459547186
2957.7029039931244 105.261592181750103
3000.723683377391 105.322970394195309
3044.370214407075 105.348791347627127
3088.6515988494466 105.341407345560896
3133.57707086003 105.305065222053969
3179.1559989082334 105.237726361845091
3225.3978877309914 105.146116689237203
3272.3123803148205 105.032149068362571
3319.9092599067053 104.899170405478031
3368.198452054235 104.751446937946994
3417.190026675413 104.592929111437627
3466.8942001585724 104.426897603464027
3517.3213374928373 104.256107452524347
3568.4819544295697 104.083824730838131
3620.386719675257 103.914466364235921
3673.0464571162966 103.750630164079951
3726.472148076138 103.594848542425297
3780.6749336052594 103.450278919306584
3835.6661168044484 103.314437914853897
3891.45716518188 103.193451562353857
3948.059713044477 103.079892700704519
4005.4855639240527 102.979860236819619
4063.746693038744 102.888536072651831
4122.855249790247 102.802431269048896
4182.823560297375 102.716865500993123
4243.664129966465 102.627777523977670
4305.389646099183 102.530799727009622
4368.012980538242 102.419076635031161
4431.5471923516225 102.288009387271643
4496.00553055582 102.137953577684556
4561.401436878714 101.968227487418375
4627.748548562617 101.785997777738743
4695.060701208099 101.601411871110145
4763.351931659176 101.426576670005176
4832.63648093046 101.274248875087949
4902.928797176889 101.162692563670049
4974.243538706657 101.091956337018118
5046.595577037959 101.075873667069459
5120.000000000202 101.102785714285844
5194.472114880326 101.172054642295222
5270.027451614888 101.271476446978625
5346.6817660285715 101.384606171118207
5424.451043119808 101.496913952916870
5503.351500394186 101.591186650433599
5583.399591246343 101.651898476645997
5664.612008391055 101.665261420293689
5747.005687344222 101.634771161042650
5830.597809954497 101.559528825158708
5915.405807986278 101.443424981223671
6001.447366754812 101.294659542743688
6088.740428814181 101.122769415834085
6177.303197698925 100.944478673124266
6267.154141720092 100.771585984274822
6358.3119978165005 100.613493643613694
6450.795775462017 100.476941618635522
6544.624760629676 100.369329601204953
6639.818519813445 100.295497999300750
6736.396904108505 100.256994510822096
6834.380053350861 100.252172708802902
6933.788400317181 100.279049490150669
7034.642674985712 100.340119487112787
7136.963908859177 100.434072826124947
7240.773439350552 100.546501056843397
7346.092914232631 100.678416827927549
7452.944296152315 100.801502916902422
7561.349867210557 100.861859964589485
7671.332233608935 100.854400494875989
7782.914330363799 100.775831589792091
7896.119426088994 100.614917862314599
8010.971127848146 100.369700789398621
8127.49338607753 100.061423331786969
8245.710499580537 99.713137528158882
8365.647120594791 99.346441892332876
8487.328259932974 98.983645627782465
8610.77929219841 98.644588009143490
8736.025961076528 98.345500230380821
8863.094384703289 98.097076662690114
8992.011061111683 97.905850259351013
9122.802873757471 97.776001540568117
9255.497097125279 97.707133150068699
9390.121402416245 97.688512140241613
9526.7038633184 97.704952038760837
9665.272961860968 97.729920310397205
9805.857594353829 97.732406523945571
9948.487077413367 97.682190656132434
10093.19115407597 97.550800367696695
10240.000000000457 97.331899999999209
10388.944229760706 97.010539610976565
10540.05490322983 96.588649334463852
10693.363532057198 96.117027297566878
10848.902086239672 95.609656052821890
11006.703000788428 95.098383844354501
11166.799182492743 94.622859478592162
11329.224016782166 94.217144448518468
11494.0113746885 93.868402392806601
11661.195619909053 93.598953361827128
11830.811615972614 93.370373446180167
12002.894733509682 93.204908910086843
12177.48085762842 93.097133614067204
12354.606395397908 93.112399622101094
12534.308283440243 93.243903928153941
12716.62399563306 93.563291029985152
12901.591550924093 94.147369040502184
13089.249521259411 94.873069220070320
13279.637039626952 95.837145830185960
13472.793808217073 97.055051168341606
13668.760106701786 98.382800194895381
13867.576800634426 99.488040988352139
14069.285349971487 99.846780457137754
14273.927817718419 99.456254414520686
14481.54687870117 98.365328650648792
14692.18582846533 97.102541312638721
14905.888592304698 96.054871997736512
15122.699734421185 95.346364219329786
15342.664467217943 95.033005724835206
15565.828660727671 95.102558075198402
15792.238852178061 95.421202438056667
16021.942255696367 95.578110660875438
16254.986772155136 94.838779446686971
16491.42099916115 93.240011203672310
16731.294241189662 90.785329072792720
16974.65651986603 88.038952621282192
17221.558584396902 85.631570581659233
17472.051922153143 83.851323344735846
17726.188769406665 82.790220860245526
17984.022122223458 82.305342834664600
18245.605747515034 82.039280001920361
18510.99419425065 81.675787881385389
18780.242804832582 81.231196493959260
19053.40772663689 80.938341372943455
19330.545923722028 80.896791420048714
19611.71518870775 81.018369695489127
19896.974154826825 81.103000000000009
20186.382308152035 81.103000000000009
