20 72.505499999999998
20.290906698750476 72.484651617094940
20.586044732869844 72.464930348040866
20.885475648548283 72.445919875591954
21.189261887185914 72.427162243082734
21.49746679841394 72.407542808462097
21.810154653305165 72.386738329810470
22.12739065777668 72.362149509055655
22.449240966187475 72.335814531825633
22.77577269513385 72.307806811285886
23.107053937445478 72.278543537337441
23.44315377638505 72.249331884567653
23.784142300054445 72.220117726620302
24.130090616010463 72.189574987115662
24.481070866093134 72.155666565225246
24.837156241469714 72.117955687485733
25.1984209978975 72.075441454004931
25.56494047120865 72.031413270077152
25.936791093020236 71.988110966480392
26.3140504066728 71.946524772381935
26.69679708340074 71.905844313534416
27.08511093873791 71.863329347409774
27.47907294916184 71.817011282378786
27.878765268980047 71.768351254549941
28.284271247461966 71.721093077789334
28.695675446220072 71.676736779931773
29.11306365684382 71.634580570658770
29.536522918790062 71.591263341420358
29.966141537533712 71.541427581646076
30.402009102982383 71.483728772001484
30.844216508158908 71.424391397397443
31.29285596815558 71.367116213861138
31.74802103936409 71.314221643591225
32.20980663898519 71.262711463072634
32.67830906482211 71.208924603156532
33.153626015361866 71.151257626125840
33.63585661014871 71.093784059663335
34.125101410453844 71.040489858954629
34.62146244024586 70.989882056453453
35.12504320746613 70.932619339821940
35.635948725613716 70.863379588609178
36.15428553564419 70.788980023759322
36.68016172818701 70.724983827181291
37.21368696608603 70.674195546984436
37.754972507267915 70.619131834674562
38.30413122794313 70.551380465808535
38.86127764614443 70.470227625555040
39.4265279456077 70.393918739741395
40.000000000000206 70.333999999999975
40.58181339750116 70.274848774083296
41.1720894657399 70.201488924337895
41.77095129709678 70.119494072462771
42.37852377437204 70.048143283207708
42.9949335968281 69.986568705532989
43.62030930661056 69.924469129493303
44.25478131555359 69.854681710293008
44.89848193237519 69.782836222005514
45.55154539026795 69.704341838671851
46.21410787489121 69.605754648261978
46.88630755277036 69.502697828367047
47.56828460010916 69.427732338373957
48.260181232021196 69.374185581438297
48.962141732186545 69.319339473172477
49.674312482939705 69.263183531228563
50.39684199579528 69.170517041959840
51.129880942417586 69.047948890658574
51.873582186040764 68.976494678878140
52.628100813345895 68.973781003484717
53.393594166801776 68.915754837901517
54.17022187747612 68.791706646087249
54.95814589832399 68.720655930054988
55.75753053796041 68.706621610444856
56.56854249492426 68.658163786663664
57.39135089244048 68.561557909886844
58.226127313687975 68.430384948094144
59.073045837580466 68.300209297434620
59.932283075067765 68.202685870979806
60.804018205965114 68.101049275403511
61.68843301631817 68.002137802996486
62.58571193631152 67.909098484883714
63.49604207872855 67.834781012410275
64.41961327797075 67.758926931953795
65.35661812964459 67.677110258406287
66.3072520307241 67.607531479803228
67.27171322029778 67.528247402377389
68.25020282090806 67.426482151760098
69.2429248804921 67.344709882768001
70.25008641493265 67.280369771896574
71.27189745122783 67.212976306450543
72.30857107128878 67.117280042516626
73.36032345637442 67.008876549412861
74.42737393217246 66.937498624967915
75.50994501453623 66.854492714403904
76.60826245588666 66.754210739649068
77.72255529228926 66.664123607662930
78.85305589121582 66.575313649560059
80.00000000000082 66.473999999999933
81.16362679500274 66.384303543644052
82.34417893148023 66.289085518798487
83.541902594194 66.204769179240074
84.75704754874454 66.112031322926654
85.98986719365665 66.008861078191885
87.24061861322157 65.900145938047331
88.50956263110764 65.796279615123225
89.79696386475084 65.699295388855447
91.10309078053635 65.607243074628698
92.42821574978288 65.524445091390163
93.77261510554118 65.433853945500417
95.13656920021877 65.345736787744599
96.52036246404286 65.254704817662770
97.92428346437356 65.156605710601823
99.34862496587989 65.062110890009251
100.79368399159105 64.977434748445688
102.25976188483567 64.896440318602757
103.74716437208203 64.804633853081924
105.25620162669229 64.707184768287675
106.78718833360406 64.615917453318175
108.34044375495276 64.506803464175562
109.9162917966485 64.407258035988036
111.51506107592134 64.333956259281607
113.13708498984903 64.244459157902170
114.78270178488147 64.152089267112828
116.45225462737648 64.068547286253562
118.14609167516147 63.990959666476719
119.86456615013608 63.919907301798062
121.60803641193078 63.857458824822459
123.3768660326369 63.824674815398993
125.17142387262359 63.802628609019010
126.99208415745765 63.796100701312142
128.83922655594208 63.819845857022941
130.71323625928977 63.854113463027012
132.61450406144883 63.892329203182889
134.5434264405962 63.929596815591623
136.50040564181674 63.969384228351331
138.48584976098482 64.015038931823398
140.50017282986593 64.062670699363537
142.5437949024563 64.110355214390637
144.61714214257822 64.144448561067378
146.7206469127495 64.170991892335536
148.8547478643456 64.194860327362051
151.01989002907314 64.205980109970923
153.216524911774 64.202350425264683
155.4451105845792 64.190056274880561
157.70611178243232 64.154331210272701
160.00000000000236 64.113499999999931
162.3272535900062 64.045544195171829
164.6883578629612 63.982289680845234
167.08380518838874 63.935241223495971
169.51409509748981 63.871508156289785
171.97973438731407 63.800983649645353
174.4812372264439 63.733695337221882
177.01912526221608 63.670733343601924
179.5939277295025 63.612514804405045
182.20618156107355 63.554522769344167
184.85643149956664 63.494744648109787
187.54523021108326 63.432923520976217
190.27313840043846 63.368108561429743
193.04072492808663 63.304104051582087
195.84856692874806 63.242501240953288
198.69724993176072 63.179921051514910
201.58736798318304 63.117400711022626
204.5195237696723 63.057616032529779
207.49432874416505 62.997866260744615
210.5124032533856 62.940532943065755
213.57437666720915 62.886948408323839
216.68088750990657 62.829568470127988
219.83258359329807 62.766515744540740
223.03012215184378 62.706942740190890
226.2741699796992 62.655645506964412
229.5654035697641 62.605236244668660
232.90450925475412 62.552027851923931
236.2921833503241 62.499263341420303
239.72913230027333 62.449427581646034
243.21607282386276 62.409136371894185
246.75373206527502 62.378624060937000
250.34284774524843 62.352200049337448
253.9841683149166 62.333083116346685
257.67845311188546 62.313228314523613
261.42647251858085 62.293939328342276
265.22900812289896 62.272112593523772
269.08685288119375 62.257138112995023
273.0008112836349 62.237994321014554
276.97169952197106 62.210683953107186
281.00034565973334 62.183197303854080
285.0875898049141 62.151281763599705
289.23428428515797 62.117278868861703
293.44129382550057 62.072801638536944
297.7094957286928 62.023257000828558
302.0397800581479 61.971777611809493
306.4330498235497 61.918086877205631
310.89022116916016 61.858968291862482
315.41222356486645 61.802053317221606
320.00000000000654 61.746999999999915
324.6545071800142 61.685095054505808
329.3767157259242 61.624915710280760
334.16761037677935 61.563654587177226
339.02819019498156 61.501841984523736
343.95946877463007 61.437235012174881
348.9624744528898 61.377931543791760
354.03825052443415 61.322790719388550
359.187855459007 61.260570592308312
364.4123631221491 61.203287714593003
369.71286299913527 61.159297096006924
375.0904604221685 61.112647087448124
380.54627680087896 61.061206533020282
386.08144985617537 61.017705416049921
391.6971338574982 60.992798606302188
397.3944998635236 60.976408250204713
403.1747359663683 60.979643155924329
409.0390475393468 60.998156190157388
414.9886574883323 61.024445177860272
421.0248065067734 61.061037875977924
427.1487533344206 61.109338780009786
433.3617750198154 61.168405008538095
439.6651671865984 61.234936100883068
446.06024430368984 61.305864496517742
452.54833995940066 61.380296241541224
459.13080713953053 61.454914166798957
465.8090185095106 61.530986294650248
472.58436670065066 61.608392762293150
479.45826460054917 61.679627303591090
486.432145647728 61.747491812782961
493.50746413055253 61.815750546973184
500.6856954904994 61.880499835541869
507.9683366298358 61.944222945511065
515.3569062237735 62.004457222996976
522.8529450371643 62.066963269075188
530.4580162458005 62.133650772227568
538.1737057623901 62.203811502950643
546.0016225672724 62.287091015276360
553.9433990439449 62.379662765080923
562.0006913194694 62.465107811910002
570.1751796098309 62.557365662844703
578.4685685703187 62.645690255273891
586.8825876510039 62.733578911570440
595.4189914573883 62.817209469272321
604.0795601162986 62.898235931075760
612.8660996471021 62.977599739731474
621.780442338323 63.051712173326344
630.8244471297356 63.117941351056260
640.0000000000159 63.178500000000085
649.3090143600314 63.230165029698171
658.7534314518515 63.278204828831846
668.3352207535618 63.323675537541746
678.0563803899662 63.370573444891335
687.9189375492632 63.420386581501241
697.9249489057827 63.470624744528919
708.0765010488715 63.520171030087027
718.3757109180171 63.571797340135987
728.8247262443015 63.625888576470366
739.425725998274 63.682427634090757
750.1809208443404 63.739495064643869
761.0925536017613 63.799509044809682
772.1628997123541 63.862741232966954
783.3942677149998 63.929042749839425
794.7889997270506 63.996951123373670
806.34947193274 64.067155076918567
818.0780950786972 64.140104980685678
829.9773149766683 64.215661112156937
842.0496130135506 64.293316282961385
854.2975066688449 64.371933793347495
866.7235500396347 64.453611450265242
879.3303343732008 64.537147173425808
892.1204886073838 64.621232574428973
905.0966799188055 64.708752036105068
918.2616142790653 64.799849637316612
931.6180370190256 64.893335338903881
945.1687334013056 64.992265500509788
958.9165292011028 65.096117013108369
972.8642912954606 65.201817899430992
987.0149282611097 65.312270975587168
1001.3713909810035 65.427108266946135
1015.9366732596762 65.545087053403378
1030.7138124475518 65.665041912502502
1045.7058900743334 65.791573593113256
1060.916032491606 65.916858794349224
1076.3474115247852 66.041093688220727
1092.0032451345498 66.169463359665940
1107.8867980878947 66.295555299535181
1124.0013826389438 66.419788416416324
1140.350359219667 66.545813215586577
1156.9371371406426 66.673816839593542
1173.765175302013 66.801849138221471
1190.837982914782 66.931118562854309
1208.1591202326028 67.062347624618283
1225.73219929421 67.193899647221969
1243.5608846766518 67.323853006849333
1261.648894259477 67.453095445717608
1280.0000000000375 67.582500000000266
1298.6180287200684 67.709102595296457
1317.5068629037087 67.837045295164472
1336.6704415071292 67.964775197060078
1356.112760779938 68.094955497225584
1375.8378750985323 68.227509710037623
1395.8498978115715 68.358524335775215
1416.153002097749 68.489417646828855
1436.7514218360407 68.621540314204751
1457.6494524886093 68.754038561628462
1478.8514519965543 68.884799218300500
1500.3618416886875 69.006598681794387
1522.1851072035295 69.133173621780472
1544.3257994247153 69.259657056720869
1566.788535430007 69.389709276202638
1589.5779994541087 69.515054957095856
1612.6989438654878 69.640090212382873
1636.156190157402 69.768412798259419
1659.9546299533442 69.899745927738735
1684.099226027109 70.035865588354525
1708.5950133376978 70.171709770156284
1733.4471000792773 70.304121166432850
1758.6606687464096 70.441960464730329
1784.2409772147755 70.581216457415508
1810.193359837619 70.724102151074433
1836.5232285581387 70.870264505071617
1863.2360740380593 71.008680370190291
1890.3374668026197 71.148788574053896
1917.833058402214 71.293801887195656
1945.7285825909298 71.437630342865560
1974.0298565222283 71.584935851046026
2002.7427819620161 71.736531057679287
2031.8733465193618 71.880179397944872
2061.4276248951132 72.024971568237817
2091.411780148677 72.171229485375363
2121.832064983222 72.315973300547398
2152.694823049581 72.458713556604309
2184.0064902691106 72.604130991035007
2215.7735961758003 72.740834005372449
2248.002765277899 72.864310646319922
2280.7007184393456 72.988592658225571
2313.874274281297 73.108559959984547
2347.530350604038 73.220804949422856
2381.6759658295764 73.324444099197251
2416.318240465218 73.425550926674703
2451.4643985884327 73.516246251629880
2487.1217693533167 73.591033822013415
2523.2977885189675 73.655644796977654
2560.0000000000887 73.715000000000117
2597.236057440151 73.763459663184165
2635.0137258074315 73.801511895699775
2673.340883014273 73.830546857072306
2712.225521559891 73.854224036857943
2751.6757501970797 73.875129768853469
2791.699795623158 73.882669979562323
2832.3060041955137 73.887376720503454
2873.502843672097 73.886914687196068
2915.2989049772345 73.877421470859787
2957.7029039931244 73.855798473525994
3000.723683377391 73.818167764115998
3044.370214407075 73.766954536736876
3088.6515988494466 73.703755746711437
3133.57707086003 73.638697387410218
3179.1559989082334 73.556021762227203
3225.3978877309914 73.465244013311121
3272.3123803148205 73.376552725008139
3319.9092599067053 73.287070591375397
3368.198452054235 73.197378817261296
3417.190026675413 73.108042251184003
3466.8942001585724 73.019279859730432
3517.3213374928373 72.935459073386397
3568.4819544295697 72.855407429267061
3620.386719675257 72.781608866012419
3673.0464571162966 72.714270070319969
3726.472148076138 72.642703714174161
3780.6749336052594 72.576257573034212
3835.6661168044484 72.517490544363596
3891.45716518188 72.463652122206767
3948.059713044477 72.411294765433851
4005.4855639240527 72.369748687958861
4063.746693038744 72.325283206618735
4122.855249790247 72.290382025118859
4182.823560297375 72.256628556426989
4243.664129966465 72.227077422587712
4305.389646099183 72.200459400407851
4368.012980538242 72.179162339820593
4431.5471923516225 72.157837728281947
4496.00553055582 72.126997234722097
4561.401436878714 72.100195108743975
4627.748548562617 72.072013153146827
4695.060701208099 72.041399955144755
4763.351931659176 72.008537921349145
4832.63648093046 71.973187218771997
4902.928797176889 71.937889161552718
4974.243538706657 71.897524602421115
5046.595577037959 71.858037322055083
5120.000000000202 71.818499999999887
5194.472114880326 71.777222678852397
5270.027451614888 71.733608872176262
5346.6817660285715 71.688574462458206
5424.451043119808 71.646774478440094
5503.351500394186 71.616470221299039
5583.399591246343 71.566224038682265
5664.612008391055 71.527039896433791
5747.005687344222 71.500483606600682
5830.597809954497 71.485205164253415
5915.405807986278 71.481771667918423
6001.447366754812 71.491916117942012
6088.740428814181 71.518495624600774
6177.303197698925 71.563662009982181
6267.154141720092 71.629402166919078
6358.3119978165005 71.712187957914750
6450.795775462017 71.810669120658631
6544.624760629676 71.924842817409129
6639.818519813445 72.045574057167741
6736.396904108505 72.162356439724789
6834.380053350861 72.265582546681998
6933.788400317181 72.337360070134793
7034.642674985712 72.359264318502568
7136.963908859177 72.312938745216655
7240.773439350552 72.184277418710565
7346.092914232631 71.953248446435140
7452.944296152315 71.604547218313400
7561.349867210557 71.193047386792642
7671.332233608935 70.739163855443422
7782.914330363799 70.235049460133496
7896.119426088994 69.700828247598935
8010.971127848146 69.151844273048312
8127.49338607753 68.603742216886531
8245.710499580537 68.055396682714900
8365.647120594791 67.519535923500158
8487.328259932974 67.387078234292730
8610.77929219841 67.599635423628499
8736.025961076528 67.519377933084954
8863.094384703289 67.384054639581521
8992.011061111683 67.522425205593208
9122.802873757471 67.576535933047893
9255.497097125279 67.742729666619041
9390.121402416245 67.891098076939855
9526.7038633184 68.163208907307961
9665.272961860968 68.551283956638429
9805.857594353829 69.005408104183971
9948.487077413367 69.468092842561873
10093.19115407597 69.846324751816752
10240.000000000457 70.041200000000316
10388.944229760706 69.957842762408148
10540.05490322983 69.517047544340002
10693.363532057198 68.817667504093635
10848.902086239672 67.925515968421195
11006.703000788428 66.958609992028641
11166.799182492743 66.013471869800895
11329.224016782166 65.180046338917421
11494.0113746885 64.427300046159672
11661.195619909053 63.777099680215649
11830.811615972614 63.188501832325258
12002.894733509682 62.691446365900880
12177.48085762842 62.259231048895344
12354.606395397908 61.933021482470863
12534.308283440243 61.680577355614957
12716.62399563306 61.519417762954959
12901.591550924093 61.441085251157801
13089.249521259411 61.400604746128323
13279.637039626952 61.401445555944044
13472.793808217073 61.454804996985281
13668.760106701786 61.572883287495458
13867.576800634426 61.758720146734348
14069.285349971487 62.030593424034528
14273.927817718419 62.380873114661355
14481.54687870117 62.853042899341261
14692.18582846533 63.402333100520750
14905.888592304698 63.757155169996111
15122.699734421185 63.556063500065761
15342.664467217943 62.536821560866017
15565.828660727671 60.724032944153137
15792.238852178061 58.476259834949687
16021.942255696367 56.190789515264314
16254.986772155136 54.069200372385389
16491.42099916115 52.632626009096853
16731.294241189662 51.371293707060445
16974.65651986603 50.125505183484591
17221.558584396902 49.072986937402504
17472.051922153143 48.230610733780750
17726.188769406665 47.579456606949094
17984.022122223458 47.122662392220121
18245.605747515034 46.873472404246407
18510.99419425065 46.919689186872489
18780.242804832582 47.396575859828502
19053.40772663689 48.557589244228190
19330.545923722028 50.258281695061399
19611.71518870775 51.351414416814634
19896.974154826825 51.459000000000003
20186.382308152035 51.459000000000003
