20 105.162999999999997
20.290906698750476 105.136818309840152
20.586044732869844 105.110732711154128
20.885475648548283 105.083807191630655
21.189261887185914 105.055984415393240
21.49746679841394 105.026618797199660
21.810154653305165 104.996484439747292
22.12739065777668 104.964442457577888
22.449240966187475 104.931493851791430
22.77577269513385 104.898170232070271
23.107053937445478 104.863937722923040
23.44315377638505 104.829684570079593
23.784142300054445 104.795355592119478
24.130090616010463 104.760490895035275
24.481070866093134 104.724713887823398
24.837156241469714 104.687827244472274
25.1984209978975 104.649917768973381
25.56494047120865 104.611387383330566
25.936791093020236 104.572807891309708
26.3140504066728 104.533714855359989
26.69679708340074 104.493590309888674
27.08511093873791 104.451946381815446
27.47907294916184 104.408104327230120
27.878765268980047 104.361745080894849
28.284271247461966 104.313387450304560
28.695675446220072 104.264801648238475
29.11306365684382 104.216949934090337
29.536522918790062 104.170092047689451
29.966141537533712 104.124122855483890
30.402009102982383 104.076275650914795
30.844216508158908 104.026595444935538
31.29285596815558 103.975321563662106
31.74802103936409 103.923473622551853
32.20980663898519 103.871291849794673
32.67830906482211 103.818172766610274
33.153626015361866 103.764140260264114
33.63585661014871 103.710191629493792
34.125101410453844 103.657239250491898
34.62146244024586 103.604624981333941
35.12504320746613 103.551120376801123
35.635948725613716 103.496453486359343
36.15428553564419 103.441300018757374
36.68016172818701 103.386083018540361
37.21368696608603 103.329849181594881
37.754972507267915 103.271270941308273
38.30413122794313 103.210545674926266
38.86127764614443 103.149360344778387
39.4265279456077 103.087536015994175
40.000000000000206 103.025499999999965
40.58181339750116 102.963924543512945
41.1720894657399 102.901453955939417
41.77095129709678 102.837598431971116
42.37852377437204 102.772515291295434
42.9949335968281 102.707944245144560
43.62030930661056 102.643234767143070
44.25478131555359 102.577936963347398
44.89848193237519 102.511074833960365
45.55154539026795 102.442403651337116
46.21410787489121 102.370507017430739
46.88630755277036 102.299992454809143
47.56828460010916 102.232720324388708
48.260181232021196 102.163620895405757
48.962141732186545 102.089849748666751
49.674312482939705 102.019354788579818
50.39684199579528 101.954776281963262
51.129880942417586 101.887690000995448
51.873582186040764 101.818644495325657
52.628100813345895 101.757660036582450
53.393594166801776 101.697036447325914
54.17022187747612 101.625977765141300
54.95814589832399 101.547512722219665
55.75753053796041 101.469140802099872
56.56854249492426 101.389498564249962
57.39135089244048 101.313343823250122
58.226127313687975 101.242683687591281
59.073045837580466 101.173498920455330
59.932283075067765 101.097026806318965
60.804018205965114 101.025207172555156
61.68843301631817 100.960502138784733
62.58571193631152 100.887544902702899
63.49604207872855 100.795931413418586
64.41961327797075 100.697989639008000
65.35661812964459 100.611040404017359
66.3072520307241 100.539070601757146
67.27171322029778 100.465947802715277
68.25020282090806 100.384482963043723
69.2429248804921 100.301823084680137
70.25008641493265 100.220368043597915
71.27189745122783 100.139063896255465
72.30857107128878 100.059394313046411
73.36032345637442 99.978214608674620
74.42737393217246 99.895946955087055
75.50994501453623 99.811991819227245
76.60826245588666 99.721640491519310
77.72255529228926 99.628465999630180
78.85305589121582 99.542021023211376
80.00000000000082 99.455999999999932
81.16362679500274 99.362424777963810
82.34417893148023 99.265765311924170
83.541902594194 99.168045061446350
84.75704754874454 99.076019018515666
85.98986719365665 98.991183797387663
87.24061861322157 98.902555702540980
88.50956263110764 98.812903929327632
89.79696386475084 98.732655919097198
91.10309078053635 98.644621941551534
92.42821574978288 98.549190541499058
93.77261510554118 98.466174871219124
95.13656920021877 98.390692019550073
96.52036246404286 98.306038813304696
97.92428346437356 98.219706236455664
99.34862496587989 98.135954158097292
100.79368399159105 98.056699309776207
102.25976188483567 97.977966350295645
103.74716437208203 97.890535449418493
105.25620162669229 97.794382080134284
106.78718833360406 97.695070362204532
108.34044375495276 97.594711599683023
109.9162917966485 97.488932177147731
111.51506107592134 97.378752907289808
113.13708498984903 97.270010316767838
114.78270178488147 97.158848748488296
116.45225462737648 97.040361687539530
118.14609167516147 96.918324061679783
119.86456615013608 96.792743138061695
121.60803641193078 96.669157438377027
123.3768660326369 96.542668855901525
125.17142387262359 96.413686024406843
126.99208415745765 96.296146894447560
128.83922655594208 96.176374030592044
130.71323625928977 96.045461067029606
132.61450406144883 95.900420780792217
134.5434264405962 95.731510344753517
136.50040564181674 95.552716940191942
138.48584976098482 95.404628500227560
140.50017282986593 95.307827745167671
142.5437949024563 95.241750631487236
144.61714214257822 95.222957144643544
146.7206469127495 95.253659903194588
148.8547478643456 95.346304426559186
151.01989002907314 95.500618498511926
153.216524911774 95.687255042765472
155.4451105845792 95.872758753559879
157.70611178243232 96.072591282775392
160.00000000000236 96.279500000000141
162.3272535900062 96.414946158938363
164.6883578629612 96.492401422179199
167.08380518838874 96.544092864805464
169.51409509748981 96.585933978618328
171.97973438731407 96.615381131382989
174.4812372264439 96.624169979562311
177.01912526221608 96.611673773269374
179.5939277295025 96.583791652791874
182.20618156107355 96.553408293891550
184.85643149956664 96.512297096006932
187.54523021108326 96.454977797229517
190.27313840043846 96.392944678389483
193.04072492808663 96.324792281956036
195.84856692874806 96.246212705523305
198.69724993176072 96.157730202238241
201.58736798318304 96.056796507283281
204.5195237696723 95.948271112598889
207.49432874416505 95.836464562512418
210.5124032533856 95.723541079624738
213.57437666720915 95.613396816647679
216.68088750990657 95.509360490295606
219.83258359329807 95.406399179116136
223.03012215184378 95.302142264796089
226.2741699796992 95.199242673969422
229.5654035697641 95.101248161953578
232.90450925475412 95.003785146736334
236.2921833503241 94.906282343272139
239.72913230027333 94.809618154054817
243.21607282386276 94.711355097476584
246.75373206527502 94.618933749794692
250.34284774524843 94.530400222018500
253.9841683149166 94.444374023560101
257.67845311188546 94.361234804982587
261.42647251858085 94.281187458980156
265.22900812289896 94.209778618002900
269.08685288119375 94.147211682262281
273.0008112836349 94.092115366006837
276.97169952197106 94.047511779421768
281.00034565973334 94.009896681666561
285.0875898049141 93.970589066028893
289.23428428515797 93.927463443434362
293.44129382550057 93.879236862241640
297.7094957286928 93.823879908516915
302.0397800581479 93.762158271635045
306.4330498235497 93.696504252646747
310.89022116916016 93.629160404816446
315.41222356486645 93.560610534744569
320.00000000000654 93.489499999999907
324.6545071800142 93.416424237273787
329.3767157259242 93.343598577820757
334.16761037677935 93.269818800197612
339.02819019498156 93.194965870997294
343.95946877463007 93.117440393360852
348.9624744528898 93.037996656199056
354.03825052443415 92.959310941923718
359.187855459007 92.884613666936204
364.4123631221491 92.809461971041046
369.71286299913527 92.729835768713059
375.0904604221685 92.646143093667476
380.54627680087896 92.564305847986816
386.08144985617537 92.484543412042314
391.6971338574982 92.405446555128933
397.3944998635236 92.325955901883390
403.1747359663683 92.248463871106679
409.0390475393468 92.171739128026871
414.9886574883323 92.095392726605155
421.0248065067734 92.023146840387369
427.1487533344206 91.957228717767265
433.3617750198154 91.900515356086515
439.6651671865984 91.852605306032842
446.06024430368984 91.813370465506864
452.54833995940066 91.787629150101509
459.13080713953053 91.783270345916947
465.8090185095106 91.800053492247173
472.58436670065066 91.841745476433218
479.45826460054917 91.908677805548976
486.432145647728 91.997277180809093
493.50746413055253 92.110978701554714
500.6856954904994 92.259985276122265
507.9683366298358 92.429761847683039
515.3569062237735 92.607336309655295
522.8529450371643 92.780518463910084
530.4580162458005 92.940145056639494
538.1737057623901 93.085552258396277
546.0016225672724 93.219808893818168
553.9433990439449 93.326148614841912
562.0006913194694 93.407605910781456
570.1751796098309 93.477199980327342
578.4685685703187 93.534009694706683
586.8825876510039 93.580289455785220
595.4189914573883 93.618988814548160
604.0795601162986 93.652023487899783
612.8660996471021 93.680445877487529
621.780442338323 93.706372692395206
630.8244471297356 93.731514563745691
640.0000000000159 93.759500000000060
649.3090143600314 93.790219747388107
658.7534314518515 93.823137010081481
668.3352207535618 93.858340316788173
678.0563803899662 93.889474779208911
687.9189375492632 93.900251362529559
697.9249489057827 93.890405071531916
708.0765010488715 93.902441526940407
718.3757109180171 93.953322766686796
728.8247262443015 94.013683412216949
739.425725998274 94.066214771091637
750.1809208443404 94.112178453166280
761.0925536017613 94.153097076006603
772.1628997123541 94.194415433542247
783.3942677149998 94.240514209563457
794.7889997270506 94.295076498589765
806.34947193274 94.360625954257500
818.0780950786972 94.435208936674456
829.9773149766683 94.515841204836676
842.0496130135506 94.602372097601631
854.2975066688449 94.695305676683546
866.7235500396347 94.791516675306411
879.3303343732008 94.889709641548279
892.1204886073838 94.992888006580557
905.0966799188055 95.100184694320006
918.2616142790653 95.211223721372050
931.6180370190256 95.326280553973788
945.1687334013056 95.446817297836802
958.9165292011028 95.574092461260335
972.8642912954606 95.709135768809489
987.0149282611097 95.850611395236527
1001.3713909810035 95.999719596529431
1015.9366732596762 96.156397073182404
1030.7138124475518 96.320581376638359
1045.7058900743334 96.490564426790016
1060.916032491606 96.665095442486262
1076.3474115247852 96.843585059970025
1092.0032451345498 97.024349514815952
1107.8867980878947 97.205226478488811
1124.0013826389438 97.385070610957385
1140.350359219667 97.562276703440659
1156.9371371406426 97.734002020237398
1173.765175302013 97.902879488825505
1190.837982914782 98.060875537226480
1208.1591202326028 98.216852521977131
1225.73219929421 98.363084632482526
1243.5608846766518 98.503848906445810
1261.648894259477 98.636372038668227
1280.0000000000375 98.763500000000249
1298.6180287200684 98.881591496453012
1317.5068629037087 99.000541177422249
1336.6704415071292 99.112188560741345
1356.112760779938 99.221328641348151
1375.8378750985323 99.328524525532075
1395.8498978115715 99.434211963510748
1416.153002097749 99.538918744101778
1436.7514218360407 99.644263465817900
1457.6494524886093 99.749900251492818
1478.8514519965543 99.856103201902911
1500.3618416886875 99.962801971609665
1522.1851072035295 100.071481833873577
1544.3257994247153 100.181742481135075
1566.788535430007 100.293942677150028
1589.5779994541087 100.408181557259624
1612.6989438654878 100.524756655959365
1636.156190157402 100.643896569802763
1659.9546299533442 100.765268612762043
1684.099226027109 100.888770021779337
1708.5950133376978 101.014678368555764
1733.4471000792773 101.142587036409083
1758.6606687464096 101.272689050731472
1784.2409772147755 101.404498622883949
1810.193359837619 101.538097736762111
1836.5232285581387 101.673729394788836
1863.2360740380593 101.810768699074856
1890.3374668026197 101.949834579365472
1917.833058402214 102.090448597851292
1945.7285825909298 102.232715771213748
1974.0298565222283 102.375610476872041
2002.7427819620161 102.519668196777388
2031.8733465193618 102.664679397944866
2061.4276248951132 102.809423980741300
2091.411780148677 102.954753015044503
2121.832064983222 103.100110705421145
2152.694823049581 103.244054871316195
2184.0064902691106 103.388129368467730
2215.7735961758003 103.530100993125728
2248.002765277899 103.671011752431070
2280.7007184393456 103.808907981523276
2313.874274281297 103.944497097125179
2347.530350604038 104.076199677315486
2381.6759658295764 104.202846325705082
2416.318240465218 104.326069900279421
2451.4643985884327 104.442990990430047
2487.1217693533167 104.554936033705062
2523.2977885189675 104.659525030209593
2560.0000000000887 104.757750000000229
2597.236057440151 104.848858382830343
2635.0137258074315 104.933028824195617
2673.340883014273 105.008555916689431
2712.225521559891 105.078524237370488
2751.6757501970797 105.140305519050543
2791.699795623158 105.195398476645977
2832.3060041955137 105.244298024908744
2873.502843672097 105.288267815235372
2915.2989049772345 105.327351080180875
2957.7029039931244 105.362200148954912
3000.723683377391 105.393961348153084
3044.370214407075 105.421549291737449
3088.6515988494466 105.446758379367196
3133.57707086003 105.470288535430015
3179.1559989082334 105.492494879475942
3225.3978877309914 105.514183028356257
3272.3123803148205 105.535986818747972
3319.9092599067053 105.558954629953348
3368.198452054235 105.583827164109280
3417.190026675413 105.611314016005252
3466.8942001585724 105.642488056107823
3517.3213374928373 105.677991003119615
3568.4819544295697 105.717840022176546
3620.386719675257 105.762348047707732
3673.0464571162966 105.811124598831640
3726.472148076138 105.864001591037663
3780.6749336052594 105.919551360279684
3835.6661168044484 105.975666116804462
3891.45716518188 106.028909126816529
3948.059713044477 106.078790122120438
4005.4855639240527 106.117605642863921
4063.746693038744 106.144124448839790
4122.855249790247 106.152905156293698
4182.823560297375 106.139144517518872
4243.664129966465 106.099163571736312
4305.389646099183 106.030378746217622
4368.012980538242 105.926377933084979
4431.5471923516225 105.782320703196291
4496.00553055582 105.601050674142755
4561.401436878714 105.373138568989702
4627.748548562617 105.104873246516135
4695.060701208099 104.792266188210704
4763.351931659176 104.442850488695797
4832.63648093046 104.059587505031260
4902.928797176889 103.645251188468052
4974.243538706657 103.208333971551056
5046.595577037959 102.752118085808959
5120.000000000202 102.283428571427280
5194.472114880326 101.810825676253941
5270.027451614888 101.351398648173628
5346.6817660285715 100.907289216750186
5424.451043119808 100.468756651078223
5503.351500394186 100.035877569288701
5583.399591246343 99.622558332088943
5664.612008391055 99.239815581275280
5747.005687344222 98.885891937819181
5830.597809954497 98.563754676109482
5915.405807986278 98.274513663160974
6001.447366754812 98.018345398944092
6088.740428814181 97.801270509683903
6177.303197698925 97.620854244141938
6267.154141720092 97.476510634663128
6358.3119978165005 97.370313322216248
6450.795775462017 97.299554365741272
6544.624760629676 97.266421904921287
6639.818519813445 97.270251000349631
6736.396904108505 97.309430049588357
6834.380053350861 97.382332950950072
6933.788400317181 97.487066558394901
7034.642674985712 97.621117585728712
7136.963908859177 97.780229727794818
7240.773439350552 97.956445784469963
7346.092914232631 98.136244702197331
7452.944296152315 98.300651457574759
7561.349867210557 98.422214880489506
7671.332233608935 98.478751201686805
7782.914330363799 98.453611166889360
7896.119426088994 98.331067119126459
8010.971127848146 98.097232285632771
8127.49338607753 97.759379706542475
8245.710499580537 97.331524691902757
8365.647120594791 96.835619652913948
8487.328259932974 96.310463672540720
8610.77929219841 95.794381196224123
8736.025961076528 95.339199047517397
8863.094384703289 94.991656152933643
8992.011061111683 94.781521970387956
9122.802873757471 94.719728952339807
9255.497097125279 94.780214817918989
9390.121402416245 94.895603192053812
9526.7038633184 95.005244850185363
9665.272961860968 95.077323156322166
9805.857594353829 95.118460540278932
9948.487077413367 95.158399751449565
10093.19115407597 95.245272091196469
10240.000000000457 95.415600000000637
10388.944229760706 95.701759832888456
10540.05490322983 96.143116450214734
10693.363532057198 96.742452882034144
10848.902086239672 97.499153459479899
11006.703000788428 98.360369910660268
11166.799182492743 99.210041492444674
11329.224016782166 99.818707923446325
11494.0113746885 100.064132346152988
11661.195619909053 99.591740213905069
11830.811615972614 98.738482672323528
12002.894733509682 97.478966623581059
12177.48085762842 96.133320799227022
12354.606395397908 94.812517005451184
12534.308283440243 93.604152932426558
12716.62399563306 92.599041141267008
12901.591550924093 91.865294682876282
13089.249521259411 91.259963687137500
13279.637039626952 90.865351885664452
13472.793808217073 90.710586417945350
13668.760106701786 90.777808017638719
13867.576800634426 91.077588757455999
14069.285349971487 91.640165306560220
14273.927817718419 92.404163852815429
14481.54687870117 93.306660407039686
14692.18582846533 94.026172578847962
14905.888592304698 94.178092520370001
15122.699734421185 93.555470695493455
15342.664467217943 92.181508539386996
15565.828660727671 90.299877810413079
15792.238852178061 88.239193024450287
16021.942255696367 86.233518017001245
16254.986772155136 84.441510875043491
16491.42099916115 82.995952011128736
16731.294241189662 81.569149618851029
16974.65651986603 80.094334924413204
17221.558584396902 78.641723578265356
17472.051922153143 77.221294847523353
17726.188769406665 75.799557156555551
17984.022122223458 74.330701726348508
18245.605747515034 72.785513974710994
18510.99419425065 71.163517635689516
18780.242804832582 69.536999447312965
19053.40772663689 68.353966523013398
19330.545923722028 68.838020425816183
19611.71518870775 70.845508776431302
19896.974154826825 71.839500000000001
20186.382308152035 71.839500000000001
