20 65.533500000000004
20.290906698750476 65.582984129168892
20.586044732869844 65.632507330804756
20.885475648548283 65.681574320085673
21.189261887185914 65.729038687879751
21.49746679841394 65.774567111593058
21.810154653305165 65.819521953939216
22.12739065777668 65.864553988419459
22.449240966187475 65.909032055135029
22.77577269513385 65.952469762196699
23.107053937445478 65.993006019804184
23.44315377638505 66.030515332542791
23.784142300054445 66.064514188878263
24.130090616010463 66.099009939362958
24.481070866093134 66.137508957792676
24.837156241469714 66.182521856493679
25.1984209978975 66.233057930228398
25.56494047120865 66.283491808708561
25.936791093020236 66.329973886627528
26.3140504066728 66.369004408938736
26.69679708340074 66.402482251420167
27.08511093873791 66.434009714178828
27.47907294916184 66.468507112543278
27.878765268980047 66.507477113725557
28.284271247461966 66.547024359602176
28.695675446220072 66.583970853179949
29.11306365684382 66.616504504021975
29.536522918790062 66.646466244254015
29.966141537533712 66.677510875016921
30.402009102982383 66.711000700229420
30.844216508158908 66.745015430425582
31.29285596815558 66.776989734924229
31.74802103936409 66.806501297882846
32.20980663898519 66.834988071885448
32.67830906482211 66.865520128171198
33.153626015361866 66.896475643857599
33.63585661014871 66.927490777831139
34.125101410453844 66.956005929240234
34.62146244024586 66.985028902515367
35.12504320746613 67.016502874860748
35.635948725613716 67.050496588397010
36.15428553564419 67.085517642411475
36.68016172818701 67.118008328698778
37.21368696608603 67.145483879339622
37.754972507267915 67.166998907405286
38.30413122794313 67.185504947552616
38.86127764614443 67.206513980415394
39.4265279456077 67.234976230476718
40.000000000000206 67.272000000000020
40.58181339750116 67.302990060691656
41.1720894657399 67.321501792301973
41.77095129709678 67.333499024315785
42.37852377437204 67.350486684480799
42.9949335968281 67.375497305066077
43.62030930661056 67.400509498391983
44.25478131555359 67.419993284493387
44.89848193237519 67.436010316595201
45.55154539026795 67.449990268293192
46.21410787489121 67.472005859276081
46.88630755277036 67.508516459935663
47.56828460010916 67.545008636708516
48.260181232021196 67.566004646974903
48.962141732186545 67.584004677958404
49.674312482939705 67.607504105930758
50.39684199579528 67.616997923872830
51.129880942417586 67.616000162425081
51.873582186040764 67.627493541854122
52.628100813345895 67.639000855465724
53.393594166801776 67.645496556245718
54.17022187747612 67.671002956489218
54.95814589832399 67.681494711185763
55.75753053796041 67.652517017998932
56.56854249492426 67.649501692373889
57.39135089244048 67.695012606914034
58.226127313687975 67.725002555292434
59.073045837580466 67.742001067231215
59.932283075067765 67.762001460823171
60.804018205965114 67.766500041189971
61.68843301631817 67.768505786409605
62.58571193631152 67.780496150596591
63.49604207872855 67.784499339673630
64.41961327797075 67.770006068689852
65.35661812964459 67.765501833955824
66.3072520307241 67.806509663354191
67.27171322029778 67.843489004301574
68.25020282090806 67.877005310517234
69.2429248804921 67.902998033124675
70.25008641493265 67.924005665166817
71.27189745122783 67.990993277135289
72.30857107128878 68.013490693446471
73.36032345637442 68.109532133435522
74.42737393217246 68.215506905487956
75.50994501453623 68.235498984571308
76.60826245588666 68.275005413888252
77.72255529228926 68.297990826657099
78.85305589121582 68.308999658902778
80.00000000000082 68.301999999999992
81.16362679500274 68.294002564982804
82.34417893148023 68.290499626603761
83.541902594194 68.288000203267543
84.75704754874454 68.272499768619255
85.98986719365665 68.266500646259573
87.24061861322157 68.254003810819128
88.50956263110764 68.252500516984512
89.79696386475084 68.250000070192797
91.10309078053635 68.246499280607068
92.42821574978288 68.235998476116777
93.77261510554118 68.226502718585408
95.13656920021877 68.224500631671233
96.52036246404286 68.208496385686175
97.92428346437356 68.194499104849342
99.34862496587989 68.190001184318277
100.79368399159105 68.161506232691806
102.25976188483567 68.138503735776794
103.74716437208203 68.121497113412744
105.25620162669229 68.094997300230446
106.78718833360406 68.074496543781265
108.34044375495276 68.045989441109953
109.9162917966485 68.008492883008572
111.51506107592134 67.969498531466755
113.13708498984903 67.930498218621011
114.78270178488147 67.896006250559907
116.45225462737648 67.853993461457577
118.14609167516147 67.810498266758145
119.86456615013608 67.778008202513433
121.60803641193078 67.740499011999617
123.3768660326369 67.692503635066942
125.17142387262359 67.658994529924954
126.99208415745765 67.635499065929679
128.83922655594208 67.614997461219431
130.71323625928977 67.593992174376837
132.61450406144883 67.531016426986710
134.5434264405962 67.447982349673836
136.50040564181674 67.366984068448289
138.48584976098482 67.289005900625980
140.50017282986593 67.219497167416577
142.5437949024563 67.186003361432341
144.61714214257822 67.193004729078169
146.7206469127495 67.262988252800596
148.8547478643456 67.442478791776011
151.01989002907314 67.740984837726714
153.216524911774 68.167907663781278
155.4451105845792 68.603517118355910
157.70611178243232 68.953514228626958
160.00000000000236 69.245500000000249
162.3272535900062 69.485020461201259
164.6883578629612 69.675527183246629
167.08380518838874 69.857485202123016
169.51409509748981 70.063507307775467
171.97973438731407 70.252979588968373
174.4812372264439 70.424514955173777
177.01912526221608 70.584505861785260
179.5939277295025 70.704996618021383
182.20618156107355 70.782501370272257
184.85643149956664 70.802495587118599
187.54523021108326 70.774995105482844
190.27313840043846 70.716996549989062
193.04072492808663 70.648006856922706
195.84856692874806 70.619004472601972
198.69724993176072 70.601497405552664
201.58736798318304 70.571494291430326
204.5195237696723 70.526007387821309
207.49432874416505 70.467993627722450
210.5124032533856 70.409492164083460
213.57437666720915 70.349992665475980
216.68088750990657 70.289502190425054
219.83258359329807 70.227508190740963
223.03012215184378 70.165497740718052
226.2741699796992 70.105497185082470
229.5654035697641 70.050993716877912
232.90450925475412 69.999007640345141
236.2921833503241 69.948997519409346
239.72913230027333 69.902498406477918
243.21607282386276 69.860499176666337
246.75373206527502 69.820503029222436
250.34284774524843 69.780501696904452
253.9841683149166 69.740498109077151
257.67845311188546 69.698994861991679
261.42647251858085 69.656494284550433
265.22900812289896 69.610499901042971
269.08685288119375 69.563501792271609
273.0008112836349 69.516002290247144
276.97169952197106 69.470503442898604
281.00034565973334 69.419995518599350
285.0875898049141 69.367005318086981
289.23428428515797 69.314496452348280
293.44129382550057 69.261996317717433
297.7094957286928 69.208506319633386
302.0397800581479 69.155002717526344
306.4330498235497 69.103499457832129
310.89022116916016 69.054997750158918
315.41222356486645 69.008997685411686
320.00000000000654 68.961499999999916
324.6545071800142 68.910505399316719
329.3767157259242 68.858003160607581
334.16761037677935 68.802004554143252
339.02819019498156 68.742497705008844
343.95946877463007 68.682994096981474
348.9624744528898 68.619993924460630
354.03825052443415 68.554996740750084
359.187855459007 68.488001880436215
364.4123631221491 68.420495170701457
369.71286299913527 68.350001822026229
375.0904604221685 68.274993881853504
380.54627680087896 68.202496799411705
386.08144985617537 68.138495354049468
391.6971338574982 68.080498919367329
397.3944998635236 68.034504037605814
403.1747359663683 68.010001119173694
409.0390475393468 68.017000315597343
414.9886574883323 68.056497726183039
421.0248065067734 68.130497627816638
427.1487533344206 68.239495609642688
433.3617750198154 68.383494785587231
439.6651671865984 68.562004967232781
446.06024430368984 68.752007493285191
452.54833995940066 68.951009863625330
459.13080713953053 69.141994404321792
465.8090185095106 69.311500385216377
472.58436670065066 69.452505894736959
479.45826460054917 69.563003338808187
486.432145647728 69.651001492503212
493.50746413055253 69.723503685115134
500.6856954904994 69.780497582248003
507.9683366298358 69.820001548980173
515.3569062237735 69.853999568494828
522.8529450371643 69.879999809360498
530.4580162458005 69.901000034740250
538.1737057623901 69.917499370798254
546.0016225672724 69.933499228548328
553.9433990439449 69.965001584686803
562.0006913194694 69.996998774165178
570.1751796098309 70.035500920354210
578.4685685703187 70.077997789274008
586.8825876510039 70.117998039700524
595.4189914573883 70.150999966974439
604.0795601162986 70.174998781063522
612.8660996471021 70.189999955285117
621.780442338323 70.185999461994527
630.8244471297356 70.174999025436506
640.0000000000159 70.154999999999944
649.3090143600314 70.128499961986364
658.7534314518515 70.103498964371482
668.3352207535618 70.080499489048947
678.0563803899662 70.057999170801551
687.9189375492632 70.036500136134123
697.9249489057827 70.017000099573977
708.0765010488715 69.998999221671653
718.3757109180171 69.983000449059389
728.8247262443015 69.968000392988372
739.425725998274 69.954000361854938
750.1809208443404 69.942500084638780
761.0925536017613 69.929500531816075
772.1628997123541 69.915000131361410
783.3942677149998 69.898999635841818
794.7889997270506 69.883500000371271
806.34947193274 69.866999436690406
818.0780950786972 69.852999904114256
829.9773149766683 69.840999791285242
842.0496130135506 69.833000256431006
854.2975066688449 69.828499898070973
866.7235500396347 69.826000090520722
879.3303343732008 69.825500065358327
892.1204886073838 69.828000150607181
905.0966799188055 69.831999901338918
918.2616142790653 69.839499780257725
931.6180370190256 69.852000046441105
945.1687334013056 69.868999665546625
958.9165292011028 69.889999280857083
972.8642912954606 69.913000586666712
987.0149282611097 69.941499855518458
1001.3713909810035 69.977500939471042
1015.9366732596762 70.012499214890056
1030.7138124475518 70.048499543081263
1045.7058900743334 70.085999725039187
1060.916032491606 70.123500080013031
1076.3474115247852 70.161500919990260
1092.0032451345498 70.196500617311898
1107.8867980878947 70.236499491533351
1124.0013826389438 70.280501006390267
1140.350359219667 70.323500942066417
1156.9371371406426 70.367000370804561
1173.765175302013 70.412500497987907
1190.837982914782 70.460999951465283
1208.1591202326028 70.510500359199426
1225.73219929421 70.563000609206028
1243.5608846766518 70.617499647477558
1261.648894259477 70.672999675552916
1280.0000000000375 70.730500000000120
1298.6180287200684 70.787000085906286
1317.5068629037087 70.843499589923212
1336.6704415071292 70.899501237573361
1356.112760779938 70.953999329450525
1375.8378750985323 71.002499692891192
1395.8498978115715 71.053499739575756
1416.153002097749 71.098500004379218
1436.7514218360407 71.141500948717294
1457.6494524886093 71.188500843000668
1478.8514519965543 71.228000819481451
1500.3618416886875 71.266999712977494
1522.1851072035295 71.305000176727731
1544.3257994247153 71.341499669346561
1566.788535430007 71.377999245122879
1589.5779994541087 71.417499999053817
1612.6989438654878 71.461999891960289
1636.156190157402 71.511500419482473
1659.9546299533442 71.563999183686320
1684.099226027109 71.618000493649987
1708.5950133376978 71.671500026834252
1733.4471000792773 71.721500182582957
1758.6606687464096 71.767499395666476
1784.2409772147755 71.809499962588774
1810.193359837619 71.846500464659286
1836.5232285581387 71.880500260959963
1863.2360740380593 71.911000072393492
1890.3374668026197 71.937499478646203
1917.833058402214 71.963000049198882
1945.7285825909298 71.986499648368465
1974.0298565222283 72.009999880861898
2002.7427819620161 72.031999832938538
2031.8733465193618 72.053000216904351
2061.4276248951132 72.071499765202489
2091.411780148677 72.086999886349531
2121.832064983222 72.097500007369376
2152.694823049581 72.100999979933050
2184.0064902691106 72.095000097674543
2215.7735961758003 72.076500235173214
2248.002765277899 72.046500218488404
2280.7007184393456 72.005000357354191
2313.874274281297 71.949999445830514
2347.530350604038 71.881999193978302
2381.6759658295764 71.803500078556155
2416.318240465218 71.715499346599103
2451.4643985884327 71.619998837478335
2487.1217693533167 71.516000672703328
2523.2977885189675 71.406500640125302
2560.0000000000887 71.291499999999701
2597.236057440151 71.170499800058764
2635.0137258074315 71.039000954426456
2673.340883014273 70.901500419692056
2712.225521559891 70.762501710252664
2751.6757501970797 70.626500861171024
2791.699795623158 70.501500638294658
2832.3060041955137 70.391999990121491
2873.502843672097 70.295000368080366
2915.2989049772345 70.220000170511710
2957.7029039931244 70.164500125657526
3000.723683377391 70.119000334867366
3044.370214407075 70.088999912846589
3088.6515988494466 70.071000163061967
3133.57707086003 70.070000017101307
3179.1559989082334 70.080999999736520
3225.3978877309914 70.105999939303558
3272.3123803148205 70.143500387530082
3319.9092599067053 70.192000314865538
3368.198452054235 70.250500599761708
3417.190026675413 70.315500036226268
3466.8942001585724 70.383000250064242
3517.3213374928373 70.446000326535739
3568.4819544295697 70.495499955909054
3620.386719675257 70.522499854180367
3673.0464571162966 70.515499666313488
3726.472148076138 70.476499803304577
3780.6749336052594 70.404500088194780
3835.6661168044484 70.320499868102729
3891.45716518188 70.257499981031359
3948.059713044477 70.251000032952504
4005.4855639240527 70.326499426675483
4063.746693038744 70.492999122757084
4122.855249790247 70.739501266258159
4182.823560297375 71.043497771021720
4243.664129966465 71.372000694827676
4305.389646099183 71.701998107972827
4368.012980538242 72.019999901173065
4431.5471923516225 72.303000678891593
4496.00553055582 72.530501330527159
4561.401436878714 72.694500579449681
4627.748548562617 72.782499401240585
4695.060701208099 72.798499928977435
4763.351931659176 72.734000064547047
4832.63648093046 72.594001048852363
4902.928797176889 72.388500592957229
4974.243538706657 72.136501630034672
5046.595577037959 71.853001657310642
5120.000000000202 71.555499999999185
5194.472114880326 71.255499554497575
5270.027451614888 70.962498362155912
5346.6817660285715 70.684500848529865
5424.451043119808 70.429999874850310
5503.351500394186 70.201001450041588
5583.399591246343 70.001998784207714
5664.612008391055 69.834999986607954
5747.005687344222 69.703500498995510
5830.597809954497 69.612500206887518
5915.405807986278 69.562500113204948
6001.447366754812 69.558000165956201
6088.740428814181 69.597500406720542
6177.303197698925 69.681500278337623
6267.154141720092 69.808000235531637
6358.3119978165005 69.959499996371136
6450.795775462017 70.108999637035282
6544.624760629676 70.274499577787367
6639.818519813445 70.511501512415521
6736.396904108505 70.792499721000326
6834.380053350861 71.058000106262710
6933.788400317181 71.255998805568936
7034.642674985712 71.335999742190268
7136.963908859177 71.257500069922642
7240.773439350552 70.995498131133246
7346.092914232631 70.547500364828920
7452.944296152315 69.937998011190487
7561.349867210557 69.210000891746915
7671.332233608935 68.416498310473727
7782.914330363799 67.609504842999513
7896.119426088994 66.827503964475127
8010.971127848146 66.088499247868171
8127.49338607753 65.402997960501636
8245.710499580537 64.778502643522600
8365.647120594791 64.215499490092782
8487.328259932974 63.700998987227635
8610.77929219841 63.219998918665027
8736.025961076528 62.756500144043606
8863.094384703289 62.305002186264673
8992.011061111683 61.879499825484636
9122.802873757471 61.506000360508168
9255.497097125279 61.208999856430275
9390.121402416245 61.009999748090252
9526.7038633184 60.924500085561718
9665.272961860968 60.963999989128226
9805.857594353829 61.133501187624205
9948.487077413367 61.418500191521900
10093.19115407597 61.776500417700788
10240.000000000457 62.174500000001586
10388.944229760706 62.690501052929889
10540.05490322983 63.382999556529015
10693.363532057198 64.205002936698222
10848.902086239672 65.063500432288649
11006.703000788428 65.854500003343887
11166.799182492743 66.533500658400783
11329.224016782166 67.119500053924781
11494.0113746885 67.648997990736945
11661.195619909053 68.100501107391608
11830.811615972614 68.403499313982095
12002.894733509682 68.533499798680054
12177.48085762842 68.563000481770203
12354.606395397908 68.662500776700782
12534.308283440243 69.015498592424194
12716.62399563306 69.700999983580402
12901.591550924093 70.650997693535572
13089.249521259411 71.557497687397586
13279.637039626952 71.923499894243065
13472.793808217073 71.408000511832853
13668.760106701786 70.117499154723632
13867.576800634426 68.542501579345725
14069.285349971487 67.159498200915721
14273.927817718419 66.107500937047547
14481.54687870117 65.180500541588273
14692.18582846533 63.976000980889154
14905.888592304698 62.175503434932537
15122.699734421185 59.747002974748298
15342.664467217943 56.935994095005015
15565.828660727671 54.115504287937632
15792.238852178061 51.618001630605058
16021.942255696367 49.645498520422954
16254.986772155136 48.296997816805785
16491.42099916115 47.628502829775371
16731.294241189662 47.294001058151849
16974.65651986603 46.668997137507986
17221.558584396902 45.309502288398335
17472.051922153143 43.315008582103985
17726.188769406665 41.063502042925407
17984.022122223458 38.961493116522661
18245.605747515034 37.356996707304845
18510.99419425065 36.187999205676675
18780.242804832582 35.086997190690390
19053.40772663689 34.133500954188015
19330.545923722028 33.730501565063101
19611.71518870775 33.321498957099607
19896.974154826825 31.745004670880981
20186.382308152035 31.745000000000001
