20 98.904500000000013
20.290906698750476 98.960257303118169
20.586044732869844 99.016825249382549
20.885475648548283 99.071837202233866
21.189261887185914 99.125602763060300
21.49746679841394 99.176229225325244
21.810154653305165 99.224997951372757
22.12739065777668 99.271312407055390
22.449240966187475 99.317721984300874
22.77577269513385 99.365613218997026
23.107053937445478 99.414379720320142
23.44315377638505 99.463280192387245
23.784142300054445 99.509898854757211
24.130090616010463 99.554110925957673
24.481070866093134 99.593738789578452
24.837156241469714 99.630715569865544
25.1984209978975 99.666346047295008
25.56494047120865 99.701669383938281
25.936791093020236 99.736653205338342
26.3140504066728 99.770884314859359
26.69679708340074 99.803235759380556
27.08511093873791 99.834191791330596
27.47907294916184 99.863581607704702
27.878765268980047 99.892362025414826
28.284271247461966 99.919477631085030
28.695675446220072 99.944457824988319
29.11306365684382 99.967153182842196
29.536522918790062 99.988289623020705
29.966141537533712 100.009340935339154
30.402009102982383 100.032113848789521
30.844216508158908 100.056751602942541
31.29285596815558 100.079178518567005
31.74802103936409 100.094948547023478
32.20980663898519 100.103388259750858
32.67830906482211 100.107069854388925
33.153626015361866 100.111304390230430
33.63585661014871 100.119760558643577
34.125101410453844 100.131502433850898
34.62146244024586 100.142321936603693
35.12504320746613 100.147874956792535
35.635948725613716 100.145596717841414
36.15428553564419 100.137877145894038
36.68016172818701 100.130738867902693
37.21368696608603 100.129782121796524
37.754972507267915 100.131864245918607
38.30413122794313 100.131250437264683
38.86127764614443 100.126298403940325
39.4265279456077 100.125591840182793
40.000000000000206 100.138000000000005
40.58181339750116 100.152545383422137
41.1720894657399 100.150139556973514
41.77095129709678 100.138105162494355
42.37852377437204 100.132954454694996
42.9949335968281 100.136124460388430
43.62030930661056 100.140468724700440
44.25478131555359 100.142585084351452
44.89848193237519 100.147154013283171
45.55154539026795 100.156457270166015
46.21410787489121 100.168664580755660
46.88630755277036 100.174883511218042
47.56828460010916 100.169231859238167
48.260181232021196 100.156537116287666
48.962141732186545 100.145942380859793
49.674312482939705 100.137714071689075
50.39684199579528 100.132519734425955
51.129880942417586 100.119867926242989
51.873582186040764 100.081281908185730
52.628100813345895 100.028335663760402
53.393594166801776 99.995620100147590
54.17022187747612 99.985884443722369
54.95814589832399 99.972219122301482
55.75753053796041 99.941259595827489
56.56854249492426 99.893260466582461
57.39135089244048 99.838388139314048
58.226127313687975 99.786711207227199
59.073045837580466 99.748176414390088
59.932283075067765 99.709081120084420
60.804018205965114 99.669850715420267
61.68843301631817 99.637674043489255
62.58571193631152 99.606759030717683
63.49604207872855 99.573398422047688
64.41961327797075 99.540442955187984
65.35661812964459 99.509588219851366
66.3072520307241 99.485466601646664
67.27171322029778 99.473152588475230
68.25020282090806 99.447989047670973
69.2429248804921 99.395596680855874
70.25008641493265 99.346996024913096
71.27189745122783 99.297409691456863
72.30857107128878 99.240954304292984
73.36032345637442 99.183020269161162
74.42737393217246 99.119425998900084
75.50994501453623 99.068651879870941
76.60826245588666 99.040731404488582
77.72255529228926 99.037550281516673
78.85305589121582 99.064785283752030
80.00000000000082 99.125000000000057
81.16362679500274 99.199181393634916
82.34417893148023 99.266630205799174
83.541902594194 99.337613280546293
84.75704754874454 99.396465881920193
85.98986719365665 99.432246741708269
87.24061861322157 99.457511907919098
88.50956263110764 99.475493624912588
89.79696386475084 99.474635357423494
91.10309078053635 99.457493974618330
92.42821574978288 99.427656555797569
93.77261510554118 99.380969107875217
95.13656920021877 99.329504585920930
96.52036246404286 99.285258709863285
97.92428346437356 99.247861608009785
99.34862496587989 99.215970195735849
100.79368399159105 99.175366673599612
102.25976188483567 99.129700635531705
103.74716437208203 99.090722513718902
105.25620162669229 99.062051613239078
106.78718833360406 99.036117798328718
108.34044375495276 99.011953639512342
109.9162917966485 98.989041947414165
111.51506107592134 98.965274073469644
113.13708498984903 98.940943753579347
114.78270178488147 98.913393269420709
116.45225462737648 98.874183759766652
118.14609167516147 98.829398192119072
119.86456615013608 98.781148679360541
121.60803641193078 98.733499009681836
123.3768660326369 98.692184397540416
125.17142387262359 98.655400098674903
126.99208415745765 98.614705811906106
128.83922655594208 98.561285081685867
130.71323625928977 98.500513624163034
132.61450406144883 98.440411252141161
134.5434264405962 98.381653780341523
136.50040564181674 98.319986613820049
138.48584976098482 98.254709882767997
140.50017282986593 98.188910934476112
142.5437949024563 98.121130802401865
144.61714214257822 98.047782882867182
146.7206469127495 97.967927158550424
148.8547478643456 97.891125723893651
151.01989002907314 97.815395892970812
153.216524911774 97.737491713140855
155.4451105845792 97.658866240124297
157.70611178243232 97.582610534744603
160.00000000000236 97.511499999999927
162.3272535900062 97.443078744453828
164.6883578629612 97.378476666127455
167.08380518838874 97.324156285855452
169.51409509748981 97.269078631777234
171.97973438731407 97.214841790356559
174.4812372264439 97.171403956931613
177.01912526221608 97.136347546538758
179.5939277295025 97.106966794975477
182.20618156107355 97.082644365950344
184.85643149956664 97.059734689103720
187.54523021108326 97.035511513720309
190.27313840043846 97.005176062393858
193.04072492808663 96.964915821208137
195.84856692874806 96.917065222054035
198.69724993176072 96.865252251296539
201.58736798318304 96.807694395014209
204.5195237696723 96.742284683489487
207.49432874416505 96.670139890977268
210.5124032533856 96.594937851456464
213.57437666720915 96.515779018318952
216.68088750990657 96.432786259110003
219.83258359329807 96.348936534777607
223.03012215184378 96.264959293514096
226.2741699796992 96.179992552197859
229.5654035697641 96.094299507186136
232.90450925475412 96.007482759376387
236.2921833503241 95.919549324566731
239.72913230027333 95.831907126343026
243.21607282386276 95.742098179403428
246.75373206527502 95.653656698368124
250.34284774524843 95.565557374273254
253.9841683149166 95.475889855245185
257.67845311188546 95.383998478841846
261.42647251858085 95.292051423294765
265.22900812289896 95.200503805050431
269.08685288119375 95.107915530851358
273.0008112836349 95.014355833424133
276.97169952197106 94.920907986114173
281.00034565973334 94.827692118958083
285.0875898049141 94.734459157545501
289.23428428515797 94.637841176155817
293.44129382550057 94.540161983248396
297.7094957286928 94.441952547812932
302.0397800581479 94.342840031169871
306.4330498235497 94.244067395577986
310.89022116916016 94.147860244863054
315.41222356486645 94.050637193355371
320.00000000000654 93.951999999999870
324.6545071800142 93.857978954963698
329.3767157259242 93.766967058062249
334.16761037677935 93.674148358690474
339.02819019498156 93.579853110217357
343.95946877463007 93.485770093282028
348.9624744528898 93.394279212402694
354.03825052443415 93.302811490560188
359.187855459007 93.211793743921476
364.4123631221491 93.122489826923470
369.71286299913527 93.039450623513403
375.0904604221685 92.965972628062502
380.54627680087896 92.904010142047156
386.08144985617537 92.854440256164978
391.6971338574982 92.829679318900475
397.3944998635236 92.817978899972701
403.1747359663683 92.828024207899105
409.0390475393468 92.854481031274474
414.9886574883323 92.895411150325273
421.0248065067734 92.946655373776224
427.1487533344206 93.003413156676999
433.3617750198154 93.062043233518267
439.6651671865984 93.120367242848900
446.06024430368984 93.176481954429505
452.54833995940066 93.225838379715810
459.13080713953053 93.269850246406946
465.8090185095106 93.311036692847935
472.58436670065066 93.347249288267591
479.45826460054917 93.378288400816601
486.432145647728 93.408058226285220
493.50746413055253 93.440713226320426
500.6856954904994 93.478885621484338
507.9683366298358 93.514843662109826
515.3569062237735 93.550937490929059
522.8529450371643 93.592384215547099
530.4580162458005 93.640362601536253
538.1737057623901 93.688455381693146
546.0016225672724 93.730865023898190
553.9433990439449 93.768380908377011
562.0006913194694 93.801102281354247
570.1751796098309 93.827972984946541
578.4685685703187 93.850365135139867
586.8825876510039 93.868609304684554
595.4189914573883 93.883399436758950
604.0795601162986 93.898404147725330
612.8660996471021 93.916079777840423
621.780442338323 93.934545201986523
630.8244471297356 93.954978673111356
640.0000000000159 93.977000000000032
649.3090143600314 94.001203437336073
658.7534314518515 94.028384951210370
668.3352207535618 94.057839184336046
678.0563803899662 94.089183236267388
687.9189375492632 94.122028440790046
697.9249489057827 94.157133568615535
708.0765010488715 94.195594529038161
718.3757109180171 94.236502843672071
728.8247262443015 94.278298904977206
739.425725998274 94.320231617693182
750.1809208443404 94.363268913588442
761.0925536017613 94.409643352807478
772.1628997123541 94.457278644914766
783.3942677149998 94.506951348266938
794.7889997270506 94.560030623692114
806.34947193274 94.617541043655294
818.0780950786972 94.678760658494610
829.9773149766683 94.741918056414619
842.0496130135506 94.806435403823400
854.2975066688449 94.872778161122909
866.7235500396347 94.938662775202744
879.3303343732008 95.001352571554037
892.1204886073838 95.064314491897647
905.0966799188055 95.146759970993429
918.2616142790653 95.283233503762020
931.6180370190256 95.451480002623157
945.1687334013056 95.594823811711535
958.9165292011028 95.698058094157489
972.8642912954606 95.796721468498291
987.0149282611097 95.909043651339729
1001.3713909810035 96.029565397273132
1015.9366732596762 96.152586612475204
1030.7138124475518 96.280424312027975
1045.7058900743334 96.416152646641336
1060.916032491606 96.560416049584958
1076.3474115247852 96.710345323202944
1092.0032451345498 96.858529206210946
1107.8867980878947 97.000537783747106
1124.0013826389438 97.134844164005059
1140.350359219667 97.260952514537664
1156.9371371406426 97.370753471674817
1173.765175302013 97.472208464161071
1190.837982914782 97.558814109838664
1208.1591202326028 97.641022038114812
1225.73219929421 97.711654545014341
1243.5608846766518 97.776536282255506
1261.648894259477 97.833334979253749
1280.0000000000375 97.884000000000100
1298.6180287200684 97.933204790188753
1317.5068629037087 97.983017843549646
1336.6704415071292 98.036593997257640
1356.112760779938 98.099977748612787
1375.8378750985323 98.181102862923694
1395.8498978115715 98.290136912416529
1416.153002097749 98.449685217621095
1436.7514218360407 98.645497992119374
1457.6494524886093 98.917006732578002
1478.8514519965543 99.250559978095978
1500.3618416886875 99.651098675462435
1522.1851072035295 100.109387251274114
1544.3257994247153 100.594440619320721
1566.788535430007 101.086497384499950
1589.5779994541087 101.565723668776485
1612.6989438654878 102.017724229161928
1636.156190157402 102.432300261400286
1659.9546299533442 102.805143041724421
1684.099226027109 103.138196201503206
1708.5950133376978 103.434904648048445
1733.4471000792773 103.699950522778508
1758.6606687464096 103.938713884968394
1784.2409772147755 104.155688539541018
1810.193359837619 104.353892190830862
1836.5232285581387 104.536092379341397
1863.2360740380593 104.703651722747594
1890.3374668026197 104.857435819406248
1917.833058402214 104.997738647338878
1945.7285825909298 105.124620335051901
1974.0298565222283 105.238177634697578
2002.7427819620161 105.337499780722553
2031.8733465193618 105.421371141878510
2061.4276248951132 105.489450756069942
2091.411780148677 105.540005898825257
2121.832064983222 105.571507635740772
2152.694823049581 105.580230517695043
2184.0064902691106 105.574695456811611
2215.7735961758003 105.542599985067056
2248.002765277899 105.494494469444192
2280.7007184393456 105.423391513286987
2313.874274281297 105.332414701346721
2347.530350604038 105.223312462926145
2381.6759658295764 105.098402279420483
2416.318240465218 104.962911126115870
2451.4643985884327 104.818154440875645
2487.1217693533167 104.669659294361182
2523.2977885189675 104.520187844715736
2560.0000000000887 104.372499999999647
2597.236057440151 104.229080235317440
2635.0137258074315 104.090951502147078
2673.340883014273 103.961266847090570
2712.225521559891 103.837971308523663
2751.6757501970797 103.724911952570721
2791.699795623158 103.621061768606239
2832.3060041955137 103.527957610643995
2873.502843672097 103.443844597023016
2915.2989049772345 103.369480719185731
2957.7029039931244 103.305525428088458
3000.723683377391 103.252812500791478
3044.370214407075 103.212368013008259
3088.6515988494466 103.184674200575273
3133.57707086003 103.168105732284999
3179.1559989082334 103.164291559989081
3225.3978877309914 103.172119366319293
3272.3123803148205 103.192664304385744
3319.9092599067053 103.226719241316971
3368.198452054235 103.274428219862372
3417.190026675413 103.335581738145834
3466.8942001585724 103.410713314264811
3517.3213374928373 103.498564114486527
3568.4819544295697 103.597888006580618
3620.386719675257 103.707758517679082
3673.0464571162966 103.826045922225163
3726.472148076138 103.948915383536644
3780.6749336052594 104.073175920617672
3835.6661168044484 104.196652134633695
3891.45716518188 104.314012008516585
3948.059713044477 104.426155806469367
4005.4855639240527 104.518354111545364
4063.746693038744 104.583248456751406
4122.855249790247 104.608453075076909
4182.823560297375 104.583728530174227
4243.664129966465 104.502462912116215
4305.389646099183 104.363834331666922
4368.012980538242 104.163974371746235
4431.5471923516225 103.902958397345799
4496.00553055582 103.592172762012581
4561.401436878714 103.231242889406502
4627.748548562617 102.833990430341458
4695.060701208099 102.404529677775344
4763.351931659176 101.954709654466484
4832.63648093046 101.494978320286890
4902.928797176889 101.041578166397358
4974.243538706657 100.607746024211167
5046.595577037959 100.223066003027768
5120.000000000202 99.901571428570648
5194.472114880326 99.675002054835744
5270.027451614888 99.545338969755448
5346.6817660285715 99.456984145669992
5424.451043119808 99.334685451014664
5503.351500394186 99.111869788010239
5583.399591246343 98.785778005086001
5664.612008391055 98.412438860771815
5747.005687344222 98.044405487546413
5830.597809954497 97.705388917014488
5915.405807986278 97.411286708598482
6001.447366754812 97.171783719656702
6088.740428814181 97.054434286816189
6177.303197698925 97.131166578123498
6267.154141720092 97.358988858231527
6358.3119978165005 97.630269753493167
6450.795775462017 97.875647924476908
6544.624760629676 98.098983806495482
6639.818519813445 98.343982781468327
6736.396904108505 98.636883675201858
6834.380053350861 98.978784701399491
6933.788400317181 99.360977833262382
7034.642674985712 99.757354658570208
7136.963908859177 100.127023786526536
7240.773439350552 100.418070628997199
7346.092914232631 100.581030614816797
7452.944296152315 100.579379841597387
7561.349867210557 100.387358458633472
7671.332233608935 100.029142978867910
7782.914330363799 99.536870979361396
7896.119426088994 98.949343156510537
8010.971127848146 98.318664483554613
8127.49338607753 97.691244862455520
8245.710499580537 97.095612482882672
8365.647120594791 96.553587957323444
8487.328259932974 96.070419786261397
8610.77929219841 95.660967300355168
8736.025961076528 95.337365067737096
8863.094384703289 95.102183472724406
8992.011061111683 94.961234573184555
9122.802873757471 94.923595481985018
9255.497097125279 95.004076504237915
9390.121402416245 95.211038330738575
9526.7038633184 95.560345281145047
9665.272961860968 96.063325482449386
9805.857594353829 96.721541391765783
9948.487077413367 97.522281013189982
10093.19115407597 98.412012801434059
10240.000000000457 99.271100000002562
10388.944229760706 99.962959261079391
10540.05490322983 100.346160811095913
10693.363532057198 100.406818233971393
10848.902086239672 100.121684249397646
11006.703000788428 99.517506115266144
11166.799182492743 98.683161726737112
11329.224016782166 97.714835742865731
11494.0113746885 96.746709074201235
11661.195619909053 95.926537706624970
11830.811615972614 95.258089466283749
12002.894733509682 94.828543530585449
12177.48085762842 94.573134461778409
12354.606395397908 94.601931133736940
12534.308283440243 94.815390478058916
12716.62399563306 95.254264147233982
12901.591550924093 95.888692078696664
13089.249521259411 96.610371016043331
13279.637039626952 97.392369214626683
13472.793808217073 98.180256161635739
13668.760106701786 98.881609228374742
13867.576800634426 99.414909573214928
14069.285349971487 99.657183392837993
14273.927817718419 99.623758456439333
14481.54687870117 99.228720343595725
14692.18582846533 98.692391819245586
14905.888592304698 98.181962020222329
15122.699734421185 97.509765583172779
15342.664467217943 96.330543470454913
15565.828660727671 94.359489585379336
15792.238852178061 91.775558631400997
16021.942255696367 89.606897483199688
16254.986772155136 89.155011694417738
16491.42099916115 88.231026735278220
16731.294241189662 86.357785605577419
16974.65651986603 84.477796857912381
17221.558584396902 83.029807763819917
17472.051922153143 82.114911672367924
17726.188769406665 81.768478088419783
17984.022122223458 81.978362343445696
18245.605747515034 82.513710550246770
18510.99419425065 82.733018360601676
18780.242804832582 81.817497075729676
19053.40772663689 79.408493889562664
19330.545923722028 76.131055584159128
19611.71518870775 73.562991399818713
19896.974154826825 72.264035762124252
20186.382308152035 71.969999999999999
