20 68.891000000000005
20.290906698750476 68.885001923737093
20.586044732869844 68.877998952742189
20.885475648548283 68.870988265249636
21.189261887185914 68.863491922310828
21.49746679841394 68.853975392415890
21.810154653305165 68.837488535165079
22.12739065777668 68.813961783478362
22.449240966187475 68.782476050761176
22.77577269513385 68.750022591462226
23.107053937445478 68.723997993398598
23.44315377638505 68.711500225478574
23.784142300054445 68.712002673266909
24.130090616010463 68.718500258165278
24.481070866093134 68.719497611255292
24.837156241469714 68.707489179953612
25.1984209978975 68.682465012436310
25.56494047120865 68.652004947215630
25.936791093020236 68.626014601025474
26.3140504066728 68.607498223263491
26.69679708340074 68.594007152412772
27.08511093873791 68.577993664665982
27.47907294916184 68.555495258304475
27.878765268980047 68.529515257516294
28.284271247461966 68.504486503463667
28.695675446220072 68.484016148913810
29.11306365684382 68.464496321715387
29.536522918790062 68.440027567192558
29.966141537533712 68.407488475728343
30.402009102982383 68.371999361555538
30.844216508158908 68.340987944980014
31.29285596815558 68.316008019590441
31.74802103936409 68.295999066435144
32.20980663898519 68.275508579871882
32.67830906482211 68.253488312674790
33.153626015361866 68.235514142276230
33.63585661014871 68.220004611084420
34.125101410453844 68.198992844020381
34.62146244024586 68.163964215933362
35.12504320746613 68.124997590190247
35.635948725613716 68.096502859726044
36.15428553564419 68.082490228818259
36.68016172818701 68.064488036959943
37.21368696608603 68.025023155130341
37.754972507267915 67.969002845828086
38.30413122794313 67.916491282883484
38.86127764614443 67.879489943911736
39.4265279456077 67.859017097376409
40.000000000000206 67.853499999999997
40.58181339750116 67.849001442802830
41.1720894657399 67.825493278867611
41.77095129709678 67.780503658815775
42.37852377437204 67.731038771658859
42.9949335968281 67.676005928854636
43.62030930661056 67.604968095144898
44.25478131555359 67.539522557214553
44.89848193237519 67.519504052948108
45.55154539026795 67.524996176829461
46.21410787489121 67.493988682768105
46.88630755277036 67.423472942571522
47.56828460010916 67.363484782942137
48.260181232021196 67.326488382562744
48.962141732186545 67.281489748303926
49.674312482939705 67.229985953394817
50.39684199579528 67.197507102540328
51.129880942417586 67.178003167289035
51.873582186040764 67.147017408914962
52.628100813345895 67.096992958859005
53.393594166801776 67.043528344746875
54.17022187747612 66.993988455613547
54.95814589832399 66.952996170169001
55.75753053796041 66.932012323378530
56.56854249492426 66.918007897744829
57.39135089244048 66.871476046863350
58.226127313687975 66.814494889415130
59.073045837580466 66.780496344733109
59.932283075067765 66.711966888008135
60.804018205965114 66.609999073225751
61.68843301631817 66.564993731389592
62.58571193631152 66.552004170187018
63.49604207872855 66.496497244845159
64.41961327797075 66.436025321085253
65.35661812964459 66.409510799962021
66.3072520307241 66.373484329695913
67.27171322029778 66.313517830862310
68.25020282090806 66.258989583216191
69.2429248804921 66.208003858101620
70.25008641493265 66.152494842161559
71.27189745122783 66.091506120817115
72.30857107128878 66.036522749353054
73.36032345637442 65.989984539573484
74.42737393217246 65.938978420350153
75.50994501453623 65.876503173214672
76.60826245588666 65.809983993721715
77.72255529228926 65.742027121187746
78.85305589121582 65.678496832668685
80.00000000000082 65.613499999999959
81.16362679500274 65.546021642042362
82.34417893148023 65.475989918301394
83.541902594194 65.408505488223625
84.75704754874454 65.336496760669462
85.98986719365665 65.252509047634106
87.24061861322157 65.181021797885421
88.50956263110764 65.103026883194332
89.79696386475084 65.036001881166811
91.10309078053635 64.959495169790330
92.42821574978288 64.888989413021804
93.77261510554118 64.823018887014342
95.13656920021877 64.732528583123326
96.52036246404286 64.619483864670457
97.92428346437356 64.556981301297469
99.34862496587989 64.463024739092845
100.79368399159105 64.395514761638481
102.25976188483567 64.382002192738554
103.74716437208203 64.319991721485593
105.25620162669229 64.243991110514884
106.78718833360406 64.176491874854179
108.34044375495276 64.109484372842715
109.9162917966485 64.053987043425863
111.51506107592134 63.982997157070244
113.13708498984903 63.907495636912365
114.78270178488147 63.823015309342352
116.45225462737648 63.737485044023636
118.14609167516147 63.637994880270213
119.86456615013608 63.542024228962731
121.60803641193078 63.410498085749261
123.3768660326369 63.317507042942211
125.17142387262359 63.222969623625829
126.99208415745765 63.092494441142478
128.83922655594208 62.970486580731290
130.71323625928977 62.859484286645554
132.61450406144883 62.733032984346337
134.5434264405962 62.618975376705492
136.50040564181674 62.505977940928389
138.48584976098482 62.398008170097498
140.50017282986593 62.396495983650375
142.5437949024563 62.349004766210044
144.61714214257822 62.339506418034659
146.7206469127495 62.434484057372245
148.8547478643456 62.545486885165118
151.01989002907314 62.589997739627606
153.216524911774 62.630991133993049
155.4451105845792 62.683006504975246
157.70611178243232 62.816006651395824
160.00000000000236 62.952500000000100
162.3272535900062 63.047505155578271
164.6883578629612 63.095509932340114
167.08380518838874 63.161994593083406
169.51409509748981 63.210001928172943
171.97973438731407 63.259994614503533
174.4812372264439 63.293504439817212
177.01912526221608 63.340999659481355
179.5939277295025 63.334000196463492
182.20618156107355 63.360500822163353
184.85643149956664 63.372499438360549
187.54523021108326 63.368998396623688
190.27313840043846 63.349998499995245
193.04072492808663 63.320002981270733
195.84856692874806 63.296503624349860
198.69724993176072 63.254495113790838
201.58736798318304 63.197991280316671
204.5195237696723 63.128511284694092
207.49432874416505 63.058491503629924
210.5124032533856 62.980489003377627
213.57437666720915 62.896990725767139
216.68088750990657 62.820502769711027
219.83258359329807 62.744510040263123
223.03012215184378 62.650997288861667
226.2741699796992 62.578995067438072
229.5654035697641 62.483491964853499
232.90450925475412 62.417009770825999
236.2921833503241 62.361496052393370
239.72913230027333 62.287497021631360
243.21607282386276 62.208998847332865
246.75373206527502 62.153004240911415
250.34284774524843 62.104502057496646
253.9841683149166 62.049997197789018
257.67845311188546 61.988491960528179
261.42647251858085 61.921992607190234
265.22900812289896 61.862499865249987
269.08685288119375 61.798502440540076
273.0008112836349 61.734503085806686
276.97169952197106 61.671004804924408
281.00034565973334 61.607994546219963
285.0875898049141 61.543506472011501
289.23428428515797 61.477495472520658
293.44129382550057 61.410495595026461
297.7094957286928 61.346507559935269
302.0397800581479 61.285503098487979
306.4330498235497 61.227499396349188
310.89022116916016 61.173496918695903
315.41222356486645 61.110497076309500
320.00000000000654 61.050499999999921
324.6545071800142 60.995505822792531
329.3767157259242 60.928004063638312
334.16761037677935 60.865005123411166
339.02819019498156 60.796497184296555
343.95946877463007 60.723493347391823
348.9624744528898 60.652492615882920
354.03825052443415 60.573496424554193
359.187855459007 60.500002062866599
364.4123631221491 60.432494417193894
369.71286299913527 60.351002106313999
375.0904604221685 60.281494388182878
380.54627680087896 60.214996774407098
386.08144985617537 60.150496315280620
391.6971338574982 60.104499025081395
397.3944998635236 60.063003642622633
403.1747359663683 60.041500982132021
409.0390475393468 60.059000363536185
414.9886574883323 60.104497380793127
421.0248065067734 60.179497595760111
427.1487533344206 60.290995508946423
433.3617750198154 60.429994966643221
439.6651671865984 60.586004091431221
446.06024430368984 60.742505836478415
452.54833995940066 60.897507952870683
459.13080713953053 61.051495488301342
465.8090185095106 61.173000333307797
472.58436670065066 61.295005281257559
479.45826460054917 61.394003168073681
486.432145647728 61.477501554261977
493.50746413055253 61.553003879068555
500.6856954904994 61.612997454997910
507.9683366298358 61.666502277912002
515.3569062237735 61.716499365433577
522.8529450371643 61.776999556396540
530.4580162458005 61.852500173701209
538.1737057623901 61.934996853991336
546.0016225672724 62.029995419505738
553.9433990439449 62.131005298796488
562.0006913194694 62.237995901114822
570.1751796098309 62.349002371265556
578.4685685703187 62.458494304129474
586.8825876510039 62.562494903221349
595.4189914573883 62.664999897420607
604.0795601162986 62.755495403593699
612.8660996471021 62.839000816046493
621.780442338323 62.912003252487665
630.8244471297356 62.978502948054597
640.0000000000159 63.039000000000101
649.3090143600314 63.101500088951909
658.7534314518515 63.160002138798056
668.3352207535618 63.207501600979953
678.0563803899662 63.278002680432181
687.9189375492632 63.347499559938541
697.9249489057827 63.425999599150899
708.0765010488715 63.504503745705158
718.3757109180171 63.581497838901683
728.8247262443015 63.657997995759317
739.425725998274 63.737497945180905
750.1809208443404 63.816999414888429
761.0925536017613 63.897496706831177
772.1628997123541 63.977499275247368
783.3942677149998 64.054501785549803
794.7889997270506 64.130499998179545
806.34947193274 64.211503339621231
818.0780950786972 64.294500655219196
829.9773149766683 64.376502269773056
842.0496130135506 64.463497211312756
854.2975066688449 64.555003567516209
866.7235500396347 64.642496831775006
879.3303343732008 64.736502548974755
892.1204886073838 64.834003784005716
905.0966799188055 64.934497521140472
918.2616142790653 65.038496952907167
931.6180370190256 65.146500305964935
945.1687334013056 65.258497796542429
958.9165292011028 65.375495993346590
972.8642912954606 65.496002521637621
987.0149282611097 65.618499378982818
1001.3713909810035 65.744003435779803
1015.9366732596762 65.871997128740801
1030.7138124475518 65.999998375400054
1045.7058900743334 66.132999024805656
1060.916032491606 66.267000277939985
1076.3474115247852 66.399003587962014
1092.0032451345498 66.535502083427616
1107.8867980878947 66.670498283925070
1124.0013826389438 66.805503218108441
1140.350359219667 66.943002977796112
1156.9371371406426 67.080501112413700
1173.765175302013 67.217001396419704
1190.837982914782 67.352999863902681
1208.1591202326028 67.486000903130005
1225.73219929421 67.618001503453428
1243.5608846766518 67.752499130013433
1261.648894259477 67.883499234187951
1280.0000000000375 68.010500000000263
1298.6180287200684 68.136500194619558
1317.5068629037087 68.264499070976484
1336.6704415071292 68.396002963363685
1356.112760779938 68.526498394372368
1375.8378750985323 68.654999186319969
1395.8498978115715 68.781499354045764
1416.153002097749 68.906000012577536
1436.7514218360407 69.029502442442379
1457.6494524886093 69.150502518331109
1478.8514519965543 69.268502426925863
1500.3618416886875 69.383999149971800
1522.1851072035295 69.498000547129706
1544.3257994247153 69.610998976333178
1566.788535430007 69.719997745709421
1589.5779994541087 69.826499997448877
1612.6989438654878 69.929499749930585
1636.156190157402 70.030500779038903
1659.9546299533442 70.127998483988875
1684.099226027109 70.224000858120561
1708.5950133376978 70.317000048301651
1733.4471000792773 70.407000345319943
1758.6606687464096 70.493998857021396
1784.2409772147755 70.577499925622902
1810.193359837619 70.656501024983726
1836.5232285581387 70.731500590368427
1863.2360740380593 70.800500176203030
1890.3374668026197 70.864998731044537
1917.833058402214 70.923500107818825
1945.7285825909298 70.974999229403238
1974.0298565222283 71.020999766793494
2002.7427819620161 71.059499707642459
2031.8733465193618 71.089500263802591
2061.4276248951132 71.111999714435456
2091.411780148677 71.125999897347967
2121.832064983222 71.131499993683391
2152.694823049581 71.128500017200253
2184.0064902691106 71.117500179069992
2215.7735961758003 71.098000247885281
2248.002765277899 71.067000225771352
2280.7007184393456 71.030500314299474
2313.874274281297 70.984999576223345
2347.530350604038 70.932999399334136
2381.6759658295764 70.874500058541855
2416.318240465218 70.809999514225495
2451.4643985884327 70.738999150464963
2487.1217693533167 70.663000491590893
2523.2977885189675 70.583000467671454
2560.0000000000887 70.499999999999801
2597.236057440151 70.414999867719487
2635.0137258074315 70.328000631445647
2673.340883014273 70.242000262498294
2712.225521559891 70.157001045837958
2751.6757501970797 70.074500522401536
2791.699795623158 69.995000405955395
2832.3060041955137 69.918499992871176
2873.502843672097 69.848500265625006
2915.2989049772345 69.785500143229839
2957.7029039931244 69.730500124525463
3000.723683377391 69.682500353266676
3044.370214407075 69.642499849902464
3088.6515988494466 69.611500280828935
3133.57707086003 69.590999977457372
3179.1559989082334 69.576500000347323
3225.3978877309914 69.572000010925365
3272.3123803148205 69.581000147820745
3319.9092599067053 69.599500169542978
3368.198452054235 69.631000405992538
3417.190026675413 69.675000028981017
3466.8942001585724 69.729000238156431
3517.3213374928373 69.789000441977677
3568.4819544295697 69.855999940321354
3620.386719675257 69.928999605746910
3673.0464571162966 70.003500650260889
3726.472148076138 70.079500189865726
3780.6749336052594 70.148999914867545
3835.6661168044484 70.207500091071921
3891.45716518188 70.251000074415458
3948.059713044477 70.276499870724763
4005.4855639240527 70.278499984812598
4063.746693038744 70.254500126449429
4122.855249790247 70.199499627203608
4182.823560297375 70.110000656228806
4243.664129966465 69.983499655744467
4305.389646099183 69.820000937413454
4368.012980538242 69.622000061533754
4431.5471923516225 69.397499283806667
4496.00553055582 69.157497996096282
4561.401436878714 68.910498419682710
4627.748548562617 68.670501632980219
4695.060701208099 68.451000974340715
4763.351931659176 68.265000186135694
4832.63648093046 68.130501007647439
4902.928797176889 68.067000183225218
4974.243538706657 68.094499822119232
5046.595577037959 68.236499169883217
5120.000000000202 68.518500000001211
5194.472114880326 68.963500951824301
5270.027451614888 69.589504692600073
5346.6817660285715 70.385997568870351
5424.451043119808 71.291500477099049
5503.351500394186 72.164494472112182
5583.399591246343 72.787501372316456
5664.612008391055 72.975999972655799
5747.005687344222 72.707501018861535
5830.597809954497 72.133001306119496
5915.405807986278 71.455001535059239
6001.447366754812 70.825497861475725
6088.740428814181 70.316498239965284
6177.303197698925 69.952999514834417
6267.154141720092 69.732499855416222
6358.3119978165005 69.639500002227621
6450.795775462017 69.654499963582140
6544.624760629676 69.754499744886630
6639.818519813445 69.907500906911082
6736.396904108505 70.075999832699480
6834.380053350861 70.211000027639045
6933.788400317181 70.262499689327285
7034.642674985712 70.190500232028768
7136.963908859177 69.964000201751318
7240.773439350552 69.576497780720729
7346.092914232631 69.044500433234333
7452.944296152315 68.406498095878788
7561.349867210557 67.709500853774173
7671.332233608935 67.004498584733881
7782.914330363799 66.328504056837261
7896.119426088994 65.705003160933813
8010.971127848146 65.149999476086151
8127.49338607753 64.672498698574714
8245.710499580537 64.274001686859492
8365.647120594791 63.953499754213823
8487.328259932974 63.705499618894393
8610.77929219841 63.524499704878366
8736.025961076528 63.398000039312869
8863.094384703289 63.310500423694705
8992.011061111683 63.243499969862810
9122.802873757471 63.179000062256421
9255.497097125279 63.110999950580265
9390.121402416245 63.042499812909142
9526.7038633184 62.979000063545840
9665.272961860968 62.950000007981814
9805.857594353829 62.987500529222018
9948.487077413367 63.114500120637402
10093.19115407597 63.340000332166582
10240.000000000457 63.656500000001216
10388.944229760706 64.053500715384132
10540.05490322983 64.523999698695889
10693.363532057198 65.094502189268326
10848.902086239672 65.734500343480931
11006.703000788428 66.363000002622414
11166.799182492743 66.895500560090085
11329.224016782166 67.394000053211897
11494.0113746885 67.916498017299446
11661.195619909053 68.309500827802651
11830.811615972614 68.535999487184640
12002.894733509682 68.564999955090173
12177.48085762842 68.315497116641694
12354.606395397908 67.719997957034892
12534.308283440243 66.791503702362974
12716.62399563306 65.634000027725278
12901.591550924093 64.432002918284454
13089.249521259411 63.357002742468396
13279.637039626952 62.476499849314308
13472.793808217073 61.742000729274942
13668.760106701786 61.092499731389950
13867.576800634426 60.592000501880975
14069.285349971487 60.441000546394896
14273.927817718419 60.760499715411889
14481.54687870117 61.430499608560794
14692.18582846533 62.228999349738487
14905.888592304698 62.939998643578434
15122.699734421185 63.314499541262819
15342.664467217943 63.197498904001108
15565.828660727671 62.674000795864330
15792.238852178061 61.916500494567899
16021.942255696367 60.905498525360372
16254.986772155136 59.561496278609106
16491.42099916115 58.422004823528852
16731.294241189662 57.014504452462546
16974.65651986603 55.573998089215515
17221.558584396902 54.666501527562701
17472.051922153143 54.247001805060222
17726.188769406665 53.750500450505207
17984.022122223458 52.822495542578395
18245.605747515034 51.783498160710067
18510.99419425065 51.130499809174829
18780.242804832582 50.865999057179785
19053.40772663689 50.546000320230903
19330.545923722028 50.228501233021177
19611.71518870775 50.214000211027738
19896.974154826825 50.532999054861378
20186.382308152035 50.533000000000001
