20 102.558500000000009
20.290906698750476 102.523591079786883
20.586044732869844 102.488651367772505
20.885475648548283 102.452267129426616
21.189261887185914 102.413860283088837
21.49746679841394 102.374085616924191
21.810154653305165 102.332654382665154
22.12739065777668 102.290461499522365
22.449240966187475 102.247516627729880
22.77577269513385 102.204270787059556
23.107053937445478 102.159190822622776
23.44315377638505 102.112696988610111
23.784142300054445 102.065910611617582
24.130090616010463 102.018937708297614
24.481070866093134 101.972234436403085
24.837156241469714 101.925212573512624
25.1984209978975 101.876465139036469
25.56494047120865 101.825908276301476
25.936791093020236 101.773678213469822
26.3140504066728 101.721293361754832
26.69679708340074 101.672146360929162
27.08511093873791 101.626020830206926
27.47907294916184 101.582302008847222
27.878765268980047 101.536245080894844
28.284271247461966 101.483907652840088
28.695675446220072 101.426627060298088
29.11306365684382 101.366784151698710
29.536522918790062 101.308617249745197
29.966141537533712 101.257063015495959
30.402009102982383 101.206752211458138
30.844216508158908 101.149629508546326
31.29285596815558 101.082160905174732
31.74802103936409 101.009808717859201
32.20980663898519 100.944903590043808
32.67830906482211 100.893273875101187
33.153626015361866 100.849098276509892
33.63585661014871 100.797431070850223
34.125101410453844 100.728858672916942
34.62146244024586 100.650523558843616
35.12504320746613 100.579869944726468
35.635948725613716 100.522269178713003
36.15428553564419 100.468837162150436
36.68016172818701 100.409880592617554
37.21368696608603 100.346498624967936
37.754972507267915 100.285499433145489
38.30413122794313 100.226982846977748
38.86127764614443 100.171376305375134
39.4265279456077 100.116617614166273
40.000000000000206 100.057999999999964
40.58181339750116 99.984788236775216
41.1720894657399 99.902884335762849
41.77095129709678 99.830961529467729
42.37852377437204 99.779978389993161
42.9949335968281 99.731642518387545
43.62030930661056 99.674070673018633
44.25478131555359 99.605474252468753
44.89848193237519 99.534251623333830
45.55154539026795 99.461866833253822
46.21410787489121 99.389518773199001
46.88630755277036 99.319184210418143
47.56828460010916 99.249671549744008
48.260181232021196 99.180782877957995
48.962141732186545 99.114096666018469
49.674312482939705 99.044840267437806
50.39684199579528 98.971075618028138
51.129880942417586 98.898161260239959
51.873582186040764 98.826709210914316
52.628100813345895 98.750852151563890
53.393594166801776 98.678552460678929
54.17022187747612 98.618113324668315
54.95814589832399 98.560484613507214
55.75753053796041 98.483807781735109
56.56854249492426 98.390559171856552
57.39135089244048 98.298886533524851
58.226127313687975 98.213661141317516
59.073045837580466 98.127793664135268
59.932283075067765 98.037144135580348
60.804018205965114 97.950592338263050
61.68843301631817 97.859945371912744
62.58571193631152 97.766446718881866
63.49604207872855 97.681096318111258
64.41961327797075 97.605738810791166
65.35661812964459 97.535040404017366
66.3072520307241 97.460612585511342
67.27171322029778 97.384529078308105
68.25020282090806 97.309857861633276
69.2429248804921 97.220628500227591
70.25008641493265 97.112990667187262
71.27189745122783 97.004946203602827
72.30857107128878 96.903802890370144
73.36032345637442 96.805629595100811
74.42737393217246 96.706608972172305
75.50994501453623 96.613279341606670
76.60826245588666 96.527351235908583
77.72255529228926 96.444979587581031
78.85305589121582 96.360667336385717
80.00000000000082 96.266999999999939
81.16362679500274 96.190879223524973
82.34417893148023 96.110167725457757
83.541902594194 96.020556024079866
84.75704754874454 95.917258392630828
85.98986719365665 95.822997111960603
87.24061861322157 95.742661418342152
88.50956263110764 95.658298740385447
89.79696386475084 95.563889316584948
91.10309078053635 95.474541186166761
92.42821574978288 95.397141389493939
93.77261510554118 95.326432594250321
95.13656920021877 95.264447681945256
96.52036246404286 95.220867664679687
97.92428346437356 95.187187979152299
99.34862496587989 95.163742359682885
100.79368399159105 95.157235438669460
102.25976188483567 95.159785793577726
103.74716437208203 95.166769504598321
105.25620162669229 95.170500000000004
106.78718833360406 95.163415304997557
108.34044375495276 95.143552899920763
109.9162917966485 95.111238042627150
111.51506107592134 95.068528570262885
113.13708498984903 95.013754522439541
114.78270178488147 94.947825738379848
116.45225462737648 94.867537461213374
118.14609167516147 94.784088734666383
119.86456615013608 94.702791610429415
121.60803641193078 94.624798415490943
123.3768660326369 94.556859212939401
125.17142387262359 94.496757272857423
126.99208415745765 94.449830260745870
128.83922655594208 94.425882872792215
130.71323625928977 94.418922265322635
132.61450406144883 94.430332064983190
134.5434264405962 94.462825102371326
136.50040564181674 94.497505678985448
138.48584976098482 94.527366758137987
140.50017282986593 94.565003456597310
142.5437949024563 94.605875898049135
144.61714214257822 94.625107138391115
146.7206469127495 94.608228754577198
148.8547478643456 94.566986051255711
151.01989002907314 94.507271475081296
153.216524911774 94.436424762964393
155.4451105845792 94.360386996838230
157.70611178243232 94.278126529911077
160.00000000000236 94.190499999999915
162.3272535900062 94.102529814297782
164.6883578629612 94.016781445360806
167.08380518838874 93.928399208029617
169.51409509748981 93.838075662373370
171.97973438731407 93.752293083953873
174.4812372264439 93.674270388316103
177.01912526221608 93.598330067185955
179.5939277295025 93.519925811477222
182.20618156107355 93.443520734728864
184.85643149956664 93.369491204312055
187.54523021108326 93.294170231794141
190.27313840043846 93.214188241747465
193.04072492808663 93.135359702013574
195.84856692874806 93.056909839380808
198.69724993176072 92.977955901883405
201.58736798318304 92.899934748445645
204.5195237696723 92.825271667643023
207.49432874416505 92.753883274512120
210.5124032533856 92.685731262843319
213.57437666720915 92.622799654989421
216.68088750990657 92.570935577964022
219.83258359329807 92.527508996880414
223.03012215184378 92.497850135364430
226.2741699796992 92.474596923461903
229.5654035697641 92.458455683936052
232.90450925475412 92.446818302484161
236.2921833503241 92.436112129085956
239.72913230027333 92.419786621573706
243.21607282386276 92.396244408306117
246.75373206527502 92.367500926969655
250.34284774524843 92.330971538993339
253.9841683149166 92.288186022299726
257.67845311188546 92.239720302906505
261.42647251858085 92.185816148480569
265.22900812289896 92.129593504171879
269.08685288119375 92.072182731301893
273.0008112836349 92.013863540618658
276.97169952197106 91.958382056453388
281.00034565973334 91.904795610121383
285.0875898049141 91.852922645399559
289.23428428515797 91.801918303292553
293.44129382550057 91.750516215328886
297.7094957286928 91.698715101682808
302.0397800581479 91.647542529331304
306.4330498235497 91.597425435333093
310.89022116916016 91.545776178908511
315.41222356486645 91.494965540786467
320.00000000000654 91.444499999999920
324.6545071800142 91.395627674609841
329.3767157259242 91.347795171168173
334.16761037677935 91.298990374156858
339.02819019498156 91.249009640991687
343.95946877463007 91.199405312253703
348.9624744528898 91.148979008025819
354.03825052443415 91.098117494755655
359.187855459007 91.048296587593541
364.4123631221491 91.001229968212868
369.71286299913527 90.959239668606756
375.0904604221685 90.921931391632086
380.54627680087896 90.887637688680186
386.08144985617537 90.858909040690364
391.6971338574982 90.843637877954535
397.3944998635236 90.836957799945424
403.1747359663683 90.843291226610631
409.0390475393468 90.857876904502888
414.9886574883323 90.885930054511391
421.0248065067734 90.930859028130456
427.1487533344206 90.988420035567145
433.3617750198154 91.059612631502645
439.6651671865984 91.144073816951405
446.06024430368984 91.238277160757804
452.54833995940066 91.343831447301682
459.13080713953053 91.462419932081303
465.8090185095106 91.588188769889825
472.58436670065066 91.720050060191355
479.45826460054917 91.857939081896859
486.432145647728 91.999915771213637
493.50746413055253 92.143973376943393
500.6856954904994 92.288371062064741
507.9683366298358 92.430382564281786
515.3569062237735 92.565592899105852
522.8529450371643 92.692220648076045
530.4580162458005 92.809269097364393
538.1737057623901 92.914609284257594
546.0016225672724 93.008517848239990
553.9433990439449 93.093569603118709
562.0006913194694 93.170406014479383
570.1751796098309 93.241383918917663
578.4685685703187 93.306901691705519
586.8825876510039 93.371651795530184
595.4189914573883 93.437768133367626
604.0795601162986 93.507156370959464
612.8660996471021 93.581209425546589
621.780442338323 93.661492615664656
630.8244471297356 93.746126135950050
640.0000000000159 93.831000000000159
649.3090143600314 93.924090143600310
658.7534314518515 94.022473358671846
668.3352207535618 94.120936012724002
678.0563803899662 94.218563803899656
687.9189375492632 94.313625853595468
697.9249489057827 94.406409529933200
708.0765010488715 94.496169384177620
718.3757109180171 94.582518400619549
728.8247262443015 94.665274101017772
739.425725998274 94.747078090186704
750.1809208443404 94.827826752858499
761.0925536017613 94.907845393079583
772.1628997123541 94.987985582535487
783.3942677149998 95.068874156257877
794.7889997270506 95.151220248021119
806.34947193274 95.235827355503957
818.0780950786972 95.323319485977862
829.9773149766683 95.413212732707834
842.0496130135506 95.504878299228324
854.2975066688449 95.598626613905680
866.7235500396347 95.694516675306403
879.3303343732008 95.791627057954997
892.1204886073838 95.889827762276866
905.0966799188055 95.990423992697316
918.2616142790653 96.093388757640398
931.6180370190256 96.197671596725471
945.1687334013056 96.303655078310214
958.9165292011028 96.411346145408629
972.8642912954606 96.520325043576094
987.0149282611097 96.631270975587171
1001.3713909810035 96.744288275717224
1015.9366732596762 96.858868496309455
1030.7138124475518 96.975108526373617
1045.7058900743334 97.092880575270556
1060.916032491606 97.212206122267304
1076.3474115247852 97.333554723610817
1092.0032451345498 97.455899946971840
1107.8867980878947 97.577853142597192
1124.0013826389438 97.700010369792068
1140.350359219667 97.822431830879196
1156.9371371406426 97.944767230892893
1173.765175302013 98.067797520939592
1190.837982914782 98.190533262390375
1208.1591202326028 98.314190953065093
1225.73219929421 98.437079471317162
1243.5608846766518 98.559857107252867
1261.648894259477 98.681159295063168
1280.0000000000375 98.801500000000232
1298.6180287200684 98.917729693581009
1317.5068629037087 99.035041177422244
1336.6704415071292 99.147938843854377
1356.112760779938 99.258939917426147
1375.8378750985323 99.367712366164469
1395.8498978115715 99.474108210956047
1416.153002097749 99.577034227190381
1436.7514218360407 99.679075610358893
1457.6494524886093 99.778493459547150
1478.8514519965543 99.876100446864712
1500.3618416886875 99.971563156095129
1522.1851072035295 100.065839663119249
1544.3257994247153 100.159168357583809
1566.788535430007 100.252168765971632
1589.5779994541087 100.345478237772767
1612.6989438654878 100.439303733216576
1636.156190157402 100.533624760629607
1659.9546299533442 100.628619427214318
1684.099226027109 100.724350950546807
1708.5950133376978 100.821208153084029
1733.4471000792773 100.920119458315526
1758.6606687464096 101.020989101735495
1784.2409772147755 101.124888006580576
1810.193359837619 101.231496642530999
1836.5232285581387 101.340667095373021
1863.2360740380593 101.452062067998327
1890.3374668026197 101.565417360570990
1917.833058402214 101.680898845289306
1945.7285825909298 101.797230903578267
1974.0298565222283 101.915444800262918
2002.7427819620161 102.033745406044261
2031.8733465193618 102.153118275845401
2061.4276248951132 102.273258087076954
2091.411780148677 102.394029472248988
2121.832064983222 102.513099251809990
2152.694823049581 102.630946901147809
2184.0064902691106 102.747423364968796
2215.7735961758003 102.858235887093315
2248.002765277899 102.965475469467975
2280.7007184393456 103.067423810010723
2313.874274281297 103.163616730082936
2347.530350604038 103.253786739060430
2381.6759658295764 103.337209469272381
2416.318240465218 103.415040275651378
2451.4643985884327 103.483709137388601
2487.1217693533167 103.545965556610412
2523.2977885189675 103.598160792144114
2560.0000000000887 103.641500000000093
2597.236057440151 103.675427043080106
2635.0137258074315 103.699756634140257
2673.340883014273 103.711959937640529
2712.225521559891 103.713277447844007
2751.6757501970797 103.700621593676090
2791.699795623158 103.675310143063797
2832.3060041955137 103.634609515468838
2873.502843672097 103.581185848238732
2915.2989049772345 103.514350014841881
2957.7029039931244 103.434169843534576
3000.723683377391 103.342835528232001
3044.370214407075 103.242011485423021
3088.6515988494466 103.135269872790104
3133.57707086003 103.027209743321677
3179.1559989082334 102.919483402565646
3225.3978877309914 102.813354752605278
3272.3123803148205 102.709805258519992
3319.9092599067053 102.609584202389385
3368.198452054235 102.513740956576413
3417.190026675413 102.422057951984257
3466.8942001585724 102.334786685735182
3517.3213374928373 102.252305500136245
3568.4819544295697 102.173646707444249
3620.386719675257 102.097643123667638
3673.0464571162966 102.021352172610207
3726.472148076138 101.940968170481980
3780.6749336052594 101.849723332847759
3835.6661168044484 101.746287832374577
3891.45716518188 101.620125301610074
3948.059713044477 101.479326463801868
4005.4855639240527 101.337443132805902
4063.746693038744 101.237499999999997
4122.855249790247 101.244566743230877
4182.823560297375 101.398948040792249
4243.664129966465 101.677945510274782
4305.389646099183 101.997334061636550
4368.012980538242 102.292710684016285
4431.5471923516225 102.508622717180444
4496.00553055582 102.631742689190261
4561.401436878714 102.620070219444074
4627.748548562617 102.482861801747987
4695.060701208099 102.201241907727464
4763.351931659176 101.816880040798310
4832.63648093046 101.366582848147317
4902.928797176889 100.901933229738461
4974.243538706657 100.458892395985615
5046.595577037959 100.065367888828575
5120.000000000202 99.715928571427682
5194.472114880326 99.414823621418194
5270.027451614888 99.155410782251607
5346.6817660285715 98.930500426534465
5424.451043119808 98.736945093373578
5503.351500394186 98.573583492085660
5583.399591246343 98.439164406560565
5664.612008391055 98.333350289720954
5747.005687344222 98.249575108883960
5830.597809954497 98.187477182624576
5915.405807986278 98.147149925522541
6001.447366754812 98.131798519393186
6088.740428814181 98.153681278729209
6177.303197698925 98.224898677353764
6267.154141720092 98.357109174781669
6358.3119978165005 98.565444954366569
6450.795775462017 98.850023277485121
6544.624760629676 99.212717099298175
6639.818519813445 99.643518006293348
6736.396904108505 100.122352149035549
6834.380053350861 100.620072167021050
6933.788400317181 101.101054627432063
7034.642674985712 101.528351110822058
7136.963908859177 101.870487373464073
7240.773439350552 102.107052971747891
7346.092914232631 102.229272961112599
7452.944296152315 102.241998939308218
7561.349867210557 102.159282019408522
7671.332233608935 102.015342742902973
7782.914330363799 101.835532889754973
7896.119426088994 101.636738761880167
8010.971127848146 101.413906388407071
8127.49338607753 101.148432056835873
8245.710499580537 100.816060095410108
8365.647120594791 100.384111992917383
8487.328259932974 99.844998020554129
8610.77929219841 99.194369206354352
8736.025961076528 98.447505472451482
8863.094384703289 97.641866626867738
8992.011061111683 96.808635175014814
9122.802873757471 95.985995385681960
9255.497097125279 95.207949955961027
9390.121402416245 94.503315031355072
9526.7038633184 93.891131005989479
9665.272961860968 93.376733507833791
9805.857594353829 92.965074709326316
9948.487077413367 92.662432977349170
10093.19115407597 92.477445022842502
10240.000000000457 92.386799999999837
10388.944229760706 92.378976950390964
10540.05490322983 92.454224388107548
10693.363532057198 92.600623214771687
10848.902086239672 92.815660844705093
11006.703000788428 93.110573917228947
11166.799182492743 93.499729279695202
11329.224016782166 94.018823589413728
11494.0113746885 94.647395783121226
11661.195619909053 95.444506268200229
11830.811615972614 96.342236583960656
12002.894733509682 97.362821842584339
12177.48085762842 98.432398764245391
12354.606395397908 99.507500581692113
12534.308283440243 100.519456304759629
12716.62399563306 101.376157101964537
12901.591550924093 101.962723283560450
13089.249521259411 102.410153501402789
13279.637039626952 102.620723778321661
13472.793808217073 102.580667557125167
13668.760106701786 102.362672238880307
13867.576800634426 102.072933435140357
14069.285349971487 101.787493414543619
14273.927817718419 101.474390438890822
14481.54687870117 100.842203308237430
14692.18582846533 99.756112047652067
14905.888592304698 98.387145795143454
15122.699734421185 96.891782851084344
15342.664467217943 95.425903066691163
15565.828660727671 94.093949811536064
15792.238852178061 92.907509025649091
16021.942255696367 91.768558538049774
16254.986772155136 90.568445847961016
16491.42099916115 89.570220541541630
16731.294241189662 89.121371073717640
16974.65651986603 89.136525808291069
17221.558584396902 89.048945394553300
17472.051922153143 88.350859560546780
17726.188769406665 86.929986260500684
17984.022122223458 85.104540719991093
18245.605747515034 83.604283584015207
18510.99419425065 83.389882219973259
18780.242804832582 84.121639457925284
19053.40772663689 84.787930044627956
19330.545923722028 85.062508837998394
19611.71518870775 85.175114872660032
19896.974154826825 85.710331689125283
20186.382308152035 86.022500000000008
