20 104.058499999999995
20.290906698750476 104.029409233155732
20.586044732869844 104.001325745958212
20.885475648548283 103.972879813387920
21.189261887185914 103.943538110778320
21.49746679841394 103.909425788752827
21.810154653305165 103.872179771671483
22.12739065777668 103.829506069589044
22.449240966187475 103.783860083702535
22.77577269513385 103.737018213900527
23.107053937445478 103.692618213213365
23.44315377638505 103.652753027087556
23.784142300054445 103.618466837244966
24.130090616010463 103.587442260779980
24.481070866093134 103.556703613533557
24.837156241469714 103.522370058810083
25.1984209978975 103.480197375262804
25.56494047120865 103.432320628510382
25.936791093020236 103.380678213469821
26.3140504066728 103.327723112820635
26.69679708340074 103.276908371866398
27.08511093873791 103.228169726989904
27.47907294916184 103.179464759953120
27.878765268980047 103.128608971618817
28.284271247461966 103.074623381592630
28.695675446220072 103.020844893776271
29.11306365684382 102.970628316031394
29.536522918790062 102.926859028984055
29.966141537533712 102.889911827772096
30.402009102982383 102.851282347902412
30.844216508158908 102.799350587889819
31.29285596815558 102.732919835214517
31.74802103936409 102.657580486426198
32.20980663898519 102.587805523653955
32.67830906482211 102.532738947906722
33.153626015361866 102.486983772448440
33.63585661014871 102.432708361358877
34.125101410453844 102.360983774327394
34.62146244024586 102.287396206692463
35.12504320746613 102.240248358116290
35.635948725613716 102.222873179310881
36.15428553564419 102.202311442684106
36.68016172818701 102.149417034597448
37.21368696608603 102.071519581154917
37.754972507267915 101.996310605081547
38.30413122794313 101.926942419227686
38.86127764614443 101.849006078749412
39.4265279456077 101.763158582209059
40.000000000000206 101.707499999999996
40.58181339750116 101.684227386524583
41.1720894657399 101.626291139470311
41.77095129709678 101.516922255949453
42.37852377437204 101.429266953118628
42.9949335968281 101.403751079223127
43.62030930661056 101.397664094124451
44.25478131555359 101.340333234435263
44.89848193237519 101.249481556917971
45.55154539026795 101.159425016254119
46.21410787489121 101.081307169370291
46.88630755277036 101.001875966027185
47.56828460010916 100.931342141216462
48.260181232021196 100.873944860510221
48.962141732186545 100.809100776216184
49.674312482939705 100.728211075336120
50.39684199579528 100.641119033765222
51.129880942417586 100.563368149106722
51.873582186040764 100.491641834764721
52.628100813345895 100.408965771772415
53.393594166801776 100.325894537458737
54.17022187747612 100.252208877696575
54.95814589832399 100.177512722219660
55.75753053796041 100.099140802099868
56.56854249492426 100.020351377992341
57.39135089244048 99.937408156293742
58.226127313687975 99.857897215355536
59.073045837580466 99.799532883044520
59.932283075067765 99.741104750895403
60.804018205965114 99.661152626266400
61.68843301631817 99.588751871436642
62.58571193631152 99.535732289804400
63.49604207872855 99.488705811906115
64.41961327797075 99.427462291289444
65.35661812964459 99.337810606026039
66.3072520307241 99.234003805050492
67.27171322029778 99.152148203053173
68.25020282090806 99.103994321014568
69.2429248804921 99.074254704302277
70.25008641493265 99.030869426236848
71.27189745122783 98.967137794005623
72.30857107128878 98.913348586077163
73.36032345637442 98.870587061745027
74.42737393217246 98.825127112153979
75.50994501453623 98.774914984115156
76.60826245588666 98.721801650248239
77.72255529228926 98.661718723318884
78.85305589121582 98.591219972050794
80.00000000000082 98.509499999999946
81.16362679500274 98.434833760655067
82.34417893148023 98.372210552739972
83.541902594194 98.298680872715835
84.75704754874454 98.215905483663562
85.98986719365665 98.130121568911989
87.24061861322157 98.039454749907463
88.50956263110764 97.945824240735050
89.79696386475084 97.854847886890937
91.10309078053635 97.762364207705858
92.42821574978288 97.667162932235783
93.77261510554118 97.571938215750436
95.13656920021877 97.474553940036387
96.52036246404286 97.378451252066398
97.92428346437356 97.278494741461756
99.34862496587989 97.174724808035734
100.79368399159105 97.073000365910758
102.25976188483567 96.975875239370509
103.74716437208203 96.885538109979422
105.25620162669229 96.798233334490178
106.78718833360406 96.708555888317363
108.34044375495276 96.616073374702836
109.9162917966485 96.520663398845983
111.51506107592134 96.423769486104050
113.13708498984903 96.321537168089407
114.78270178488147 96.214714960443075
116.45225462737648 96.106763437137658
118.14609167516147 95.995385953170313
119.86456615013608 95.876414551847930
121.60803641193078 95.755657438377028
123.3768660326369 95.632447111482350
125.17142387262359 95.507728894079847
126.99208415745765 95.383038277292883
128.83922655594208 95.260309942387750
130.71323625928977 95.139302458685862
132.61450406144883 95.025816780681765
134.5434264405962 94.928855372545712
136.50040564181674 94.857615366006854
138.48584976098482 94.820542450717042
140.50017282986593 94.828087510055099
142.5437949024563 94.877475043476039
144.61714214257822 94.981081387662599
146.7206469127495 95.150631505113907
148.8547478643456 95.373837903545478
151.01989002907314 95.641033439849281
153.216524911774 95.932011203301229
155.4451105845792 96.224494911540063
157.70611178243232 96.505177627789720
160.00000000000236 96.752000000000194
162.3272535900062 96.940507540790492
164.6883578629612 97.069607623591764
167.08380518838874 97.146430350463277
169.51409509748981 97.174612760779922
171.97973438731407 97.158306709249402
174.4812372264439 97.107431543791790
177.01912526221608 97.033714766976189
179.5939277295025 96.946550100559222
182.20618156107355 96.849988809615851
184.85643149956664 96.748513030416646
187.54523021108326 96.644772205936619
190.27313840043846 96.540839251503684
193.04072492808663 96.438317612617652
195.84856692874806 96.336960730722325
198.69724993176072 96.236835702374719
201.58736798318304 96.138323172563361
204.5195237696723 96.042375239370472
207.49432874416505 95.949422973302973
210.5124032533856 95.859136171234013
213.57437666720915 95.770630264984533
216.68088750990657 95.686116037232523
219.83258359329807 95.603769118370906
223.03012215184378 95.524125711472891
226.2741699796992 95.445419920487211
229.5654035697641 95.369423285157069
232.90450925475412 95.296568966146992
236.2921833503241 95.225765901749895
239.72913230027333 95.158315778607133
243.21607282386276 95.095353771097322
246.75373206527502 95.035655771398467
250.34284774524843 94.980871555439137
253.9841683149166 94.931713727748615
257.67845311188546 94.890577209130271
261.42647251858085 94.856590056397593
265.22900812289896 94.828097325247256
269.08685288119375 94.804522309153441
273.0008112836349 94.783370842171365
276.97169952197106 94.762777115069412
281.00034565973334 94.740497926041598
285.0875898049141 94.715878112385113
289.23428428515797 94.686436581575379
293.44129382550057 94.652781390630892
297.7094957286928 94.615072639296017
302.0397800581479 94.574367116940323
306.4330498235497 94.531980518372364
310.89022116916016 94.488084065954553
315.41222356486645 94.442795319638364
320.00000000000654 94.395999999999930
324.6545071800142 94.348524026763855
329.3767157259242 94.299482156450381
334.16761037677935 94.250490374156840
339.02819019498156 94.200912460011182
343.95946877463007 94.151801259131162
348.9624744528898 94.101479008025819
354.03825052443415 94.050213669703226
359.187855459007 93.999040230955842
364.4123631221491 93.948200077715143
369.71286299913527 93.898199087808138
375.0904604221685 93.848705240576663
380.54627680087896 93.800771996677994
386.08144985617537 93.754123966193731
391.6971338574982 93.710097212604381
397.3944998635236 93.669414650859807
403.1747359663683 93.636332636176576
409.0390475393468 93.609090555881011
414.9886574883323 93.589279301488475
421.0248065067734 93.578691251100850
427.1487533344206 93.576611565000817
433.3617750198154 93.585207622964546
439.6651671865984 93.605993252339687
446.06024430368984 93.639578336075218
452.54833995940066 93.688925391642726
459.13080713953053 93.755348763229193
465.8090185095106 93.835064985996269
472.58436670065066 93.928163498102094
479.45826460054917 94.029055521536776
486.432145647728 94.133925399280685
493.50746413055253 94.237787867625940
500.6856954904994 94.336028337663095
507.9683366298358 94.426606186833581
515.3569062237735 94.510798501953019
522.8529450371643 94.590189377566105
530.4580162458005 94.667723292534816
538.1737057623901 94.747336318059553
546.0016225672724 94.830160125894537
553.9433990439449 94.913798377760202
562.0006913194694 94.994106429271071
570.1751796098309 95.069892677898153
578.4685685703187 95.135825120134029
586.8825876510039 95.194113337261726
595.4189914573883 95.247513948744327
604.0795601162986 95.297437580639638
612.8660996471021 95.344025655327954
621.780442338323 95.388902211691615
630.8244471297356 95.432916123866249
640.0000000000159 95.476500000000073
649.3090143600314 95.519786916774152
658.7534314518515 95.562828113105923
668.3352207535618 95.605174971315677
678.0563803899662 95.647142435676855
687.9189375492632 95.690343325216759
697.9249489057827 95.734766022630737
708.0765010488715 95.780344254719921
718.3757109180171 95.827947055768789
728.8247262443015 95.877858685972654
739.425725998274 95.930157343691462
750.1809208443404 95.985449834432785
761.0925536017613 96.042735906409249
772.1628997123541 96.102223306143443
783.3942677149998 96.163345615981925
794.7889997270506 96.226122373487414
806.34947193274 96.290451218291139
818.0780950786972 96.355897068708117
829.9773149766683 96.422640973137320
842.0496130135506 96.491285274827916
854.2975066688449 96.562068788901598
866.7235500396347 96.634614600231714
879.3303343732008 96.708765489520545
892.1204886073838 96.784748232403814
905.0966799188055 96.862080079512822
918.2616142790653 96.941310516992814
931.6180370190256 97.021708222114157
945.1687334013056 97.103609794857945
958.9165292011028 97.186870697256666
972.8642912954606 97.271521462487797
987.0149282611097 97.357513794817507
1001.3713909810035 97.445411198016828
1015.9366732596762 97.534744929326024
1030.7138124475518 97.625435834495505
1045.7058900743334 97.718555194834948
1060.916032491606 97.812771004697112
1076.3474115247852 97.910078520041139
1092.0032451345498 98.009958491964113
1107.8867980878947 98.112966344509303
1124.0013826389438 98.220009332812879
1140.350359219667 98.330756651269354
1156.9371371406426 98.446217622192236
1173.765175302013 98.564466550570472
1190.837982914782 98.685407994145280
1208.1591202326028 98.808345175938854
1225.73219929421 98.932215952252733
1243.5608846766518 99.055357107252860
1261.648894259477 99.177047591538496
1280.0000000000375 99.297000000000224
1298.6180287200684 99.414027609097573
1317.5068629037087 99.532291863712615
1336.6704415071292 99.647522649042770
1356.112760779938 99.760954012523655
1375.8378750985323 99.874171834939091
1395.8498978115715 99.986759427744801
1416.153002097749 100.098841511537614
1436.7514218360407 100.211626463460519
1457.6494524886093 100.324195087239403
1478.8514519965543 100.436681608461953
1500.3618416886875 100.549367103113624
1522.1851072035295 100.661975153170218
1544.3257994247153 100.775061577066054
1566.788535430007 100.887606906441434
1589.5779994541087 101.000806877292376
1612.6989438654878 101.114470846063583
1636.156190157402 101.228495960361812
1659.9546299533442 101.343481316375119
1684.099226027109 101.459676284930126
1708.5950133376978 101.576912263487444
1733.4471000792773 101.695208196377365
1758.6606687464096 101.815051569857985
1784.2409772147755 101.936117412453740
1810.193359837619 102.058408791236815
1836.5232285581387 102.182159174223258
1863.2360740380593 102.306915383536591
1890.3374668026197 102.432665845964152
1917.833058402214 102.559532068650185
1945.7285825909298 102.687022336614632
1974.0298565222283 102.815114951480467
2002.7427819620161 102.942568240632880
2031.8733465193618 103.070586612475239
2061.4276248951132 103.198019818307728
2091.411780148677 103.324264768940424
2121.832064983222 103.448282458308313
2152.694823049581 103.568899012876528
2184.0064902691106 103.687623689482251
2215.7735961758003 103.800813246710902
2248.002765277899 103.910875607731867
2280.7007184393456 104.014280500625347
2313.874274281297 104.111116730082941
2347.530350604038 104.200994566550364
2381.6759658295764 104.282041872689419
2416.318240465218 104.355592539581608
2451.4643985884327 104.417916257670910
2487.1217693533167 104.471329025804422
2523.2977885189675 104.512671455588432
2560.0000000000887 104.543500000000066
2597.236057440151 104.562386267950046
2635.0137258074315 104.569750228763468
2673.340883014273 104.563581257171080
2712.225521559891 104.547146388501389
2751.6757501970797 104.518055346719791
2791.699795623158 104.478215214595679
2832.3060041955137 104.427179134503874
2873.502843672097 104.367805620744974
2915.2989049772345 104.300838872488924
2957.7029039931244 104.227403685692593
3000.723683377391 104.148643093667403
3044.370214407075 104.066987940253696
3088.6515988494466 103.986193977085378
3133.57707086003 103.907418979537937
3179.1559989082334 103.834308201692238
3225.3978877309914 103.766696936053918
3272.3123803148205 103.703270781787580
3319.9092599067053 103.640719776923163
3368.198452054235 103.576614074247317
3417.190026675413 103.510449663454679
3466.8942001585724 103.442692829785926
3517.3213374928373 103.374962621134529
3568.4819544295697 103.307103820152975
3620.386719675257 103.237977928438397
3673.0464571162966 103.167809141177656
3726.472148076138 103.105763130443108
3780.6749336052594 103.048914893040035
3835.6661168044484 102.977674345079819
3891.45716518188 102.859918336068588
3948.059713044477 102.715935604943098
4005.4855639240527 102.534800526265798
4063.746693038744 102.330418237734563
4122.855249790247 102.117244231929959
4182.823560297375 101.926090691663347
4243.664129966465 101.798760070855906
4305.389646099183 101.759651498487045
4368.012980538242 101.809711682484419
4431.5471923516225 101.912173621775167
4496.00553055582 102.014208710625425
4561.401436878714 102.080153380577258
4627.748548562617 102.098077724384851
4695.060701208099 102.057895346485083
4763.351931659176 101.973373941821933
4832.63648093046 101.855111591804217
4902.928797176889 101.716907199952104
4974.243538706657 101.576866550812241
5046.595577037959 101.449452408461411
5120.000000000202 101.341214285714031
5194.472114880326 101.259116174936821
5270.027451614888 101.201669484877726
5346.6817660285715 101.163619054626253
5424.451043119808 101.140657269023478
5503.351500394186 101.126997274940862
5583.399591246343 101.112216329196031
5664.612008391055 101.082832136601624
5747.005687344222 101.037711274789530
5830.597809954497 100.979286697285261
5915.405807986278 100.914792963449543
6001.447366754812 100.855267270580370
6088.740428814181 100.813502187699612
6177.303197698925 100.801645251247777
6267.154141720092 100.825040510231048
6358.3119978165005 100.890314558078529
6450.795775462017 100.996336233505644
6544.624760629676 101.144940188149150
6639.818519813445 101.334198021386783
6736.396904108505 101.557400353148012
6834.380053350861 101.802684836844961
6933.788400317181 102.053274754772332
7034.642674985712 102.285690697095646
7136.963908859177 102.468977179238408
7240.773439350552 102.562081758247388
7346.092914232631 102.532442196050170
7452.944296152315 102.381435280272129
7561.349867210557 102.137591585293336
7671.332233608935 101.841031385869542
7782.914330363799 101.507034800630947
7896.119426088994 101.137522308543709
8010.971127848146 100.742881017447104
8127.49338607753 100.350885786022388
8245.710499580537 99.986231458986197
8365.647120594791 99.672317486453551
8487.328259932974 99.418107474718781
8610.77929219841 99.236024249769741
8736.025961076528 99.127055455263644
8863.094384703289 99.075476224611862
8992.011061111683 99.070319557555536
9122.802873757471 99.111358315744013
9255.497097125279 99.172936571956242
9390.121402416245 99.162728117905914
9526.7038633184 99.018431651152440
9665.272961860968 98.715011903497640
9805.857594353829 98.249510871315991
9948.487077413367 97.645600895188736
10093.19115407597 96.955659079650019
10240.000000000457 96.260799999997886
10388.944229760706 95.628764344664631
10540.05490322983 95.138967496359413
10693.363532057198 94.837224690440493
10848.902086239672 94.768060535003173
11006.703000788428 94.938723098099530
11166.799182492743 95.317867731417365
11329.224016782166 95.885257217276632
11494.0113746885 96.530895783121210
11661.195619909053 97.147393903165778
11830.811615972614 97.635617590052647
12002.894733509682 97.884807181409215
12177.48085762842 97.940647232542091
12354.606395397908 97.723100261560489
12534.308283440243 97.391763806038654
12716.62399563306 96.971103690611670
12901.591550924093 96.501749613430746
13089.249521259411 96.009013399893149
13279.637039626952 95.507550048776451
13472.793808217073 95.018704782881741
13668.760106701786 94.576104584462399
13867.576800634426 94.208283263035668
14069.285349971487 93.962195473685114
14273.927817718419 93.829860011208751
14481.54687870117 93.906950509727849
14692.18582846533 94.280115587456407
14905.888592304698 94.974393998327230
15122.699734421185 95.990323965343237
15342.664467217943 97.168195031582911
15565.828660727671 98.127549315204419
15792.238852178061 98.330348788228491
16021.942255696367 97.388602375441607
16254.986772155136 95.350333680850909
16491.42099916115 92.782185107111587
16731.294241189662 90.417690551517524
16974.65651986603 88.299258050913764
17221.558584396902 86.407789570634591
17472.051922153143 84.776752840507243
17726.188769406665 83.434984970172110
17984.022122223458 82.355349520106060
18245.605747515034 81.497184647021470
18510.99419425065 80.992555442648055
18780.242804832582 81.057114099449620
19053.40772663689 81.461936019689546
19330.545923722028 82.061628933167682
19611.71518870775 82.978201337095499
19896.974154826825 84.150291450272675
20186.382308152035 84.582999999999998
