20 73.019000000000005
20.290906698750476 72.991848617612021
20.586044732869844 72.962395522061271
20.885475648548283 72.929597678659690
21.189261887185914 72.892806587703760
21.49746679841394 72.851720115516400
21.810154653305165 72.809154382665156
22.12739065777668 72.768553882744584
22.449240966187475 72.730493851791437
22.77577269513385 72.698433097865404
23.107053937445478 72.670614080280359
23.44315377638505 72.643570475066326
23.784142300054445 72.612085769994565
24.130090616010463 72.574672255626240
24.481070866093134 72.528876404197547
24.837156241469714 72.478383830863891
25.1984209978975 72.426473034046978
25.56494047120865 72.376351509032645
25.936791093020236 72.328914041651089
26.3140504066728 72.283314025579344
26.69679708340074 72.236892357283409
27.08511093873791 72.189169726989888
27.47907294916184 72.139767078336021
27.878765268980047 72.090351254549944
28.284271247461966 72.041387450304569
28.695675446220072 71.992214621899819
29.11306365684382 71.942884615806122
29.536522918790062 71.893872910176725
29.966141537533712 71.845326006258688
30.402009102982383 71.795772302420986
30.844216508158908 71.744513825920308
31.29285596815558 71.689634073940738
31.74802103936409 71.633741433197571
32.20980663898519 71.578033009960762
32.67830906482211 71.522816148480644
33.153626015361866 71.467679382218023
33.63585661014871 71.412012346443049
34.125101410453844 71.356238439208255
34.62146244024586 71.299288894491241
35.12504320746613 71.239369599066734
35.635948725613716 71.175098563121452
36.15428553564419 71.109677164651401
36.68016172818701 71.047862371627616
37.21368696608603 70.991417616425309
37.754972507267915 70.935181556104794
38.30413122794313 70.874171330823287
38.86127764614443 70.799711664958267
39.4265279456077 70.716337141569284
40.000000000000206 70.632499999999979
40.58181339750116 70.563167005687802
41.1720894657399 70.514756171071838
41.77095129709678 70.470630171980133
42.37852377437204 70.406515291295435
42.9949335968281 70.320909497163541
43.62030930661056 70.230055237765271
44.25478131555359 70.152322728326482
44.89848193237519 70.078090018020561
45.55154539026795 69.993783655671564
46.21410787489121 69.901283657833758
46.88630755277036 69.821615752565521
47.56828460010916 69.755122775099323
48.260181232021196 69.684458912853529
48.962141732186545 69.602104886413883
49.674312482939705 69.522611674606708
50.39684199579528 69.453784175733659
51.129880942417586 69.390873852685075
51.873582186040764 69.339919321045812
52.628100813345895 69.308924552263647
53.393594166801776 69.282010216986436
54.17022187747612 69.240906658272422
54.95814589832399 69.189875052356470
55.75753053796041 69.149759595827504
56.56854249492426 69.105740264046929
57.39135089244048 69.041169235309738
58.226127313687975 68.958178714229120
59.073045837580466 68.877510241318404
59.932283075067765 68.807052787844441
60.804018205965114 68.731155497123709
61.68843301631817 68.656559975049106
62.58571193631152 68.586107365070063
63.49604207872855 68.518036949292167
64.41961327797075 68.451917263903070
65.35661812964459 68.385323494665585
66.3072520307241 68.320257626125823
67.27171322029778 68.262240633222717
68.25020282090806 68.205738439208233
69.2429248804921 68.147817194969235
70.25008641493265 68.083744210199512
71.27189745122783 68.018681588908080
72.30857107128878 67.962337162150405
73.36032345637442 67.895273314849106
74.42737393217246 67.800831041613179
75.50994501453623 67.699742266815576
76.60826245588666 67.604268590771213
77.72255529228926 67.511524421720281
78.85305589121582 67.420145230959122
80.00000000000082 67.325999999999937
81.16362679500274 67.230485395123679
82.34417893148023 67.132005036091755
83.541902594194 67.036850177341989
84.75704754874454 66.937144857778748
85.98986719365665 66.839460209314097
87.24061861322157 66.752958322283177
88.50956263110764 66.672416679502433
89.79696386475084 66.593885204250199
91.10309078053635 66.514854765396166
92.42821574978288 66.433417482126856
93.77261510554118 66.355090600969106
95.13656920021877 66.278931771233971
96.52036246404286 66.200654899313804
97.92428346437356 66.112452968316802
99.34862496587989 66.013867773322062
100.79368399159105 65.909796507283318
102.25976188483567 65.801777620522159
103.74716437208203 65.685892715436552
105.25620162669229 65.562666130655572
106.78718833360406 65.440336913867682
108.34044375495276 65.330431451764696
109.9162917966485 65.203242902863650
111.51506107592134 65.087710756074841
113.13708498984903 64.991775014317369
114.78270178488147 64.830390721347726
116.45225462737648 64.641771423230466
118.14609167516147 64.500155911365511
119.86456615013608 64.402004505274533
121.60803641193078 64.273596830981887
123.3768660326369 64.133784519181830
125.17142387262359 64.019914370292781
126.99208415745765 64.017323646823172
128.83922655594208 64.076705525546913
130.71323625928977 64.111776278566708
132.61450406144883 64.105053430955365
134.5434264405962 64.091825102371331
136.50040564181674 64.156404916083986
138.48584976098482 64.318621537104633
140.50017282986593 64.529267196571652
142.5437949024563 64.732607592794409
144.61714214257822 64.911818512298353
146.7206469127495 65.045362297234774
148.8547478643456 65.169533476986317
151.01989002907314 65.298325225790904
153.216524911774 65.422890060888676
155.4451105845792 65.523092246447845
157.70611178243232 65.607565018125669
160.00000000000236 65.669500000000042
162.3272535900062 65.698823395234086
164.6883578629612 65.701437671572592
167.08380518838874 65.677744620852366
169.51409509748981 65.632315279030706
171.97973438731407 65.571422852807302
174.4812372264439 65.499751625542558
177.01912526221608 65.417061216241990
179.5939277295025 65.327712529467419
182.20618156107355 65.234959936425781
184.85643149956664 65.141082324915345
187.54523021108326 65.049034541160893
190.27313840043846 64.960868826546147
193.04072492808663 64.873845672214927
195.84856692874806 64.787873278751817
198.69724993176072 64.702082502047176
201.58736798318304 64.615908083165564
204.5195237696723 64.527654525024985
207.49432874416505 64.436175808930884
210.5124032533856 64.344379969607331
213.57437666720915 64.255523859151339
216.68088750990657 64.171786259109993
219.83258359329807 64.087478388879276
223.03012215184378 64.002322997707154
226.2741699796992 63.920403807167418
229.5654035697641 63.847771390511696
232.90450925475412 63.785734748538630
236.2921833503241 63.726569405963282
239.72913230027333 63.668570892432882
243.21607282386276 63.613974980465926
246.75373206527502 63.564447751086149
250.34284774524843 63.521185818834113
253.9841683149166 63.480676127496551
257.67845311188546 63.436358562657375
261.42647251858085 63.387955857258447
265.22900812289896 63.335007626125787
269.08685288119375 63.276211682262293
273.0008112836349 63.217612526514110
276.97169952197106 63.154373795925260
281.00034565973334 63.082793708992853
285.0875898049141 63.008703670887272
289.23428428515797 62.947332592579656
293.44129382550057 62.884380592617489
297.7094957286928 62.814125723893611
302.0397800581479 62.739823739011484
306.4330498235497 62.663516119783949
310.89022116916016 62.586393684831990
315.41222356486645 62.509492199397272
320.00000000000654 62.431499999999886
324.6545071800142 62.350511575067756
329.3767157259242 62.270533504231878
334.16761037677935 62.192901472933855
339.02819019498156 62.114243318841304
343.95946877463007 62.033168765218605
348.9624744528898 61.954185398534918
354.03825052443415 61.879849192448148
359.187855459007 61.801925811477190
364.4123631221491 61.717137244796760
369.71286299913527 61.636807055012973
375.0904604221685 61.566414474933978
380.54627680087896 61.500944678389459
386.08144985617537 61.437379616625222
391.6971338574982 61.383845082684232
397.3944998635236 61.338175200873451
403.1747359663683 61.308536494803995
409.0390475393468 61.294214206422268
414.9886574883323 61.304948958697494
421.0248065067734 61.351556813966880
427.1487533344206 61.428484739461382
433.3617750198154 61.531799208696611
439.6651671865984 61.658846999867976
446.06024430368984 61.809707916769398
452.54833995940066 61.978285842920059
459.13080713953053 62.153556504503207
465.8090185095106 62.327129971992520
472.58436670065066 62.492697346051287
479.45826460054917 62.644760451554461
486.432145647728 62.776062548835242
493.50746413055253 62.883147143091819
500.6856954904994 62.975528378777618
507.9683366298358 63.050175450455811
515.3569062237735 63.111845383756226
522.8529450371643 63.159818034250641
530.4580162458005 63.198061073106103
538.1737057623901 63.232744453267387
546.0016225672724 63.266936568367271
553.9433990439449 63.307067232301449
562.0006913194694 63.351203871389032
570.1751796098309 63.397051077658986
578.4685685703187 63.446811411421905
586.8825876510039 63.497295525906026
595.4189914573883 63.547430150452854
604.0795601162986 63.596947525654180
612.8660996471021 63.646458705151502
621.780442338323 63.695308115550901
630.8244471297356 63.743245902718144
640.0000000000159 63.790500000000080
649.3090143600314 63.836579621082151
658.7534314518515 63.881141127823703
668.3352207535618 63.923258210277993
678.0563803899662 63.963128340579360
687.9189375492632 64.000696015809737
697.9249489057827 64.035048578834363
708.0765010488715 64.067844803356394
718.3757109180171 64.099545918299953
728.8247262443015 64.130974178732899
739.425725998274 64.163248464294739
750.1809208443404 64.198633222955181
761.0925536017613 64.236823937606161
772.1628997123541 64.277915433542233
783.3942677149998 64.322399927310585
794.7889997270506 64.369853248839959
806.34947193274 64.420043501036275
818.0780950786972 64.473052746517055
829.9773149766683 64.529695139691924
842.0496130135506 64.590591734445582
854.2975066688449 64.655099098345048
866.7235500396347 64.722842875221033
879.3303343732008 64.794115939364559
892.1204886073838 64.870434980505053
905.0966799188055 64.951203696145669
918.2616142790653 65.036922986769213
931.6180370190256 65.127062639477145
945.1687334013056 65.222077225484298
958.9165292011028 65.322259402858137
972.8642912954606 65.426900042073470
987.0149282611097 65.536346750336307
1001.3713909810035 65.651108266946125
1015.9366732596762 65.769149498287362
1030.7138124475518 65.889965432597393
1045.7058900743334 66.014966974983608
1060.916032491606 66.139419863182013
1076.3474115247852 66.264414033350761
1092.0032451345498 66.390963359665946
1107.8867980878947 66.517122685181192
1124.0013826389438 66.641788416416318
1140.350359219667 66.767225625781663
1156.9371371406426 66.891713204139336
1173.765175302013 67.016907844395973
1190.837982914782 67.141492221628894
1208.1591202326028 67.267730733123244
1225.73219929421 67.394398356930623
1243.5608846766518 67.520068464107482
1261.648894259477 67.646265666865702
1280.0000000000375 67.774500000000245
1298.6180287200684 67.901368567135322
1317.5068629037087 68.029545295164468
1336.6704415071292 68.156858436022418
1356.112760779938 68.284941402128084
1375.8378750985323 68.412258347508072
1395.8498978115715 68.538061861322319
1416.153002097749 68.662533312796270
1436.7514218360407 68.788183673199853
1457.6494524886093 68.914743725881891
1478.8514519965543 69.040299218300504
1500.3618416886875 69.162055260791746
1522.1851072035295 69.286011408916039
1544.3257994247153 69.411770540732391
1566.788535430007 69.538351569116628
1589.5779994541087 69.662346517084941
1612.6989438654878 69.785812360241707
1636.156190157402 69.910850931637384
1659.9546299533442 70.037856816549919
1684.099226027109 70.166907882464216
1708.5950133376978 70.294818867222006
1733.4471000792773 70.420073384399558
1758.6606687464096 70.547149770481909
1784.2409772147755 70.675889705618175
1810.193359837619 70.806578400778363
1836.5232285581387 70.937272426221398
1863.2360740380593 71.063650662055835
1890.3374668026197 71.189779344636264
1917.833058402214 71.317745390986261
1945.7285825909298 71.445522336614644
1974.0298565222283 71.574095548610913
2002.7427819620161 71.702111110305879
2031.8733465193618 71.825118275845398
2061.4276248951132 71.945210499580440
2091.411780148677 72.064935353572409
2121.832064983222 72.181870243687086
2152.694823049581 72.296812159995341
2184.0064902691106 72.411823202712071
2215.7735961758003 72.517700978192778
2248.002765277899 72.615708019305913
2280.7007184393456 72.709462011630166
2313.874274281297 72.800498064750130
2347.530350604038 72.886449358979888
2381.6759658295764 72.966854721408026
2416.318240465218 73.044900129023489
2451.4643985884327 73.115245747353313
2487.1217693533167 73.176824105320193
2523.2977885189675 73.231364238065481
2560.0000000000887 73.282500000000113
2597.236057440151 73.327528761748169
2635.0137258074315 73.365762581990140
2673.340883014273 73.397880945373743
2712.225521559891 73.425817014373266
2751.6757501970797 73.447629768853460
2791.699795623158 73.459924948905780
2832.3060041955137 73.465553660461495
2873.502843672097 73.467029943126562
2915.2989049772345 73.464052175203648
2957.7029039931244 73.456266157841995
3000.723683377391 73.443737664775696
3044.370214407075 73.427897588050740
3088.6515988494466 73.411738795417079
3133.57707086003 73.395748025198998
3179.1559989082334 73.373964200600483
3225.3978877309914 73.350055035011820
3272.3123803148205 73.329521295480362
3319.9092599067053 73.312828129428922
3368.198452054235 73.299496340548075
3417.190026675413 73.289921495998698
3466.8942001585724 73.284155289992071
3517.3213374928373 73.284058920374349
3568.4819544295697 73.291250849518804
3620.386719675257 73.307674023853863
3673.0464571162966 73.332753693129320
3726.472148076138 73.361853845884156
3780.6749336052594 73.401792800233082
3835.6661168044484 73.453046050820987
3891.45716518188 73.519528422018837
3948.059713044477 73.593465500164342
4005.4855639240527 73.680185476213083
4063.746693038744 73.772869378165865
4122.855249790247 73.873496687132928
4182.823560297375 73.978461398808236
4243.664129966465 74.085366971226790
4305.389646099183 74.193893461057726
4368.012980538242 74.303039274437438
4431.5471923516225 74.405415130565103
4496.00553055582 74.499274593796684
4561.401436878714 74.588658990272634
4627.748548562617 74.672846259608988
4695.060701208099 74.747130395459294
4763.351931659176 74.810132464982701
4832.63648093046 74.857318240465233
4902.928797176889 74.882820965129497
4974.243538706657 74.886504920484228
5046.595577037959 74.861658323263470
5120.000000000202 74.811142857142684
5194.472114880326 74.730362830289891
5270.027451614888 74.619581420561360
5346.6817660285715 74.484763449734103
5424.451043119808 74.333597913760386
5503.351500394186 74.169318602735189
5583.399591246343 73.984614713125808
5664.612008391055 73.794630960406892
5747.005687344222 73.607882402532539
5830.597809954497 73.427621500543509
5915.405807986278 73.257500632744495
6001.447366754812 73.104392272163309
6088.740428814181 72.980135801766849
6177.303197698925 72.889157441840865
6267.154141720092 72.834664776383207
6358.3119978165005 72.819333760043662
6450.795775462017 72.840850141203290
6544.624760629676 72.901100417944662
6639.818519813445 72.997578594172410
6736.396904108505 73.126141309724375
6834.380053350861 73.281461791496724
6933.788400317181 73.454481236567744
7034.642674985712 73.633278254475130
7136.963908859177 73.804848517364604
7240.773439350552 73.956505471155708
7346.092914232631 74.072678977097723
7452.944296152315 74.136501060691785
7561.349867210557 74.139974402111193
7671.332233608935 74.067783341343358
7782.914330363799 73.888277024535938
7896.119426088994 73.561350646440474
8010.971127848146 73.049598867003965
8127.49338607753 72.375274217613764
8245.710499580537 71.598678718140178
8365.647120594791 70.801446648044646
8487.328259932974 70.048167206827486
8610.77929219841 69.377830786738514
8736.025961076528 68.809060697334317
8863.094384703289 68.331605774603986
8992.011061111683 67.938839633813075
9122.802873757471 67.632256675179661
9255.497097125279 67.411143477293450
9390.121402416245 67.273692333852296
9526.7038633184 67.224392918526163
9665.272961860968 67.267758214290168
9805.857594353829 67.408200632095358
9948.487077413367 67.654966774100416
10093.19115407597 68.030890523738790
10240.000000000457 68.534700000001720
10388.944229760706 69.169055167082092
10540.05490322983 69.917344736915851
10693.363532057198 70.705699766547525
10848.902086239672 71.403487574445052
11006.703000788428 71.781890673119236
11166.799182492743 71.643628845024040
11329.224016782166 70.750337937411516
11494.0113746885 69.291136727060348
11661.195619909053 67.319500135669671
11830.811615972614 65.543513458886338
12002.894733509682 64.421002046029159
12177.48085762842 63.857593606353817
12354.606395397908 63.819527558139072
12534.308283440243 63.858491958418469
12716.62399563306 63.903380639155728
12901.591550924093 63.940108571758884
13089.249521259411 63.978176331455487
13279.637039626952 64.048216705011612
13472.793808217073 64.169418860820173
13668.760106701786 64.351495618705741
13867.576800634426 64.572341306702626
14069.285349971487 64.734127301410439
14273.927817718419 64.778807573535190
14481.54687870117 64.464523626289193
14692.18582846533 63.639810015065905
14905.888592304698 62.421272531588059
15122.699734421185 60.948025107918212
15342.664467217943 59.396524452343861
15565.828660727671 57.925425985813646
15792.238852178061 56.633682764293226
16021.942255696367 55.561920110470297
16254.986772155136 54.727951958473184
16491.42099916115 54.156726866026659
16731.294241189662 53.668785632796883
16974.65651986603 53.287724837644710
17221.558584396902 53.238808305117743
17472.051922153143 53.513732591158515
17726.188769406665 53.950211254466232
17984.022122223458 54.410463510291095
18245.605747515034 54.732253262532950
18510.99419425065 54.579250726525188
18780.242804832582 53.497303909856015
19053.40772663689 51.217893049170989
19330.545923722028 47.844403773804551
19611.71518870775 44.602317072970855
19896.974154826825 43.454000000000001
20186.382308152035 43.454000000000001
