20 102.876499999999993
20.290906698750476 102.881348461140703
20.586044732869844 102.885313930391831
20.885475648548283 102.890733720223380
21.189261887185914 102.897749421536275
21.49746679841394 102.906802177459852
21.810154653305165 102.915728501056861
22.12739065777668 102.920318476644439
22.449240966187475 102.920097251962389
22.77577269513385 102.913226841568786
23.107053937445478 102.903466794995026
23.44315377638505 102.896091276010623
23.784142300054445 102.896301778750683
24.130090616010463 102.902902731489419
24.481070866093134 102.914563822326770
24.837156241469714 102.925928892466388
25.1984209978975 102.930248026247369
25.56494047120865 102.926788830119875
25.936791093020236 102.917396257728100
26.3140504066728 102.906648755329030
26.69679708340074 102.898064058331983
27.08511093873791 102.891223345174438
27.47907294916184 102.884616228680244
27.878765268980047 102.875182411689281
28.284271247461966 102.864324676318518
28.695675446220072 102.854195140183151
29.11306365684382 102.845577917833651
29.536522918790062 102.838306064542991
29.966141537533712 102.830143310786866
30.402009102982383 102.819443075605250
30.844216508158908 102.807034063610786
31.29285596815558 102.795419670756303
31.74802103936409 102.784299474015896
32.20980663898519 102.772125414108416
32.67830906482211 102.757937491796042
33.153626015361866 102.741623089462337
33.63585661014871 102.725016731865097
34.125101410453844 102.709246957686389
34.62146244024586 102.694234664352379
35.12504320746613 102.678123487738688
35.635948725613716 102.659426102249824
36.15428553564419 102.637094294289085
36.68016172818701 102.612392722231590
37.21368696608603 102.589666208322640
37.754972507267915 102.569940220912827
38.30413122794313 102.550834790882277
38.86127764614443 102.526835359583146
39.4265279456077 102.498219527403023
40.000000000000206 102.468999999999994
40.58181339750116 102.443303155954226
41.1720894657399 102.419616455788116
41.77095129709678 102.396613498989609
42.37852377437204 102.373598736257719
42.9949335968281 102.350852374290895
43.62030930661056 102.331390738847986
44.25478131555359 102.311167801046054
44.89848193237519 102.278668111002759
45.55154539026795 102.225529558753365
46.21410787489121 102.161977248161222
46.88630755277036 102.116170960577477
47.56828460010916 102.090207591699780
48.260181232021196 102.066412250023092
48.962141732186545 102.034954711452912
49.674312482939705 102.000970208627720
50.39684199579528 101.968634194096438
51.129880942417586 101.947965555666158
51.873582186040764 101.954406917458385
52.628100813345895 101.964035125435586
53.393594166801776 101.930798457340671
54.17022187747612 101.847342205614268
54.95814589832399 101.753604023178610
55.75753053796041 101.688669796352457
56.56854249492426 101.647268401470797
57.39135089244048 101.614998394210801
58.226127313687975 101.589025199098870
59.073045837580466 101.571452156218157
59.932283075067765 101.565007876936988
60.804018205965114 101.573111963434798
61.68843301631817 101.600441094343267
62.58571193631152 101.637910596011096
63.49604207872855 101.654007915842541
64.41961327797075 101.619221131123354
65.35661812964459 101.530953987896396
66.3072520307241 101.420051512405280
67.27171322029778 101.301775288819201
68.25020282090806 101.172100762901493
69.2429248804921 101.062701622239899
70.25008641493265 100.987620376801118
71.27189745122783 100.941246358621754
72.30857107128878 100.915088582325694
73.36032345637442 100.888054662969822
74.42737393217246 100.868738834390470
75.50994501453623 100.827678088359391
76.60826245588666 100.765074377305496
77.72255529228926 100.698137195613782
78.85305589121582 100.613957875940599
80.00000000000082 100.558999999999969
81.16362679500274 100.512939657546951
82.34417893148023 100.460892069818215
83.541902594194 100.420739340094556
84.75704754874454 100.353880874841579
85.98986719365665 100.275483362948762
87.24061861322157 100.218774278894770
88.50956263110764 100.163954930026861
89.79696386475084 100.090573059709200
91.10309078053635 100.028901168470227
92.42821574978288 99.983402005906484
93.77261510554118 99.928137648375255
95.13656920021877 99.862887003039447
96.52036246404286 99.790372808946614
97.92428346437356 99.716949061308256
99.34862496587989 99.649497728987086
100.79368399159105 99.582638607073108
102.25976188483567 99.507472858218875
103.74716437208203 99.431209210914290
105.25620162669229 99.362041219508740
106.78718833360406 99.292239752209412
108.34044375495276 99.215637368497411
109.9162917966485 99.129313155834154
111.51506107592134 99.033135447231388
113.13708498984903 98.940460429790917
114.78270178488147 98.859368985275765
116.45225462737648 98.788439210811504
118.14609167516147 98.715173018389976
119.86456615013608 98.634867322497342
121.60803641193078 98.549738138201860
123.3768660326369 98.458206202780318
125.17142387262359 98.366714512823194
126.99208415745765 98.278551904337064
128.83922655594208 98.188138119742860
130.71323625928977 98.095776212935007
132.61450406144883 98.001121170912199
134.5434264405962 97.903513538309298
136.50040564181674 97.803229515088248
138.48584976098482 97.703693361711743
140.50017282986593 97.603407650708661
142.5437949024563 97.496798699255194
144.61714214257822 97.386078609836417
146.7206469127495 97.272585066711528
148.8547478643456 97.157072665752466
151.01989002907314 97.039721960424231
153.216524911774 96.921954094623047
155.4451105845792 96.805888382303380
157.70611178243232 96.691565412086760
160.00000000000236 96.580999999999904
162.3272535900062 96.471153630551697
164.6883578629612 96.371526641328217
167.08380518838874 96.283483013218017
169.51409509748981 96.209688423153295
171.97973438731407 96.146798534072076
174.4812372264439 96.093186513135265
177.01912526221608 96.049386345699645
179.5939277295025 96.012603797332872
182.20618156107355 95.984938184389264
184.85643149956664 95.967861411002602
187.54523021108326 95.965298519393144
190.27313840043846 95.985487820646398
193.04072492808663 96.030220383374768
195.84856692874806 96.100466148019692
198.69724993176072 96.195298247475137
201.58736798318304 96.310963139285292
204.5195237696723 96.438365553788799
207.49432874416505 96.565018423720062
210.5124032533856 96.675905172943942
213.57437666720915 96.761891445846217
216.68088750990657 96.808191981383743
219.83258359329807 96.835621063864807
223.03012215184378 96.827030868275500
226.2741699796992 96.798984130223317
229.5654035697641 96.749525975622149
232.90450925475412 96.682957560277544
236.2921833503241 96.603585847485533
239.72913230027333 96.516373267880567
243.21607282386276 96.421949960931840
246.75373206527502 96.322895502172287
250.34284774524843 96.222485975069361
253.9841683149166 96.121439329261079
257.67845311188546 96.021221959340110
261.42647251858085 95.923840023581732
265.22900812289896 95.828003805050415
269.08685288119375 95.735458957291954
273.0008112836349 95.644481746118203
276.97169952197106 95.555258223195892
281.00034565973334 95.464191946128210
285.0875898049141 95.368880326721069
289.23428428515797 95.268530320299178
293.44129382550057 95.167753077570538
297.7094957286928 95.068994446958669
302.0397800581479 94.970849976184411
306.4330498235497 94.870539854058364
310.89022116916016 94.766079802524729
315.41222356486645 94.661224969790510
320.00000000000654 94.557999999999851
324.6545071800142 94.453273588449690
329.3767157259242 94.347023896166704
334.16761037677935 94.239228766522459
339.02819019498156 94.133491091788386
343.95946877463007 94.029351155732769
348.9624744528898 93.926269273715761
354.03825052443415 93.825042639616214
359.187855459007 93.726011960732961
364.4123631221491 93.625782628054736
369.71286299913527 93.521185312617121
375.0904604221685 93.417878173859691
380.54627680087896 93.320063180212813
386.08144985617537 93.221350192560081
391.6971338574982 93.125148724422530
397.3944998635236 93.031885252115387
403.1747359663683 92.944937205826591
409.0390475393468 92.862979366142042
414.9886574883323 92.785394617023769
421.0248065067734 92.713511070817873
427.1487533344206 92.646759027210720
433.3617750198154 92.582775878971802
439.6651671865984 92.527011246100500
446.06024430368984 92.482996969304395
452.54833995940066 92.450296972170520
459.13080713953053 92.429377924498354
465.8090185095106 92.416603890444861
472.58436670065066 92.409570542828021
479.45826460054917 92.409729132300271
486.432145647728 92.417205003906815
493.50746413055253 92.431944565994044
500.6856954904994 92.452557086471501
507.9683366298358 92.474405009889495
515.3569062237735 92.494815785654339
522.8529450371643 92.511705890074325
530.4580162458005 92.526658398353334
538.1737057623901 92.537723335980218
546.0016225672724 92.547644711505455
553.9433990439449 92.556807786364686
562.0006913194694 92.567501209809080
570.1751796098309 92.581972984946532
578.4685685703187 92.604365135139858
586.8825876510039 92.633621444926163
595.4189914573883 92.671282108568334
604.0795601162986 92.717467415683245
612.8660996471021 92.772477226252391
621.780442338323 92.834447413678134
630.8244471297356 92.902683353473023
640.0000000000159 92.971500000000106
649.3090143600314 93.038524903392215
658.7534314518515 93.103023333872585
668.3352207535618 93.163178368672078
678.0563803899662 93.220227006261808
687.9189375492632 93.275450103398413
697.9249489057827 93.329002229200654
708.0765010488715 93.383209280611467
718.3757109180171 93.439147624503192
728.8247262443015 93.497418466968085
739.425725998274 93.557726638190161
750.1809208443404 93.622138293645648
761.0925536017613 93.690790649744415
772.1628997123541 93.764122371162983
783.3942677149998 93.841759874004993
794.7889997270506 93.923220248021124
806.34947193274 94.007827355503963
818.0780950786972 94.095787031753162
829.9773149766683 94.186787038282063
842.0496130135506 94.279715766979450
854.2975066688449 94.374305676683548
866.7235500396347 94.470698350307927
879.3303343732008 94.568560091392300
892.1204886073838 94.667327762276855
905.0966799188055 94.767286907707458
918.2616142790653 94.868425432366692
931.6180370190256 94.971162516954777
945.1687334013056 95.075758986635066
958.9165292011028 95.182474623358601
972.8642912954606 95.291742900933613
987.0149282611097 95.403695200838030
1001.3713909810035 95.518108266946143
1015.9366732596762 95.636180720729357
1030.7138124475518 95.757388952692310
1045.7058900743334 95.881126902178067
1060.916032491606 96.007042000847562
1076.3474115247852 96.134093688220730
1092.0032451345498 96.262776366718214
1107.8867980878947 96.391661770349145
1124.0013826389438 96.520788762076052
1140.350359219667 96.650509078854867
1156.9371371406426 96.780262812839965
1173.765175302013 96.910459461677846
1190.837982914782 97.039493294609230
1208.1591202326028 97.169462067433898
1225.73219929421 97.298626685350811
1243.5608846766518 97.427995278220266
1261.648894259477 97.556430556291645
1280.0000000000375 97.684500000000241
1298.6180287200684 97.810304679779890
1317.5068629037087 97.937545295164483
1336.6704415071292 98.064858436022405
1356.112760779938 98.192941402128085
1375.8378750985323 98.321842135017917
1395.8498978115715 98.450835593439351
1416.153002097749 98.580340780022340
1436.7514218360407 98.711202743112963
1457.6494524886093 98.842732583528928
1478.8514519965543 98.974956031418571
1500.3618416886875 99.108714471134761
1522.1851072035295 99.242272856085606
1544.3257994247153 99.377773892479269
1566.788535430007 99.513902753997243
1589.5779994541087 99.651551116702819
1612.6989438654878 99.790439684315615
1636.156190157402 99.931160264747561
1659.9546299533442 100.073829594521925
1684.099226027109 100.218095356162650
1708.5950133376978 100.365070080026186
1733.4471000792773 100.514182600475664
1758.6606687464096 100.665810439228324
1784.2409772147755 100.820315502377241
1810.193359837619 100.977475627812723
1836.5232285581387 101.137791694204651
1863.2360740380593 101.300740051632175
1890.3374668026197 101.466672046168085
1917.833058402214 101.635851639757647
1945.7285825909298 101.808102640411931
1974.0298565222283 101.982523916176930
2002.7427819620161 102.160505248164498
2031.8733465193618 102.341145970862044
2061.4276248951132 102.524827480601459
2091.411780148677 102.710205977583513
2121.832064983222 102.897767199646808
2152.694823049581 103.086621050026196
2184.0064902691106 103.276639103871389
2215.7735961758003 103.466852897246014
2248.002765277899 103.657682797454413
2280.7007184393456 103.847350785718916
2313.874274281297 104.035927173879955
2347.530350604038 104.222332583302077
2381.6759658295764 104.405111669323873
2416.318240465218 104.584679085023765
2451.4643985884327 104.758638943118598
2487.1217693533167 104.927760139025253
2523.2977885189675 105.088345380057504
2560.0000000000887 105.240750000000347
2597.236057440151 105.382765257502541
2635.0137258074315 105.514295066401075
2673.340883014273 105.632063843854425
2712.225521559891 105.738415930696391
2751.6757501970797 105.828582597311026
2791.699795623158 105.903663384676406
2832.3060041955137 105.961143925538067
2873.502843672097 106.003302274937681
2915.2989049772345 106.029395649592715
2957.7029039931244 106.039421593440963
3000.723683377391 106.033120066226871
3044.370214407075 106.009076665381116
3088.6515988494466 105.969415821208088
3133.57707086003 105.916349807881971
3179.1559989082334 105.850391321670401
3225.3978877309914 105.773037780961516
3272.3123803148205 105.684821486976659
3319.9092599067053 105.587394183799660
3368.198452054235 105.481689513836884
3417.190026675413 105.368931537046024
3466.8942001585724 105.249940267609901
3517.3213374928373 105.124850229518046
3568.4819544295697 104.995186196660313
3620.386719675257 104.861698396041078
3673.0464571162966 104.725540140639964
3726.472148076138 104.587701857963566
3780.6749336052594 104.446587852620496
3835.6661168044484 104.302298112804294
3891.45716518188 104.153395117597000
3948.059713044477 103.998799408747274
4005.4855639240527 103.835909012489438
4063.746693038744 103.664791143325758
4122.855249790247 103.488053219370514
4182.823560297375 103.310932684864639
4243.664129966465 103.137102485810104
4305.389646099183 102.966678473227248
4368.012980538242 102.799298718564685
4431.5471923516225 102.634416922688303
4496.00553055582 102.470619322591929
4561.401436878714 102.307322163142615
4627.748548562617 102.143645198497637
4695.060701208099 101.980461893537765
4763.351931659176 101.817909073422214
4832.63648093046 101.657441553097158
4902.928797176889 101.500556646210839
4974.243538706657 101.345947117425794
5046.595577037959 101.196352734141641
5120.000000000202 101.052214285713902
5194.472114880326 100.915585509142275
5270.027451614888 100.789330734271005
5346.6817660285715 100.675062005484648
5424.451043119808 100.574341240805381
5503.351500394186 100.489767417460143
5583.399591246343 100.423865316784088
5664.612008391055 100.378370935762518
5747.005687344222 100.348983606600655
5830.597809954497 100.334776087601824
5915.405807986278 100.332308116159737
6001.447366754812 100.333918585620040
6088.740428814181 100.327564619333998
6177.303197698925 100.302103606716898
6267.154141720092 100.251376240953192
6358.3119978165005 100.178560121888722
6450.795775462017 100.101609400753091
6544.624760629676 100.043703848141831
6639.818519813445 100.030755537354281
6736.396904108505 100.081532935067429
6834.380053350861 100.200711387228665
6933.788400317181 100.377941988656573
7034.642674985712 100.591560311718411
7136.963908859177 100.813439389059980
7240.773439350552 101.015222581289450
7346.092914232631 101.166280347371242
7452.944296152315 101.237206631076560
7561.349867210557 101.196352612871024
7671.332233608935 101.034951107734429
7782.914330363799 100.749559405196635
7896.119426088994 100.339664075425645
8010.971127848146 99.816952978549352
8127.49338607753 99.213699914426542
8245.710499580537 98.562141746542665
8365.647120594791 97.892655311139862
8487.328259932974 97.229796988780564
8610.77929219841 96.592794547099004
8736.025961076528 96.001962997726110
8863.094384703289 95.464201593005754
8992.011061111683 94.983772112257128
9122.802873757471 94.570320331067393
9255.497097125279 94.233844088649462
9390.121402416245 93.978836106738072
9526.7038633184 93.809581973733913
9665.272961860968 93.727619534404198
9805.857594353829 93.734202385346975
9948.487077413367 93.834628528703590
10093.19115407597 94.042939864487124
10240.000000000457 94.355200000001105
10388.944229760706 94.776680086148474
10540.05490322983 95.310080543966677
10693.363532057198 95.926315622866710
10848.902086239672 96.584663540139402
11006.703000788428 97.204803827976320
11166.799182492743 97.693594941426880
11329.224016782166 97.903250126727841
11494.0113746885 97.837913767495110
11661.195619909053 97.352076677088959
11830.811615972614 96.679001173244572
12002.894733509682 95.818916514631411
12177.48085762842 94.933088902620469
12354.606395397908 94.091349941629829
12534.308283440243 93.327944990326301
12716.62399563306 92.692743533552090
12901.591550924093 92.203532310189360
13089.249521259411 91.777816800342947
13279.637039626952 91.429460773776356
13472.793808217073 91.143226529180993
13668.760106701786 90.868125945015663
13867.576800634426 90.557889062877067
14069.285349971487 90.151787807653989
14273.927817718419 89.644615558421179
14481.54687870117 88.973179557941336
14692.18582846533 88.132763023058487
14905.888592304698 87.165511838983306
15122.699734421185 86.088642373042475
15342.664467217943 84.954945954237516
15565.828660727671 83.859565437977167
15792.238852178061 82.883523992609355
16021.942255696367 81.940467093862509
16254.986772155136 80.828218387957946
16491.42099916115 79.605853434336865
16731.294241189662 78.496158725080420
16974.65651986603 77.588206450330063
17221.558584396902 76.728464180817923
17472.051922153143 75.693384992358034
17726.188769406665 74.334628411035027
17984.022122223458 72.638392002325077
18245.605747515034 70.723841698289363
18510.99419425065 68.775711757771560
18780.242804832582 66.959720652952456
19053.40772663689 65.411965350189945
19330.545923722028 64.277061188595894
19611.71518870775 63.675284811292258
19896.974154826825 63.667513049486217
20186.382308152035 63.759000000000000
