20 109.412499999999994
20.290906698750476 109.379530464243160
20.586044732869844 109.345128109071482
20.885475648548283 109.310670300416945
21.189261887185914 109.276217095395282
21.49746679841394 109.240791290160615
21.810154653305165 109.204832105709386
22.12739065777668 109.167872359389023
22.449240966187475 109.129591103753825
22.77577269513385 109.090281079695643
23.107053937445478 109.049975060861016
23.44315377638505 109.009082893596855
23.784142300054445 108.967902923993464
24.130090616010463 108.926172255626241
24.481070866093134 108.883092468608623
24.837156241469714 108.838855537668081
25.1984209978975 108.793449349015447
25.56494047120865 108.747588565659356
25.936791093020236 108.701230084605783
26.3140504066728 108.653933859623208
26.69679708340074 108.606400364574910
27.08511093873791 108.557552692584210
27.47907294916184 108.507418237527460
27.878765268980047 108.456805884791265
28.284271247461966 108.405397551572335
28.695675446220072 108.352757867437617
29.11306365684382 108.299027851923995
29.536522918790062 108.244715497638509
29.966141537533712 108.188435458583086
30.402009102982383 108.132742165976708
30.844216508158908 108.076112476740946
31.29285596815558 108.019393003980554
31.74802103936409 107.962249349040121
32.20980663898519 107.903854556848884
32.67830906482211 107.843819821573135
33.153626015361866 107.782028618002954
33.63585661014871 107.719610353900975
34.125101410453844 107.657737627924632
34.62146244024586 107.597788894491231
35.12504320746613 107.538994987933933
35.635948725613716 107.479322101651974
36.15428553564419 107.417177164651406
36.68016172818701 107.352659945704815
37.21368696608603 107.286075442273159
37.754972507267915 107.218128482122253
38.30413122794313 107.149587851735049
38.86127764614443 107.080844384181631
39.4265279456077 107.011954417822082
40.000000000000206 106.942499999999967
40.58181339750116 106.871227621231512
41.1720894657399 106.798442405346719
41.77095129709678 106.726009942467286
42.37852377437204 106.653903589033618
42.9949335968281 106.580932662484230
43.62030930661056 106.506062955391954
44.25478131555359 106.427548830711430
44.89848193237519 106.348020603409068
45.55154539026795 106.270756379003885
46.21410787489121 106.196936482821172
46.88630755277036 106.122012881732445
47.56828460010916 106.043147282205609
48.260181232021196 105.963819994245654
48.962141732186545 105.887288019328821
49.674312482939705 105.813111674606716
50.39684199579528 105.739323644585539
51.129880942417586 105.662184297417099
51.873582186040764 105.579571798054218
52.628100813345895 105.495141398950352
53.393594166801776 105.411934570841282
54.17022187747612 105.327775541655427
54.95814589832399 105.241104023178622
55.75753053796041 105.156307781735109
56.56854249492426 105.071871580527869
57.39135089244048 104.983560050939104
58.226127313687975 104.891465186464856
59.073045837580466 104.799830187054056
59.932283075067765 104.709610277117889
60.804018205965114 104.617575113119244
61.68843301631817 104.524349156370874
62.58571193631152 104.429294952880014
63.49604207872855 104.330927455497317
64.41961327797075 104.233279832369021
65.35661812964459 104.136946641711432
66.3072520307241 104.039506666850784
67.27171322029778 103.941192821360076
68.25020282090806 103.842854616498741
69.2429248804921 103.743207511950800
70.25008641493265 103.642866488129130
71.27189745122783 103.541538357425992
72.30857107128878 103.436371465192906
73.36032345637442 103.330548624731676
74.42737393217246 103.228113163409688
75.50994501453623 103.124280236783306
76.60826245588666 103.016801647878125
77.72255529228926 102.907172512088920
78.85305589121582 102.796283119321572
80.00000000000082 102.683499999999924
81.16362679500274 102.568106721012356
82.34417893148023 102.450962208809557
83.541902594194 102.335317289441448
84.75704754874454 102.219580540570632
85.98986719365665 102.104937055679400
87.24061861322157 101.988242127513217
88.50956263110764 101.868081987413660
89.79696386475084 101.744491468983924
91.10309078053635 101.619746491556725
92.42821574978288 101.492874706559931
93.77261510554118 101.365101843969342
95.13656920021877 101.237639701495326
96.52036246404286 101.107558219957028
97.92428346437356 100.975856349471542
99.34862496587989 100.840423596828828
100.79368399159105 100.705774756765209
102.25976188483567 100.577173493750593
103.74716437208203 100.452859027361768
105.25620162669229 100.328631005219989
106.78718833360406 100.202425764422060
108.34044375495276 100.074583612093875
109.9162917966485 99.944333149195032
111.51506107592134 99.808412518563188
113.13708498984903 99.671111362610390
114.78270178488147 99.535655524117189
116.45225462737648 99.404129879621451
118.14609167516147 99.272093602742089
119.86456615013608 99.137920300139598
121.60803641193078 99.004177200700667
123.3768660326369 98.872546251436887
125.17142387262359 98.743114611498100
126.99208415745765 98.618358417555314
128.83922655594208 98.504743091883228
130.71323625928977 98.400333979839559
132.61450406144883 98.310341593634206
134.5434264405962 98.241376489832845
136.50040564181674 98.187740467417314
138.48584976098482 98.143147392101042
140.50017282986593 98.108498098871479
142.5437949024563 98.086018256072975
144.61714214257822 98.070488576073245
146.7206469127495 98.054234824698000
148.8547478643456 98.027678782034826
151.01989002907314 97.991938001470871
153.216524911774 97.948090012082133
155.4451105845792 97.894872235385520
157.70611178243232 97.837852537161353
160.00000000000236 97.774999999999949
162.3272535900062 97.717749561685849
164.6883578629612 97.653976666127463
167.08380518838874 97.592154587177248
169.51409509748981 97.542023736089192
171.97973438731407 97.500032356048052
174.4812372264439 97.468517648173247
177.01912526221608 97.439481972010725
179.5939277295025 97.408454081700057
182.20618156107355 97.372613458144968
184.85643149956664 97.328440664507355
187.54523021108326 97.274995889313942
190.27313840043846 97.213671539989036
193.04072492808663 97.142967846999198
195.84856692874806 97.062024711823057
198.69724993176072 96.971230202238246
201.58736798318304 96.875852295224433
204.5195237696723 96.775816668061481
207.49432874416505 96.669207946047280
210.5124032533856 96.562326222175983
213.57437666720915 96.461513540816114
216.68088750990657 96.364222265315419
219.83258359329807 96.263441033217816
223.03012215184378 96.164066213292841
226.2741699796992 96.070323240568428
229.5654035697641 95.979878969093107
232.90450925475412 95.893450929127965
236.2921833503241 95.817156332993520
239.72913230027333 95.748417353994540
243.21607282386276 95.682110689170472
246.75373206527502 95.618432822825056
250.34284774524843 95.561114419630201
253.9841683149166 95.509225601512441
257.67845311188546 95.460720302906509
261.42647251858085 95.419665420425247
265.22900812289896 95.383910300878540
269.08685288119375 95.348689373108868
273.0008112836349 95.312367597036825
276.97169952197106 95.277226403824230
281.00034565973334 95.247298029739525
285.0875898049141 95.223869353404609
289.23428428515797 95.194013153146869
293.44129382550057 95.158560743718141
297.7094957286928 95.118988841004551
302.0397800581479 95.075072364374904
306.4330498235497 95.026019927029182
310.89022116916016 94.973303623616232
315.41222356486645 94.918970872508623
320.00000000000654 94.862999999999914
324.6545071800142 94.806680463121822
329.3767157259242 94.749104068143723
334.16761037677935 94.691071914440982
339.02819019498156 94.633467355699224
343.95946877463007 94.576862055969215
348.9624744528898 94.519827791237049
354.03825052443415 94.463579244231227
359.187855459007 94.408608732134525
364.4123631221491 94.354552659841858
369.71286299913527 94.302785228908391
375.0904604221685 94.253705240576664
380.54627680087896 94.205771996677996
386.08144985617537 94.161572836107439
391.6971338574982 94.122794346461887
397.3944998635236 94.086372450805214
403.1747359663683 94.057771933473461
409.0390475393468 94.038149127190025
414.9886574883323 94.026764178139587
421.0248065067734 94.026240864114385
427.1487533344206 94.039632201671282
433.3617750198154 94.071154723043804
439.6651671865984 94.114869492069005
446.06024430368984 94.166885572783826
452.54833995940066 94.231286573549355
459.13080713953053 94.311610377508259
465.8090185095106 94.399921749878388
472.58436670065066 94.491388950458784
479.45826460054917 94.585141914521813
486.432145647728 94.681163609938636
493.50746413055253 94.774526671430124
500.6856954904994 94.861714074268122
507.9683366298358 94.943643787085648
515.3569062237735 95.020390609125855
522.8529450371643 95.091016578140014
530.4580162458005 95.157750008012499
538.1737057623901 95.220840015881294
546.0016225672724 95.280725991378176
553.9433990439449 95.337239405986878
562.0006913194694 95.391404459010573
570.1751796098309 95.444042318678498
578.4685685703187 95.493387982993397
586.8825876510039 95.540010102697963
595.4189914573883 95.584094957286936
604.0795601162986 95.626632883059685
612.8660996471021 95.667745026958187
621.780442338323 95.707527673212581
630.8244471297356 95.745380233231913
640.0000000000159 95.783000000000058
649.3090143600314 95.818374254568113
658.7534314518515 95.851637010081475
668.3352207535618 95.883506228486752
678.0563803899662 95.913169141169902
687.9189375492632 95.940381131383020
697.9249489057827 95.965812372264452
708.0765010488715 95.990787427569728
718.3757109180171 96.016858062840953
728.8247262443015 96.044826760859621
739.425725998274 96.075805891694898
750.1809208443404 96.110170914797749
761.0925536017613 96.150634886273195
772.1628997123541 96.196606002640266
783.3942677149998 96.246597061168075
794.7889997270506 96.299747748703496
806.34947193274 96.355189114341570
818.0780950786972 96.411487838067629
829.9773149766683 96.468237963734879
842.0496130135506 96.526410597316627
854.2975066688449 96.587345658899963
866.7235500396347 96.651571150210373
879.3303343732008 96.718883805615292
892.1204886073838 96.788187988100105
905.0966799188055 96.859031739553416
918.2616142790653 96.930957215898005
931.6180370190256 97.003644663719285
945.1687334013056 97.077031942032022
958.9165292011028 97.150183300355835
972.8642912954606 97.222910743264890
987.0149282611097 97.295923091807254
1001.3713909810035 97.368356954905011
1015.9366732596762 97.441058476530415
1030.7138124475518 97.512941595729274
1045.7058900743334 97.585102977853083
1060.916032491606 97.657274818294155
1076.3474115247852 97.729153179296517
1092.0032451345498 97.800514603105469
1107.8867980878947 97.871923205749539
1124.0013826389438 97.943672773321993
1140.350359219667 98.015782821586043
1156.9371371406426 98.088113481678704
1173.765175302013 98.161112318489927
1190.837982914782 98.234686695632917
1208.1591202326028 98.309176260988551
1225.73219929421 98.383657125597026
1243.5608846766518 98.458812624190301
1261.648894259477 98.534537059414490
1280.0000000000375 98.611000000000161
1298.6180287200684 98.688131833268869
1317.5068629037087 98.766278137905203
1336.6704415071292 98.844848810179229
1356.112760779938 98.924159500178249
1375.8378750985323 99.004143394149054
1395.8498978115715 99.085984581027446
1416.153002097749 99.169227308600767
1436.7514218360407 99.254187186165467
1457.6494524886093 99.341474711402384
1478.8514519965543 99.430330156465374
1500.3618416886875 99.521555919261360
1522.1851072035295 99.615395960975178
1544.3257994247153 99.710214421537785
1566.788535430007 99.806690702349030
1589.5779994541087 99.904976957641750
1612.6989438654878 100.005621374130840
1636.156190157402 100.108810360495710
1659.9546299533442 100.214994927389114
1684.099226027109 100.325038424245236
1708.5950133376978 100.439068462953941
1733.4471000792773 100.557552906385297
1758.6606687464096 100.681303343732054
1784.2409772147755 100.810498622883955
1810.193359837619 100.945524807139378
1836.5232285581387 101.086916827927439
1863.2360740380593 101.235151457574659
1890.3374668026197 101.390150558119146
1917.833058402214 101.552998350413276
1945.7285825909298 101.723273497108309
1974.0298565222283 101.901368693220491
2002.7427819620161 102.087239500047403
2031.8733465193618 102.281269978773651
2061.4276248951132 102.482993374265789
2091.411780148677 102.693141287401318
2121.832064983222 102.911874074377522
2152.694823049581 103.138917746431247
2184.0064902691106 103.372349163788513
2215.7735961758003 103.614365180697064
2248.002765277899 103.861888051482424
2280.7007184393456 104.114930567904935
2313.874274281297 104.371794387775367
2347.530350604038 104.631191527141027
2381.6759658295764 104.890111642867566
2416.318240465218 105.147667096744925
2451.4643985884327 105.398519095101392
2487.1217693533167 105.642645129022114
2523.2977885189675 105.872655066461107
2560.0000000000887 106.087500000000489
2597.236057440151 106.282379427866729
2635.0137258074315 106.454556733337384
2673.340883014273 106.595859002248517
2712.225521559891 106.710656781415054
2751.6757501970797 106.788808244109674
2791.699795623158 106.834114805842006
2832.3060041955137 106.842646120083913
2873.502843672097 106.822317497568548
2915.2989049772345 106.773756806787560
2957.7029039931244 106.699322524095322
3000.723683377391 106.603118423218774
3044.370214407075 106.488763399660201
3088.6515988494466 106.362444073365367
3133.57707086003 106.230152927577166
3179.1559989082334 106.095781363209795
3225.3978877309914 105.963131935475914
3272.3123803148205 105.835095315968871
3319.9092599067053 105.713819591025782
3368.198452054235 105.601691343562862
3417.190026675413 105.499995148783199
3466.8942001585724 105.408955627736773
3517.3213374928373 105.329750127510039
3568.4819544295697 105.262745752405991
3620.386719675257 105.208355819489014
3673.0464571162966 105.166558873732086
3726.472148076138 105.135263925961937
3780.6749336052594 105.109915386546248
3835.6661168044484 105.084353619261691
3891.45716518188 105.049602482419260
3948.059713044477 105.005027975977470
4005.4855639240527 104.935131671656109
4063.746693038744 104.839100722176653
4122.855249790247 104.712957381804102
4182.823560297375 104.553045280199754
4243.664129966465 104.360093759249210
4305.389646099183 104.135981470201344
4368.012980538242 103.881146779793198
4431.5471923516225 103.599114994035276
4496.00553055582 103.299674144651533
4561.401436878714 102.990901879679143
4627.748548562617 102.684100100038563
4695.060701208099 102.397408723911610
4763.351931659176 102.144204382796971
4832.63648093046 101.939683364241333
4902.928797176889 101.803136392846426
4974.243538706657 101.724456337018125
5046.595577037959 101.710994668277849
5120.000000000202 101.736642857142968
5194.472114880326 101.784812822452807
5270.027451614888 101.825325024799298
5346.6817660285715 101.832581257171071
5424.451043119808 101.789264090995601
5503.351500394186 101.682780845806320
5583.399591246343 101.514643414586317
5664.612008391055 101.297555556630911
5747.005687344222 101.055632653600128
5830.597809954497 100.802665537285819
5915.405807986278 100.554212434596778
6001.447366754812 100.324189148548371
6088.740428814181 100.128080480156214
6177.303197698925 99.972630271973742
6267.154141720092 99.860872291351157
6358.3119978165005 99.799301801037160
6450.795775462017 99.786357429687371
6544.624760629676 99.826691694275411
6639.818519813445 99.923051372144414
6736.396904108505 100.078839761778639
6834.380053350861 100.298450941913288
6933.788400317181 100.583825953040360
7034.642674985712 100.928485043947418
7136.963908859177 101.310386951386363
7240.773439350552 101.701138522416528
7346.092914232631 102.062540356976967
7452.944296152315 102.352507159669557
7561.349867210557 102.532586093972412
7671.332233608935 102.595577049968199
7782.914330363799 102.546116648515181
7896.119426088994 102.395096969198860
8010.971127848146 102.163717849556861
8127.49338607753 101.889429411266889
8245.710499580537 101.604344295242328
8365.647120594791 101.340021131309129
8487.328259932974 101.116650735369802
8610.77929219841 100.952756402447022
8736.025961076528 100.863798110514466
8863.094384703289 100.848194105932308
8992.011061111683 100.899331054240974
9122.802873757471 100.999608828651191
9255.497097125279 101.122461105743980
9390.121402416245 101.227801596026893
9526.7038633184 101.269715557822124
9665.272961860968 101.208423545244585
9805.857594353829 101.017581549319559
9948.487077413367 100.681238643484676
10093.19115407597 100.191624641459669
10240.000000000457 99.587499999998002
10388.944229760706 98.902332566600080
10540.05490322983 98.187865925384244
10693.363532057198 97.495756517815948
10848.902086239672 96.856177412111691
11006.703000788428 96.300546309888333
11166.799182492743 95.852806361598795
11329.224016782166 95.561023661944176
11494.0113746885 95.400167085112585
11661.195619909053 95.440328795474983
11830.811615972614 95.580210121129042
12002.894733509682 95.832709003207469
12177.48085762842 96.123350224324327
12354.606395397908 96.454543488464623
12534.308283440243 96.809861229555707
12716.62399563306 97.193297430640186
12901.591550924093 97.559508976848463
13089.249521259411 97.905871973524512
13279.637039626952 98.113933945629327
13472.793808217073 98.100937789317044
13668.760106701786 97.823164153518874
13867.576800634426 97.299192803927014
14069.285349971487 96.619151300601800
14273.927817718419 95.888577690745251
14481.54687870117 95.247682293519219
14692.18582846533 94.828768784200520
14905.888592304698 94.685204509692966
15122.699734421185 94.857874781447791
15342.664467217943 95.300354259438819
15565.828660727671 95.800790293232552
15792.238852178061 95.939813608615069
16021.942255696367 95.222379854003819
16254.986772155136 93.447850982370554
16491.42099916115 90.927934990940457
16731.294241189662 88.123881139327636
16974.65651986603 85.470571263771447
17221.558584396902 83.408465341085801
17472.051922153143 82.095386619892665
17726.188769406665 81.352814097990134
17984.022122223458 80.856059073886598
18245.605747515034 80.330376390019637
18510.99419425065 79.631285124138373
18780.242804832582 78.756174894766190
19053.40772663689 78.119174969986005
19330.545923722028 78.207589944365793
19611.71518870775 78.288424937711341
19896.974154826825 78.169499999999999
20186.382308152035 78.169499999999999
