20 101.813500000000005
20.290906698750476 101.814469692228144
20.586044732869844 101.813546517402045
20.885475648548283 101.810645243514514
21.189261887185914 101.806161086155257
21.49746679841394 101.800428825355766
21.810154653305165 101.793746109936819
22.12739065777668 101.785496756911130
22.449240966187475 101.776358639931615
22.77577269513385 101.764969122091713
23.107053937445478 101.750825709109165
23.44315377638505 101.733626513543783
23.784142300054445 101.713491106246607
24.130090616010463 101.691327263356840
24.481070866093134 101.667325032748323
24.837156241469714 101.643084879587406
25.1984209978975 101.620346713878774
25.56494047120865 101.599546779717514
25.936791093020236 101.581686365114820
26.3140504066728 101.566508257460640
26.69679708340074 101.553850091143730
27.08511093873791 101.541946690348894
27.47907294916184 101.527685934934823
27.878765268980047 101.507319453619871
28.284271247461966 101.480032470182749
28.695675446220072 101.450020016979721
29.11306365684382 101.420263925961990
29.536522918790062 101.393308624872589
29.966141537533712 101.367531507747969
30.402009102982383 101.337849317778591
30.844216508158908 101.304864079683483
31.29285596815558 101.274428641910674
31.74802103936409 101.246870716598792
32.20980663898519 101.210309529462506
32.67830906482211 101.152470549628461
33.153626015361866 101.077034341603536
33.63585661014871 101.015663743051974
34.125101410453844 101.003380983216772
34.62146244024586 101.033152133735484
35.12504320746613 101.052123314908826
35.635948725613716 101.016699844981105
36.15428553564419 100.932457175905824
36.68016172818701 100.843457519781992
37.21368696608603 100.779981860018353
37.754972507267915 100.733191613761733
38.30413122794313 100.686107628345411
38.86127764614443 100.636101842329964
39.4265279456077 100.592648171241621
40.000000000000206 100.556499999999986
40.58181339750116 100.518682003102441
41.1720894657399 100.476023576115978
41.77095129709678 100.429275410978789
42.37852377437204 100.375759307470901
42.9949335968281 100.317981151571843
43.62030930661056 100.262039397719079
44.25478131555359 100.207447469456170
44.89848193237519 100.146813445915214
45.55154539026795 100.077219560920582
46.21410787489121 100.002959994357695
46.88630755277036 99.929506072758016
47.56828460010916 99.854391155429042
48.260181232021196 99.777199633781606
48.962141732186545 99.699413533103538
49.674312482939705 99.630326495384026
50.39684199579528 99.577709184915051
51.129880942417586 99.517776223261905
51.873582186040764 99.432468073268950
52.628100813345895 99.356519534840089
53.393594166801776 99.307074270398488
54.17022187747612 99.244982208051312
54.95814589832399 99.145495898877357
55.75753053796041 99.072427514368485
56.56854249492426 99.033963927687807
57.39135089244048 98.989822735744298
58.226127313687975 98.935485079913519
59.073045837580466 98.898367789517508
59.932283075067765 98.885049612336445
60.804018205965114 98.869890907422516
61.68843301631817 98.844808638308621
62.58571193631152 98.813535821808102
63.49604207872855 98.780638527244491
64.41961327797075 98.745586048964213
65.35661812964459 98.697249967184163
66.3072520307241 98.635833008233362
67.27171322029778 98.588663743051967
68.25020282090806 98.557240467417330
69.2429248804921 98.502444547120376
70.25008641493265 98.419617438693393
71.27189745122783 98.333335793706681
72.30857107128878 98.258714308044446
73.36032345637442 98.196583018540338
74.42737393217246 98.140562868560949
75.50994501453623 98.082240476462303
76.60826245588666 98.017933881045963
77.72255529228926 97.946876331351646
78.85305589121582 97.874941026316833
80.00000000000082 97.797999999999945
81.16362679500274 97.714606537874488
82.34417893148023 97.633667725457755
83.541902594194 97.546059678291044
84.75704754874454 97.455221479397864
85.98986719365665 97.364822003350881
87.24061861322157 97.276256417016128
88.50956263110764 97.178276427579505
89.79696386475084 97.080863067567179
91.10309078053635 96.991500808474370
92.42821574978288 96.909889872863573
93.77261510554118 96.837464195594066
95.13656920021877 96.775956042796281
96.52036246404286 96.705038813304682
97.92428346437356 96.617727123028132
99.34862496587989 96.528982448352849
100.79368399159105 96.438262469860291
102.25976188483567 96.345628493332129
103.74716437208203 96.244864348483617
105.25620162669229 96.126025628913226
106.78718833360406 96.000000141089274
108.34044375495276 95.878346126705267
109.9162917966485 95.752978515372547
111.51506107592134 95.623141442955728
113.13708498984903 95.490822357516777
114.78270178488147 95.355427147565152
116.45225462737648 95.216368596582825
118.14609167516147 95.073818359338304
119.86456615013608 94.942288865654092
121.60803641193078 94.811117253517637
123.3768660326369 94.678079298088392
125.17142387262359 94.544286035370732
126.99208415745765 94.425943287182378
128.83922655594208 94.352235910849188
130.71323625928977 94.313684854094618
132.61450406144883 94.323088747858833
134.5434264405962 94.393394031521154
136.50040564181674 94.510658364039429
138.48584976098482 94.697767781129272
140.50017282986593 94.963606521340353
142.5437949024563 95.237792482746215
144.61714214257822 95.494269913716323
146.7206469127495 95.725641607811838
148.8547478643456 95.931698257363976
151.01989002907314 96.102720697930465
153.216524911774 96.227941336682704
155.4451105845792 96.299362083728880
157.70611178243232 96.316985436254328
160.00000000000236 96.288999999999930
162.3272535900062 96.228956857377838
164.6883578629612 96.148345146368953
167.08380518838874 96.052063987276057
169.51409509748981 95.945574177671460
171.97973438731407 95.831348430673700
174.4812372264439 95.712693108021270
177.01912526221608 95.591485812466061
179.5939277295025 95.470922967805180
182.20618156107355 95.353604302376112
184.85643149956664 95.236817014019067
187.54523021108326 95.123190791556681
190.27313840043846 95.014347602382912
193.04072492808663 94.906736162761462
195.84856692874806 94.798915029936069
198.69724993176072 94.690962302538495
201.58736798318304 94.585883875266461
204.5195237696723 94.482569922023089
207.49432874416505 94.379445658326318
210.5124032533856 94.277842759847175
213.57437666720915 94.178619946649306
216.68088750990657 94.081892487192903
219.83258359329807 93.987396929896022
223.03012215184378 93.899550406093283
226.2741699796992 93.815008665517666
229.5654035697641 93.737068150633803
232.90450925475412 93.666005305650174
236.2921833503241 93.602142451800859
239.72913230027333 93.545003175507958
243.21607282386276 93.491123862127154
246.75373206527502 93.435847936480087
250.34284774524843 93.375628732362628
253.9841683149166 93.313271117607044
257.67845311188546 93.252765330292874
261.42647251858085 93.191391512508233
265.22900812289896 93.128749991987519
269.08685288119375 93.065711682262290
273.0008112836349 93.006612120872290
276.97169952197106 92.940780633963044
281.00034565973334 92.865293536162994
285.0875898049141 92.788888347589577
289.23428428515797 92.712589169153091
293.44129382550057 92.635524322993348
297.7094957286928 92.557416228164925
302.0397800581479 92.477764068924259
306.4330498235497 92.396894086568253
310.89022116916016 92.317448574247408
315.41222356486645 92.242657088823222
320.00000000000654 92.166499999999886
324.6545071800142 92.088304279375762
329.3767157259242 92.009408847377074
334.16761037677935 91.928984145670114
339.02819019498156 91.848534861782809
343.95946877463007 91.767960658973522
348.9624744528898 91.687204161308472
354.03825052443415 91.602657391189510
359.187855459007 91.512374958375574
364.4123631221491 91.423872299547895
369.71286299913527 91.341421909813320
375.0904604221685 91.262772322841997
380.54627680087896 91.188729100559499
386.08144985617537 91.117981876797813
391.6971338574982 91.055418669299712
397.3944998635236 90.998428401200982
403.1747359663683 90.958303513515489
409.0390475393468 90.935402381151633
414.9886574883323 90.927999999999997
421.0248065067734 90.940315283634718
427.1487533344206 90.974227215008966
433.3617750198154 91.035522187747688
439.6651671865984 91.122690829561790
446.06024430368984 91.228442832592947
452.54833995940066 91.353750637159592
459.13080713953053 91.499213506556373
465.8090185095106 91.655781607809999
472.58436670065066 91.814422798407961
479.45826460054917 91.968263373740626
486.432145647728 92.112642912954556
493.50746413055253 92.237415803418202
500.6856954904994 92.345742617503873
507.9683366298358 92.438596292030411
515.3569062237735 92.514661169410573
522.8529450371643 92.579950396843543
530.4580162458005 92.637034357628437
538.1737057623901 92.688017419465439
546.0016225672724 92.733079657305453
553.9433990439449 92.772002370817262
562.0006913194694 92.806302696145934
570.1751796098309 92.838060574751466
578.4685685703187 92.864599419425019
586.8825876510039 92.889803633570466
595.4189914573883 92.913902226507815
604.0795601162986 92.937973762827085
612.8660996471021 92.963250720395081
621.780442338323 92.992262913564375
630.8244471297356 93.025009232023535
640.0000000000159 93.058500000000066
649.3090143600314 93.094805156004128
658.7534314518515 93.134702083670362
668.3352207535618 93.176258210277993
678.0563803899662 93.220962168813344
687.9189375492632 93.267219006481525
697.9249489057827 93.313058517521313
708.0765010488715 93.358440429667468
718.3757109180171 93.403434342493370
728.8247262443015 93.448887559162714
739.425725998274 93.495001908092490
750.1809208443404 93.541283990325468
761.0925536017613 93.588567732274299
772.1628997123541 93.637060406431090
783.3942677149998 93.687597061168077
794.7889997270506 93.741030623692126
806.34947193274 93.797218237002639
818.0780950786972 93.856091794056425
829.9773149766683 93.919066667563087
842.0496130135506 93.987460210330170
854.2975066688449 94.060822228346666
866.7235500396347 94.138521400256110
879.3303343732008 94.221229757019103
892.1204886073838 94.309343420251679
905.0966799188055 94.401875652737914
918.2616142790653 94.499462107092995
931.6180370190256 94.600907977069426
945.1687334013056 94.698986344908917
958.9165292011028 94.758006543503228
972.8642912954606 94.722707120103109
987.0149282611097 94.646993669313048
1001.3713909810035 94.653728345886009
1015.9366732596762 94.743992504221069
1030.7138124475518 94.878944044095903
1045.7058900743334 95.035731700169435
1060.916032491606 95.198332082076575
1076.3474115247852 95.364231699337651
1092.0032451345498 95.536099109174145
1107.8867980878947 95.716169877532764
1124.0013826389438 95.907183488773825
1140.350359219667 96.106781558611686
1156.9371371406426 96.312768241011582
1173.765175302013 96.520292427080534
1190.837982914782 96.717844153288013
1208.1591202326028 96.911053870947313
1225.73219929421 97.085500526745960
1243.5608846766518 97.250052062493381
1261.648894259477 97.400632636452400
1280.0000000000375 97.544500000000284
1298.6180287200684 97.680677581495360
1317.5068629037087 97.818048040325962
1336.6704415071292 97.951776329512228
1356.112760779938 98.085775230362074
1375.8378750985323 98.218613763160164
1395.8498978115715 98.351901820446955
1416.153002097749 98.485032947038633
1436.7514218360407 98.619046670842465
1457.6494524886093 98.753609484976863
1478.8514519965543 98.889572263738017
1500.3618416886875 99.026786839472493
1522.1851072035295 99.164709877526292
1544.3257994247153 99.303479504398723
1566.788535430007 99.444096231791832
1589.5779994541087 99.585883596615474
1612.6989438654878 99.729741409720646
1636.156190157402 99.876783997991623
1659.9546299533442 100.027311446503262
1684.099226027109 100.181599015614580
1708.5950133376978 100.340039486961786
1733.4471000792773 100.502412976520063
1758.6606687464096 100.667813986976455
1784.2409772147755 100.835990449617526
1810.193359837619 101.006868440534788
1836.5232285581387 101.179822843912547
1863.2360740380593 101.354799202728145
1890.3374668026197 101.531193534217024
1917.833058402214 101.708844896110264
1945.7285825909298 101.886833785278313
1974.0298565222283 102.064907498959599
2002.7427819620161 102.243322396033705
2031.8733465193618 102.421833746442132
2061.4276248951132 102.600518161874177
2091.411780148677 102.779282443538904
2121.832064983222 102.957534373653530
2152.694823049581 103.133567064942014
2184.0064902691106 103.309535696480111
2215.7735961758003 103.481100059731745
2248.002765277899 103.650180723495993
2280.7007184393456 103.813720139123504
2313.874274281297 103.971052899598646
2347.530350604038 104.122049197637637
2381.6759658295764 104.264829560755516
2416.318240465218 104.400693401744562
2451.4643985884327 104.525515565165378
2487.1217693533167 104.641792122172717
2523.2977885189675 104.745860140783648
2560.0000000000887 104.840000000000217
2597.236057440151 104.923764819188307
2635.0137258074315 104.998024706453378
2673.340883014273 105.061178368672117
2712.225521559891 105.117004454105853
2751.6757501970797 105.162739272094257
2791.699795623158 105.201718558396706
2832.3060041955137 105.233729503146634
2873.502843672097 105.261806791513422
2915.2989049772345 105.286761408687710
2957.7029039931244 105.309582539116363
3000.723683377391 105.332407071899780
3044.370214407075 105.357122128644235
3088.6515988494466 105.385322974209004
3133.57707086003 105.418566943302267
3179.1559989082334 105.458615078984650
3225.3978877309914 105.506953592013332
3272.3123803148205 105.565344837228167
3319.9092599067053 105.634456630652593
3368.198452054235 105.714575229177086
3417.190026675413 105.805192452283819
3466.8942001585724 105.903626284320325
3517.3213374928373 106.003583754611327
3568.4819544295697 106.095571127087311
3620.386719675257 106.167609922855775
3673.0464571162966 106.205683472563720
3726.472148076138 106.196557825231281
3780.6749336052594 106.127818866190793
3835.6661168044484 106.017171468132119
3891.45716518188 105.857775822394700
3948.059713044477 105.679124030703377
4005.4855639240527 105.501051838306964
4063.746693038744 105.344756834386601
4122.855249790247 105.224740587776182
4182.823560297375 105.147826032109421
4243.664129966465 105.111756265805596
4305.389646099183 105.103384196158402
4368.012980538242 105.113152271594203
4431.5471923516225 105.125809438470327
4496.00553055582 105.126566574490738
4561.401436878714 105.096505757295517
4627.748548562617 105.026310897539375
4695.060701208099 104.893228530300945
4763.351931659176 104.694430256278096
4832.63648093046 104.423240363673358
4902.928797176889 104.070508466774200
4974.243538706657 103.656975422841271
5046.595577037959 103.181232520854849
5120.000000000202 102.664214285712831
5194.472114880326 102.111370848580407
5270.027451614888 101.536602666718693
5346.6817660285715 100.960012604124827
5424.451043119808 100.404652787571621
5503.351500394186 99.890742301079612
5583.399591246343 99.416989875880631
5664.612008391055 98.985163676450426
5747.005687344222 98.607131482831647
5830.597809954497 98.307374770769897
5915.405807986278 98.113638905369669
6001.447366754812 98.055908714907901
6088.740428814181 98.186782624227121
6177.303197698925 98.510030463158387
6267.154141720092 99.024180774723604
6358.3119978165005 99.715200582149890
6450.795775462017 100.529924585060627
6544.624760629676 101.419405816273212
6639.818519813445 102.319432197085561
6736.396904108505 103.168042861361059
6834.380053350861 103.915190157984284
6933.788400317181 104.531875449655686
7034.642674985712 105.010008231820350
7136.963908859177 105.356290982578145
7240.773439350552 105.583902698190116
7346.092914232631 105.707112717107037
7452.944296152315 105.740588063711613
7561.349867210557 105.696333215186172
7671.332233608935 105.587201484627940
7782.914330363799 105.410487376874471
7896.119426088994 105.154141721733026
8010.971127848146 104.801038279340560
8127.49338607753 104.355712073386371
8245.710499580537 103.830555280709547
8365.647120594791 103.245273905703201
8487.328259932974 102.632545086255419
8610.77929219841 102.017834601697075
8736.025961076528 101.429801758815458
8863.094384703289 100.890943608138940
8992.011061111683 100.417819405720124
9122.802873757471 100.025085731208861
9255.497097125279 99.725183501918309
9390.121402416245 99.514956872483083
9526.7038633184 99.382919956648720
9665.272961860968 99.301997801044507
9805.857594353829 99.247238863384325
9948.487077413367 99.206734319114318
10093.19115407597 99.187044707673920
10240.000000000457 99.198400000000078
10388.944229760706 99.260460590075837
10540.05490322983 99.407877182867651
10693.363532057198 99.661803734605627
10848.902086239672 100.049596167850282
11006.703000788428 100.590302124814357
11166.799182492743 101.288667603805322
11329.224016782166 102.175192561625749
11494.0113746885 103.208799456815143
11661.195619909053 104.388459010856565
11830.811615972614 105.446580074046665
12002.894733509682 106.120020735946540
12177.48085762842 106.286018294660380
12354.606395397908 105.603934621880029
12534.308283440243 104.499714489633362
12716.62399563306 103.110771873508995
12901.591550924093 101.844905784733527
13089.249521259411 100.688396521838428
13279.637039626952 99.823419546853444
13472.793808217073 99.298526247400744
13668.760106701786 99.076482682127448
13867.576800634426 99.111602396536085
14069.285349971487 99.295787715136925
14273.927817718419 99.509298023152880
14481.54687870117 99.629088908137589
14692.18582846533 99.472451444205944
14905.888592304698 98.880007698779650
15122.699734421185 97.835933550980286
15342.664467217943 96.444775374146587
15565.828660727671 94.870243698832041
15792.238852178061 93.240836983970425
16021.942255696367 91.602700640793756
16254.986772155136 89.938331959977489
16491.42099916115 88.294641213831682
16731.294241189662 86.747315440668103
16974.65651986603 85.356792036677476
17221.558584396902 84.258139384080565
17472.051922153143 83.443142106726498
17726.188769406665 82.726742843510664
17984.022122223458 81.884482642707013
18245.605747515034 80.794552533991521
18510.99419425065 79.911012482038501
18780.242804832582 79.706721205639496
19053.40772663689 79.421469524412231
19330.545923722028 78.279652019950618
19611.71518870775 75.706873190431537
19896.974154826825 74.138999999999996
20186.382308152035 74.138999999999996
