20 68.236500000000007
20.290906698750476 68.250995350968651
20.586044732869844 68.264501870103260
20.885475648548283 68.277017210967216
21.189261887185914 68.288008927972243
21.49746679841394 68.298516405056091
21.810154653305165 68.309505366518479
22.12739065777668 68.320514558674915
22.449240966187475 68.332509211245707
22.77577269513385 68.344991310976070
23.107053937445478 68.357001765809230
23.44315377638505 68.368004509571421
23.784142300054445 68.378003290174675
24.130090616010463 68.386001936239552
24.481070866093134 68.393501791558535
24.837156241469714 68.402504544419472
25.1984209978975 68.413013192032210
25.56494047120865 68.424498134656403
25.936791093020236 68.435993541854117
26.3140504066728 68.445501052880900
26.69679708340074 68.453495761533162
27.08511093873791 68.461002252563205
27.47907294916184 68.469002006101945
27.878765268980047 68.479993544896956
28.284271247461966 68.491006254492447
28.695675446220072 68.500492516357014
29.11306365684382 68.507500450402205
29.536522918790062 68.510496624425400
29.966141537533712 68.512500811568430
30.402009102982383 68.515000092677425
30.844216508158908 68.519502652104393
31.29285596815558 68.524998235690106
31.74802103936409 68.531500273238493
32.20980663898519 68.537497488817991
32.67830906482211 68.543002597183374
33.153626015361866 68.546996857271949
33.63585661014871 68.550498958787387
34.125101410453844 68.554000511141396
34.62146244024586 68.556503211390606
35.12504320746613 68.560000295941535
35.635948725613716 68.563499648805575
36.15428553564419 68.566500542843428
36.68016172818701 68.567499848569099
37.21368696608603 68.567000293102922
37.754972507267915 68.567000000000007
38.30413122794313 68.568499882201124
38.86127764614443 68.567998528377331
39.4265279456077 68.565002502055080
40.000000000000206 68.563500000000005
40.58181339750116 68.565999198442881
41.1720894657399 68.566498805132028
41.77095129709678 68.558500650456139
42.37852377437204 68.548507832658345
42.9949335968281 68.548500000000004
43.62030930661056 68.552998538708920
44.25478131555359 68.550001033154857
44.89848193237519 68.536490420304460
45.55154539026795 68.523509036584898
46.21410787489121 68.517499518415661
46.88630755277036 68.514497519735727
47.56828460010916 68.508997532368994
48.260181232021196 68.502998838256275
48.962141732186545 68.498498606565576
49.674312482939705 68.491494165256313
50.39684199579528 68.478002950285983
51.129880942417586 68.465002111526019
51.873582186040764 68.459003369467410
52.628100813345895 68.453497762628103
53.393594166801776 68.436509006742000
54.17022187747612 68.407492116028777
54.95814589832399 68.379497811525141
55.75753053796041 68.367507041930594
56.56854249492426 68.357505641246320
57.39135089244048 68.338991175160174
58.226127313687975 68.317997144084927
59.073045837580466 68.298998932768797
59.932283075067765 68.278993507452583
60.804018205965114 68.258999588100338
61.68843301631817 68.238990114883592
62.58571193631152 68.218506576064158
63.49604207872855 68.196498929815874
64.41961327797075 68.173009835462864
65.35661812964459 68.151508762233334
66.3072520307241 68.128493731878365
67.27171322029778 68.104507132344935
68.25020282090806 68.086997242616064
69.2429248804921 68.073501021262189
70.25008641493265 68.060998943065897
71.27189745122783 68.048501254265801
72.30857107128878 68.035505377119819
73.36032345637442 68.022995301242915
74.42737393217246 68.007493612423644
75.50994501453623 67.989000939271534
76.60826245588666 67.972494468418532
77.72255529228926 67.949009372763413
78.85305589121582 67.915998123965295
80.00000000000082 67.877499999999969
81.16362679500274 67.837012985225428
82.34417893148023 67.796994025660098
83.541902594194 67.757003252280668
84.75704754874454 67.697497744037662
85.98986719365665 67.639006301030889
87.24061861322157 67.590514785978229
88.50956263110764 67.540517232816882
89.79696386475084 67.494001305585925
91.10309078053635 67.435996128980904
92.42821574978288 67.379490455678749
93.77261510554118 67.320017026929591
95.13656920021877 67.260018950137010
96.52036246404286 67.201985800909995
97.92428346437356 67.146987766274407
99.34862496587989 67.085516185683076
100.79368399159105 67.021014105565655
102.25976188483567 66.965509014591817
103.74716437208203 66.897992592908167
105.25620162669229 66.829990122794300
106.78718833360406 66.754990783416673
108.34044375495276 66.678973673167462
109.9162917966485 66.585488229591107
111.51506107592134 66.520997590099284
113.13708498984903 66.456996179071183
114.78270178488147 66.383013406998046
116.45225462737648 66.307489252740595
118.14609167516147 66.235997173482502
119.86456615013608 66.183013376406507
121.60803641193078 66.104498445957731
123.3768660326369 66.029005717657384
125.17142387262359 65.969988012388740
126.99208415745765 65.918497835690715
128.83922655594208 65.870995406016107
130.71323625928977 65.832994534485408
132.61450406144883 65.789011472816128
134.5434264405962 65.751494334463203
136.50040564181674 65.725494791608099
138.48584976098482 65.700001929050813
140.50017282986593 65.690999577226350
142.5437949024563 65.686000501706317
144.61714214257822 65.653497399007009
146.7206469127495 65.615006460959663
148.8547478643456 65.583503721777461
151.01989002907314 65.521003174680345
153.216524911774 65.468511352813778
155.4451105845792 65.378497163243878
157.70611178243232 65.320496978853186
160.00000000000236 65.258499999999927
162.3272535900062 65.189494522198089
164.6883578629612 65.138495071169558
167.08380518838874 65.105502683131533
169.51409509748981 65.087999807182712
171.97973438731407 65.083000538549655
174.4812372264439 65.086999719590494
177.01912526221608 65.083998686570936
179.5939277295025 65.057000757787748
182.20618156107355 65.009995649385587
184.85643149956664 64.946486039247930
187.54523021108326 64.859491223624389
190.27313840043846 64.755494074981215
193.04072492808663 64.637011776019420
195.84856692874806 64.522517659066366
198.69724993176072 64.402488843876426
201.58736798318304 64.273484128921694
204.5195237696723 64.147020539766942
207.49432874416505 64.017986166166679
210.5124032533856 63.890983274598312
213.57437666720915 63.763985149104244
216.68088750990657 63.641504435158176
219.83258359329807 63.523015654883935
223.03012215184378 63.386994897788277
226.2741699796992 63.251493466292331
229.5654035697641 63.124984473438715
232.90450925475412 62.996518880468294
236.2921833503241 62.863993038342365
239.72913230027333 62.733494953846758
243.21607282386276 62.600497252123887
246.75373206527502 62.467010110029904
250.34284774524843 62.332005727052504
253.9841683149166 62.194993803240749
257.67845311188546 62.058983377031950
261.42647251858085 61.921482543029029
265.22900812289896 61.780999701023418
269.08685288119375 61.639005414948286
273.0008112836349 61.498006798417855
276.97169952197106 61.354510858372485
281.00034565973334 61.210987612732161
285.0875898049141 61.064514699995129
289.23428428515797 60.915989931426537
293.44129382550057 60.766989434946275
297.7094957286928 60.613518132032247
302.0397800581479 60.460007797014853
306.4330498235497 60.304498250530507
310.89022116916016 60.147992272284981
315.41222356486645 59.989992130399756
320.00000000000654 59.828499999999771
324.6545071800142 59.665017309574154
329.3767157259242 59.502009812933998
334.16761037677935 59.340013174485861
339.02819019498156 59.179493597167522
343.95946877463007 59.013484446014672
348.9624744528898 58.847484577476990
354.03825052443415 58.682492216716611
359.187855459007 58.522504490593960
364.4123631221491 58.368989964649145
369.71286299913527 58.222503786196313
375.0904604221685 58.087490168771510
380.54627680087896 57.970996274315183
386.08144985617537 57.896497997435119
391.6971338574982 57.871500739998453
397.3944998635236 57.902997235117759
403.1747359663683 57.977996573958066
409.0390475393468 58.081500898853193
414.9886574883323 58.193993523939056
421.0248065067734 58.294996762290275
427.1487533344206 58.363997220782991
433.3617750198154 58.395998841241607
439.6651671865984 58.388498888908458
446.06024430368984 58.345997326516340
452.54833995940066 58.274995507144482
459.13080713953053 58.188002548816776
465.8090185095106 58.094499758215250
472.58436670065066 58.005995865682216
479.45826460054917 57.928497685598870
486.432145647728 57.867498929514937
493.50746413055253 57.815498286744727
500.6856954904994 57.789001124042599
507.9683366298358 57.781000136674720
515.3569062237735 57.783999961926014
522.8529450371643 57.798999890015672
530.4580162458005 57.826000065269540
538.1737057623901 57.856998817863413
546.0016225672724 57.903997733860734
553.9433990439449 57.959503218895058
562.0006913194694 58.024497510023025
570.1751796098309 58.102501829880723
578.4685685703187 58.186995604556543
586.8825876510039 58.263496250927233
595.4189914573883 58.326499936951201
604.0795601162986 58.365997993833716
612.8660996471021 58.379999983231926
621.780442338323 58.378499388630132
630.8244471297356 58.365999220349195
640.0000000000159 58.349999999999966
649.3090143600314 58.331499979472639
658.7534314518515 58.317999459672073
668.3352207535618 58.305999693429371
678.0563803899662 58.292499633609992
687.9189375492632 58.283000060152283
697.9249489057827 58.282000005106354
708.0765010488715 58.285000413486934
718.3757109180171 58.293499761437204
728.8247262443015 58.309499580812407
739.425725998274 58.337999263366740
750.1809208443404 58.378999698244343
761.0925536017613 58.434997709099946
772.1628997123541 58.504999365841442
783.3942677149998 58.586002314166521
794.7889997270506 58.684499997640586
806.34947193274 58.802505351441248
818.0780950786972 58.935501142638351
829.9773149766683 59.078503991669862
842.0496130135506 59.231495095756912
854.2975066688449 59.394006849631118
866.7235500396347 59.561993917008017
879.3303343732008 59.736504771157868
892.1204886073838 59.919007172667534
905.0966799188055 60.109495301266278
918.2616142790653 60.311994066958661
931.6180370190256 60.526500611929876
945.1687334013056 60.750495593084821
958.9165292011028 60.987991866836040
972.8642912954606 61.239505310877597
987.0149282611097 61.497498692061782
1001.3713909810035 61.765007515768296
1015.9366732596762 62.044993719120512
1030.7138124475518 62.334496325611845
1045.7058900743334 62.631997818644223
1060.916032491606 62.940000669582702
1076.3474115247852 63.258008687336584
1092.0032451345498 63.588505231718230
1107.8867980878947 63.927495690745168
1124.0013826389438 64.274508296868660
1140.350359219667 64.629007839725062
1156.9371371406426 64.991003003109512
1173.765175302013 65.359503835020320
1190.837982914782 65.732999626232697
1208.1591202326028 66.110502575973072
1225.73219929421 66.487004180606576
1243.5608846766518 66.860997580855241
1261.648894259477 67.231997831173487
1280.0000000000375 67.596500000000717
1298.6180287200684 67.951500521519591
1317.5068629037087 68.294497510507284
1336.6704415071292 68.623507141592967
1356.112760779938 68.937996130498931
1375.8378750985323 69.235498116188268
1395.8498978115715 69.514498575326229
1416.153002097749 69.779000025307823
1436.7514218360407 70.027504703215499
1457.6494524886093 70.260504652509994
1478.8514519965543 70.478504276012217
1500.3618416886875 70.681998502331268
1522.1851072035295 70.871500844903835
1544.3257994247153 71.045998419204778
1566.788535430007 71.208996628904913
1589.5779994541087 71.360999996358970
1612.6989438654878 71.501999657671973
1636.156190157402 71.631500918866394
1659.9546299533442 71.746498211884315
1684.099226027109 71.851500811985048
1708.5950133376978 71.939500038372984
1733.4471000792773 72.011000232197887
1758.6606687464096 72.069499231445434
1784.2409772147755 72.115999958580431
1810.193359837619 72.154500444159609
1836.5232285581387 72.187000243847820
1863.2360740380593 72.215500072393496
1890.3374668026197 72.241999478646193
1917.833058402214 72.268500059666735
1945.7285825909298 72.296999573553251
1974.0298565222283 72.330499830164825
2002.7427819620161 72.369999700048737
2031.8733465193618 72.421000738647265
2061.4276248951132 72.483999200419291
2091.411780148677 72.562499424415392
2121.832064983222 72.663500255822868
2152.694823049581 72.784999303389952
2184.0064902691106 72.919997802322754
2215.7735961758003 73.060998207598701
2248.002765277899 73.196999009519203
2280.7007184393456 73.321498927937441
2313.874274281297 73.432000782356923
2347.530350604038 73.528000821423390
2381.6759658295764 73.607999919942785
2416.318240465218 73.670500318148086
2451.4643985884327 73.717000340931833
2487.1217693533167 73.747499802716817
2523.2977885189675 73.763999903542768
2560.0000000000887 73.768000000000001
2597.236057440151 73.764999985555562
2635.0137258074315 73.755500068950965
2673.340883014273 73.741500042732284
2712.225521559891 73.717500295295423
2751.6757501970797 73.671500291278434
2791.699795623158 73.599500367657726
2832.3060041955137 73.497499986760772
2873.502843672097 73.367500493303567
2915.2989049772345 73.215000346707143
2957.7029039931244 73.042500390557166
3000.723683377391 72.855001379947907
3044.370214407075 72.654998988052057
3088.6515988494466 72.446001893330589
3133.57707086003 72.231499663415249
3179.1559989082334 72.015000005185897
3225.3978877309914 71.800500520775529
3272.3123803148205 71.593498417918482
3319.9092599067053 71.395499020418299
3368.198452054235 71.213498491368640
3417.190026675413 71.049999924864039
3466.8942001585724 70.909999573303054
3517.3213374928373 70.802499623989149
3568.4819544295697 70.745500050771369
3620.386719675257 70.772999851479995
3673.0464571162966 70.925002322971480
3726.472148076138 71.196500835955533
3780.6749336052594 71.502499625172220
3835.6661168044484 71.718000060714616
3891.45716518188 71.746999429481519
3948.059713044477 71.551500991110089
4005.4855639240527 71.146003079246270
4063.746693038744 70.578502990002107
4122.855249790247 69.929997438326424
4182.823560297375 69.315004509281707
4243.664129966465 68.850499505198457
4305.389646099183 68.615501347352691
4368.012980538242 68.636499993473706
4431.5471923516225 68.884001210068305
4496.00553055582 69.289503971299069
4561.401436878714 69.779003476698037
4627.748548562617 70.306996407443506
4695.060701208099 70.863997527527204
4763.351931659176 71.433999429584134
4832.63648093046 72.019495613549594
4902.928797176889 72.657998157648720
4974.243538706657 73.290495908742344
5046.595577037959 73.804496995211068
5120.000000000202 74.109500000000068
5194.472114880326 74.132999610755562
5270.027451614888 73.876997381216910
5346.6817660285715 73.432501356732118
5424.451043119808 72.901499724834622
5503.351500394186 72.398003188191879
5583.399591246343 71.927496341702835
5664.612008391055 71.424999947908532
5747.005687344222 70.913501940959677
5830.597809954497 70.431501095821758
5915.405807986278 69.988501002995932
6001.447366754812 69.552497989619127
6088.740428814181 69.073997339369811
6177.303197698925 68.524498516999529
6267.154141720092 67.850498666097991
6358.3119978165005 66.992500020551603
6450.795775462017 65.977502464275460
6544.624760629676 64.902002743744305
6639.818519813445 63.788994092967869
6736.396904108505 62.691501089687364
6834.380053350861 61.638499497398811
6933.788400317181 60.702005649417657
7034.642674985712 60.047502109205894
7136.963908859177 59.604000395040657
7240.773439350552 59.399500323297261
7346.092914232631 59.476999936887857
7452.944296152315 59.750500861908520
7561.349867210557 60.065999613535510
7671.332233608935 60.337000334974228
7782.914330363799 60.496999039801835
7896.119426088994 60.448500245878570
8010.971127848146 60.119499363074361
8127.49338607753 59.538997692705216
8245.710499580537 58.832502990630445
8365.647120594791 58.125499339945179
8487.328259932974 57.459498871422070
8610.77929219841 56.923499419088650
8736.025961076528 56.674500077382646
8863.094384703289 56.796499409248526
8992.011061111683 57.117000065881300
9122.802873757471 57.257999863904544
9255.497097125279 57.024999658751355
9390.121402416245 56.551998703622353
9526.7038633184 56.112000440317644
9665.272961860968 55.858000069909679
9805.857594353829 55.757500145848581
9948.487077413367 55.792500104053104
10093.19115407597 55.987000358404075
10240.000000000457 56.328500000001398
10388.944229760706 56.786000843864386
10540.05490322983 57.340999644582823
10693.363532057198 57.965501746283564
10848.902086239672 58.476000136354003
11006.703000788428 58.725499999876888
11166.799182492743 58.700499683158668
11329.224016782166 58.418499956361160
11494.0113746885 57.990001626004187
11661.195619909053 57.555498899917907
11830.811615972614 57.254500681489731
12002.894733509682 57.206500074333519
12177.48085762842 57.485003200503513
12354.606395397908 58.146002222288374
12534.308283440243 59.155995972658474
12716.62399563306 60.284499972969357
12901.591550924093 61.082998061355951
13089.249521259411 61.141999849483128
13279.637039626952 60.547999858853970
13472.793808217073 59.860000683105739
13668.760106701786 59.519500012880400
13867.576800634426 59.543499975933777
14069.285349971487 59.606499427097688
14273.927817718419 59.271500298394422
14481.54687870117 58.323000554149381
14692.18582846533 56.822501221937877
14905.888592304698 54.873503718235781
15122.699734421185 52.541502856542323
15342.664467217943 49.892993340262706
15565.828660727671 46.712004835997028
15792.238852178061 41.719003259904326
16021.942255696367 34.956000519525197
16254.986772155136 35.429509972151898
16491.42099916115 38.482987074466557
16731.294241189662 41.362990889454963
16974.65651986603 43.861504941720312
17221.558584396902 46.208496049377800
17472.051922153143 48.037992127872030
17726.188769406665 48.725999375734986
17984.022122223458 48.120494667396486
18245.605747515034 46.877496012994015
18510.99419425065 45.461998486745536
18780.242804832582 43.364502916850043
19053.40772663689 44.354499009285647
19330.545923722028 46.527491561086563
19611.71518870775 46.465998848939627
19896.974154826825 44.726005155301557
20186.382308152035 44.725999999999999
