20 66.286000000000001
20.290906698750476 66.298995831902943
20.586044732869844 66.313502468536299
20.885475648548283 66.330028163400883
21.189261887185914 66.348015730236824
21.49746679841394 66.366526098952846
21.810154653305165 66.384007317979737
22.12739065777668 66.399015771897808
22.449240966187475 66.412008474346038
22.77577269513385 66.423492006097973
23.107053937445478 66.436502327657621
23.44315377638505 66.451006989835690
23.784142300054445 66.466506374713418
24.130090616010463 66.482003356148539
24.481070866093134 66.495001891089558
24.837156241469714 66.504503462414846
25.1984209978975 66.512509750632503
25.56494047120865 66.520998621267779
25.936791093020236 66.531494103432024
26.3140504066728 66.546502171566857
26.69679708340074 66.562991258162171
27.08511093873791 66.581005068267217
27.47907294916184 66.599003100339374
27.878765268980047 66.615990023931658
28.284271247461966 66.631507900411520
28.695675446220072 66.643490546977276
29.11306365684382 66.652001050938466
29.536522918790062 66.658992123659274
29.966141537533712 66.666503083960038
30.402009102982383 66.676000247139797
30.844216508158908 66.688005786409605
31.29285596815558 66.699996150596576
31.74802103936409 66.711000455397482
32.20980663898519 66.720995814696636
32.67830906482211 66.732007791550132
33.153626015361866 66.743990571815843
33.63585661014871 66.755496578872837
34.125101410453844 66.764501431195924
34.62146244024586 66.771505505241009
35.12504320746613 66.777500591883097
35.635948725613716 66.784499297611148
36.15428553564419 66.792504342747435
36.68016172818701 66.800502574325080
37.21368696608603 66.808995017250425
37.754972507267915 66.816999593453119
38.30413122794313 66.824001531385335
38.86127764614443 66.830503433786234
39.4265279456077 66.837494161871476
40.000000000000206 66.844999999999999
40.58181339750116 66.848998717508607
41.1720894657399 66.852000448075501
41.77095129709678 66.854999756078939
42.37852377437204 66.859996083670822
42.9949335968281 66.864999461013213
43.62030930661056 66.869502191936618
44.25478131555359 66.873998450267706
44.89848193237519 66.875999263100340
45.55154539026795 66.875000695121912
46.21410787489121 66.876000882904606
46.88630755277036 66.881501352871425
47.56828460010916 66.884499383092248
48.260181232021196 66.883000000000010
48.962141732186545 66.883000000000010
49.674312482939705 66.882998703390285
50.39684199579528 66.880000655619099
51.129880942417586 66.877000487275239
51.873582186040764 66.876500280788946
52.628100813345895 66.871998947119110
53.393594166801776 66.864004238466833
54.17022187747612 66.862000844711218
54.95814589832399 66.864998996949026
55.75753053796041 66.859503227551528
56.56854249492426 66.845008179807138
57.39135089244048 66.838002101152341
58.226127313687975 66.843000601245279
59.073045837580466 66.846999839915327
59.932283075067765 66.843997565294714
60.804018205965114 66.836499794050169
61.68843301631817 66.826495419092396
62.58571193631152 66.817003047444359
63.49604207872855 66.806499385213385
64.41961327797075 66.793005650159529
65.35661812964459 66.777006520731788
66.3072520307241 66.760996213009847
67.27171322029778 66.746504309125058
68.25020282090806 66.729496731989400
69.2429248804921 66.713501210384820
70.25008641493265 66.697498604846970
71.27189745122783 66.681001655630865
72.30857107128878 66.662007858867412
73.36032345637442 66.640494240233267
74.42737393217246 66.621492921874847
75.50994501453623 66.601001040814410
76.60826245588666 66.576994586111766
77.72255529228926 66.554009173342905
78.85305589121582 66.532498757431554
80.00000000000082 66.506999999999977
81.16362679500274 66.478509137751217
82.34417893148023 66.445494921811076
83.541902594194 66.411502764438566
84.75704754874454 66.381998727405858
85.98986719365665 66.349003554427682
87.24061861322157 66.314510517860796
88.50956263110764 66.276013269268987
89.79696386475084 66.241000982699092
91.10309078053635 66.198997841821210
92.42821574978288 66.167492460788253
93.77261510554118 66.120513449843543
95.13656920021877 66.080512633424675
96.52036246404286 66.045489415223827
97.92428346437356 66.004491147954639
99.34862496587989 65.960011711591818
100.79368399159105 65.917009403710438
102.25976188483567 65.872007309128520
103.74716437208203 65.827994880392424
105.25620162669229 65.780994600460886
106.78718833360406 65.739995331072919
108.34044375495276 65.701485358339113
109.9162917966485 65.649491423112892
111.51506107592134 65.602498060783006
113.13708498984903 65.550996256522453
114.78270178488147 65.478513135234550
116.45225462737648 65.419990680698149
118.14609167516147 65.357995680227987
119.86456615013608 65.277020443187297
121.60803641193078 65.210498744416185
123.3768660326369 65.149504619564254
125.17142387262359 65.075984055313171
126.99208415745765 65.007496810491602
128.83922655594208 64.937489905324895
130.71323625928977 64.853989627943903
132.61450406144883 64.770521772276041
134.5434264405962 64.686982022815954
136.50040564181674 64.604484170573613
138.48584976098482 64.527005862801445
140.50017282986593 64.441993404731136
142.5437949024563 64.364007826618604
144.61714214257822 64.291997399007002
146.7206469127495 64.253506460959670
148.8547478643456 64.217004312535792
151.01989002907314 64.246998476153436
153.216524911774 64.300488430942153
155.4451105845792 64.369502298750660
157.70611178243232 64.416504848453357
160.00000000000236 64.516000000000133
162.3272535900062 64.638007733367402
164.6883578629612 64.710001941660465
167.08380518838874 64.722998943008790
169.51409509748981 64.705499093758704
171.97973438731407 64.682002531183343
174.4812372264439 64.630993176701963
177.01912526221608 64.557996327263169
179.5939277295025 64.482502118999051
182.20618156107355 64.405494827222242
184.85643149956664 64.329986520653179
187.54523021108326 64.245992531641903
190.27313840043846 64.157495224984871
193.04072492808663 64.062009490378514
195.84856692874806 63.955516425245136
198.69724993176072 63.841489881655363
201.58736798318304 63.724485007163196
204.5195237696723 63.605019403179057
207.49432874416505 63.488486601877966
210.5124032533856 63.365484130622811
213.57437666720915 63.244985452183748
216.68088750990657 63.125004344644736
219.83258359329807 63.008515390666489
223.03012215184378 62.892995801501058
226.2741699796992 62.781494705889045
229.5654035697641 62.678985017170433
232.90450925475412 62.555018219284577
236.2921833503241 62.444493945224970
239.72913230027333 62.330995788548798
243.21607282386276 62.219997704957407
246.75373206527502 62.108508443957554
250.34284774524843 61.993504878600291
253.9841683149166 61.872494327231429
257.67845311188546 61.747984585975082
261.42647251858085 61.620483723393612
265.22900812289896 61.489499712603497
269.08685288119375 61.353005205214373
273.0008112836349 61.214006701986392
276.97169952197106 61.073510631368180
281.00034565973334 60.930487950951076
285.0875898049141 60.788014298630074
289.23428428515797 60.640990167936650
293.44129382550057 60.495489813498693
297.7094957286928 60.347517482350312
302.0397800581479 60.199507517642985
306.4330498235497 60.048998295245383
310.89022116916016 59.896492736926078
315.41222356486645 59.747992812594205
320.00000000000654 59.600499999999791
324.6545071800142 59.453015615670864
329.3767157259242 59.309008669095064
334.16761037677935 59.155512483231973
339.02819019498156 59.000994677163362
343.95946877463007 58.862986929030399
348.9624744528898 58.723487054427650
354.03825052443415 58.584993846341568
359.187855459007 58.458503550375852
364.4123631221491 58.348992773177372
369.71286299913527 58.243502726578235
375.0904604221685 58.157494388182883
380.54627680087896 58.090997199485230
386.08144985617537 58.034997516819544
391.6971338574982 58.004000152698097
397.3944998635236 58.010499429468744
403.1747359663683 58.011499954319440
409.0390475393468 58.052500495367987
414.9886574883323 58.114496430970860
421.0248065067734 58.158998573484325
427.1487533344206 58.194498570112984
433.3617750198154 58.212499348198406
439.6651671865984 58.191499320273408
446.06024430368984 58.165498192574432
452.54833995940066 58.117496333416767
459.13080713953053 58.046502080068862
465.8090185095106 57.969499784169543
472.58436670065066 57.890495492259966
479.45826460054917 57.805997078542831
486.432145647728 57.728998425151779
493.50746413055253 57.652495377443302
500.6856954904994 57.581003032794158
507.9683366298358 57.554000000000002
515.3569062237735 57.554000000000002
522.8529450371643 57.589499739703754
530.4580162458005 57.645500133697297
538.1737057623901 57.708997578526670
546.0016225672724 57.791496022202345
553.9433990439449 57.871003639827492
562.0006913194694 57.944497184410650
570.1751796098309 58.012501483394431
578.4685685703187 58.080996436829857
586.8825876510039 58.145496839017085
595.4189914573883 58.202499942955853
604.0795601162986 58.245497816072145
612.8660996471021 58.267000011178723
621.780442338323 58.267999486449312
630.8244471297356 58.257499122892838
640.0000000000159 58.239499999999964
649.3090143600314 58.216499969589094
658.7534314518515 58.196499234535437
668.3352207535618 58.179499750201707
678.0563803899662 58.168499942148941
687.9189375492632 58.167000009497727
697.9249489057827 58.171999974468207
708.0765010488715 58.184500851296626
718.3757109180171 58.201999508841297
728.8247262443015 58.225999371218606
739.425725998274 58.255499237519956
750.1809208443404 58.296999694564398
761.0925536017613 58.355497606827626
772.1628997123541 58.422999388489963
783.3942677149998 58.502002184949106
794.7889997270506 58.594999997772334
806.34947193274 58.698004365649439
818.0780950786972 58.806500926895438
829.9773149766683 58.922503156810805
842.0496130135506 59.043496121480963
854.2975066688449 59.172005585711091
866.7235500396347 59.308995039464875
879.3303343732008 59.453003960714611
892.1204886073838 59.604506024287694
905.0966799188055 59.764496053556982
918.2616142790653 59.937494931278259
931.6180370190256 60.122000539536387
945.1687334013056 60.319496114438628
958.9165292011028 60.528492842815716
972.8642912954606 60.750504837427265
987.0149282611097 60.985498808660928
1001.3713909810035 61.233006965506689
1015.9366732596762 61.492494178970617
1030.7138124475518 61.763496560417309
1045.7058900743334 62.044997935960836
1060.916032491606 62.336000632734603
1076.3474115247852 62.636508174770583
1092.0032451345498 62.947504946211488
1107.8867980878947 63.267995925910995
1124.0013826389438 63.595007828780155
1140.350359219667 63.929507406591071
1156.9371371406426 64.271502840118501
1173.765175302013 64.620003609128901
1190.837982914782 64.971499648248454
1208.1591202326028 65.324002408346672
1225.73219929421 65.676003957044713
1243.5608846766518 66.029997710221267
1261.648894259477 66.384997924707775
1280.0000000000375 66.739500000000703
1298.6180287200684 67.092500529121907
1317.5068629037087 67.440497474217295
1336.6704415071292 67.780007527625031
1356.112760779938 68.111495921336697
1375.8378750985323 68.436497942054388
1395.8498978115715 68.745498422135512
1416.153002097749 69.034500027701114
1436.7514218360407 69.306505228037821
1457.6494524886093 69.565505164712931
1478.8514519965543 69.807504738283811
1500.3618416886875 70.032998340421130
1522.1851072035295 70.246000987738583
1544.3257994247153 70.449998151964309
1566.788535430007 70.646495936072498
1589.5779994541087 70.837999995412787
1612.6989438654878 71.029999533851196
1636.156190157402 71.225001566067931
1659.9546299533442 71.420996952428908
1684.099226027109 71.609501642424291
1708.5950133376978 71.787500090699780
1733.4471000792773 71.956500611256004
1758.6606687464096 72.110497976796495
1784.2409772147755 72.249999875741253
1810.193359837619 72.378501619474292
1836.5232285581387 72.497000958279173
1863.2360740380593 72.609000278646675
1890.3374668026197 72.710997993279733
1917.833058402214 72.801000167485569
1945.7285825909298 72.880998802956498
1974.0298565222283 72.949999650190222
2002.7427819620161 73.008999551971542
2031.8733465193618 73.054500404497304
2061.4276248951132 73.088999562134376
2091.411780148677 73.111499835023523
2121.832064983222 73.119999982102939
2152.694823049581 73.111500048734030
2184.0064902691106 73.071500651163632
2215.7735961758003 72.992001010609243
2248.002765277899 72.865500921292806
2280.7007184393456 72.683001571497329
2313.874274281297 72.444497714050868
2347.530350604038 72.163996965867369
2381.6759658295764 71.868500295711357
2416.318240465218 71.589998416101466
2451.4643985884327 71.358498250628486
2487.1217693533167 71.202001012289131
2523.2977885189675 71.125500447210840
2560.0000000000887 71.122000000000128
2597.236057440151 71.175500142163543
2635.0137258074315 71.268999321377379
2673.340883014273 71.380999658141747
2712.225521559891 71.501498517370891
2751.6757501970797 71.616999268637841
2791.699795623158 71.718499481704754
2832.3060041955137 71.796500004328209
2873.502843672097 71.838999838727673
2915.2989049772345 71.839999997726522
2957.7029039931244 71.803500082639630
3000.723683377391 71.735500500461114
3044.370214407075 71.641999443186535
3088.6515988494466 71.527001041784786
3133.57707086003 71.401999789343023
3179.1559989082334 71.266500003245682
3225.3978877309914 71.127000338686187
3272.3123803148205 70.983998873366176
3319.9092599067053 70.842999259931403
3368.198452054235 70.705498777408849
3417.190026675413 70.572999932377641
3466.8942001585724 70.446999527656416
3517.3213374928373 70.327999261171641
3568.4819544295697 70.216000099761317
3620.386719675257 70.107000588679256
3673.0464571162966 69.996498913379810
3726.472148076138 69.869499474112928
3780.6749336052594 69.677000235798531
3835.6661168044484 69.340998877826451
3891.45716518188 68.804997872593489
3948.059713044477 68.076003695750686
4005.4855639240527 67.206006606520987
4063.746693038744 66.305504744487934
4122.855249790247 65.517997761138943
4182.823560297375 64.980503941038876
4243.664129966465 64.776000269508927
4305.389646099183 64.903999266122781
4368.012980538242 65.300499876777110
4431.5471923516225 65.878002059055817
4496.00553055582 66.568006105010312
4561.401436878714 67.320505231508690
4627.748548562617 68.114994594155050
4695.060701208099 68.949996293510267
4763.351931659176 69.831499117856879
4832.63648093046 70.763993013894122
4902.928797176889 71.734997198241047
4974.243538706657 72.706493715957620
5046.595577037959 73.607994729927583
5120.000000000202 74.349000000001240
5194.472114880326 74.801500135323266
5270.027451614888 74.890498533010145
5346.6817660285715 74.641500760014168
5424.451043119808 74.142499639579810
5503.351500394186 73.483004175993131
5583.399591246343 72.750494849263205
5664.612008391055 72.042999936807902
5747.005687344222 71.422502354575698
5830.597809954497 70.892001206085979
5915.405807986278 70.455000989411332
6001.447366754812 70.126499052579135
6088.740428814181 69.900999561807041
6177.303197698925 69.810499936191377
6267.154141720092 69.781499682071143
6358.3119978165005 69.577000004898366
6450.795775462017 69.057001262485954
6544.624760629676 68.160502287091361
6639.818519813445 66.897991773213107
6736.396904108505 65.369501517619256
6834.380053350861 63.725999149361584
6933.788400317181 62.141009561481027
7034.642674985712 60.783504374708947
7136.963908859177 59.830000849315148
7240.773439350552 59.369499712161144
7346.092914232631 59.300500056190167
7452.944296152315 59.428500842785354
7561.349867210557 59.736999622110005
7671.332233608935 60.150000767300348
7782.914330363799 60.516497800546077
7896.119426088994 60.716998983532918
8010.971127848146 60.684999705401324
8127.49338607753 60.416498476499626
8245.710499580537 59.950001974705032
8365.647120594791 59.370499323096936
8487.328259932974 58.687498362930327
8610.77929219841 57.909998222271291
8736.025961076528 57.148000236809551
8863.094384703289 56.656502379953679
8992.011061111683 56.583999928511780
9122.802873757471 56.431000147678049
9255.497097125279 56.053499633139673
9390.121402416245 55.544998363323216
9526.7038633184 54.989500555901017
9665.272961860968 54.500500134589885
9805.857594353829 54.094498551931885
9948.487077413367 53.746999838971803
10093.19115407597 53.445999762288366
10240.000000000457 53.219499999999677
10388.944229760706 53.114000095029780
10540.05490322983 53.176499959975544
10693.363532057198 53.432001506832343
10848.902086239672 53.872500325172879
11006.703000788428 54.467500003284790
11166.799182492743 55.134500683118901
11329.224016782166 55.742500042263991
11494.0113746885 56.157498425223480
11661.195619909053 56.334000140708177
11830.811615972614 56.372499912832708
12002.894733509682 56.364500012388916
12177.48085762842 56.428501193531190
12354.606395397908 56.675001156250040
12534.308283440243 57.200497904586165
12716.62399563306 58.083999978837767
12901.591550924093 59.334496963964455
13089.249521259411 60.777496318714526
13279.637039626952 61.895500044928752
13472.793808217073 62.114499782557914
13668.760106701786 61.418999374763828
13867.576800634426 60.254001168214458
14069.285349971487 58.898997027748585
14273.927817718419 57.161001548088073
14481.54687870117 54.827001363610599
14692.18582846533 52.131502195090661
14905.888592304698 49.474505068934064
15122.699734421185 46.847503217897383
15342.664467217943 43.524998750121611
15565.828660727671 42.928000907604599
15792.238852178061 45.677498204865429
16021.942255696367 47.050501068126252
16254.986772155136 48.024002717154211
16491.42099916115 48.855996478125491
16731.294241189662 49.086499270840051
16974.65651986603 48.595498439789196
17221.558584396902 47.854501247299126
17472.051922153143 47.523001426406353
17726.188769406665 47.536999987296937
17984.022122223458 47.275997543913505
18245.605747515034 46.703504768633792
18510.99419425065 48.396502662534246
18780.242804832582 52.087006711701406
19053.40772663689 54.364997720356264
19330.545923722028 54.892497951437257
19611.71518870775 54.141499194919270
19896.974154826825 52.924503605748271
20186.382308152035 52.924500000000002
