20 69.426999999999992
20.290906698750476 69.442495030345810
20.586044732869844 69.460002842556946
20.885475648548283 69.479031292667656
21.189261887185914 69.499014879953748
21.49746679841394 69.516520879162286
21.810154653305165 69.530505122585822
22.12739065777668 69.541012132229099
22.449240966187475 69.551009948145349
22.77577269513385 69.564490615854154
23.107053937445478 69.584003692146567
23.44315377638505 69.607009921057099
23.784142300054445 69.629005963441585
24.130090616010463 69.643501290826364
24.481070866093134 69.648499701406905
24.837156241469714 69.647000432801860
25.1984209978975 69.648011471332353
25.56494047120865 69.657998377962087
25.936791093020236 69.677988768441935
26.3140504066728 69.702002500592130
26.69679708340074 69.720989933641306
27.08511093873791 69.730000703926009
27.47907294916184 69.732500729491619
27.878765268980047 69.736497652689806
28.284271247461966 69.747010863065839
28.695675446220072 69.763487002093768
29.11306365684382 69.779001726541750
29.536522918790062 69.790487060297366
29.966141537533712 69.797502434705279
30.402009102982383 69.805000216247322
30.844216508158908 69.815505304208784
31.29285596815558 69.826496471380210
31.74802103936409 69.835500273238495
32.20980663898519 69.841497488817993
32.67830906482211 69.846504220422986
33.153626015361866 69.852994893066921
33.63585661014871 69.861497471340812
34.125101410453844 69.871501533424208
34.62146244024586 69.879005505241025
35.12504320746613 69.885000507328357
35.635948725613716 69.890999397952413
36.15428553564419 69.899505428434296
36.68016172818701 69.909502120032414
37.21368696608603 69.916495896559184
37.754972507267915 69.918499898363279
38.30413122794313 69.918500824592115
38.86127764614443 69.922002943245332
39.4265279456077 69.927994995889833
40.000000000000206 69.933500000000009
40.58181339750116 69.936499038131444
41.1720894657399 69.938500298717003
41.77095129709678 69.940499837385971
42.37852377437204 69.941499216734172
42.9949335968281 69.941499999999991
43.62030930661056 69.941000000000003
44.25478131555359 69.941000000000003
44.89848193237519 69.938998157750859
45.55154539026795 69.936501737804790
46.21410787489121 69.932999759207831
46.88630755277036 69.931499774521427
47.56828460010916 69.931000000000012
48.260181232021196 69.931001936239539
48.962141732186545 69.938501194372350
49.674312482939705 69.944495894069263
50.39684199579528 69.935002076127176
51.129880942417586 69.917502842438864
51.873582186040764 69.903008142879585
52.628100813345895 69.883498157458433
53.393594166801776 69.869507417316953
54.17022187747612 69.863490285821157
54.95814589832399 69.828993616948338
55.75753053796041 69.794020538964247
56.56854249492426 69.812489563694328
57.39135089244048 69.834494116773470
58.226127313687975 69.820498647198121
59.073045837580466 69.811499706511427
59.932283075067765 69.805994968275741
60.804018205965114 69.790499732265218
61.68843301631817 69.777490597084409
62.58571193631152 69.758006255280549
63.49604207872855 69.734499134744752
64.41961327797075 69.715507952076365
65.35661812964459 69.688511003734902
66.3072520307241 69.664494776565306
67.27171322029778 69.644505943620771
68.25020282090806 69.618996017112082
69.2429248804921 69.599501475156501
70.25008641493265 69.560999027620625
71.27189745122783 69.549501153924538
72.30857107128878 69.554997725064695
73.36032345637442 69.505490905631461
74.42737393217246 69.475493439786447
75.50994501453623 69.456500964657266
76.60826245588666 69.425492114554089
77.72255529228926 69.392013361173369
78.85305589121582 69.349998927980181
80.00000000000082 69.327999999999975
81.16362679500274 69.307006733079845
82.34417893148023 69.289998133018770
83.541902594194 69.277501016337709
84.75704754874454 69.274999460111573
85.98986719365665 69.261001507939028
87.24061861322157 69.250003353520839
88.50956263110764 69.234005514501405
89.79696386475084 69.208000730005040
91.10309078053635 69.177997636280367
92.42821574978288 69.143493663853974
93.77261510554118 69.104011303591918
95.13656920021877 69.058014528438378
96.52036246404286 69.010987608066912
97.92428346437356 68.962990053881612
99.34862496587989 68.913013159091946
100.79368399159105 68.853013121456428
102.25976188483567 68.803508040041351
103.74716437208203 68.750493573258552
105.25620162669229 68.691491768995263
106.78718833360406 68.628992602479173
108.34044375495276 68.567981979494306
109.9162917966485 68.503987317156302
111.51506107592134 68.434497382998444
113.13708498984903 68.364996359790794
114.78270178488147 68.294512772883280
116.45225462737648 68.224989027273622
118.14609167516147 68.151996080206885
119.86456615013608 68.078518550299592
121.60803641193078 68.005498476832742
123.3768660326369 67.931505604061556
125.17142387262359 67.855982425929113
126.99208415745765 67.780496172589892
128.83922655594208 67.696489723983419
130.71323625928977 67.611490124808853
132.61450406144883 67.532020729292753
134.5434264405962 67.451482458626472
136.50040564181674 67.370982945069628
138.48584976098482 67.287506316695755
140.50017282986593 67.200994334833155
142.5437949024563 67.134006722864683
144.61714214257822 67.065995439817485
146.7206469127495 66.998511327656558
148.8547478643456 66.931507916161593
151.01989002907314 66.864503403257316
153.216524911774 66.804512974644325
155.4451105845792 66.738996233961700
157.70611178243232 66.661996442843261
160.00000000000236 66.588999999999999
162.3272535900062 66.584505155578270
164.6883578629612 66.632515309246031
167.08380518838874 66.734991666030822
169.51409509748981 66.894008561087887
171.97973438731407 67.115976088395669
174.4812372264439 67.385525143385905
177.01912526221608 67.654512550544368
179.5939277295025 67.912492758917139
182.20618156107355 68.073007639267814
184.85643149956664 68.184504252412978
187.54523021108326 68.210997088606177
190.27313840043846 68.176496374988517
193.04072492808663 68.104007204737627
195.84856692874806 68.000515962562162
198.69724993176072 67.869987806097484
201.58736798318304 67.728982372438736
204.5195237696723 67.588522812942728
207.49432874416505 67.440984750105002
210.5124032533856 67.300980377284631
213.57437666720915 67.151982724468198
216.68088750990657 67.009505159265643
219.83258359329807 66.870018429167175
223.03012215184378 66.731494954270318
226.2741699796992 66.597493233867937
229.5654035697641 66.466484231780186
232.90450925475412 66.336019174327717
236.2921833503241 66.206993278399523
239.72913230027333 66.080995181492767
243.21607282386276 65.953997509415657
246.75373206527502 65.833009163397890
250.34284774524843 65.716504942234195
253.9841683149166 65.596494737311076
257.67845311188546 65.480986097153988
261.42647251858085 65.365985711376069
265.22900812289896 65.250999769451141
269.08685288119375 65.141504175611530
273.0008112836349 65.034005183190914
276.97169952197106 64.930007869482495
281.00034565973334 64.828491713636538
285.0875898049141 64.730509833443847
289.23428428515797 64.638493850737007
293.44129382550057 64.547493702264404
297.7094957286928 64.456010808344956
302.0397800581479 64.361004825514073
306.4330498235497 64.259998803877096
310.89022116916016 64.152994546580857
315.41222356486645 64.041494420623977
320.00000000000654 63.926999999999836
324.6545071800142 63.808012598405654
329.3767157259242 63.686507314548969
334.16761037677935 63.565009880864395
339.02819019498156 63.442495352160762
343.95946877463007 63.321987725469413
348.9624744528898 63.190987661981595
354.03825052443415 63.058993213949790
359.187855459007 62.919503915236604
364.4123631221491 62.789990478404313
369.71286299913527 62.651003592363743
375.0904604221685 62.517988902948105
380.54627680087896 62.386494048906130
386.08144985617537 62.267492830817716
391.6971338574982 62.177998531749097
397.3944998635236 62.115505485877463
403.1747359663683 62.081001575979286
409.0390475393468 62.092000387505600
414.9886574883323 62.140497208098168
421.0248065067734 62.206997868240634
427.1487533344206 62.295996415212841
433.3617750198154 62.402996125401614
439.6651671865984 62.529503437847957
446.06024430368984 62.661005309312614
452.54833995940066 62.802007255703444
459.13080713953053 62.942495883807389
465.8090185095106 63.069000282765217
472.58436670065066 63.172504321028910
479.45826460054917 63.253502010873113
486.432145647728 63.306500545535656
493.50746413055253 63.333000387906857
500.6856954904994 63.338999745499791
507.9683366298358 63.327998861043994
515.3569062237735 63.303000317283214
522.8529450371643 63.269500245631669
530.4580162458005 63.224499898937481
538.1737057623901 63.176501830405044
546.0016225672724 63.131502169707808
553.9433990439449 63.092998464834665
562.0006913194694 63.062001187527486
570.1751796098309 63.038499653513711
578.4685685703187 63.022500832273323
586.8825876510039 63.012000514578610
595.4189914573883 63.010000002001547
604.0795601162986 63.008500076183523
612.8660996471021 63.004999904980885
621.780442338323 62.996499290810959
630.8244471297356 62.981998879251968
640.0000000000159 62.958999999999953
649.3090143600314 62.930999949822002
658.7534314518515 62.897998424043536
668.3352207535618 62.862999193832792
678.0563803899662 62.827498592291008
687.9189375492632 62.791000231111418
697.9249489057827 62.757500171062993
708.0765010488715 62.727998540634360
718.3757109180171 62.698000841986357
728.8247262443015 62.675500589482553
739.425725998274 62.660000400625108
750.1809208443404 62.646500099358569
761.0925536017613 62.635000470452688
772.1628997123541 62.632500022648514
783.3942677149998 62.638500152711501
794.7889997270506 62.644999999844302
806.34947193274 62.654000382245805
818.0780950786972 62.663500087895258
829.9773149766683 62.674500352206167
842.0496130135506 62.687999567272669
854.2975066688449 62.702000713503246
866.7235500396347 62.719499366355002
879.3303343732008 62.741500575153282
892.1204886073838 62.763501073076242
905.0966799188055 62.791999297039837
918.2616142790653 62.826998974536068
931.6180370190256 62.862000110639102
945.1687334013056 62.902499203213992
958.9165292011028 62.941998647326415
972.8642912954606 62.989001039532241
987.0149282611097 63.039499743988841
1001.3713909810035 63.091501462890612
1015.9366732596762 63.145998777471668
1030.7138124475518 63.202999276545341
1045.7058900743334 63.261999567394994
1060.916032491606 63.323000128441961
1076.3474115247852 63.384001655982459
1092.0032451345498 63.447000949117026
1107.8867980878947 63.508499218232529
1124.0013826389438 63.568001439372139
1140.350359219667 63.629501375200391
1156.9371371406426 63.693000505272160
1173.765175302013 63.755000641736999
1190.837982914782 63.817499937455267
1208.1591202326028 63.881500454985954
1225.73219929421 63.948000760110290
1243.5608846766518 64.015999560155493
1261.648894259477 64.087999579095666
1280.0000000000375 64.158000000000158
1298.6180287200684 64.235500122397454
1317.5068629037087 64.315999415731298
1336.6704415071292 64.397001907452506
1356.112760779938 64.480998966492550
1375.8378750985323 64.566999455435933
1395.8498978115715 64.653499558300069
1416.153002097749 64.741500009114901
1436.7514218360407 64.831001867156374
1457.6494524886093 64.923502038140839
1478.8514519965543 65.019002017185130
1500.3618416886875 65.114999293483066
1522.1851072035295 65.215500503553002
1544.3257994247153 65.319499057864164
1566.788535430007 65.427497766390985
1589.5779994541087 65.540999997281205
1612.6989438654878 65.659499712298782
1636.156190157402 65.783001038718524
1659.9546299533442 65.912997978651816
1684.099226027109 66.045501328702784
1708.5950133376978 66.189500082381159
1733.4471000792773 66.343000633086575
1758.6606687464096 66.502497904539240
1784.2409772147755 66.669499851245803
1810.193359837619 66.845502528293196
1836.5232285581387 67.030501676988564
1863.2360740380593 67.226500564122915
1890.3374668026197 67.432995937375139
1917.833058402214 67.650000482567762
1945.7285825909298 67.880496551018410
1974.0298565222283 68.122998770596112
2002.7427819620161 68.378498059808976
2031.8733465193618 68.648503323912678
2061.4276248951132 68.931996401886806
2091.411780148677 69.229497818644319
2121.832064983222 69.540500690616497
2152.694823049581 69.868498119439550
2184.0064902691106 70.211994408132327
2215.7735961758003 70.572495417300217
2248.002765277899 70.949997250687488
2280.7007184393456 71.346496585760605
2313.874274281297 71.761503545054808
2347.530350604038 72.196504656443835
2381.6759658295764 72.649999546175621
2416.318240465218 73.127003386737698
2451.4643985884327 73.622005779073973
2487.1217693533167 74.138996655888292
2523.2977885189675 74.674996866601248
2560.0000000000887 75.224000000001325
2597.236057440151 75.783000852220994
2635.0137258074315 76.343495931893301
2673.340883014273 76.892998322757919
2712.225521559891 77.418993528108587
2751.6757501970797 77.905496919413920
2791.699795623158 78.342497768521881
2832.3060041955137 78.705500028057003
2873.502843672097 78.980998954575881
2915.2989049772345 79.159999593045399
2957.7029039931244 79.240499817739988
3000.723683377391 79.218000165593736
3044.370214407075 79.117999305193635
3088.6515988494466 78.974501299966221
3133.57707086003 78.769999634653971
3179.1559989082334 78.535000005629016
3225.3978877309914 78.286500603322708
3272.3123803148205 78.037498014407788
3319.9092599067053 77.788998697479286
3368.198452054235 77.546997790108804
3417.190026675413 77.307499865023615
3466.8942001585724 77.055998886618681
3517.3213374928373 76.775497839586706
3568.4819544295697 76.448000291712745
3620.386719675257 76.058502103583237
3673.0464571162966 75.606996042820214
3726.472148076138 75.144498915443307
3780.6749336052594 74.747500486296190
3835.6661168044484 74.464499561389260
3891.45716518188 74.254999277732367
3948.059713044477 74.007501254730172
4005.4855639240527 73.618002957747024
4063.746693038744 73.037003061129909
4122.855249790247 72.274996344929178
4182.823560297375 71.397506433975110
4243.664129966465 70.499998301883252
4305.389646099183 69.693504623999758
4368.012980538242 69.089500187709007
4431.5471923516225 68.776000074603473
4496.00553055582 68.801003018025028
4561.401436878714 69.173004408426777
4627.748548562617 69.842495444665587
4695.060701208099 70.736496031614578
4763.351931659176 71.755998979756200
4832.63648093046 72.778492339631896
4902.928797176889 73.687997375695389
4974.243538706657 74.379495527107252
5046.595577037959 74.813997459959552
5120.000000000202 74.992499999999794
5194.472114880326 74.916999499760067
5270.027451614888 74.587996795010127
5346.6817660285715 74.044001660432542
5424.451043119808 73.370999614440564
5503.351500394186 72.665504467267851
5583.399591246343 72.000495741086894
5664.612008391055 71.415499950403628
5747.005687344222 70.928501847990930
5830.597809954497 70.543000876430057
5915.405807986278 70.259500641872108
6001.447366754812 70.073499600864835
6088.740428814181 69.978499956422809
6177.303197698925 69.969500157321278
6267.154141720092 70.041000214543686
6358.3119978165005 70.178999996694500
6450.795775462017 70.364999548418481
6544.624760629676 70.577499457884073
6639.818519813445 70.796001049541019
6736.396904108505 70.990999806388118
6834.380053350861 71.137000109214455
6933.788400317181 71.340498772390291
7034.642674985712 71.517999427984648
7136.963908859177 71.633999896674823
7240.773439350552 71.679499922825812
7346.092914232631 71.661000015065483
7452.944296152315 71.592499736373469
7561.349867210557 71.496000118205458
7671.332233608935 71.407499984298084
7782.914330363799 71.400000045009278
7896.119426088994 71.477499607101251
8010.971127848146 71.584500060894698
8127.49338607753 71.639999709342902
8245.710499580537 71.551000376739012
8365.647120594791 71.268499573342950
8487.328259932974 70.837999020916527
8610.77929219841 70.372999113468609
8736.025961076528 69.993000118094002
8863.094384703289 69.759001133080687
8992.011061111683 69.591999869405498
9122.802873757471 69.312500269777871
9255.497097125279 68.861499609692345
9390.121402416245 68.320498534209364
9526.7038633184 67.823000497859141
9665.272961860968 67.380500121791471
9805.857594353829 66.855997808104078
9948.487077413367 66.329999801523400
10093.19115407597 65.958999806892095
10240.000000000457 65.774999999999807
10388.944229760706 65.714999869239023
10540.05490322983 65.629000055073647
10693.363532057198 65.361998106624966
10848.902086239672 64.808499543664965
11006.703000788428 63.973499995479102
11166.799182492743 63.055499098912243
11329.224016782166 62.253499927743860
11494.0113746885 61.544002692298648
11661.195619909053 60.993498819513235
11830.811615972614 60.670500731299612
12002.894733509682 60.469000312045921
12177.48085762842 60.380001089430095
12354.606395397908 60.605000672187231
12534.308283440243 60.910498781828878
12716.62399563306 61.088999995724436
12901.591550924093 61.234999645532838
13089.249521259411 61.293499850758700
13279.637039626952 61.232999969432036
13472.793808217073 61.084000147940053
13668.760106701786 60.919499913057287
13867.576800634426 60.757500162446988
14069.285349971487 60.441998676339132
14273.927817718419 59.668000689424723
14481.54687870117 58.384500749868977
14692.18582846533 57.237000934470984
14905.888592304698 56.018002325566655
15122.699734421185 54.266002146081540
15342.664467217943 51.967495080043179
15565.828660727671 49.617503572647912
15792.238852178061 47.263501536914632
16021.942255696367 44.731498387661503
16254.986772155136 43.261998033982167
16491.42099916115 42.660002548279394
16731.294241189662 41.746002891332694
16974.65651986603 41.623498920906833
17221.558584396902 41.111000862673151
17472.051922153143 40.691001807211677
17726.188769406665 40.730499964159208
17984.022122223458 41.728505105227818
18245.605747515034 42.918501191454283
18510.99419425065 43.341499860037487
18780.242804832582 43.147497891912927
19053.40772663689 42.432000716016276
19330.545923722028 41.189504825287599
19611.71518870775 39.353998462937483
19896.974154826825 37.030506884105264
20186.382308152035 37.030499999999996
