20 72.792500000000004
20.290906698750476 72.794924230570359
20.586044732869844 72.799767412989794
20.885475648548283 72.804757927475805
21.189261887185914 72.806928406153219
21.49746679841394 72.803550659158361
21.810154653305165 72.797220720930511
22.12739065777668 72.788655995233356
22.449240966187475 72.780679319965813
22.77577269513385 72.775994853681951
23.107053937445478 72.773964728528540
23.44315377638505 72.770852685511926
23.784142300054445 72.762055019498092
24.130090616010463 72.747561810685482
24.481070866093134 72.727635742355702
24.837156241469714 72.707413622236146
25.1984209978975 72.692055265073577
25.56494047120865 72.681701182328780
25.936791093020236 72.674435161080069
26.3140504066728 72.665888423416760
26.69679708340074 72.651390127601218
27.08511093873791 72.633861518320501
27.47907294916184 72.617337094126270
27.878765268980047 72.604485498516823
28.284271247461966 72.593040405071065
28.695675446220072 72.577607578581436
29.11306365684382 72.554859416707245
29.536522918790062 72.524151212334374
29.966141537533712 72.490640960072369
30.402009102982383 72.462406242173358
30.844216508158908 72.443272174759670
31.29285596815558 72.427008971154351
31.74802103936409 72.407346969071170
32.20980663898519 72.381991988382921
32.67830906482211 72.352944837981028
33.153626015361866 72.324396943139732
33.63585661014871 72.297120316611370
34.125101410453844 72.267117799857786
34.62146244024586 72.230904467220569
35.12504320746613 72.192121932269913
35.635948725613716 72.158294717542475
36.15428553564419 72.132365721967290
36.68016172818701 72.108491913590655
37.21368696608603 72.078610347204403
37.754972507267915 72.041241335191955
38.30413122794313 72.000794363132201
38.86127764614443 71.960009024598492
39.4265279456077 71.919734890419065
40.000000000000206 71.879499999999979
40.58181339750116 71.837318388075801
41.1720894657399 71.793570095107157
41.77095129709678 71.748678584979700
42.37852377437204 71.706003323646343
42.9949335968281 71.660792302542930
43.62030930661056 71.610508122419532
44.25478131555359 71.564769162301332
44.89848193237519 71.533314532255829
45.55154539026795 71.504391827835775
46.21410787489121 71.457977248161214
46.88630755277036 71.414082075801517
47.56828460010916 71.404341422512800
48.260181232021196 71.404310447702869
48.962141732186545 71.352726289990898
49.674312482939705 71.280811974241999
50.39684199579528 71.232898008194610
51.129880942417586 71.190908297018922
51.873582186040764 71.131110807250849
52.628100813345895 71.070462724735819
53.393594166801776 71.013242410605130
54.17022187747612 70.953704434786573
54.95814589832399 70.910174190246778
55.75753053796041 70.884819462144193
56.56854249492426 70.830526701673818
57.39135089244048 70.748320594692018
58.226127313687975 70.662593170208197
59.073045837580466 70.611165093527035
59.932283075067765 70.566055138558937
60.804018205965114 70.505824877704555
61.68843301631817 70.461905923242881
62.58571193631152 70.377991420876313
63.49604207872855 70.299225601512475
64.41961327797075 70.250358562657397
65.35661812964459 70.178814279118541
66.3072520307241 70.078953235895398
67.27171322029778 70.019816331527196
68.25020282090806 69.970360295484170
69.2429248804921 69.891828974391046
70.25008641493265 69.791241272091810
71.27189745122783 69.691980870468797
72.30857107128878 69.606011455188991
73.36032345637442 69.525493961761867
74.42737393217246 69.436177407002731
75.50994501453623 69.341092177297909
76.60826245588666 69.240330573439195
77.72255529228926 69.133438823728483
78.85305589121582 69.041490492972883
80.00000000000082 68.943999999999932
81.16362679500274 68.851879315093910
82.34417893148023 68.732821795060943
83.541902594194 68.617618751125917
84.75704754874454 68.508859623071942
85.98986719365665 68.425633145729336
87.24061861322157 68.334453559115559
88.50956263110764 68.231298740385441
89.79696386475084 68.136889316584941
91.10309078053635 68.024100448478521
92.42821574978288 67.887954501089084
93.77261510554118 67.748344120938128
95.13656920021877 67.615253509446688
96.52036246404286 67.483224224315094
97.92428346437356 67.364886401590809
99.34862496587989 67.291839483066511
100.79368399159105 67.189180016639085
102.25976188483567 67.114986429109436
103.74716437208203 67.101671100934880
105.25620162669229 67.128905017423591
106.78718833360406 67.188171397236204
108.34044375495276 67.291395056641264
109.9162917966485 67.444864906710364
111.51506107592134 67.610372137996364
113.13708498984903 67.768865601734277
114.78270178488147 67.941187677729118
116.45225462737648 68.085471286777306
118.14609167516147 68.203658414162874
119.86456615013608 68.281981253366780
121.60803641193078 68.330620554578161
123.3768660326369 68.339778255580811
125.17142387262359 68.338571412908749
126.99208415745765 68.340047495055245
128.83922655594208 68.316376242325219
130.71323625928977 68.277022038554918
132.61450406144883 68.226682244018278
134.5434264405962 68.162164934918252
136.50040564181674 68.087232354580976
138.48584976098482 67.997828974391012
140.50017282986593 67.898491704166432
142.5437949024563 67.800397844682095
144.61714214257822 67.692387180907716
146.7206469127495 67.587000042510169
148.8547478643456 67.475343615325329
151.01989002907314 67.362301520540527
153.216524911774 67.253320194270145
155.4451105845792 67.144922515004865
157.70611178243232 67.032653188521891
160.00000000000236 66.917499999999876
162.3272535900062 66.796482813319670
164.6883578629612 66.675893748988983
167.08380518838874 66.563311439258769
169.51409509748981 66.454171358651962
171.97973438731407 66.340244377551159
174.4812372264439 66.227636819700606
177.01912526221608 66.113639363200264
179.5939277295025 66.012849531824799
182.20618156107355 65.907929028620416
184.85643149956664 65.809283320815950
187.54523021108326 65.717480264907607
190.27313840043846 65.625440155984649
193.04072492808663 65.529223497430678
195.84856692874806 65.432281877179321
198.69724993176072 65.330596252388375
201.58736798318304 65.234468785868671
204.5195237696723 65.141888255216941
207.49432874416505 65.047930534977411
210.5124032533856 64.957904776114106
213.57437666720915 64.874779018318961
216.68088750990657 64.790110704416321
219.83258359329807 64.703145805285985
223.03012215184378 64.610626457596538
226.2741699796992 64.514653928938969
229.5654035697641 64.410907085767548
232.90450925475412 64.300667109717324
236.2921833503241 64.192186655708412
239.72913230027333 64.082633907928795
243.21607282386276 63.962545487576733
246.75373206527502 63.840496243748007
250.34284774524843 63.726914575865450
253.9841683149166 63.614488803276942
257.67845311188546 63.531694611621560
261.42647251858085 63.449545913656038
265.22900812289896 63.352648845664916
269.08685288119375 63.279523501019710
273.0008112836349 63.209983774327299
276.97169952197106 63.138461068176596
281.00034565973334 63.091896336006826
285.0875898049141 63.048098563121378
289.23428428515797 62.981751451437475
293.44129382550057 62.925107309651040
297.7094957286928 62.854061480300572
302.0397800581479 62.764340031169866
306.4330498235497 62.663539854058357
310.89022116916016 62.560538635463175
315.41222356486645 62.456982967373747
320.00000000000654 62.345499999999845
324.6545071800142 62.234257278397664
329.3767157259242 62.111330047980786
334.16761037677935 61.989559457467479
339.02819019498156 61.871420616300945
343.95946877463007 61.744657864982159
348.9624744528898 61.620815623349486
354.03825052443415 61.498985812466017
359.187855459007 61.375072683437935
364.4123631221491 61.252250702941708
369.71286299913527 61.136230872918759
375.0904604221685 61.027904019694603
380.54627680087896 60.931647830727343
386.08144985617537 60.842737527229282
391.6971338574982 60.775070102370961
397.3944998635236 60.722654100846157
403.1747359663683 60.697240353431425
409.0390475393468 60.693811825270629
414.9886574883323 60.719171547627631
421.0248065067734 60.765278740092313
427.1487533344206 60.817122528898309
433.3617750198154 60.869787829328494
439.6651671865984 60.918346539390946
446.06024430368984 60.965653641454828
452.54833995940066 61.013809375740166
459.13080713953053 61.046613343863768
465.8090185095106 61.068022546273781
472.58436670065066 61.080049095286640
479.45826460054917 61.089232054486416
486.432145647728 61.087181425222724
493.50746413055253 61.074414709471831
500.6856954904994 61.059442913528500
507.9683366298358 61.037594990110492
515.3569062237735 61.016276321518490
522.8529450371643 60.994033090648230
530.4580162458005 60.998614504061450
538.1737057623901 61.000822596415873
546.0016225672724 61.017291856861817
553.9433990439449 61.048259445936765
562.0006913194694 61.083803387465395
570.1751796098309 61.123954728873578
578.4685685703187 61.169153698708236
586.8825876510039 61.209504032577172
595.4189914573883 61.244863117110945
604.0795601162986 61.277288405421587
612.8660996471021 61.308183770218633
621.780442338323 61.337294278944611
630.8244471297356 61.366597008458669
640.0000000000159 61.395500000000055
649.3090143600314 61.427616099542107
658.7534314518515 61.464138382662220
668.3352207535618 61.501090599901218
678.0563803899662 61.536905788423383
687.9189375492632 61.571716281422418
697.9249489057827 61.603171094162633
708.0765010488715 61.631306552831958
718.3757109180171 61.654088992927839
728.8247262443015 61.673825743551959
739.425725998274 61.691081161597239
750.1809208443404 61.702545230211086
761.0925536017613 61.705273138400443
772.1628997123541 61.699636788627487
783.3942677149998 61.682502890372305
794.7889997270506 61.654481625784726
806.34947193274 61.664897887730959
818.0780950786972 61.794567982540130
829.9773149766683 61.978333566825533
842.0496130135506 62.089305169662829
854.2975066688449 62.099323731104946
866.7235500396347 62.097120900164640
879.3303343732008 62.192557714662129
892.1204886073838 62.364116953415007
905.0966799188055 62.510945395942684
918.2616142790653 62.618017119182440
931.6180370190256 62.711544479935746
945.1687334013056 62.803486344908919
958.9165292011028 62.892971351606988
972.8642912954606 62.991892897928366
987.0149282611097 63.098536187209177
1001.3713909810035 63.207968284488324
1015.9366732596762 63.319462163635421
1030.7138124475518 63.437083033071929
1045.7058900743334 63.553954102751973
1060.916032491606 63.669736656683689
1076.3474115247852 63.791644551045806
1092.0032451345498 63.915400758255487
1107.8867980878947 64.041392227765158
1124.0013826389438 64.168788762076048
1140.350359219667 64.298998737025642
1156.9371371406426 64.433443070371595
1173.765175302013 64.570452372785240
1190.837982914782 64.712789163782205
1208.1591202326028 64.858852521977127
1225.73219929421 65.009861465227701
1243.5608846766518 65.167047962089867
1261.648894259477 65.330616641285928
1280.0000000000375 65.500000000000369
1298.6180287200684 65.683520568812099
1317.5068629037087 65.870068629037092
1336.6704415071292 66.064204981297365
1356.112760779938 66.264364255052868
1375.8378750985323 66.470797688534589
1395.8498978115715 66.681716421912085
1416.153002097749 66.898875555849173
1436.7514218360407 67.120921712466952
1457.6494524886093 67.348990988324928
1478.8514519965543 67.582251117161746
1500.3618416886875 67.821052626913300
1522.1851072035295 68.065473200679534
1544.3257994247153 68.320406241349716
1566.788535430007 68.583097405948280
1589.5779994541087 68.854144433460220
1612.6989438654878 69.130117431999309
1636.156190157402 69.407250548644754
1659.9546299533442 69.683380966666249
1684.099226027109 69.956683393421457
1708.5950133376978 70.225294742446607
1733.4471000792773 70.486998304811806
1758.6606687464096 70.742067407214520
1784.2409772147755 70.992398200806136
1810.193359837619 71.240021449670365
1836.5232285581387 71.485744167306038
1863.2360740380593 71.728595223381006
1890.3374668026197 71.968969707863053
1917.833058402214 72.207364302259037
1945.7285825909298 72.441461807156543
1974.0298565222283 72.670680643569170
2002.7427819620161 72.891339456191901
2031.8733465193618 73.101020199237723
2061.4276248951132 73.297589543118931
2091.411780148677 73.476864786442263
2121.832064983222 73.634381697298238
2152.694823049581 73.763994789419087
2184.0064902691106 73.875218172753506
2215.7735961758003 73.947998133212053
2248.002765277899 73.996601935694528
2280.7007184393456 74.009681511004800
2313.874274281297 73.989313346671821
2347.530350604038 73.934854953771790
2381.6759658295764 73.845284951229871
2416.318240465218 73.729806598255436
2451.4643985884327 73.585129866140321
2487.1217693533167 73.419747241701089
2523.2977885189675 73.230483164354055
2560.0000000000887 73.025749999999491
2597.236057440151 72.808014556795086
2635.0137258074315 72.580166043811204
2673.340883014273 72.346995896725971
2712.225521559891 72.113758146718652
2751.6757501970797 71.884176595734402
2791.699795623158 71.656499907283859
2832.3060041955137 71.438278177763777
2873.502843672097 71.230511208190336
2915.2989049772345 71.035602752398802
2957.7029039931244 70.855728964826127
3000.723683377391 70.692657075065696
3044.370214407075 70.553117725846619
3088.6515988494466 70.432938422933915
3133.57707086003 70.324862163793426
3179.1559989082334 70.228896442194454
3225.3978877309914 70.143823590857323
3272.3123803148205 70.068308305724628
3319.9092599067053 70.000219776923160
3368.198452054235 69.941027656301969
3417.190026675413 69.893763679459937
3466.8942001585724 69.859715015917544
3517.3213374928373 69.838516092376651
3568.4819544295697 69.831739278177182
3620.386719675257 69.840135351886346
3673.0464571162966 69.863866945127455
3726.472148076138 69.902266047345478
3780.6749336052594 69.961281880343790
3835.6661168044484 70.037789059735616
3891.45716518188 70.143169334270596
3948.059713044477 70.266279875871746
4005.4855639240527 70.419596674229950
4063.746693038744 70.603019317381467
4122.855249790247 70.817825492881269
4182.823560297375 71.068335445457137
4243.664129966465 71.366454236835679
4305.389646099183 71.702143053545498
4368.012980538242 72.053339574023127
4431.5471923516225 72.417077487614293
4496.00553055582 72.794532492015435
4561.401436878714 73.176092363025347
4627.748548562617 73.545405025097480
4695.060701208099 73.875710992767210
4763.351931659176 74.129804813756522
4832.63648093046 74.278822897349173
4902.928797176889 74.382393195765331
4974.243538706657 74.483943414431423
5046.595577037959 74.525780558912174
5120.000000000202 74.463285714285377
5194.472114880326 74.260341835516599
5270.027451614888 73.924113428215918
5346.6817660285715 73.482947201283750
5424.451043119808 72.960802638554497
5503.351500394186 72.372742104130154
5583.399591246343 71.714528423311862
5664.612008391055 71.074433874927365
5747.005687344222 70.587064236330676
5830.597809954497 70.271117431312845
5915.405807986278 70.027748138063458
6001.447366754812 69.630683394854088
6088.740428814181 69.285469836934951
6177.303197698925 69.003221183487256
6267.154141720092 68.785297448844801
6358.3119978165005 68.632696963100571
6450.795775462017 68.543022534722780
6544.624760629676 68.518854971275559
6639.818519813445 68.558947556643290
6736.396904108505 68.665187263286015
6834.380053350861 68.837276616038125
6933.788400317181 69.073593868878589
7034.642674985712 69.368722626828927
7136.963908859177 69.707949583285640
7240.773439350552 70.063794889021096
7346.092914232631 70.387411797570437
7452.944296152315 70.617681430882186
7561.349867210557 70.704003100101986
7671.332233608935 70.654585909675632
7782.914330363799 70.473890869487676
7896.119426088994 70.142940196657676
8010.971127848146 69.621458884546144
8127.49338607753 68.940860679760803
8245.710499580537 68.165629223904560
8365.647120594791 67.363109088632569
8487.328259932974 66.579204734262845
8610.77929219841 65.843017434876913
8736.025961076528 65.176239928473095
8863.094384703289 64.593717562739371
8992.011061111683 64.098677525331141
9122.802873757471 63.702333677733570
9255.497097125279 63.415057776199632
9390.121402416245 63.241101918711337
9526.7038633184 63.189509764121084
9665.272961860968 63.265541525810946
9805.857594353829 63.480375132649840
9948.487077413367 63.851807479739321
10093.19115407597 64.419934706131741
10240.000000000457 65.200800000002701
10388.944229760706 66.240235253230566
10540.05490322983 67.598842487740455
10693.363532057198 69.239354571263860
10848.902086239672 70.989225324159534
11006.703000788428 72.184712554612304
11166.799182492743 72.121940009971880
11329.224016782166 70.548140255178907
11494.0113746885 68.442997105228741
11661.195619909053 66.427786207409753
11830.811615972614 64.672395868833675
12002.894733509682 63.300694864619942
12177.48085762842 62.156558684907623
12354.606395397908 61.357483836997602
12534.308283440243 60.765779746824279
12716.62399563306 60.445322724599848
12901.591550924093 60.438192717591136
13089.249521259411 60.587246762600330
13279.637039626952 61.026057768123245
13472.793808217073 61.820713446701262
13668.760106701786 62.987495072787681
13867.576800634426 64.543319191682869
14069.285349971487 66.276161411275041
14273.927817718419 67.890790481798319
14481.54687870117 68.346580825410854
14692.18582846533 67.351877622506038
14905.888592304698 65.850269828576785
15122.699734421185 64.435010302113781
15342.664467217943 63.515771395481423
15565.828660727671 63.281377626628270
15792.238852178061 63.785644114316632
16021.942255696367 64.896753434142227
16254.986772155136 65.466190691608688
16491.42099916115 62.772731977556184
16731.294241189662 60.109946865206652
16974.65651986603 59.548890637730871
17221.558584396902 57.061220759583023
17472.051922153143 54.222713748963073
17726.188769406665 52.672271206733683
17984.022122223458 50.989997241169576
18245.605747515034 49.995889616985636
18510.99419425065 50.673678300285935
18780.242804832582 52.504638717021450
19053.40772663689 54.107822819742807
19330.545923722028 54.718731457138190
19611.71518870775 54.245122409329639
19896.974154826825 53.738999999999997
20186.382308152035 53.738999999999997
