20 74.681500000000000
20.290906698750476 74.661136463209004
20.586044732869844 74.640476865442892
20.885475648548283 74.619516704601608
21.189261887185914 74.597769633852892
21.49746679841394 74.574580802830880
21.810154653305165 74.549162162791504
22.12739065777668 74.523149509055642
22.449240966187475 74.497306939846140
22.77577269513385 74.472943390501484
23.107053937445478 74.449363047047129
23.44315377638505 74.426717789554402
23.784142300054445 74.402879861121122
24.130090616010463 74.377092716028216
24.481070866093134 74.348335307038155
24.837156241469714 74.317884579952107
25.1984209978975 74.285890136436592
25.56494047120865 74.252742968270610
25.936791093020236 74.218004816139000
26.3140504066728 74.181975187272258
26.69679708340074 74.146780255202430
27.08511093873791 74.114191174263723
27.47907294916184 74.085464914720973
27.878765268980047 74.057137974585174
28.284271247461966 74.023768401470818
28.695675446220072 73.984258402700675
29.11306365684382 73.940241379688246
29.536522918790062 73.896968597740425
29.966141537533712 73.861310252384698
30.402009102982383 73.831869408741454
30.844216508158908 73.801503540011737
31.29285596815558 73.763919752985402
31.74802103936409 73.718705811906133
32.20980663898519 73.671309529462491
32.67830906482211 73.625773875101189
33.153626015361866 73.582520032602076
33.63585661014871 73.537957765425730
34.125101410453844 73.490364757544171
34.62146244024586 73.441325455497378
35.12504320746613 73.395746284157923
35.635948725613716 73.351808409597226
36.15428553564419 73.305997159649451
36.68016172818701 73.255844150637671
37.21368696608603 73.204413425187909
37.754972507267915 73.155645244883829
38.30413122794313 73.108544800396885
38.86127764614443 73.059380295524335
39.4265279456077 73.006388013709298
40.000000000000206 72.951499999999982
40.58181339750116 72.897197235224013
41.1720894657399 72.844488766027695
41.77095129709678 72.790138508475394
42.37852377437204 72.734606381905422
42.9949335968281 72.679780719882586
43.62030930661056 72.625406578894186
44.25478131555359 72.571740011631903
44.89848193237519 72.516298261855027
45.55154539026795 72.457360921503138
46.21410787489121 72.397836178942072
46.88630755277036 72.342656974520395
47.56828460010916 72.287903169414307
48.260181232021196 72.225662517493944
48.962141732186545 72.158845638469046
49.674312482939705 72.096326495384034
50.39684199579528 72.038004574094714
51.129880942417586 71.976988815707017
51.873582186040764 71.913512403587418
52.628100813345895 71.850146595815517
53.393594166801776 71.786036447325898
54.17022187747612 71.721853323043632
54.95814589832399 71.657693887288062
55.75753053796041 71.588867648051803
56.56854249492426 71.518321074189060
57.39135089244048 71.449300577712322
58.226127313687975 71.381570623934437
59.073045837580466 71.312802424668718
59.932283075067765 71.245781920144708
60.804018205965114 71.173655497123718
61.68843301631817 71.098387000952201
62.58571193631152 71.025384156160470
63.49604207872855 70.952568612662361
64.41961327797075 70.877381904567414
65.35661812964459 70.801327167758075
66.3072520307241 70.726687967618886
67.27171322029778 70.650991229155878
68.25020282090806 70.571483368685534
69.2429248804921 70.490566009560638
70.25008641493265 70.410368216427784
71.27189745122783 70.330427947529842
72.30857107128878 70.249622885368183
73.36032345637442 70.167074932130987
74.42737393217246 70.085874329019248
75.50994501453623 70.008016237362455
76.60826245588666 69.932363632916207
77.72255529228926 69.858304321310698
78.85305589121582 69.788728396862695
80.00000000000082 69.717999999999947
81.16362679500274 69.648667063465410
82.34417893148023 69.578729380452216
83.541902594194 69.510592566191576
84.75704754874454 69.439374722636103
85.98986719365665 69.360246025863376
87.24061861322157 69.270854988065850
88.50956263110764 69.178868866346903
89.79696386475084 69.093900384926442
91.10309078053635 69.001444963090634
92.42821574978288 68.910414448866135
93.77261510554118 68.819353945500410
95.13656920021877 68.720155612206597
96.52036246404286 68.623415596102859
97.92428346437356 68.531157927033007
99.34862496587989 68.429553552493857
100.79368399159105 68.337143521835060
102.25976188483567 68.244602461639232
103.74716437208203 68.147201229231513
105.25620162669229 68.050684768287681
106.78718833360406 67.956006303872556
108.34044375495276 67.864814558049375
109.9162917966485 67.775172180467294
111.51506107592134 67.686498410496569
113.13708498984903 67.600934850358087
114.78270178488147 67.515317643664872
116.45225462737648 67.436338044412750
118.14609167516147 67.352077329983416
119.86456615013608 67.258883065614214
121.60803641193078 67.163557966546705
123.3768660326369 67.078729667290418
125.17142387262359 67.001785925731937
126.99208415745765 66.918379960442024
128.83922655594208 66.831635357442650
130.71323625928977 66.745966342432467
132.61450406144883 66.655121170912196
134.5434264405962 66.559823100681825
136.50040564181674 66.467856239065981
138.48584976098482 66.376515298315439
140.50017282986593 66.286492568315765
142.5437949024563 66.198616819194370
144.61714214257822 66.117548598582033
146.7206469127495 66.051380592617519
148.8547478643456 65.995757000828576
151.01989002907314 65.955241429622049
153.216524911774 65.931127630599946
155.4451105845792 65.916952491310923
157.70611178243232 65.907087776435134
160.00000000000236 65.902499999999975
162.3272535900062 65.882485619125958
164.6883578629612 65.870058210685201
167.08380518838874 65.859331257171078
169.51409509748981 65.819232193147684
171.97973438731407 65.768425577866395
174.4812372264439 65.700440367878414
177.01912526221608 65.664904922325405
179.5939277295025 65.623565657506646
182.20618156107355 65.559139279412079
184.85643149956664 65.486462490611956
187.54523021108326 65.407670231794157
190.27313840043846 65.327688241747467
193.04072492808663 65.247994542128637
195.84856692874806 65.167088692923798
198.69724993176072 65.088019201965295
201.58736798318304 65.009492993767765
204.5195237696723 64.942103016683333
207.49432874416505 64.879622877209755
210.5124032533856 64.815743666096694
213.57437666720915 64.753118872489011
216.68088750990657 64.682504476333406
219.83258359329807 64.604352826574257
223.03012215184378 64.519701762976140
226.2741699796992 64.428049070588713
229.5654035697641 64.329610325645447
232.90450925475412 64.232753316487930
236.2921833503241 64.133964957866084
239.72913230027333 64.039448861742486
243.21607282386276 63.949152197609394
246.75373206527502 63.861595131384441
250.34284774524843 63.775571645891134
253.9841683149166 63.691366107717556
257.67845311188546 63.604556351870698
261.42647251858085 63.520760986461582
265.22900812289896 63.430917927004337
269.08685288119375 63.336872104410752
273.0008112836349 63.241730732013671
276.97169952197106 63.146450436831216
281.00034565973334 63.047591738732372
285.0875898049141 62.949959157545507
289.23428428515797 62.853341176155823
293.44129382550057 62.758070888926241
297.7094957286928 62.662849194823025
302.0397800581479 62.568144728749814
306.4330498235497 62.474500445401532
310.89022116916016 62.380805355447634
315.41222356486645 62.286966972207267
320.00000000000654 62.191999999999865
324.6545071800142 62.096582602809711
329.3767157259242 62.003278700199289
334.16761037677935 61.907647792464410
339.02819019498156 61.810033377080870
343.95946877463007 61.709726836997547
348.9624744528898 61.608458016051628
354.03825052443415 61.505119689301544
359.187855459007 61.399648963090357
364.4123631221491 61.292987792308161
369.71286299913527 61.182972449617985
375.0904604221685 61.071164945721726
380.54627680087896 60.960489813467888
386.08144985617537 60.853860597718288
391.6971338574982 60.744612318912687
397.3944998635236 60.635462302538457
403.1747359663683 60.530119313935899
409.0390475393468 60.428849207677558
414.9886574883323 60.333673918512233
421.0248065067734 60.248609630627200
427.1487533344206 60.174400901654977
433.3617750198154 60.115877131106345
439.6651671865984 60.079029700338367
446.06024430368984 60.062686748101228
452.54833995940066 60.075212695821364
459.13080713953053 60.120816803033186
465.8090185095106 60.192295313159761
472.58436670065066 60.293832231503409
479.45826460054917 60.414204105224286
486.432145647728 60.540721836223874
493.50746413055253 60.662556527952333
500.6856954904994 60.769771201854155
507.9683366298358 60.857618060597396
515.3569062237735 60.921049330169808
522.8529450371643 60.973777597417453
530.4580162458005 61.020833975520887
538.1737057623901 61.068616679901083
546.0016225672724 61.120012169254544
553.9433990439449 61.179818417710081
562.0006913194694 61.243005876215491
570.1751796098309 61.312585375468970
578.4685685703187 61.387640545561382
586.8825876510039 61.467572841449638
595.4189914573883 61.550335166709537
604.0795601162986 61.633755821104842
612.8660996471021 61.713404582639029
621.780442338323 61.785759221396702
630.8244471297356 61.852400128699770
640.0000000000159 61.912500000000094
649.3090143600314 61.967888635442186
658.7534314518515 62.019706201412589
668.3352207535618 62.070259908956203
678.0563803899662 62.116864987832841
687.9189375492632 62.160051431461831
697.9249489057827 62.196737321170239
708.0765010488715 62.221768302307517
718.3757109180171 62.222649715632791
728.8247262443015 62.173022769344129
739.425725998274 62.050092283921316
750.1809208443404 61.954892265831383
761.0925536017613 62.159485380033018
772.1628997123541 62.438780988730372
783.3942677149998 62.631779743164032
794.7889997270506 62.753226372759542
806.34947193274 62.828011920994228
818.0780950786972 62.880812380314794
829.9773149766683 62.948701390196163
842.0496130135506 63.069013445060762
854.2975066688449 63.233867586694984
866.7235500396347 63.387049100445125
879.3303343732008 63.522653793576026
892.1204886073838 63.636413307340057
905.0966799188055 63.736176759431643
918.2616142790653 63.838446215327330
931.6180370190256 63.988134358724970
945.1687334013056 64.191498431645954
958.9165292011028 64.386029445764478
972.8642912954606 64.536814342384673
987.0149282611097 64.666172241724567
1001.3713909810035 64.790839675469329
1015.9366732596762 64.916711502243146
1030.7138124475518 65.046245858916080
1045.7058900743334 65.177373229085589
1060.916032491606 65.310000017093358
1076.3474115247852 65.444767393983128
1092.0032451345498 65.581027583643674
1107.8867980878947 65.715835626809110
1124.0013826389438 65.851289453395538
1140.350359219667 65.989869779903785
1156.9371371406426 66.133253976734181
1173.765175302013 66.277893666610737
1190.837982914782 66.422414432027296
1208.1591202326028 66.569275410540243
1225.73219929421 66.717950732129623
1243.5608846766518 66.868767519751543
1261.648894259477 67.022127304730247
1280.0000000000375 67.179000000000315
1298.6180287200684 67.338849075153732
1317.5068629037087 67.501309707262266
1336.6704415071292 67.670116646300414
1356.112760779938 67.842903570941445
1375.8378750985323 68.020040875886792
1395.8498978115715 68.201337822640014
1416.153002097749 68.384915452282996
1436.7514218360407 68.570425225432558
1457.6494524886093 68.758151050497020
1478.8514519965543 68.950510387408229
1500.3618416886875 69.148865127704795
1522.1851072035295 69.351821496992827
1544.3257994247153 69.560049030580814
1566.788535430007 69.774334169419461
1589.5779994541087 69.994115034715776
1612.6989438654878 70.219449649881781
1636.156190157402 70.450669406361428
1659.9546299533442 70.686550836538103
1684.099226027109 70.927038213832702
1708.5950133376978 71.174153435244250
1733.4471000792773 71.425815710800705
1758.6606687464096 71.679953114213959
1784.2409772147755 71.936594591692057
1810.193359837619 72.195618129589178
1836.5232285581387 72.453814387871617
1863.2360740380593 72.708683817438526
1890.3374668026197 72.958764198567792
1917.833058402214 73.201647608099265
1945.7285825909298 73.435218092201083
1974.0298565222283 73.654088103829821
2002.7427819620161 73.856008091524203
2031.8733465193618 74.040178516088531
2061.4276248951132 74.199400518279759
2091.411780148677 74.332182404159781
2121.832064983222 74.431305352710567
2152.694823049581 74.489392472947628
2184.0064902691106 74.523000811283637
2215.7735961758003 74.510409423537382
2248.002765277899 74.471327572337714
2280.7007184393456 74.393219499374638
2313.874274281297 74.281121568207624
2347.530350604038 74.137860387221423
2381.6759658295764 73.965617381103243
2416.318240465218 73.772494351929623
2451.4643985884327 73.556774288892882
2487.1217693533167 73.326996322268116
2523.2977885189675 73.083575038071018
2560.0000000000887 72.831499999999380
2597.236057440151 72.572778499354939
2635.0137258074315 72.310655520692180
2673.340883014273 72.048490234465277
2712.225521559891 71.786459430908053
2751.6757501970797 71.527023836209139
2791.699795623158 71.270413802902368
2832.3060041955137 71.014941353694127
2873.502843672097 70.761337738910385
2915.2989049772345 70.509930482534770
2957.7029039931244 70.259977214919743
3000.723683377391 70.011384050791094
3044.370214407075 69.763672473133951
3088.6515988494466 69.519581931256141
3133.57707086003 69.279425664599103
3179.1559989082334 69.046345325491586
3225.3978877309914 68.825685631946669
3272.3123803148205 68.624696726347025
3319.9092599067053 68.448799442307873
3368.198452054235 68.302366009179536
3417.190026675413 68.189057951984253
3466.8942001585724 68.111585321827164
3517.3213374928373 68.067012544628511
3568.4819544295697 68.051924097721482
3620.386719675257 68.064508828624639
3673.0464571162966 68.101933205118158
3726.472148076138 68.160619628056708
3780.6749336052594 68.240675427111455
3835.6661168044484 68.335862250104768
3891.45716518188 68.453119694483092
3948.059713044477 68.584013086415354
4005.4855639240527 68.735451005052752
4063.746693038744 68.899740520044389
4122.855249790247 69.069185049398712
4182.823560297375 69.240724454242098
4243.664129966465 69.407166869836828
4305.389646099183 69.552357766412285
4368.012980538242 69.662588949923986
4431.5471923516225 69.723150964326521
4496.00553055582 69.733333563773158
4561.401436878714 69.679967916525868
4627.748548562617 69.579438331636737
4695.060701208099 69.441258880904968
4763.351931659176 69.292723911039104
4832.63648093046 69.154886158371696
4902.928797176889 69.045751740893564
4974.243538706657 68.971102708792557
5046.595577037959 68.950252665861072
5120.000000000202 68.971000000000117
5194.472114880326 69.004018214098409
5270.027451614888 68.958157131651035
5346.6817660285715 68.767157278615883
5424.451043119808 68.510034109860626
5503.351500394186 68.518459714961466
5583.399591246343 69.161976035089538
5664.612008391055 70.131942345055990
5747.005687344222 71.056338238404834
5830.597809954497 71.857245516015951
5915.405807986278 72.432986224808914
6001.447366754812 72.369858562004183
6088.740428814181 71.866442408494407
6177.303197698925 71.237051816682794
6267.154141720092 70.603315275674362
6358.3119978165005 70.023837733242914
6450.795775462017 69.516259186057979
6544.624760629676 69.097025300166308
6639.818519813445 68.776883644697165
6736.396904108505 68.563542504522133
6834.380053350861 68.462920687462542
6933.788400317181 68.479261096298160
7034.642674985712 68.609053216222151
7136.963908859177 68.837226651641259
7240.773439350552 69.141717545086038
7346.092914232631 69.494672876958390
7452.944296152315 69.861481163956341
7561.349867210557 70.200448361590873
7671.332233608935 70.474664467217877
7782.914330363799 70.652381566109881
7896.119426088994 70.694634302751354
8010.971127848146 70.548140859567383
8127.49338607753 70.202750941935420
8245.710499580537 69.670319249966127
8365.647120594791 68.970461174961429
8487.328259932974 68.159298240037160
8610.77929219841 67.280043319628902
8736.025961076528 66.379059333945449
8863.094384703289 65.492862724040492
8992.011061111683 64.649747660329595
9122.802873757471 63.875159656319681
9255.497097125279 63.151937367998627
9390.121402416245 62.495731004670553
9526.7038633184 61.929421027665121
9665.272961860968 61.461230790932355
9805.857594353829 61.100702910166490
9948.487077413367 60.837135313316054
10093.19115407597 60.636768508684021
10240.000000000457 60.507699999999701
10388.944229760706 60.485700556134987
10540.05490322983 60.600057648391321
10693.363532057198 60.849727064114397
10848.902086239672 61.245859966645469
11006.703000788428 61.801472765525595
11166.799182492743 62.526646014652130
11329.224016782166 63.469228434725586
11494.0113746885 64.593081518600911
11661.195619909053 65.968061986339350
11830.811615972614 67.386298157086287
12002.894733509682 68.680892687480537
12177.48085762842 69.541822577292905
12354.606395397908 69.464371947623590
12534.308283440243 68.787631725504895
12716.62399563306 67.624230909316722
12901.591550924093 66.540142466444649
13089.249521259411 65.571559256699643
13279.637039626952 64.870170011596969
13472.793808217073 64.398180786031745
13668.760106701786 63.843957147584426
13867.576800634426 62.836086971762036
14069.285349971487 61.713966725181081
14273.927817718419 61.012384131588689
14481.54687870117 59.313133053117369
14692.18582846533 55.565618670778534
14905.888592304698 49.633752790000912
15122.699734421185 44.118461995214474
15342.664467217943 40.939447797842959
15565.828660727671 39.229853111431126
15792.238852178061 36.306202436124636
16021.942255696367 34.174857509450632
16254.986772155136 37.735212932570093
16491.42099916115 40.542632944039489
16731.294241189662 42.789060204310545
16974.65651986603 44.970929287602296
17221.558584396902 47.304522137614541
17472.051922153143 50.044661478187258
17726.188769406665 53.068408100263539
17984.022122223458 56.100015582170052
18245.605747515034 58.819695256879996
18510.99419425065 60.916783598274179
18780.242804832582 62.059386331747326
19053.40772663689 61.424104469806366
19330.545923722028 58.800341464321299
19611.71518870775 55.365269191168245
19896.974154826825 53.710000000000001
20186.382308152035 53.710000000000001
