20 69.836000000000013
20.290906698750476 69.855878690676917
20.586044732869844 69.875092910660172
20.885475648548283 69.895031709903222
21.189261887185914 69.913837756917275
21.49746679841394 69.930251518301475
21.810154653305165 69.945406224101077
22.12739065777668 69.957299434699962
22.449240966187475 69.968141360068387
22.77577269513385 69.979278304749258
23.107053937445478 69.992139019419369
23.44315377638505 70.006464762466834
23.784142300054445 70.019675158376970
24.130090616010463 70.030535457825096
24.481070866093134 70.035858032205539
24.837156241469714 70.037499999999994
25.1984209978975 70.037996052494748
25.56494047120865 70.041180289357868
25.936791093020236 70.048761763749241
26.3140504066728 70.058851244670961
26.69679708340074 70.066697952605267
27.08511093873791 70.069999999999993
27.47907294916184 70.068255795957228
27.878765268980047 70.066454630241324
28.284271247461966 70.068558441227154
28.695675446220072 70.074217833478173
29.11306365684382 70.081017572911605
29.536522918790062 70.084207816649680
29.966141537533712 70.080770867699727
30.402009102982383 70.072456469580487
30.844216508158908 70.063115682626034
31.29285596815558 70.053901810676692
31.74802103936409 70.044291558173342
32.20980663898519 70.034384253942321
32.67830906482211 70.024077200573913
33.153626015361866 70.014234731723491
33.63585661014871 70.005826294237622
34.125101410453844 69.997748174611829
34.62146244024586 69.988327826314588
35.12504320746613 69.976873919813343
35.635948725613716 69.963829384408427
36.15428553564419 69.949680005001966
36.68016172818701 69.934595148154386
37.21368696608603 69.917093582254807
37.754972507267915 69.896301114279126
38.30413122794313 69.875167832705813
38.86127764614443 69.859072866985514
39.4265279456077 69.847061283107436
40.000000000000206 69.834499999999991
40.58181339750116 69.814621309323087
41.1720894657399 69.791116455788114
41.77095129709678 69.771444053491194
42.37852377437204 69.756863364085007
42.9949335968281 69.737502158446262
43.62030930661056 69.709285336509311
44.25478131555359 69.678553566025158
44.89848193237519 69.654883946867329
45.55154539026795 69.633290915001496
46.21410787489121 69.604771142367753
46.88630755277036 69.570431174039157
47.56828460010916 69.538768619897610
48.260181232021196 69.511152970951173
48.962141732186545 69.484263358142556
49.674312482939705 69.458170508263024
50.39684199579528 69.430874326883469
51.129880942417586 69.400390963420136
51.873582186040764 69.367989357756315
52.628100813345895 69.336875986061131
53.393594166801776 69.305764220324704
54.17022187747612 69.272868883382984
54.95814589832399 69.238865203835815
55.75753053796041 69.207592616192258
56.56854249492426 69.174905486460645
57.39135089244048 69.137041104485533
58.226127313687975 69.092545424835578
59.073045837580466 69.042811185202183
59.932283075067765 68.999419704709084
60.804018205965114 68.957215785127062
61.68843301631817 68.896290250714145
62.58571193631152 68.857267910904056
63.49604207872855 68.837346969071149
64.41961327797075 68.803599722823492
65.35661812964459 68.758130493230823
66.3072520307241 68.729192747969279
67.27171322029778 68.747248212200546
68.25020282090806 68.779985802536430
69.2429248804921 68.687053007398077
70.25008641493265 68.542118475672595
71.27189745122783 68.469865896554396
72.30857107128878 68.408251451437508
73.36032345637442 68.342921077802089
74.42737393217246 68.283490242493116
75.50994501453623 68.229565073632827
76.60826245588666 68.177499997629894
77.72255529228926 68.127269004835568
78.85305589121582 68.082148399968148
80.00000000000082 68.020499999999956
81.16362679500274 67.956985211985796
82.34417893148023 67.889429725242735
83.541902594194 67.824798412929439
84.75704754874454 67.764343961608603
85.98986719365665 67.703006516583457
87.24061861322157 67.638467848618461
88.50956263110764 67.575438992308349
89.79696386475084 67.499911453267956
91.10309078053635 67.423652876934241
92.42821574978288 67.357533985701480
93.77261510554118 67.290369391562820
95.13656920021877 67.217602483161031
96.52036246404286 67.142379940139307
97.92428346437356 67.065490834453200
99.34862496587989 66.989654460899033
100.79368399159105 66.905204224538181
102.25976188483567 66.815680556717922
103.74716437208203 66.729538109979416
105.25620162669229 66.641698209054596
106.78718833360406 66.550768699983763
108.34044375495276 66.453931451764703
109.9162917966485 66.342205346260130
111.51506107592134 66.209451671916014
113.13708498984903 66.113120265831640
114.78270178488147 66.025494678606009
116.45225462737648 65.920583670417415
118.14609167516147 65.809076912850514
119.86456615013608 65.686470274265503
121.60803641193078 65.559837279926114
123.3768660326369 65.433307983691947
125.17142387262359 65.301914644389740
126.99208415745765 65.166218137030455
128.83922655594208 65.041450273863774
130.71323625928977 64.919639643146169
132.61450406144883 64.812883577388419
134.5434264405962 64.739463342714060
136.50040564181674 64.694495132298186
138.48584976098482 64.674556600956066
140.50017282986593 64.666832757233777
142.5437949024563 64.660020683658473
144.61714214257822 64.650010003751461
146.7206469127495 64.647655870617456
148.8547478643456 64.657254184623298
151.01989002907314 64.693037030784978
153.216524911774 64.764813706082776
155.4451105845792 64.866166507112041
157.70611178243232 64.978517032626215
160.00000000000236 65.090000000000089
162.3272535900062 65.172850227804219
164.6883578629612 65.228019216130321
167.08380518838874 65.262506228486728
169.51409509748981 65.279681751565448
171.97973438731407 65.284875681264779
174.4812372264439 65.275197566422491
177.01912526221608 65.252712572430283
179.5939277295025 65.215753512965662
182.20618156107355 65.162287714593020
184.85643149956664 65.093790208411448
187.54523021108326 65.017170231794154
190.27313840043846 64.935877177425340
193.04072492808663 64.843656077373140
195.84856692874806 64.750148724422559
198.69724993176072 64.653054052333786
201.58736798318304 64.554264927241249
204.5195237696723 64.451550398253403
207.49432874416505 64.343707946047289
210.5124032533856 64.235565886131496
213.57437666720915 64.131151975815300
216.68088750990657 64.028195601234344
219.83258359329807 63.923108449624507
223.03012215184378 63.819021030065073
226.2741699796992 63.715484617309528
229.5654035697641 63.612544922075685
232.90450925475412 63.509928382854199
236.2921833503241 63.403942316139947
239.72913230027333 63.297396898691531
243.21607282386276 63.191517815284115
246.75373206527502 63.085388038041749
250.34284774524843 62.978100271355956
253.9841683149166 62.872957139906788
257.67845311188546 62.767204279672278
261.42647251858085 62.663343696674204
265.22900812289896 62.556645024589557
269.08685288119375 62.449712874128565
273.0008112836349 62.347979717909126
276.97169952197106 62.249314824151959
281.00034565973334 62.152191946128212
285.0875898049141 62.056932880604030
289.23428428515797 61.959070890870279
293.44129382550057 61.861161983248387
297.7094957286928 61.762952547812930
302.0397800581479 61.661290306097186
306.4330498235497 61.556417820842654
310.89022116916016 61.449148414294015
315.41222356486645 61.340106634443202
320.00000000000654 61.229999999999848
324.6545071800142 61.119222729115663
329.3767157259242 61.007271837295590
334.16761037677935 60.895811439258722
339.02819019498156 60.783045987476427
343.95946877463007 60.671807899448282
348.9624744528898 60.559740572255265
354.03825052443415 60.447658488462451
359.187855459007 60.338973820906752
364.4123631221491 60.229340374434869
369.71286299913527 60.119443735917898
375.0904604221685 60.006632638428087
380.54627680087896 59.894009000324715
386.08144985617537 59.778289553020315
391.6971338574982 59.660947330724724
397.3944998635236 59.546265052606699
403.1747359663683 59.441471243249616
409.0390475393468 59.345901271063347
414.9886574883323 59.263141781395845
421.0248065067734 59.201517605553441
427.1487533344206 59.165165304997558
433.3617750198154 59.168112060514090
439.6651671865984 59.222550864273344
446.06024430368984 59.325608504428104
452.54833995940066 59.480863186855103
459.13080713953053 59.686316635604513
465.8090185095106 59.915267902460251
472.58436670065066 60.149678286879450
479.45826460054917 60.366884832959414
486.432145647728 60.553417212063657
493.50746413055253 60.693001093946364
500.6856954904994 60.786471292306118
507.9683366298358 60.839270440566310
515.3569062237735 60.860652959810189
522.8529450371643 60.862273891509076
530.4580162458005 60.851169845554487
538.1737057623901 60.837338701792071
546.0016225672724 60.830713822123634
553.9433990439449 60.830336086842706
562.0006913194694 60.838101244375039
570.1751796098309 60.853060574751460
578.4685685703187 60.879599419425020
586.8825876510039 60.918568808872465
595.4189914573883 60.965972049598591
604.0795601162986 61.017222388190518
612.8660996471021 61.067958705151504
621.780442338323 61.115355163621260
630.8244471297356 61.158833679153275
640.0000000000159 61.201500000000067
649.3090143600314 61.238270606722125
658.7534314518515 61.273387696371849
668.3352207535618 61.305506228486749
678.0563803899662 61.336377598228395
687.9189375492632 61.368632493912571
697.9249489057827 61.398086104381477
708.0765010488715 61.430248628408833
718.3757109180171 61.464558631575358
728.8247262443015 61.500445305542840
739.425725998274 61.540789045093355
750.1809208443404 61.584859374010620
761.0925536017613 61.636689629608370
772.1628997123541 61.689860094770935
783.3942677149998 61.740951348266918
794.7889997270506 61.782149874169782
806.34947193274 61.810963505196014
818.0780950786972 61.840968058123735
829.9773149766683 61.888418056414622
842.0496130135506 61.955635145832431
854.2975066688449 62.031933793347491
866.7235500396347 62.113429775263725
879.3303343732008 62.198812340612406
892.1204886073838 62.290954266074394
905.0966799188055 62.387862184380893
918.2616142790653 62.489870420277242
931.6180370190256 62.598235155120328
945.1687334013056 62.713031628361207
958.9165292011028 62.832148108459606
972.8642912954606 62.956360764301628
987.0149282611097 63.089179705855116
1001.3713909810035 63.227393918581136
1015.9366732596762 63.369991622364722
1030.7138124475518 63.519714604380610
1045.7058900743334 63.671005591678508
1060.916032491606 63.822721393748836
1076.3474115247852 63.977704632942896
1092.0032451345498 64.130906437240952
1107.8867980878947 64.284424581834998
1124.0013826389438 64.436623938927980
1140.350359219667 64.587653232977004
1156.9371371406426 64.735042287772870
1173.765175302013 64.881614313523485
1190.837982914782 65.024621781795318
1208.1591202326028 65.167350073297712
1225.73219929421 65.308357594353680
1243.5608846766518 65.451129348784136
1261.648894259477 65.597356043501762
1280.0000000000375 65.745500000000305
1298.6180287200684 65.895508117115980
1317.5068629037087 66.047554903229667
1336.6704415071292 66.196279160642575
1356.112760779938 66.344859800947035
1375.8378750985323 66.496055691381244
1395.8498978115715 66.654006687601992
1416.153002097749 66.820800700709682
1436.7514218360407 66.994406155519442
1457.6494524886093 67.179915995745887
1478.8514519965543 67.375011764927336
1500.3618416886875 67.579053285382912
1522.1851072035295 67.793357752738657
1544.3257994247153 68.013871478258665
1566.788535430007 68.242414602803279
1589.5779994541087 68.476944954366417
1612.6989438654878 68.717584931710320
1636.156190157402 68.964532491865313
1659.9546299533442 69.217315447901711
1684.099226027109 69.476453625613317
1708.5950133376978 69.742013745114150
1733.4471000792773 70.012742332865713
1758.6606687464096 70.288247716085721
1784.2409772147755 70.568465929818231
1810.193359837619 70.853830825410569
1836.5232285581387 71.142833655854872
1863.2360740380593 71.433214321091796
1890.3374668026197 71.723690646779872
1917.833058402214 72.011607146214970
1945.7285825909298 72.295358684168377
1974.0298565222283 72.572070205396059
2002.7427819620161 72.836316490036836
2031.8733465193618 73.087861882386932
2061.4276248951132 73.321159930503555
2091.411780148677 73.533229507252656
2121.832064983222 73.719755746035645
2152.694823049581 73.871881165553788
2184.0064902691106 74.004321580144790
2215.7735961758003 74.093582101252139
2248.002765277899 74.157936421226992
2280.7007184393456 74.183213381229280
2313.874274281297 74.172013153146835
2347.530350604038 74.128282748993286
2381.6759658295764 74.052768186280332
2416.318240465218 73.954553601185722
2451.4643985884327 73.831313420240434
2487.1217693533167 73.691730020006290
2523.2977885189675 73.536280952873028
2560.0000000000887 73.371249999999591
2597.236057440151 73.198705980749281
2635.0137258074315 73.021185259941618
2673.340883014273 72.840506088795237
2712.225521559891 72.657540048668508
2751.6757501970797 72.475687495970902
2791.699795623158 72.296832156922250
2832.3060041955137 72.123345602252982
2873.502843672097 71.954253596874892
2915.2989049772345 71.790170139186046
2957.7029039931244 71.631731719864334
3000.723683377391 71.479557568601308
3044.370214407075 71.332869640083800
3088.6515988494466 71.190314883681765
3133.57707086003 71.046848086633659
3179.1559989082334 70.900909243504572
3225.3978877309914 70.750694928242353
3272.3123803148205 70.597931011583142
3319.9092599067053 70.451360424067758
3368.198452054235 70.327875157809359
3417.190026675413 70.248732277859403
3466.8942001585724 70.229778158077693
3517.3213374928373 70.275619487112749
3568.4819544295697 70.383619111491385
3620.386719675257 70.548746331585448
3673.0464571162966 70.764822309021469
3726.472148076138 71.029096549245821
3780.6749336052594 71.338768708300165
3835.6661168044484 71.678553032077403
3891.45716518188 72.053018010625422
3948.059713044477 72.442160527180789
4005.4855639240527 72.823641948707817
4063.746693038744 73.170952904143988
4122.855249790247 73.448732636895215
4182.823560297375 73.613479831712169
4243.664129966465 73.613045256214519
4305.389646099183 73.425136783646934
4368.012980538242 73.026130886943122
4431.5471923516225 72.417311102596784
4496.00553055582 71.679768579742273
4561.401436878714 70.931243184606785
4627.748548562617 70.325129823089554
4695.060701208099 70.104254720797769
4763.351931659176 70.303445955814112
4832.63648093046 70.834497435704407
4902.928797176889 71.445310519768128
4974.243538706657 71.923998135871614
5046.595577037959 72.068522561328948
5120.000000000202 71.884928571427594
5194.472114880326 71.380911185396229
5270.027451614888 70.685481660464461
5346.6817660285715 69.920722402073750
5424.451043119808 69.151872359385294
5503.351500394186 68.414952689247528
5583.399591246343 67.719640999953185
5664.612008391055 67.042512570522064
5747.005687344222 66.373219472809495
5830.597809954497 66.008971707510824
5915.405807986278 66.150623119914997
6001.447366754812 66.178415299603813
6088.740428814181 66.008003281549421
6177.303197698925 65.982514474663731
6267.154141720092 65.918915029935889
6358.3119978165005 65.817980842303584
6450.795775462017 65.766126654803386
6544.624760629676 65.789960456243918
6639.818519813445 65.883551372144410
6736.396904108505 66.032788319039099
6834.380053350861 66.219291508302248
6933.788400317181 66.417880554613745
7034.642674985712 66.600908639852349
7136.963908859177 66.749595968808194
7240.773439350552 66.874612658433648
7346.092914232631 67.016174481631737
7452.944296152315 67.224419095957941
7561.349867210557 67.529530203946820
7671.332233608935 67.891411615944463
7782.914330363799 68.233284933222038
7896.119426088994 68.441328350796454
8010.971127848146 68.376915137763575
8127.49338607753 68.033126934023812
8245.710499580537 67.482962675029029
8365.647120594791 66.841619125111833
8487.328259932974 66.209076254846849
8610.77929219841 65.649147408564602
8736.025961076528 65.216189254518497
8863.094384703289 64.948079848668129
8992.011061111683 64.875027065370048
9122.802873757471 65.040872173470760
9255.497097125279 65.470139778376350
9390.121402416245 66.133258446765922
9526.7038633184 66.951458265974679
9665.272961860968 67.832202195251867
9805.857594353829 68.719676432599186
9948.487077413367 69.583146942626087
10093.19115407597 70.339219645989459
10240.000000000457 70.868700000001283
10388.944229760706 71.367864281968338
10540.05490322983 71.925827112514810
10693.363532057198 72.195671460216786
10848.902086239672 72.163851032910600
11006.703000788428 71.968944476920186
11166.799182492743 71.598760781617841
11329.224016782166 71.006821112560417
11494.0113746885 70.298824050874430
11661.195619909053 69.577759773346230
11830.811615972614 68.903803825450012
12002.894733509682 68.299527339637152
12177.48085762842 67.708795722877028
12354.606395397908 67.121590232395505
12534.308283440243 66.551620338968092
12716.62399563306 66.062376490102196
12901.591550924093 65.760361648150109
13089.249521259411 65.558763371447043
13279.637039626952 65.525327593822794
13472.793808217073 65.692600634928326
13668.760106701786 66.027333420872708
13867.576800634426 66.392255984875504
14069.285349971487 66.489548068368507
14273.927817718419 66.237155691480609
14481.54687870117 65.599541159531597
14692.18582846533 64.698147929606506
14905.888592304698 63.553505474832519
15122.699734421185 62.440519843440015
15342.664467217943 61.833936250737153
15565.828660727671 61.361650583657614
15792.238852178061 59.530328342414549
16021.942255696367 56.565539227122485
16254.986772155136 54.375414709864927
16491.42099916115 53.755011298201140
16731.294241189662 52.187917057335440
16974.65651986603 51.795209428319694
17221.558584396902 50.949221292250606
17472.051922153143 49.456675486542849
17726.188769406665 48.042033166112660
17984.022122223458 47.312871411352397
18245.605747515034 47.699845212171191
18510.99419425065 49.306076921339809
18780.242804832582 51.228415570995637
19053.40772663689 52.443698870232410
19330.545923722028 52.974272961861018
19611.71518870775 52.663304801597150
19896.974154826825 52.173499999999997
20186.382308152035 52.173499999999997
