20 100.027000000000001
20.290906698750476 100.011000078235654
20.586044732869844 99.991907089339833
20.885475648548283 99.969113533611306
21.189261887185914 99.944859126161376
21.49746679841394 99.921542808462107
21.810154653305165 99.900941441861022
22.12739065777668 99.883971228788951
22.449240966187475 99.867209687883758
22.77577269513385 99.847190817342465
23.107053937445478 99.820186689689791
23.44315377638505 99.787707389082243
23.784142300054445 99.753315947869623
24.130090616010463 99.721809534444304
24.481070866093134 99.698767435860304
24.837156241469714 99.680599400729420
25.1984209978975 99.661094740126146
25.56494047120865 99.633124439957271
25.936791093020236 99.592717116821788
26.3140504066728 99.543103278776769
26.69679708340074 99.495122339054660
27.08511093873791 99.455765622655207
27.47907294916184 99.428209118763732
27.878765268980047 99.404122540447418
28.284271247461966 99.374258300203053
28.695675446220072 99.335280025469572
29.11306365684382 99.286236406326083
29.536522918790062 99.228631130937856
29.966141537533712 99.165477193982539
30.402009102982383 99.098181893088139
30.844216508158908 99.029187349859342
31.29285596815558 98.966151934020360
31.74802103936409 98.918422169575322
32.20980663898519 98.887268507884656
32.67830906482211 98.870577200573905
33.153626015361866 98.860273853677398
33.63585661014871 98.848652588475247
34.125101410453844 98.830369625245936
34.62146244024586 98.800904467220576
35.12504320746613 98.758245592838449
35.635948725613716 98.705045640182490
36.15428553564419 98.649880017506860
36.68016172818701 98.601226738288659
37.21368696608603 98.559400851475715
37.754972507267915 98.514459769372209
38.30413122794313 98.459067200595342
38.86127764614443 98.385118847226821
39.4265279456077 98.304923860746726
40.000000000000206 98.234999999999985
40.58181339750116 98.179727542995863
41.1720894657399 98.125081804010023
41.77095129709678 98.057792083969318
42.37852377437204 97.978465423989064
42.9949335968281 97.903107770406535
43.62030930661056 97.840637082431073
44.25478131555359 97.790995264686273
44.89848193237519 97.743029281779783
45.55154539026795 97.690545011919681
46.21410787489121 97.633171598186408
46.88630755277036 97.569245859296345
47.56828460010916 97.500122775099328
48.260181232021196 97.430722697725969
48.962141732186545 97.364345638469047
49.674312482939705 97.298169010086553
50.39684199579528 97.227815750815168
51.129880942417586 97.154276223261917
51.873582186040764 97.080709210914307
52.628100813345895 97.009133155048616
53.393594166801776 96.937600500737972
54.17022187747612 96.867237766765982
54.95814589832399 96.804466353315433
55.75753053796041 96.750260534733243
56.56854249492426 96.695839110345162
57.39135089244048 96.634017875927441
58.226127313687975 96.562696287140710
59.073045837580466 96.485291103805665
59.932283075067765 96.412255938619239
60.804018205965114 96.342178463982123
61.68843301631817 96.271290785410343
62.58571193631152 96.198419877614342
63.49604207872855 96.124816633701727
64.41961327797075 96.053029004152194
65.35661812964459 95.983110258406299
66.3072520307241 95.911687967618889
67.27171322029778 95.837349795257367
68.25020282090806 95.764235599715533
69.2429248804921 95.694359645686291
70.25008641493265 95.626619512651772
71.27189745122783 95.562550204200704
72.30857107128878 95.498442880366227
73.36032345637442 95.434763180268533
74.42737393217246 95.380131303391380
75.50994501453623 95.328977372218077
76.60826245588666 95.280442146507752
77.72255529228926 95.227475517294309
78.85305589121582 95.159369454234195
80.00000000000082 95.102499999999964
81.16362679500274 95.062742651777370
82.34417893148023 94.989768759829289
83.541902594194 94.929107183036251
84.75704754874454 94.860672261753905
85.98986719365665 94.806492767571626
87.24061861322157 94.808806430276306
88.50956263110764 94.799661676006238
89.79696386475084 94.686799501190166
91.10309078053635 94.537088397715195
92.42821574978288 94.414488176873832
93.77261510554118 94.332622202312862
95.13656920021877 94.290918824461997
96.52036246404286 94.285210778440103
97.92428346437356 94.299374680565137
99.34862496587989 94.314700302801725
100.79368399159105 94.303420004159776
102.25976188483567 94.257076984990462
103.74716437208203 94.182304954016814
105.25620162669229 94.099246775257114
106.78718833360406 94.027487674433431
108.34044375495276 93.973006539433101
109.9162917966485 93.926083894828309
111.51506107592134 93.876914108066629
113.13708498984903 93.823281373761120
114.78270178488147 93.768243291945510
116.45225462737648 93.722383176567277
118.14609167516147 93.684915299143526
119.86456615013608 93.654511496583353
121.60803641193078 93.620619234153949
123.3768660326369 93.584962653121210
125.17142387262359 93.555057196110255
126.99208415745765 93.537047495055248
128.83922655594208 93.535316022287702
130.71323625928977 93.544953786476356
132.61450406144883 93.570172715367249
134.5434264405962 93.620563351861463
136.50040564181674 93.697770079269930
138.48584976098482 93.799450511495650
140.50017282986593 93.914843645515333
142.5437949024563 94.036779762513220
144.61714214257822 94.157389958733901
146.7206469127495 94.270694286375715
148.8547478643456 94.369983208593993
151.01989002907314 94.452860348965231
153.216524911774 94.519339902864928
155.4451105845792 94.569354703002517
157.70611178243232 94.601906891842702
160.00000000000236 94.611999999999995
162.3272535900062 94.604552788511981
164.6883578629612 94.586493137096312
167.08380518838874 94.557744054626312
169.51409509748981 94.520274478440157
171.97973438731407 94.476072887273432
174.4812372264439 94.427667750361692
177.01912526221608 94.378328969913014
179.5939277295025 94.326702659864054
182.20618156107355 94.273493896154093
184.85643149956664 94.223199087808155
187.54523021108326 94.176185856200505
190.27313840043846 94.126919625751839
193.04072492808663 94.076199531236909
195.84856692874806 94.029771496068776
198.69724993176072 93.986322901064526
201.58736798318304 93.939014744285885
204.5195237696723 93.889168095915565
207.49432874416505 93.841086959256131
210.5124032533856 93.797078421661496
213.57437666720915 93.756426697493083
216.68088750990657 93.719164460819854
219.83258359329807 93.684716018168700
223.03012215184378 93.654971370095438
226.2741699796992 93.630080810142104
229.5654035697641 93.613883251197691
232.90450925475412 93.605706896614691
236.2921833503241 93.606522641726144
239.72913230027333 93.618551963050962
243.21607282386276 93.643025682723703
246.75373206527502 93.676191238111954
250.34284774524843 93.713385621484335
253.9841683149166 93.749343662109808
257.67845311188546 93.780307044812048
261.42647251858085 93.801417289787381
265.22900812289896 93.813057252030717
269.08685288119375 93.813826294237614
273.0008112836349 93.804246957686360
276.97169952197106 93.788262964830395
281.00034565973334 93.767898064305498
285.0875898049141 93.744965702190029
289.23428428515797 93.719670865860536
293.44129382550057 93.691943331369146
297.7094957286928 93.665243025627859
302.0397800581479 93.639516292158390
306.4330498235497 93.614212717666561
310.89022116916016 93.589603783569615
315.41222356486645 93.563567880967270
320.00000000000654 93.536499999999961
324.6545071800142 93.509969309073924
329.3767157259242 93.483052720362224
334.16761037677935 93.454911098777004
339.02819019498156 93.426233677849609
343.95946877463007 93.396743187352229
348.9624744528898 93.367121400727953
354.03825052443415 93.336770496853390
359.187855459007 93.305872867245967
364.4123631221491 93.275408293891530
369.71286299913527 93.244665394605022
375.0904604221685 93.213989544760622
380.54627680087896 93.183203152337896
386.08144985617537 93.153368315762265
391.6971338574982 93.123840047248137
397.3944998635236 93.093569700736964
403.1747359663683 93.062568074846041
409.0390475393468 93.032304762303269
414.9886574883323 93.002307657767631
421.0248065067734 92.972524140289011
427.1487533344206 92.944009672772978
433.3617750198154 92.917159270750773
439.6651671865984 92.891529700338367
446.06024430368984 92.867460831962404
452.54833995940066 92.846609814117741
459.13080713953053 92.832123558679413
465.8090185095106 92.824143236117862
472.58436670065066 92.824792183350326
479.45826460054917 92.834916529201109
486.432145647728 92.855512509767038
493.50746413055253 92.891896596118627
500.6856954904994 92.944885539255267
507.9683366298358 93.012705134865342
515.3569062237735 93.098741754115849
522.8529450371643 93.199634248362997
530.4580162458005 93.312656503840628
538.1737057623901 93.433229661980420
546.0016225672724 93.555882060854543
553.9433990439449 93.676543673457942
562.0006913194694 93.792609367378816
570.1751796098309 93.903110914298466
578.4685685703187 94.003046251272337
586.8825876510039 94.093423040952985
595.4189914573883 94.178835166709547
604.0795601162986 94.260471013553953
612.8660996471021 94.337361847000366
621.780442338323 94.411196490636229
630.8244471297356 94.482471909968424
640.0000000000159 94.554500000000132
649.3090143600314 94.630833917752256
658.7534314518515 94.707402794760000
668.3352207535618 94.785432049141519
678.0563803899662 94.863451043119724
687.9189375492632 94.941559606639174
697.9249489057827 95.019814601465100
708.0765010488715 95.097381407971426
718.3757109180171 95.173561475247425
728.8247262443015 95.248155556334538
739.425725998274 95.322008795687992
750.1809208443404 95.394691062225235
761.0925536017613 95.466525977878263
772.1628997123541 95.538558848130307
783.3942677149998 95.611562740147491
794.7889997270506 95.685062748248583
806.34947193274 95.759771567562808
818.0780950786972 95.836241390899175
829.9773149766683 95.914235417731163
842.0496130135506 95.993659952339215
854.2975066688449 96.074650044458963
866.7235500396347 96.158156475269820
879.3303343732008 96.243946273737762
892.1204886073838 96.330681972909957
905.0966799188055 96.417977866125369
918.2616142790653 96.505663818087626
931.6180370190256 96.594026320394363
945.1687334013056 96.683194161558603
958.9165292011028 96.773700483907263
972.8642912954606 96.864617893420501
987.0149282611097 96.956134921071794
1001.3713909810035 97.047639763180314
1015.9366732596762 97.139307374209992
1030.7138124475518 97.230910341193805
1045.7058900743334 97.323341958575639
1060.916032491606 97.415496194949640
1076.3474115247852 97.507949727996220
1092.0032451345498 97.600143862344567
1107.8867980878947 97.692214317713393
1124.0013826389438 97.783452202585181
1140.350359219667 97.874926975708178
1156.9371371406426 97.965050618819333
1173.765175302013 98.054767170335566
1190.837982914782 98.142523605567348
1208.1591202326028 98.230141378289261
1225.73219929421 98.315659706179702
1243.5608846766518 98.399808523786788
1261.648894259477 98.481531727692328
1280.0000000000375 98.562000000000154
1298.6180287200684 98.640195720624291
1317.5068629037087 98.719027451614835
1336.6704415071292 98.796098527066192
1356.112760779938 98.872742586061264
1375.8378750985323 98.950163659761742
1395.8498978115715 99.028314601465127
1416.153002097749 99.108304358286105
1436.7514218360407 99.190174472890064
1457.6494524886093 99.275168733302834
1478.8514519965543 99.363330156465381
1500.3618416886875 99.454570392928900
1522.1851072035295 99.549283365263321
1544.3257994247153 99.646920033457249
1566.788535430007 99.746876868017836
1589.5779994541087 99.848517877565314
1612.6989438654878 99.951891268517386
1636.156190157402 100.056533484298868
1659.9546299533442 100.161999464393773
1684.099226027109 100.268536594519276
1708.5950133376978 100.376489958952618
1733.4471000792773 100.486336182350414
1758.6606687464096 100.598126582608984
1784.2409772147755 100.712399577922184
1810.193359837619 100.829277853662802
1836.5232285581387 100.949276386796285
1863.2360740380593 101.072680105017355
1890.3374668026197 101.199892843308362
1917.833058402214 101.331812002666709
1945.7285825909298 101.468070054695559
1974.0298565222283 101.609629879741590
2002.7427819620161 101.757945318333299
2031.8733465193618 101.911678516088529
2061.4276248951132 102.072423318167893
2091.411780148677 102.239000087509169
2121.832064983222 102.411580175278118
2152.694823049581 102.589336547246972
2184.0064902691106 102.768836994533928
2215.7735961758003 102.947740628727885
2248.002765277899 103.125181414815472
2280.7007184393456 103.296181937504059
2313.874274281297 103.457284137503336
2347.530350604038 103.604750955006750
2381.6759658295764 103.732365880403520
2416.318240465218 103.841375161279345
2451.4643985884327 103.921123882229793
2487.1217693533167 103.976904671933752
2523.2977885189675 103.999363003625149
2560.0000000000887 103.995749999999958
2597.236057440151 103.967540336815830
2635.0137258074315 103.920980326342686
2673.340883014273 103.863321631327864
2712.225521559891 103.806384269816149
2751.6757501970797 103.764220196680384
2791.699795623158 103.746886308758349
2832.3060041955137 103.767114202936853
2873.502843672097 103.820865004862895
2915.2989049772345 103.906359218642166
2957.7029039931244 104.016684363500190
3000.723683377391 104.140562497625567
3044.370214407075 104.264008231271958
3088.6515988494466 104.374398677353724
3133.57707086003 104.467412294476802
3179.1559989082334 104.535902798580707
3225.3978877309914 104.580270563657081
3272.3123803148205 104.599677485637784
3319.9092599067053 104.595036296037321
3368.198452054235 104.568077269315523
3417.190026675413 104.522059569056523
3466.8942001585724 104.460010235774831
3517.3213374928373 104.384593006511750
3568.4819544295697 104.297732482026774
3620.386719675257 104.201449763829999
3673.0464571162966 104.097215692053922
3726.472148076138 103.986114324597821
3780.6749336052594 103.868734252737028
3835.6661168044484 103.747877881862166
3891.45716518188 103.624794236599868
3948.059713044477 103.500268631302163
4005.4855639240527 103.376526028792185
4063.746693038744 103.254912946596534
4122.855249790247 103.135432262909021
4182.823560297375 103.018695740298497
4243.664129966465 102.904402384420138
4305.389646099183 102.793260217405646
4368.012980538242 102.684444167067042
4431.5471923516225 102.578128264212296
4496.00553055582 102.474857863865324
4561.401436878714 102.373979283516775
4627.748548562617 102.275393747060249
4695.060701208099 102.179737747620266
4763.351931659176 102.086356376021797
4832.63648093046 101.995325304409008
4902.928797176889 101.906103797834774
4974.243538706657 101.817551665084352
5046.595577037959 101.729794085197966
5120.000000000202 101.642642857142619
5194.472114880326 101.556992383814475
5270.027451614888 101.473907817941395
5346.6817660285715 101.394234711896075
5424.451043119808 101.320176553741319
5503.351500394186 101.252794471101964
5583.399591246343 101.190657811674669
5664.612008391055 101.137617494755588
5747.005687344222 101.091527099454453
5830.597809954497 101.047059248325922
5915.405807986278 100.996176731130078
6001.447366754812 100.932842106596155
6088.740428814181 100.863694404926918
6177.303197698925 100.802923058539932
6267.154141720092 100.753422929139958
6358.3119978165005 100.714258320851570
6450.795775462017 100.684539119502574
6544.624760629676 100.664583162102403
6639.818519813445 100.654009074009338
6736.396904108505 100.651181984520548
6834.380053350861 100.652187601067013
6933.788400317181 100.652317405988896
7034.642674985712 100.649653573250148
7136.963908859177 100.652141932253031
7240.773439350552 100.656684531212989
7346.092914232631 100.640750267445554
7452.944296152315 100.583527056405003
7561.349867210557 100.466455801499293
7671.332233608935 100.288994439465753
7782.914330363799 100.059277917223397
7896.119426088994 99.791537256154356
8010.971127848146 99.507806432262555
8127.49338607753 99.231418040649004
8245.710499580537 98.977705927823308
8365.647120594791 98.750549657340599
8487.328259932974 98.531650735369809
8610.77929219841 98.292518799828940
8736.025961076528 98.007640289523977
8863.094384703289 97.673093707697603
8992.011061111683 97.304821735424298
9122.802873757471 96.932234088797941
9255.497097125279 96.590786954586918
9390.121402416245 96.309685308724610
9526.7038633184 96.112408797653202
9665.272961860968 96.008025097230600
9805.857594353829 95.995897930700693
9948.487077413367 96.070648210640456
10093.19115407597 96.223140022071419
10240.000000000457 96.431300000000704
10388.944229760706 96.688729167093868
10540.05490322983 96.995616669363386
10693.363532057198 97.334935217769839
10848.902086239672 97.671194381103305
11006.703000788428 97.969565060786778
11166.799182492743 98.228631604604942
11329.224016782166 98.451798689042889
11494.0113746885 98.655363554837123
11661.195619909053 98.822230205182606
11830.811615972614 98.944017841840363
12002.894733509682 98.980420039780896
12177.48085762842 98.929563826270481
12354.606395397908 98.731236104592043
12534.308283440243 98.456816894531556
12716.62399563306 98.133463847671251
12901.591550924093 97.861752130789284
13089.249521259411 97.630396661647325
13279.637039626952 97.485459702564143
13472.793808217073 97.407932089726728
13668.760106701786 97.308101011704267
13867.576800634426 97.073976092821553
14069.285349971487 96.587348884432373
14273.927817718419 95.876557379791365
14481.54687870117 94.915028849431138
14692.18582846533 94.008172742394635
14905.888592304698 93.475476767343963
15122.699734421185 93.335383528824877
15342.664467217943 93.391739472132315
15565.828660727671 93.209368958526667
15792.238852178061 92.215969139232499
16021.942255696367 90.058303327936983
16254.986772155136 86.857250930963474
16491.42099916115 83.265815022742132
16731.294241189662 79.785434210608940
16974.65651986603 76.582283102708601
17221.558584396902 73.296794718482914
17472.051922153143 71.174836514942129
17726.188769406665 69.677985830391151
17984.022122223458 66.822290762785627
18245.605747515034 63.895048646237186
18510.99419425065 62.640906386324289
18780.242804832582 62.443143001609386
19053.40772663689 63.207572110171057
19330.545923722028 64.957357769586906
19611.71518870775 67.486905482168055
19896.974154826825 70.235408641849375
20186.382308152035 71.205500000000001
