20 69.796500000000009
20.290906698750476 69.774681924866798
20.586044732869844 69.751116417649030
20.885475648548283 69.729065119106451
21.189261887185914 69.711126446159341
21.49746679841394 69.697101318316726
21.810154653305165 69.684593775898918
22.12739065777668 69.670630467111167
22.449240966187475 69.653635211859807
22.77577269513385 69.629806811285874
23.107053937445478 69.599651418218343
23.44315377638505 69.566923160578270
23.784142300054445 69.534466837244963
24.130090616010463 69.504092716028211
24.481070866093134 69.477598694047401
24.837156241469714 69.452856286756315
25.1984209978975 69.428606582641919
25.56494047120865 69.402629433732940
25.936791093020236 69.374227676536265
26.3140504066728 69.344185934074844
26.69679708340074 69.313748226036438
27.08511093873791 69.284116725872224
27.47907294916184 69.255964914720948
27.878765268980047 69.229380257516297
28.284271247461966 69.203306640162438
28.695675446220072 69.176389745103251
29.11306365684382 69.147972480364089
29.536522918790062 69.117614689415575
29.966141537533712 69.083674818534831
30.402009102982383 69.044815832840499
30.844216508158908 69.003799492473632
31.29285596815558 68.962142962865997
31.74802103936409 68.924154358929599
32.20980663898519 68.888974308715092
32.67830906482211 68.853413583879046
33.153626015361866 68.814480910648157
33.63585661014871 68.771772905086621
34.125101410453844 68.728241278700978
34.62146244024586 68.685918617459592
35.12504320746613 68.643996370572850
35.635948725613716 68.601080307048449
36.15428553564419 68.558465728219758
36.68016172818701 68.518168032114161
37.21368696608603 68.478259790577454
37.754972507267915 68.435191613761731
38.30413122794313 68.389253060852781
38.86127764614443 68.343400246270278
39.4265279456077 68.299240011424416
40.000000000000206 68.256499999999988
40.58181339750116 68.213833541961719
41.1720894657399 68.171023576115985
41.77095129709678 68.127605965480370
42.37852377437204 68.081284241124081
42.9949335968281 68.031580288193339
43.62030930661056 67.980508122419536
44.25478131555359 67.928032553807626
44.89848193237519 67.871967459198387
45.55154539026795 67.814802738502834
46.21410787489121 67.760953736624685
46.88630755277036 67.710903570033167
47.56828460010916 67.658439690505830
48.260181232021196 67.602546662830434
48.962141732186545 67.551837418073632
49.674312482939705 67.501612423694951
50.39684199579528 67.447988786553964
51.129880942417586 67.395350815507939
51.873582186040764 67.344882972410105
52.628100813345895 67.288519534840091
53.393594166801776 67.229972393913869
54.17022187747612 67.181488882570648
54.95814589832399 67.147983176657704
55.75753053796041 67.116350334208278
56.56854249492426 67.094844878854047
57.39135089244048 67.089717833478176
58.226127313687975 67.086681034766173
59.073045837580466 67.048428434947368
59.932283075067765 66.953482720205017
60.804018205965114 66.843477503970959
61.68843301631817 66.727830768776414
62.58571193631152 66.611286072693645
63.49604207872855 66.517088402268712
64.41961327797075 66.443787843986115
65.35661812964459 66.373827167758080
66.3072520307241 66.302721365972218
67.27171322029778 66.239066927460357
68.25020282090806 66.178614960365053
69.2429248804921 66.131297155019325
70.25008641493265 66.088496197742970
71.27189745122783 66.040817537633700
72.30857107128878 65.982214308044462
73.36032345637442 65.923325929647717
74.42737393217246 65.870284938001831
75.50994501453623 65.798466505915428
76.60826245588666 65.727685948003938
77.72255529228926 65.676683406843750
78.85305589121582 65.631170505394749
80.00000000000082 65.569999999999936
81.16362679500274 65.490000457844701
82.34417893148023 65.411808139206371
83.541902594194 65.334577949346880
84.75704754874454 65.251006714104676
85.98986719365665 65.167183797387679
87.24061861322157 65.090562847292446
88.50956263110764 65.019416679502442
89.79696386475084 64.940885204250193
91.10309078053635 64.858177786935272
92.42821574978288 64.780668998757221
93.77261510554118 64.700632736094121
95.13656920021877 64.620500810990819
96.52036246404286 64.552199673395819
97.92428346437356 64.489928174735766
99.34862496587989 64.415582599753705
100.79368399159105 64.328349837843476
102.25976188483567 64.246245635950160
103.74716437208203 64.169040770540335
105.25620162669229 64.090317026128275
106.78718833360406 64.014764544431813
108.34044375495276 63.949282989393481
109.9162917966485 63.894506820928910
111.51506107592134 63.854852380175259
113.13708498984903 63.839498728111252
114.78270178488147 63.841322965058858
116.45225462737648 63.862303499196273
118.14609167516147 63.877730458937705
119.86456615013608 63.886322837922087
121.60803641193078 63.888199933978782
123.3768660326369 63.867174815398997
125.17142387262359 63.841114337401137
126.99208415745765 63.824039579212709
128.83922655594208 63.830029834735242
130.71323625928977 63.854659676550668
132.61450406144883 63.915875967287512
134.5434264405962 64.034289254908600
136.50040564181674 64.202415057129400
138.48584976098482 64.401757149783890
140.50017282986593 64.608266159592461
142.5437949024563 64.799344823379670
144.61714214257822 64.961264233015143
146.7206469127495 65.077941251315323
148.8547478643456 65.155120091483070
151.01989002907314 65.194455142226758
153.216524911774 65.198834750882270
155.4451105845792 65.172008766191510
157.70611178243232 65.125388427795684
160.00000000000236 65.068499999999929
162.3272535900062 64.999613293735820
164.6883578629612 64.922284190522277
167.08380518838874 64.840317101519418
169.51409509748981 64.756715128646348
171.97973438731407 64.673084977708783
174.4812372264439 64.592892903644383
177.01912526221608 64.517945367395725
179.5939277295025 64.445788809119819
182.20618156107355 64.377139279412091
184.85643149956664 64.315302075509962
187.54523021108326 64.260231086411579
190.27313840043846 64.214402923993418
193.04072492808663 64.172997271064318
195.84856692874806 64.131780636226026
198.69724993176072 64.090999050969003
201.58736798318304 64.050805970896505
204.5195237696723 64.009213651378133
207.49432874416505 63.963590740093366
210.5124032533856 63.914545346319144
213.57437666720915 63.865990755825067
216.68088750990657 63.822972907677517
219.83258359329807 63.784383434575389
223.03012215184378 63.754471370095445
226.2741699796992 63.728822753482206
229.5654035697641 63.711100549412805
232.90450925475412 63.699318302484158
236.2921833503241 63.689623449949025
239.72913230027333 63.679312603099177
243.21607282386276 63.669270754219461
246.75373206527502 63.657331154279703
250.34284774524843 63.642242905305594
253.9841683149166 63.623581137386054
257.67845311188546 63.594072375104915
261.42647251858085 63.555522038554898
265.22900812289896 63.514923658617384
269.08685288119375 63.471428814465270
273.0008112836349 63.422489453312750
276.97169952197106 63.370139131572898
281.00034565973334 63.314495160763727
285.0875898049141 63.257308778653169
289.23428428515797 63.200913733721855
293.44129382550057 63.144042533355744
297.7094957286928 63.085879908516915
302.0397800581479 63.025943079185929
306.4330498235497 62.964437302470301
310.89022116916016 62.902036903631753
315.41222356486645 62.841146425378895
320.00000000000654 62.775999999999904
324.6545071800142 62.707113293735787
329.3767157259242 62.639412965119284
334.16761037677935 62.570486410574375
339.02819019498156 62.500091242172772
343.95946877463007 62.427399862135474
348.9624744528898 62.353751625542522
354.03825052443415 62.281156842553031
359.187855459007 62.209707594665701
364.4123631221491 62.140256806787633
369.71286299913527 62.075474357710462
375.0904604221685 62.014101857237037
380.54627680087896 61.959933394619839
386.08144985617537 61.916113561035537
391.6971338574982 61.895702169293600
397.3944998635236 61.889831199781639
403.1747359663683 61.914635783781392
409.0390475393468 61.971494602165059
414.9886574883323 62.064788273115539
421.0248065067734 62.191218722478666
427.1487533344206 62.340262900584278
433.3617750198154 62.505177481780059
439.6651671865984 62.670652132343015
446.06024430368984 62.829400680060793
452.54833995940066 62.972986135171773
459.13080713953053 63.093223721372013
465.8090185095106 63.192469495251018
472.58436670065066 63.268326031299509
479.45826460054917 63.325800089561184
486.432145647728 63.367547157368193
493.50746413055253 63.391881667857533
500.6856954904994 63.406399975331283
507.9683366298358 63.415958441826660
515.3569062237735 63.423280426318684
522.8529450371643 63.429512872231626
530.4580162458005 63.438715650384061
538.1737057623901 63.450847411524784
546.0016225672724 63.466860967480002
553.9433990439449 63.486101422490357
562.0006913194694 63.507401866562567
570.1751796098309 63.529429190044084
578.4685685703187 63.549747992997283
586.8825876510039 63.566232787154362
595.4189914573883 63.578231840175995
604.0795601162986 63.585029835043613
612.8660996471021 63.584414528722675
621.780442338323 63.577203874971559
630.8244471297356 63.561521326888638
640.0000000000159 63.539499999999947
649.3090143600314 63.512969309073910
658.7534314518515 63.483864362499261
668.3352207535618 63.456244620852345
678.0563803899662 63.436595696278559
687.9189375492632 63.427852690592971
697.9249489057827 63.434424948905786
708.0765010488715 63.459921853041720
718.3757109180171 63.505703412406483
728.8247262443015 63.570860720587959
739.425725998274 63.651549376486628
750.1809208443404 63.743643364336094
761.0925536017613 63.842757361882668
772.1628997123541 63.945202262718368
783.3942677149998 64.047371265885573
794.7889997270506 64.145857872714046
806.34947193274 64.238972968809264
818.0780950786972 64.327884394427301
829.9773149766683 64.413649769645275
842.0496130135506 64.495822484588075
854.2975066688449 64.573464102790950
866.7235500396347 64.647977950234747
879.3303343732008 64.722115939364556
892.1204886073838 64.795349435441835
905.0966799188055 64.869093547869852
918.2616142790653 64.943661372490141
931.6180370190256 65.018662823260684
945.1687334013056 65.095720217057504
958.9165292011028 65.174398520856300
972.8642912954606 65.253842888912629
987.0149282611097 65.336241119064937
1001.3713909810035 65.421591206787923
1015.9366732596762 65.507339037580152
1030.7138124475518 65.591527941668346
1045.7058900743334 65.675775777279185
1060.916032491606 65.758385506621892
1076.3474115247852 65.840596367363872
1092.0032451345498 65.922766631314573
1107.8867980878947 66.003866604793473
1124.0013826389438 66.083451165605979
1140.350359219667 66.162762137927558
1156.9371371406426 66.241163090379331
1173.765175302013 66.319053612315429
1190.837982914782 66.397104614109963
1208.1591202326028 66.476447375357338
1225.73219929421 66.556931377759526
1243.5608846766518 66.637381709674003
1261.648894259477 66.717643431217013
1280.0000000000375 66.799500000000165
1298.6180287200684 66.883015157401445
1317.5068629037087 66.967780883066695
1336.6704415071292 67.053183464706734
1356.112760779938 67.138896147431723
1375.8378750985323 67.224498809801148
1395.8498978115715 67.307880828472733
1416.153002097749 67.390150441794262
1436.7514218360407 67.473174472890065
1457.6494524886093 67.556485853755333
1478.8514519965543 67.638365227187592
1500.3618416886875 67.715817103746829
1522.1851072035295 67.795253790220841
1544.3257994247153 67.877778489848438
1566.788535430007 67.964139517468425
1589.5779994541087 68.051396397925615
1612.6989438654878 68.141541796584647
1636.156190157402 68.237355998661087
1659.9546299533442 68.340096742190980
1684.099226027109 68.450448346847963
1708.5950133376978 68.566927964287714
1733.4471000792773 68.689587036409080
1758.6606687464096 68.822460464730312
1784.2409772147755 68.965043209212809
1810.193359837619 69.117883362206243
1836.5232285581387 69.280865875345114
1863.2360740380593 69.451005038285871
1890.3374668026197 69.632521771602029
1917.833058402214 69.828111342832031
1945.7285825909298 70.036293512735611
1974.0298565222283 70.256894075134269
2002.7427819620161 70.490536525121229
2031.8733465193618 70.730329778088617
2061.4276248951132 70.980396542839230
2091.411780148677 71.240876605970072
2121.832064983222 71.507484766978621
2152.694823049581 71.776921016395718
2184.0064902691106 72.049354842773994
2215.7735961758003 72.305759520601470
2248.002765277899 72.548286115787889
2280.7007184393456 72.771841288626462
2313.874274281297 72.973695935975257
2347.530350604038 73.145516130308778
2381.6759658295764 73.281804426559347
2416.318240465218 73.391787278581660
2451.4643985884327 73.462843037741493
2487.1217693533167 73.503343787257108
2523.2977885189675 73.512664889425949
2560.0000000000887 73.503749999999954
2597.236057440151 73.477194843995846
2635.0137258074315 73.436232842740708
2673.340883014273 73.385989807930741
2712.225521559891 73.334236396612809
2751.6757501970797 73.283613418498717
2791.699795623158 73.231394018244600
2832.3060041955137 73.183025035133198
2873.502843672097 73.139937270074782
2915.2989049772345 73.101648919819127
2957.7029039931244 73.066106589685702
3000.723683377391 73.030375823086999
3044.370214407075 72.992566807033626
3088.6515988494466 72.951547836107409
3133.57707086003 72.904475795282465
3179.1559989082334 72.840808201692241
3225.3978877309914 72.762021865452283
3272.3123803148205 72.671259620354618
3319.9092599067053 72.569505072610838
3368.198452054235 72.457823715069836
3417.190026675413 72.338353033044712
3466.8942001585724 72.212244021589299
3517.3213374928373 72.080252028894122
3568.4819544295697 71.941804986230096
3620.386719675257 71.796805583319014
3673.0464571162966 71.642477841224135
3726.472148076138 71.472377189867984
3780.6749336052594 71.289986119073518
3835.6661168044484 71.102108558192697
3891.45716518188 70.913057247617417
3948.059713044477 70.725915073746705
4005.4855639240527 70.556691820764769
4063.746693038744 70.406975391480529
4122.855249790247 70.290002650293658
4182.823560297375 70.207922666352644
4243.664129966465 70.163161390096093
4305.389646099183 70.155268937310893
4368.012980538242 70.185456814782583
4431.5471923516225 70.246728323944097
4496.00553055582 70.328273902477207
4561.401436878714 70.437162730069559
4627.748548562617 70.565740520551813
4695.060701208099 70.720727517392248
4763.351931659176 70.901769682156257
4832.63648093046 71.113716764782168
4902.928797176889 71.366629429272180
4974.243538706657 71.649039959987519
5046.595577037959 71.954113647124302
5120.000000000202 72.255642857143670
5194.472114880326 72.521440321141654
5270.027451614888 72.720875810286827
5346.6817660285715 72.844267553008223
5424.451043119808 72.889032641566260
5503.351500394186 72.846007978227931
5583.399591246343 72.695587126265650
5664.612008391055 72.430304310169802
5747.005687344222 72.060775511120212
5830.597809954497 71.580841684255091
5915.405807986278 71.000726730502237
6001.447366754812 70.360395570842968
6088.740428814181 69.762179555759161
6177.303197698925 69.302812095000760
6267.154141720092 69.025876748058550
6358.3119978165005 68.924135561080831
6450.795775462017 68.944136620369619
6544.624760629676 69.050883388550801
6639.818519813445 69.205775150466067
6736.396904108505 69.378468473833692
6834.380053350861 69.545460982960606
6933.788400317181 69.684329356345728
7034.642674985712 69.771569563618783
7136.963908859177 69.785029616912027
7240.773439350552 69.705067458467013
7346.092914232631 69.516068399555166
7452.944296152315 69.207489393082128
7561.349867210557 68.787018688801851
7671.332233608935 68.285879760313037
7782.914330363799 67.726573172011740
7896.119426088994 67.131402863105194
8010.971127848146 66.527092961007156
8127.49338607753 65.936021698994466
8245.710499580537 65.376309134678309
8365.647120594791 64.864944534089801
8487.328259932974 64.409568644746315
8610.77929219841 64.023738417642377
8736.025961076528 63.720161469291469
8863.094384703289 63.498076304265503
8992.011061111683 63.360994905017918
9122.802873757471 63.319642710070354
9255.497097125279 63.377419950750301
9390.121402416245 63.528242486496865
9526.7038633184 63.767079507843079
9665.272961860968 64.081423672416307
9805.857594353829 64.450323221374390
9948.487077413367 64.844837002644653
10093.19115407597 65.232782098039550
10240.000000000457 65.587200000001047
10388.944229760706 65.887593851167026
10540.05490322983 66.123765565529908
10693.363532057198 66.310143826395290
10848.902086239672 66.448643627266932
11006.703000788428 66.534515669090013
11166.799182492743 66.561695682169358
11329.224016782166 66.535360418632706
11494.0113746885 66.485546113648098
11661.195619909053 66.425982471986998
11830.811615972614 66.368763818038076
12002.894733509682 66.322764677004145
12177.48085762842 66.315471915339074
12354.606395397908 66.405714622121167
12534.308283440243 66.522138200934506
12716.62399563306 66.531081442649281
12901.591550924093 66.217523013893640
13089.249521259411 65.731756953539929
13279.637039626952 65.133609565443180
13472.793808217073 64.562708442333673
13668.760106701786 64.212367116772612
13867.576800634426 64.172508540586847
14069.285349971487 64.491308491585883
14273.927817718419 65.071128816868850
14481.54687870117 65.885711265100781
14692.18582846533 66.726283968948948
14905.888592304698 67.273889173932361
15122.699734421185 67.264517835018097
15342.664467217943 66.574515428335559
15565.828660727671 65.331220222413421
15792.238852178061 63.850663862580276
16021.942255696367 62.249241114722707
16254.986772155136 60.358550663899408
16491.42099916115 58.559286196383653
16731.294241189662 57.852389774939880
16974.65651986603 58.735969748722141
17221.558584396902 58.798074517458204
17472.051922153143 56.534231951702537
17726.188769406665 52.426052664410932
17984.022122223458 47.482066696131582
18245.605747515034 42.740781103333759
18510.99419425065 39.462389551586810
18780.242804832582 37.765527918275751
19053.40772663689 36.362046464557523
19330.545923722028 35.055510233031988
19611.71518870775 35.063629958022410
19896.974154826825 35.538499999999999
20186.382308152035 35.538499999999999
