20 103.720500000000001
20.290906698750476 103.736499921764349
20.586044732869844 103.754162686763237
20.885475648548283 103.772604331660489
21.189261887185914 103.792301959993878
21.49746679841394 103.811726188722304
21.810154653305165 103.830033169132676
22.12739065777668 103.845414102955516
22.449240966187475 103.858559292064967
22.77577269513385 103.868268012113163
23.107053937445478 103.875641085885860
23.44315377638505 103.881647314488049
23.784142300054445 103.886762134500813
24.130090616010463 103.891734547328639
24.481070866093134 103.895584370906462
24.837156241469714 103.898414371324378
25.1984209978975 103.900988157484221
25.56494047120865 103.903737056626710
25.936791093020236 103.907038903351975
26.3140504066728 103.911140497868388
26.69679708340074 103.914475978125509
27.08511093873791 103.915999999999997
27.47907294916184 103.912860432723022
27.878765268980047 103.906273151206619
28.284271247461966 103.897746032555830
28.695675446220072 103.889869192860488
29.11306365684382 103.882851790519965
29.536522918790062 103.874550404111460
29.966141537533712 103.863380320024120
30.402009102982383 103.849433030123805
30.844216508158908 103.834812984267302
31.29285596815558 103.820232181034953
31.74802103936409 103.803827179464804
32.20980663898519 103.784348894606680
32.67830906482211 103.761906237694063
33.153626015361866 103.738433203293354
33.63585661014871 103.716250595933161
34.125101410453844 103.692744523835501
34.62146244024586 103.664604941384027
35.12504320746613 103.631997234722178
35.635948725613716 103.600250922640015
36.15428553564419 103.571322866610842
36.68016172818701 103.542730781493333
37.21368696608603 103.509969286306145
37.754972507267915 103.471012843354742
38.30413122794313 103.428669581764552
38.86127764614443 103.384400246270275
39.4265279456077 103.340240011424413
40.000000000000206 103.296499999999980
40.58181339750116 103.255288080303927
41.1720894657399 103.212046835611559
41.77095129709678 103.164799617478565
42.37852377437204 103.112499001644977
42.9949335968281 103.059518057999114
43.62030930661056 103.007140941244415
44.25478131555359 102.954928824895489
44.89848193237519 102.902706071153247
45.55154539026795 102.851839556586157
46.21410787489121 102.798148086649888
46.88630755277036 102.732567721636201
47.56828460010916 102.658622775099332
48.260181232021196 102.589884680278203
48.962141732186545 102.530967042046058
49.674312482939705 102.468254638762176
50.39684199579528 102.392103246224465
51.129880942417586 102.312362445528379
51.873582186040764 102.236141834764737
52.628100813345895 102.160154839717279
53.393594166801776 102.082156547473502
54.17022187747612 102.003213320606591
54.95814589832399 101.923858229014186
55.75753053796041 101.840262412544718
56.56854249492426 101.755371580527878
57.39135089244048 101.671364910755955
58.226127313687975 101.586078250121687
59.073045837580466 101.494501480784933
59.932283075067765 101.400415003280074
60.804018205965114 101.298980374828261
61.68843301631817 101.184638337692661
62.58571193631152 101.072455699422449
63.49604207872855 100.966699224064314
64.41961327797075 100.861873892950314
65.35661812964459 100.756593696674273
66.3072520307241 100.653392162789331
67.27171322029778 100.554100391190516
68.25020282090806 100.456104008036021
69.2429248804921 100.351535338265393
70.25008641493265 100.238489975867822
71.27189745122783 100.120639639285642
72.30857107128878 100.002205755730500
73.36032345637442 99.873536495117634
74.42737393217246 99.731300327919314
75.50994501453623 99.608829968230310
76.60826245588666 99.505429747130023
77.72255529228926 99.394176582375621
78.85305589121582 99.268650486761942
80.00000000000082 99.152999999999921
81.16362679500274 99.045849098082911
82.34417893148023 98.943924553385045
83.541902594194 98.795453706167081
84.75704754874454 98.627215889091531
85.98986719365665 98.468028954373224
87.24061861322157 98.317426170901655
88.50956263110764 98.166387547247808
89.79696386475084 98.016619870400660
91.10309078053635 97.863386509253260
92.42821574978288 97.703669308673966
93.77261510554118 97.543265472188239
95.13656920021877 97.376827135124458
96.52036246404286 97.209295536242180
97.92428346437356 97.044881143052578
99.34862496587989 96.879493943965542
100.79368399159105 96.709051605000667
102.25976188483567 96.532562304011662
103.74716437208203 96.349905119023958
105.25620162669229 96.161439787446511
106.78718833360406 95.973537399967512
108.34044375495276 95.788827636915570
109.9162917966485 95.602762896224519
111.51506107592134 95.409904933335440
113.13708498984903 95.220051300523494
114.78270178488147 95.031398816062705
116.45225462737648 94.832889323712706
118.14609167516147 94.630300418048066
119.86456615013608 94.422100465733877
121.60803641193078 94.212395576578885
123.3768660326369 94.001259395401547
125.17142387262359 93.794043363047535
126.99208415745765 93.598018939047051
128.83922655594208 93.410492814233450
130.71323625928977 93.234068186446862
132.61450406144883 93.085828227882928
134.5434264405962 92.908497188487303
136.50040564181674 92.598682460637519
138.48584976098482 92.301751110744220
140.50017282986593 92.122322214611955
142.5437949024563 91.990849194608643
144.61714214257822 91.829298629844232
146.7206469127495 91.648303718590796
148.8547478643456 91.495421834119099
151.01989002907314 91.393311255139423
153.216524911774 91.333449841976261
155.4451105845792 91.279167439176547
157.70611178243232 91.206157088823247
160.00000000000236 91.129999999999939
162.3272535900062 91.083920378917881
164.6883578629612 91.052926690926682
167.08380518838874 91.003156285855454
169.51409509748981 90.942841984523767
171.97973438731407 90.917037806166263
174.4812372264439 90.932519877373863
177.01912526221608 90.967786878933239
179.5939277295025 91.036980260793271
182.20618156107355 91.137247262442941
184.85643149956664 91.245142405182321
187.54523021108326 91.366806740765242
190.27313840043846 91.506858728983843
193.04072492808663 91.659686480785879
195.84856692874806 91.825414015724888
198.69724993176072 91.992743246110365
201.58736798318304 92.150072257786576
204.5195237696723 92.290859045865574
207.49432874416505 92.406558122510916
210.5124032533856 92.501107627139277
213.57437666720915 92.588476140848655
216.68088750990657 92.671543519012516
219.83258359329807 92.745442401357579
223.03012215184378 92.803920964002174
226.2741699796992 92.856370606355398
229.5654035697641 92.903415649976694
232.90450925475412 92.946774535436020
236.2921833503241 92.970168733401295
239.72913230027333 92.983916529201082
243.21607282386276 93.021565201593745
246.75373206527502 93.079936579077042
250.34284774524843 93.114728551458654
253.9841683149166 93.122466357669197
257.67845311188546 93.133075552696667
261.42647251858085 93.134856618129646
265.22900812289896 93.123759544675949
269.08685288119375 93.145383004292142
273.0008112836349 93.182005678985448
276.97169952197106 93.208222884930592
281.00034565973334 93.231702488750074
285.0875898049141 93.261191959458813
289.23428428515797 93.293950845852748
293.44129382550057 93.326497962456358
297.7094957286928 93.357195520527981
302.0397800581479 93.387788405421588
306.4330498235497 93.415787282333440
310.89022116916016 93.432129496445924
315.41222356486645 93.439659557703777
320.00000000000654 93.446999999999989
324.6545071800142 93.445603647845985
329.3767157259242 93.437621911693327
334.16761037677935 93.425247451982699
339.02819019498156 93.406081601181086
343.95946877463007 93.382202656126850
348.9624744528898 93.359961359852576
354.03825052443415 93.342981423374255
359.187855459007 93.317804366067264
364.4123631221491 93.281289749208312
369.71286299913527 93.241653527506486
375.0904604221685 93.196937853090816
380.54627680087896 93.163033851308825
386.08144985617537 93.125021706021158
391.6971338574982 93.074170799219857
397.3944998635236 93.025759600982639
403.1747359663683 92.978162814972151
409.0390475393468 92.932239683071032
414.9886574883323 92.900047260465271
421.0248065067734 92.879937983733058
427.1487533344206 92.869462811666395
433.3617750198154 92.870468145849856
439.6651671865984 92.878068858034169
446.06024430368984 92.894084351265377
452.54833995940066 92.926554541744224
459.13080713953053 92.969145304059765
465.8090185095106 93.026407603304222
472.58436670065066 93.106132038522460
479.45826460054917 93.172484564275862
486.432145647728 93.237321456477275
493.50746413055253 93.314117286569598
500.6856954904994 93.388514107159750
507.9683366298358 93.457699197983445
515.3569062237735 93.525814129220748
522.8529450371643 93.595283123464128
530.4580162458005 93.664307260043216
538.1737057623901 93.728501314089229
546.0016225672724 93.795727613945445
553.9433990439449 93.858725255747856
562.0006913194694 93.914804597274468
570.1751796098309 93.969226257268815
578.4685685703187 94.027279979992230
586.8825876510039 94.078607267140924
595.4189914573883 94.124636856432673
604.0795601162986 94.166612993030611
612.8660996471021 94.208135341143077
621.780442338323 94.254339480931137
630.8244471297356 94.293921455588404
640.0000000000159 94.332000000000065
649.3090143600314 94.371563311030130
658.7534314518515 94.424394559275555
668.3352207535618 94.480677802446010
678.0563803899662 94.516280417247884
687.9189375492632 94.553779803319600
697.9249489057827 94.598058517521309
708.0765010488715 94.647478680191909
718.3757109180171 94.699716125681874
728.8247262443015 94.752123631221508
739.425725998274 94.806542488891111
750.1809208443404 94.863964911169816
761.0925536017613 94.922160285876060
772.1628997123541 94.980941544627115
783.3942677149998 95.041845615981927
794.7889997270506 95.106319623419168
806.34947193274 95.169305604985823
818.0780950786972 95.230059339831683
829.9773149766683 95.294715278711550
842.0496130135506 95.365466411956874
854.2975066688449 95.439464102790936
866.7235500396347 95.514886325242372
879.3303343732008 95.592564589832506
892.1204886073838 95.674045826327756
905.0966799188055 95.758128419472229
918.2616142790653 95.843459661495501
931.6180370190256 95.931035400165058
945.1687334013056 96.021291556008705
958.9165292011028 96.113686572107440
972.8642912954606 96.206789322850568
987.0149282611097 96.300021258948064
1001.3713909810035 96.394459754409212
1015.9366732596762 96.489557153745906
1030.7138124475518 96.585088794305690
1045.7058900743334 96.681534976418334
1060.916032491606 96.779893142362667
1076.3474115247852 96.879033606323645
1092.0032451345498 96.978333289143208
1107.8867980878947 97.079927259341332
1124.0013826389438 97.181508641493394
1140.350359219667 97.283395950220466
1156.9371371406426 97.384438147259345
1173.765175302013 97.486091051812082
1190.837982914782 97.587068938250155
1208.1591202326028 97.688414941337470
1225.73219929421 97.788982462667178
1243.5608846766518 97.889727137092507
1261.648894259477 97.989568918427125
1280.0000000000375 98.090000000000202
1298.6180287200684 98.189473467732938
1317.5068629037087 98.290035687099277
1336.6704415071292 98.389686295837066
1356.112760779938 98.489577898997197
1375.8378750985323 98.589481269247585
1395.8498978115715 98.689353241612565
1416.153002097749 98.788342060174074
1436.7514218360407 98.887738039267091
1457.6494524886093 98.986646448596915
1478.8514519965543 99.085062621104285
1500.3618416886875 99.183128287599089
1522.1851072035295 99.281332982415876
1544.3257994247153 99.382125645376703
1566.788535430007 99.486906116521027
1589.5779994541087 99.597223757314225
1612.6989438654878 99.714534508100542
1636.156190157402 99.840305293471999
1659.9546299533442 99.976727779720065
1684.099226027109 100.125417031094031
1708.5950133376978 100.285258489629328
1733.4471000792773 100.452771338537502
1758.6606687464096 100.622680053851084
1784.2409772147755 100.791011893263146
1810.193359837619 100.955698830993242
1836.5232285581387 101.115487048493009
1863.2360740380593 101.269386736093892
1890.3374668026197 101.418629070070210
1917.833058402214 101.565158548363684
1945.7285825909298 101.709959486169197
1974.0298565222283 101.854071671132914
2002.7427819620161 101.999351048908181
2031.8733465193618 102.146460399922773
2061.4276248951132 102.295709505720311
2091.411780148677 102.447105960081672
2121.832064983222 102.600297729789844
2152.694823049581 102.756608856400391
2184.0064902691106 102.914732775859008
2215.7735961758003 103.075156660687796
2248.002765277899 103.237647205810788
2280.7007184393456 103.401503592196732
2313.874274281297 103.567371371406480
2347.530350604038 103.734775235489991
2381.6759658295764 103.902983182137802
2416.318240465218 104.072143466256307
2451.4643985884327 104.240724198277405
2487.1217693533167 104.408330864670376
2523.2977885189675 104.572840048335351
2560.0000000000887 104.734250000000372
2597.236057440151 104.891167835504618
2635.0137258074315 105.043053530648976
2673.340883014273 105.186402461964420
2712.225521559891 105.322937198662970
2751.6757501970797 105.449278613120796
2791.699795623158 105.566240664971289
2832.3060041955137 105.671411130572693
2873.502843672097 105.766531113895013
2915.2989049772345 105.850885039909258
2957.7029039931244 105.924169210790041
3000.723683377391 105.986341281926215
3044.370214407075 106.036078866779945
3088.6515988494466 106.073755554151461
3133.57707086003 106.100993822044273
3179.1559989082334 106.117455239683380
3225.3978877309914 106.124769894386560
3272.3123803148205 106.123322514362229
3319.9092599067053 106.114425407226122
3368.198452054235 106.098902603698846
3417.190026675413 106.078592587729318
3466.8942001585724 106.054883957919131
3517.3213374928373 106.028300051004010
3568.4819544295697 105.999465285975148
3620.386719675257 105.969675702588347
3673.0464571162966 105.939363519443717
3726.472148076138 105.909175597077365
3780.6749336052594 105.880005213191552
3835.6661168044484 105.851823602765819
3891.45716518188 105.825880704797697
3948.059713044477 105.801824621956101
4005.4855639240527 105.782537182953575
4063.746693038744 105.767188216508259
4122.855249790247 105.754476537538466
4182.823560297375 105.743374783077002
4243.664129966465 105.729902942650284
4305.389646099183 105.713267847322726
4368.012980538242 105.691212015307130
4431.5471923516225 105.663683009046792
4496.00553055582 105.635264224004516
4561.401436878714 105.609346619422752
4627.748548562617 105.585094294289007
4695.060701208099 105.559152990205149
4763.351931659176 105.528751808527886
4832.63648093046 105.489407192967292
4902.928797176889 105.436245728093766
4974.243538706657 105.369044284358012
5046.595577037959 105.282881861633086
5120.000000000202 105.179928571428263
5194.472114880326 105.057309114886294
5270.027451614888 104.917322498786518
5346.6817660285715 104.764885901716781
5424.451043119808 104.603970316899265
5503.351500394186 104.438080767026548
5583.399591246343 104.270257105827966
5664.612008391055 104.104337622966156
5747.005687344222 103.940838909678774
5830.597809954497 103.781811985882811
5915.405807986278 103.629464184503192
6001.447366754812 103.484256581530047
6088.740428814181 103.350076104756994
6177.303197698925 103.228090911513519
6267.154141720092 103.121335730722137
6358.3119978165005 103.033977001910557
6450.795775462017 102.967276513600098
6544.624760629676 102.925058819417387
6639.818519813445 102.909796370396265
6736.396904108505 102.922647009314716
6834.380053350861 102.963628032010519
6933.788400317181 103.032395908275944
7034.642674985712 103.129839076233566
7136.963908859177 103.257673570124325
7240.773439350552 103.414368440534901
7346.092914232631 103.593775851905249
7452.944296152315 103.786093897516452
7561.349867210557 103.974772276471100
7671.332233608935 104.141021630362530
7782.914330363799 104.267540031254669
7896.119426088994 104.334156714492579
8010.971127848146 104.314848863380760
8127.49338607753 104.194157331423355
8245.710499580537 103.959996510446246
8365.647120594791 103.604558638215622
8487.328259932974 103.147391797091942
8610.77929219841 102.599531604722998
8736.025961076528 101.983225238974740
8863.094384703289 101.325885424154762
8992.011061111683 100.650362039774777
9122.802873757471 99.986794152488841
9255.497097125279 99.364665904248852
9390.121402416245 98.812075091543136
9526.7038633184 98.352951714902787
9665.272961860968 98.000561062066950
9805.857594353829 97.761256049874049
9948.487077413367 97.645175894679767
10093.19115407597 97.672527488578751
10240.000000000457 97.841600000000710
10388.944229760706 98.168160945158419
10540.05490322983 98.686273362717060
10693.363532057198 99.403857637338575
10848.902086239672 100.339396497970668
11006.703000788428 101.435260583779495
11166.799182492743 102.510168983595790
11329.224016782166 103.167015390672390
11494.0113746885 103.199410923822981
11661.195619909053 102.100632382479375
11830.811615972614 100.521744341731591
12002.894733509682 98.534846192322817
12177.48085762842 96.590343332443396
12354.606395397908 94.898798313494794
12534.308283440243 93.451565329294397
12716.62399563306 92.339334422853653
12901.591550924093 91.518838806719884
13089.249521259411 90.809223596037626
13279.637039626952 90.191839881468781
13472.793808217073 89.718700913017400
13668.760106701786 89.464245553051214
13867.576800634426 89.441470994328313
14069.285349971487 89.613350647040804
14273.927817718419 89.918608994763304
14481.54687870117 90.415905868720458
14692.18582846533 91.139378487854898
14905.888592304698 92.036704235755906
15122.699734421185 93.004213212331535
15342.664467217943 93.832404521406929
15565.828660727671 94.237769096421601
15792.238852178061 93.946940980641713
16021.942255696367 92.808758385097391
16254.986772155136 90.906727436806705
16491.42099916115 88.807664369447309
16731.294241189662 86.669743134035357
16974.65651986603 84.368763061272730
17221.558584396902 82.032498908774102
17472.051922153143 79.711740239304959
17726.188769406665 77.358087240216662
17984.022122223458 74.901184600032636
18245.605747515034 72.484997430901444
18510.99419425065 71.147227503527773
18780.242804832582 71.300686940899396
19053.40772663689 71.738964121894327
19330.545923722028 72.399873985999903
19611.71518870775 74.251255533840748
19896.974154826825 75.492500000000007
20186.382308152035 75.492500000000007
