20 104.728999999999999
20.290906698750476 104.716394001034161
20.586044732869844 104.700267537133698
20.885475648548283 104.676186155368555
21.189261887185914 104.641734993856971
21.49746679841394 104.599854614108580
21.810154653305165 104.556255938690427
22.12739065777668 104.522331032411202
22.449240966187475 104.497694503924777
22.77577269513385 104.487363420784391
23.107053937445478 104.482215761761779
23.44315377638505 104.473273828031836
23.784142300054445 104.453189327495920
24.130090616010463 104.423990895035274
24.481070866093134 104.389571920028942
24.837156241469714 104.357756136938661
25.1984209978975 104.332598687631418
25.56494047120865 104.309278842568546
25.936791093020236 104.281859762445634
26.3140504066728 104.245194191535475
26.69679708340074 104.198654368220659
27.08511093873791 104.151095278598419
27.47907294916184 104.110988098549882
27.878765268980047 104.081031800930063
28.284271247461966 104.056227996399741
28.695675446220072 104.027454613409958
29.11306365684382 103.989723806776652
29.536522918790062 103.941434635151239
29.966141537533712 103.887732307808278
30.402009102982383 103.836785696396220
30.844216508158908 103.790938952801895
31.29285596815558 103.748160822945607
31.74802103936409 103.706926127496587
32.20980663898519 103.666666435686267
32.67830906482211 103.627378656684584
33.153626015361866 103.587327284632806
33.63585661014871 103.541691629493798
34.125101410453844 103.486487425103718
34.62146244024586 103.425545969610738
35.12504320746613 103.367495506423523
35.635948725613716 103.315448922341091
36.15428553564419 103.264145733221710
36.68016172818701 103.207321886443054
37.21368696608603 103.150558677323573
37.754972507267915 103.103923458151257
38.30413122794313 103.062961321308663
38.86127764614443 103.011449172360642
39.4265279456077 102.944678897273718
40.000000000000206 102.883499999999998
40.58181339750116 102.855863771497923
41.1720894657399 102.845465189911721
41.77095129709678 102.820734531488498
42.37852377437204 102.776110703906809
42.9949335968281 102.734004316892523
43.62030930661056 102.699683792983990
44.25478131555359 102.659439331004251
44.89848193237519 102.607629064511656
45.55154539026795 102.552060465086001
46.21410787489121 102.501477248161223
46.88630755277036 102.452033676763989
47.56828460010916 102.395915422967448
48.260181232021196 102.328741255869801
48.962141732186545 102.256785964229977
49.674312482939705 102.188540567073090
50.39684199579528 102.127256547537314
51.129880942417586 102.065753186084777
51.873582186040764 101.998009743026500
52.628100813345895 101.928470968637583
53.393594166801776 101.864004420619892
54.17022187747612 101.801324433974216
54.95814589832399 101.731457941644280
55.75753053796041 101.659867648051801
56.56854249492426 101.591310972921292
57.39135089244048 101.516951937094603
58.226127313687975 101.434839523258574
59.073045837580466 101.352352828780170
59.932283075067765 101.274162240168835
60.804018205965114 101.193661238838303
61.68843301631817 101.120732949145975
62.58571193631152 101.053312713252723
63.49604207872855 100.989017159685829
64.41961327797075 100.930662429877700
65.35661812964459 100.877920930064022
66.3072520307241 100.825372130187276
67.27171322029778 100.766431070850189
68.25020282090806 100.701987019461882
69.2429248804921 100.638209882768024
70.25008641493265 100.571618994162179
71.27189745122783 100.499379588609145
72.30857107128878 100.421122885368192
73.36032345637442 100.337493961761865
74.42737393217246 100.251169024527940
75.50994501453623 100.160729610159677
76.60826245588666 100.066954541145265
77.72255529228926 99.972668441802199
78.85305589121582 99.876725227853640
80.00000000000082 99.773499999999927
81.16362679500274 99.669743018053140
82.34417893148023 99.562203656929711
83.541902594194 99.450221674494856
84.75704754874454 99.336675618806225
85.98986719365665 99.224911729850220
87.24061861322157 99.115546176205726
88.50956263110764 99.005225426880287
89.79696386475084 98.900945926955188
91.10309078053635 98.800848740014516
92.42821574978288 98.707997276656016
93.77261510554118 98.625664337437883
95.13656920021877 98.565585761458934
96.52036246404286 98.539616086009119
97.92428346437356 98.553249361130270
99.34862496587989 98.596930409867610
100.79368399159105 98.656244902282666
102.25976188483567 98.728514125934680
103.74716437208203 98.801656036786554
105.25620162669229 98.856918458190492
106.78718833360406 98.889233448336853
108.34044375495276 98.894017633306916
109.9162917966485 98.871028774982193
111.51506107592134 98.827414108066634
113.13708498984903 98.761778829983626
114.78270178488147 98.683774396768953
116.45225462737648 98.602037461213371
118.14609167516147 98.524190125414407
119.86456615013608 98.461730139720160
121.60803641193078 98.409799075703063
123.3768660326369 98.378691338724764
125.17142387262359 98.360314304509501
126.99208415745765 98.354671943895028
128.83922655594208 98.356277900651847
130.71323625928977 98.361364498418070
132.61450406144883 98.362770991877099
134.5434264405962 98.354158165763593
136.50040564181674 98.329617799857743
138.48584976098482 98.292189842818090
140.50017282986593 98.243078004412467
142.5437949024563 98.180066323840919
144.61714214257822 98.107378597331547
146.7206469127495 98.030180193610818
148.8547478643456 97.950561480300593
151.01989002907314 97.868948156901041
153.216524911774 97.784768918476104
155.4451105845792 97.696339488149164
157.70611178243232 97.604090639276762
160.00000000000236 97.510499999999894
162.3272535900062 97.410893546347737
164.6883578629612 97.311151298183034
167.08380518838874 97.212563987276070
169.51409509748981 97.113324920022421
171.97973438731407 97.013122783875048
174.4812372264439 96.913146758387541
177.01912526221608 96.813754114773587
179.5939277295025 96.712918033003504
182.20618156107355 96.615371282240289
184.85643149956664 96.522967470114992
187.54523021108326 96.435606909498631
190.27313840043846 96.351696592626666
193.04072492808663 96.268318977085499
195.84856692874806 96.187909839380808
198.69724993176072 96.107998101937994
201.58736798318304 96.024172644496105
204.5195237696723 95.943752143873354
207.49432874416505 95.877607753860872
210.5124032533856 95.827574287243706
213.57437666720915 95.792330609995133
216.68088750990657 95.769063565553182
219.83258359329807 95.747588206643570
223.03012215184378 95.738924694620380
226.2741699796992 95.747112793238600
229.5654035697641 95.766747555941834
232.90450925475412 95.769984084875801
236.2921833503241 95.743566845633694
239.72913230027333 95.703182695471781
243.21607282386276 95.658339934951002
246.75373206527502 95.606601668545352
250.34284774524843 95.542700172681066
253.9841683149166 95.475790907213394
257.67845311188546 95.414345717014896
261.42647251858085 95.346466876535899
265.22900812289896 95.273891211526660
269.08685288119375 95.196118187574143
273.0008112836349 95.111357455991396
276.97169952197106 95.026701622239841
281.00034565973334 94.944793017673391
285.0875898049141 94.862344552687119
289.23428428515797 94.783972027010520
293.44129382550057 94.708244969906090
297.7094957286928 94.633354774320736
302.0397800581479 94.559843629040557
306.4330498235497 94.490193236038905
310.89022116916016 94.423146682462601
315.41222356486645 94.355280755892679
320.00000000000654 94.280499999999904
324.6545071800142 94.200907927221749
329.3767157259242 94.143792426006684
334.16761037677935 94.081487543026526
339.02819019498156 94.011285604133775
343.95946877463007 93.940379596522789
348.9624744528898 93.871214099995399
354.03825052443415 93.803695093077465
359.187855459007 93.732788809119796
364.4123631221491 93.656638262104408
369.71286299913527 93.582491204312021
375.0904604221685 93.515433859310150
380.54627680087896 93.451133166275355
386.08144985617537 93.387471471639600
391.6971338574982 93.330028661425018
397.3944998635236 93.277604551105469
403.1747359663683 93.234541409565949
409.0390475393468 93.198538492495203
414.9886574883323 93.173783082325699
421.0248065067734 93.165216057607637
427.1487533344206 93.172662511114737
433.3617750198154 93.201638795968734
439.6651671865984 93.252770933696468
446.06024430368984 93.322283175947973
452.54833995940066 93.411979933386959
459.13080713953053 93.516863260149435
465.8090185095106 93.630340405707301
472.58436670065066 93.748071507732732
479.45826460054917 93.864198260851992
486.432145647728 93.975198257539788
493.50746413055253 94.070921128029525
500.6856954904994 94.150256971350814
507.9683366298358 94.216711071747255
515.3569062237735 94.272794397152836
522.8529450371643 94.320244506769228
530.4580162458005 94.362118325136834
538.1737057623901 94.397694823049562
546.0016225672724 94.428362590047271
553.9433990439449 94.458338457659977
562.0006913194694 94.505605737951598
570.1751796098309 94.572814585185711
578.4685685703187 94.611378843851980
586.8825876510039 94.656010102697977
595.4189914573883 94.705784898317205
604.0795601162986 94.759762168248670
612.8660996471021 94.816629647706151
621.780442338323 94.876510144438612
630.8244471297356 94.939147462838690
640.0000000000159 95.002000000000109
649.3090143600314 95.065766748366215
658.7534314518515 95.131774020162965
668.3352207535618 95.196762740086541
678.0563803899662 95.261574929593280
687.9189375492632 95.326764987825129
697.9249489057827 95.392012167887600
708.0765010488715 95.457189606712774
718.3757109180171 95.523523335421203
728.8247262443015 95.589595775339092
739.425725998274 95.655439501189306
750.1809208443404 95.722645832014166
761.0925536017613 95.791752839477823
772.1628997123541 95.861995325097638
783.3942677149998 95.933917027246338
794.7889997270506 96.007911373214455
806.34947193274 96.084329812884931
818.0780950786972 96.162910255337380
829.9773149766683 96.243766899262454
842.0496130135506 96.327347291094853
854.2975066688449 96.413619735015516
866.7235500396347 96.502654900286586
879.3303343732008 96.594111440924365
892.1204886073838 96.689141014175618
905.0966799188055 96.787574546044169
918.2616142790653 96.888907095003546
931.6180370190256 96.993435216381513
945.1687334013056 97.102245958885618
958.9165292011028 97.215432887959139
972.8642912954606 97.332092903938872
987.0149282611097 97.452126890219432
1001.3713909810035 97.574748249403939
1015.9366732596762 97.699617834917206
1030.7138124475518 97.827643885709278
1045.7058900743334 97.956713301891128
1060.916032491606 98.087877879427822
1076.3474115247852 98.220542825395654
1092.0032451345498 98.354527583643673
1107.8867980878947 98.489537783747110
1124.0013826389438 98.626734051466514
1140.350359219667 98.766478053367166
1156.9371371406426 98.907308003487714
1173.765175302013 99.049893666610728
1190.837982914782 99.193580741033855
1208.1591202326028 99.338966964792718
1225.73219929421 99.484312960902713
1243.5608846766518 99.630056162896921
1261.648894259477 99.779685822353656
1280.0000000000375 99.931500000000312
1298.6180287200684 100.082040060793702
1317.5068629037087 100.234554903229665
1336.6704415071292 100.388697054132393
1356.112760779938 100.544402086239501
1375.8378750985323 100.702203000788259
1395.8498978115715 100.862299182492578
1416.153002097749 101.023647149975474
1436.7514218360407 101.187005018050627
1457.6494524886093 101.352277685610233
1478.8514519965543 101.518964296533198
1500.3618416886875 101.686257233667789
1522.1851072035295 101.852550516890886
1544.3257994247153 102.017783947719892
1566.788535430007 102.180541684387450
1589.5779994541087 102.340088196233353
1612.6989438654878 102.494289156248357
1636.156190157402 102.641606512353860
1659.9546299533442 102.781445020337799
1684.099226027109 102.914043913423143
1708.5950133376978 103.041146966955239
1733.4471000792773 103.164046080380530
1758.6606687464096 103.284205143108125
1784.2409772147755 103.403138856099375
1810.193359837619 103.520054650482280
1836.5232285581387 103.634128024515348
1863.2360740380593 103.743150131709967
1890.3374668026197 103.846248627169700
1917.833058402214 103.943702382071663
1945.7285825909298 104.038977180809155
1974.0298565222283 104.133279123653807
2002.7427819620161 104.225454067689853
2031.8733465193618 104.308808696994532
2061.4276248951132 104.375760406083941
2091.411780148677 104.422152953788085
2121.832064983222 104.445912214621231
2152.694823049581 104.444128644339571
2184.0064902691106 104.427293185217437
2215.7735961758003 104.387036775688500
2248.002765277899 104.335928125393281
2280.7007184393456 104.272741872506657
2313.874274281297 104.203670310295209
2347.530350604038 104.131017573691253
2381.6759658295764 104.057125723893535
2416.318240465218 103.982687753674199
2451.4643985884327 103.907619848017220
2487.1217693533167 103.829190656132482
2523.2977885189675 103.740299416920138
2560.0000000000887 103.636999999999730
2597.236057440151 103.516389249677474
2635.0137258074315 103.379447384404841
2673.340883014273 103.228928228980593
2712.225521559891 103.073227488401102
2751.6757501970797 102.922028096128571
2791.699795623158 102.780739457654818
2832.3060041955137 102.651851386993911
2873.502843672097 102.532132151465021
2915.2989049772345 102.422435617104412
2957.7029039931244 102.323709046814088
3000.723683377391 102.235715462005146
3044.370214407075 102.159153330762251
3088.6515988494466 102.093354051581997
3133.57707086003 102.036591655125221
3179.1559989082334 101.989510241048094
3225.3978877309914 101.950197605324448
3272.3123803148205 101.918558819417399
3319.9092599067053 101.894337203438255
3368.198452054235 101.878542294109707
3417.190026675413 101.872671900266766
3466.8942001585724 101.876716724034893
3517.3213374928373 101.890755321622208
3568.4819544295697 101.912371338126192
3620.386719675257 101.938101094231129
3673.0464571162966 101.965023228558152
3726.472148076138 101.990941909595790
3780.6749336052594 102.017556573471239
3835.6661168044484 102.047996298258980
3891.45716518188 102.093798238005746
3948.059713044477 102.153938445109759
4005.4855639240527 102.248519684240506
4063.746693038744 102.372616512132765
4122.855249790247 102.525470574377735
4182.823560297375 102.704479095284043
4243.664129966465 102.908729579173126
4305.389646099183 103.132633788646189
4368.012980538242 103.372849975072228
4431.5471923516225 103.621413295776364
4496.00553055582 103.868254441621374
4561.401436878714 104.094471361122515
4627.748548562617 104.281286813506995
4695.060701208099 104.391542490845666
4763.351931659176 104.429141661536192
4832.63648093046 104.425626364809304
4902.928797176889 104.437289873317781
4974.243538706657 104.463412052660118
5046.595577037959 104.481945448338138
5120.000000000202 104.485999999999990
5194.472114880326 104.478464498694819
5270.027451614888 104.468433896975540
5346.6817660285715 104.452537797455179
5424.451043119808 104.413519284717836
5503.351500394186 104.330453870944297
5583.399591246343 104.204598179552960
5664.612008391055 104.062959805189791
5747.005687344222 103.933751923971215
5830.597809954497 103.831726916289824
5915.405807986278 103.762064631367963
6001.447366754812 103.712249178495938
6088.740428814181 103.667067353958515
6177.303197698925 103.622153378309832
6267.154141720092 103.577807069297208
6358.3119978165005 103.542465480731465
6450.795775462017 103.525198274594970
6544.624760629676 103.531594323535387
6639.818519813445 103.557635574533776
6736.396904108505 103.589191133150379
6834.380053350861 103.605968598399471
6933.788400317181 103.587950509849350
7034.642674985712 103.528093006511710
7136.963908859177 103.447516346532794
7240.773439350552 103.393549179326641
7346.092914232631 103.401819953120025
7452.944296152315 103.467355436921849
7561.349867210557 103.558936758255953
7671.332233608935 103.645247973519901
7782.914330363799 103.707741331217534
7896.119426088994 103.732917907463502
8010.971127848146 103.712825897225713
8127.49338607753 103.636873880961957
8245.710499580537 103.485010358231165
8365.647120594791 103.236641046750947
8487.328259932974 102.897036850526590
8610.77929219841 102.471387736153090
8736.025961076528 101.985159990712205
8863.094384703289 101.486511031476084
8992.011061111683 101.018973218368302
9122.802873757471 100.562878854190188
9255.497097125279 100.006597954729784
9390.121402416245 99.290934205421991
9526.7038633184 98.458096669636674
9665.272961860968 97.579280340275901
9805.857594353829 96.715510519509678
9948.487077413367 95.909952684548273
10093.19115407597 95.170650601422679
10240.000000000457 94.444799999997741
10388.944229760706 93.701737587489021
10540.05490322983 92.958795704617543
10693.363532057198 92.252654705892525
10848.902086239672 91.585940911414184
11006.703000788428 90.951356934395562
11166.799182492743 90.392876954291552
11329.224016782166 90.019949721198728
11494.0113746885 89.822415663276530
11661.195619909053 89.869888576470444
11830.811615972614 90.039779082778523
12002.894733509682 90.368060722387696
12177.48085762842 90.792939592122138
12354.606395397908 91.353394011786577
12534.308283440243 91.989472530300134
12716.62399563306 92.704771342284772
12901.591550924093 93.461266928233186
13089.249521259411 94.233881600385175
13279.637039626952 95.017697344055591
13472.793808217073 95.818640257662480
13668.760106701786 96.611538809734867
13867.576800634426 97.337320848082499
14069.285349971487 97.962765663588158
14273.927817718419 98.526214591451378
14481.54687870117 99.071383486213307
14692.18582846533 99.633404905316297
14905.888592304698 100.184268801638538
15122.699734421185 100.638715334174748
15342.664467217943 100.860146710655641
15565.828660727671 100.688873600501523
15792.238852178061 100.011952012849278
16021.942255696367 98.868383840869910
16254.986772155136 97.518013625933790
16491.42099916115 96.380764994034877
16731.294241189662 95.526732036459521
16974.65651986603 94.811742657587160
17221.558584396902 94.244867473963694
17472.051922153143 93.800903005429518
17726.188769406665 93.402407407419673
17984.022122223458 92.971874790420145
18245.605747515034 92.476875445236345
18510.99419425065 91.924559434504005
18780.242804832582 91.280953042331248
19053.40772663689 90.371022345727141
19330.545923722028 88.857286767151081
19611.71518870775 86.883551729245042
19896.974154826825 85.966999999999999
20186.382308152035 85.966999999999999
