20 65.774500000000003
20.290906698750476 65.785996312837227
20.586044732869844 65.796501570886733
20.885475648548283 65.807016428650513
21.189261887185914 65.817507652547647
21.49746679841394 65.826513422318612
21.810154653305165 65.835503658989879
22.12739065777668 65.843007885948907
22.449240966187475 65.849504421397938
22.77577269513385 65.855495829268506
23.107053937445478 65.860500722376500
23.44315377638505 65.865002029307135
23.784142300054445 65.869501233815498
24.130090616010463 65.872500516330547
24.481070866093134 65.874500099531019
24.837156241469714 65.875000216400935
25.1984209978975 65.875498279300146
25.56494047120865 65.874000243305687
25.936791093020236 65.873000561577896
26.3140504066728 65.870999670974726
26.69679708340074 65.868501324520878
27.08511093873791 65.865498732933190
27.47907294916184 65.860998996949036
27.878765268980047 65.855503227551523
28.284271247461966 65.848995391426612
28.695675446220072 65.842005514263249
29.11306365684382 65.834498723860435
29.536522918790062 65.826009564128043
29.966141537533712 65.816496753726284
30.402009102982383 65.806499824942648
30.844216508158908 65.797996383494009
31.29285596815558 65.790502405877135
31.74802103936409 65.784499749531392
32.20980663898519 65.779002301916847
32.67830906482211 65.772995454929088
33.153626015361866 65.766005499774081
33.63585661014871 65.758002379914529
34.125101410453844 65.748497546521264
34.62146244024586 65.736485319357271
35.12504320746613 65.720498435737525
35.635948725613716 65.702001856313387
36.15428553564419 65.680987243179402
36.68016172818701 65.657492125593890
37.21368696608603 65.631515241351607
37.754972507267915 65.604001397504874
38.30413122794313 65.574992696469948
38.86127764614443 65.543984547961927
39.4265279456077 65.512526271578366
40.000000000000206 65.481999999999985
40.58181339750116 65.454008977439798
41.1720894657399 65.429496788792306
41.77095129709678 65.408001748100872
42.37852377437204 65.393011748987533
42.9949335968281 65.393000000000001
43.62030930661056 65.412516074201818
44.25478131555359 65.445488635296471
44.89848193237519 65.482525791487959
45.55154539026795 65.517475670732992
46.21410787489121 65.545002327657613
46.88630755277036 65.559501352871422
47.56828460010916 65.562497738004907
48.260181232021196 65.556996643851463
48.962141732186545 65.543995919227783
49.674312482939705 65.523488330512620
50.39684199579528 65.496505900571961
51.129880942417586 65.461005766090267
51.873582186040764 65.420522743905053
52.628100813345895 65.378993222079231
53.393594166801776 65.327527285130159
54.17022187747612 65.279992960739975
54.95814589832399 65.254995075931561
55.75753053796041 65.228015844343830
56.56854249492426 65.180027077982288
57.39135089244048 65.143491385275411
58.226127313687975 65.122996091905691
59.073045837580466 65.096998639280201
59.932283075067765 65.071493507452573
60.804018205965114 65.051499618992807
61.68843301631817 65.032994695791203
62.58571193631152 65.022003528619791
63.49604207872855 65.021500387087855
64.41961327797075 65.029996442492148
65.35661812964459 65.041995109451150
66.3072520307241 65.057503134060823
67.27171322029778 65.069496433827538
68.25020282090806 65.072998570245360
69.2429248804921 65.066000529543359
70.25008641493265 65.046997463358139
71.27189745122783 65.017003010237914
72.30857107128878 64.978016131359439
73.36032345637442 64.933984084855041
74.42737393217246 64.881481527819744
75.50994501453623 64.828002716271754
76.60826245588666 64.769986936052277
77.72255529228926 64.714522135675281
78.85305589121582 64.656996978853201
80.00000000000082 64.594999999999956
81.16362679500274 64.537518435813865
82.34417893148023 64.476990739773157
83.541902594194 64.415005041035045
84.75704754874454 64.351997474093466
85.98986719365665 64.286507055000385
87.24061861322157 64.222519511393941
88.50956263110764 64.156022919646460
89.79696386475084 64.090001853089703
91.10309078053635 64.021995306817558
92.42821574978288 63.953488851591146
93.77261510554118 63.884019888598431
95.13656920021877 63.812022740164409
96.52036246404286 63.737479346778187
97.92428346437356 63.657483191059953
99.34862496587989 63.573022238865370
100.79368399159105 63.483519572839171
102.25976188483567 63.392014861894637
103.74716437208203 63.294988562578780
105.25620162669229 63.189985579279679
106.78718833360406 63.080486296395847
108.34044375495276 62.967466774692625
109.9162917966485 62.849480017677919
111.51506107592134 62.739995500263504
113.13708498984903 62.620493907167571
114.78270178488147 62.502521378726598
116.45225462737648 62.397987824783058
118.14609167516147 62.316997573461407
119.86456615013608 62.271511483518793
121.60803641193078 62.286002048042462
123.3768660326369 62.385492464809140
125.17142387262359 62.574064011516469
126.99208415745765 62.849015309640379
128.83922655594208 63.185041224960642
130.71323625928977 63.526037389088444
132.61450406144883 63.826921515507934
134.5434264405962 64.046026911299762
136.50040564181674 64.169509804031833
138.48584976098482 64.217496368845559
140.50017282986593 64.203995687708826
142.5437949024563 64.153005117404476
144.61714214257822 64.091496622087021
146.7206469127495 64.041508390856706
148.8547478643456 64.023002185805808
151.01989002907314 64.050998577743201
153.216524911774 64.127483457328495
155.4451105845792 64.238506260427300
157.70611178243232 64.366506285934520
160.00000000000236 64.495500000000135
162.3272535900062 64.627513963024484
164.6883578629612 64.757521283585959
167.08380518838874 64.899988413750179
169.51409509748981 65.044004878277562
171.97973438731407 65.170486374693922
174.4812372264439 65.254502897564919
177.01912526221608 65.285499027089600
179.5939277295025 65.265500561324245
182.20618156107355 65.207494518910977
184.85643149956664 65.127487403229452
187.54523021108326 65.048994767929926
190.27313840043846 64.986998449995085
193.04072492808663 64.956003080646440
195.84856692874806 64.949001079593572
198.69724993176072 64.946498918980268
201.58736798318304 64.933995734255632
204.5195237696723 64.900005520569778
207.49432874416505 64.849993355402887
210.5124032533856 64.788991242210926
213.57437666720915 64.722492847323679
216.68088750990657 64.663502136116989
219.83258359329807 64.603507926523505
223.03012215184378 64.540498870359016
226.2741699796992 64.510498373029321
229.5654035697641 64.478995348073084
232.90450925475412 64.440505656794002
236.2921833503241 64.395497466063318
239.72913230027333 64.347997970156399
243.21607282386276 64.294498857624546
246.75373206527502 64.239004203046136
250.34284774524843 64.183002375666220
253.9841683149166 64.129497926819511
257.67845311188546 64.083995285121787
261.42647251858085 64.044996272532899
265.22900812289896 64.014999956837897
269.08685288119375 63.994500781735496
273.0008112836349 63.981000650912350
276.97169952197106 63.974000529676701
281.00034565973334 63.969998731679055
285.0875898049141 63.955001505118958
289.23428428515797 63.932497803834650
293.44129382550057 63.899997350133106
297.7094957286928 63.861504547773556
302.0397800581479 63.814502387359596
306.4330498235497 63.762999368402390
310.89022116916016 63.706497089879477
315.41222356486645 63.646997051945419
320.00000000000654 63.586499999999916
324.6545071800142 63.526006405071783
329.3767157259242 63.464503702426015
334.16761037677935 63.403005001425186
339.02819019498156 63.341497627866282
343.95946877463007 63.279994331228238
348.9624744528898 63.219494345074892
354.03825052443415 63.158996983977687
359.187855459007 63.097001740105156
364.4123631221491 63.035495650206286
369.71286299913527 62.972001641115810
375.0904604221685 62.909994894512238
380.54627680087896 62.849496974443866
386.08144985617537 62.788995434152064
391.6971338574982 62.731998825399273
397.3944998635236 62.682004388701969
403.1747359663683 62.636002101305721
409.0390475393468 62.595999776285424
414.9886574883323 62.568001611819611
421.0248065067734 62.557000352621849
427.1487533344206 62.562999758328957
433.3617750198154 62.589999022297604
439.6651671865984 62.640002065323110
446.06024430368984 62.719003821951993
452.54833995940066 62.820506222863102
459.13080713953053 62.940996469742281
465.8090185095106 63.081000442589030
472.58436670065066 63.243009602286463
479.45826460054917 63.423007208790409
486.432145647728 63.613003612887113
493.50746413055253 63.788510311857237
500.6856954904994 63.947993234536099
507.9683366298358 64.073004738056966
515.3569062237735 64.176998680101832
522.8529450371643 64.268499329095590
530.4580162458005 64.343500153699253
538.1737057623901 64.416497216259017
546.0016225672724 64.489496480251773
553.9433990439449 64.563503813152607
562.0006913194694 64.640497050334972
570.1751796098309 64.726001927330003
578.4685685703187 64.814995370479664
586.8825876510039 64.906995491311193
595.4189914573883 64.989999916935716
604.0795601162986 65.062996292401550
612.8660996471021 65.125500558935954
621.780442338323 65.175502029747946
630.8244471297356 65.217001681122042
640.0000000000159 65.251500000000050
649.3090143600314 65.283500045616364
658.7534314518515 65.313501260765165
668.3352207535618 65.341500613141264
678.0563803899662 65.368501079886343
687.9189375492632 65.396499822709046
697.9249489057827 65.425499851915617
708.0765010488715 65.456501653947740
718.3757109180171 65.490499045748791
728.8247262443015 65.526499056827916
739.425725998274 65.565498991975545
750.1809208443404 65.607499690884453
761.0925536017613 65.651498200007097
772.1628997123541 65.697499583267245
783.3942677149998 65.745501174703804
794.7889997270506 65.795499998802327
806.34947193274 65.848002213002019
818.0780950786972 65.903000471438204
829.9773149766683 65.962001617539428
842.0496130135506 66.023998012659661
854.2975066688449 66.090002813241355
866.7235500396347 66.158997501628292
879.3303343732008 66.231001999964803
892.1204886073838 66.307503012143854
905.0966799188055 66.387498026778488
918.2616142790653 66.471997524237082
931.6180370190256 66.561000256791999
945.1687334013056 66.654998150669527
958.9165292011028 66.754496592632364
972.8642912954606 66.858502243742862
987.0149282611097 66.967499447421446
1001.3713909810035 67.079003086833410
1015.9366732596762 67.193997420353071
1030.7138124475518 67.311498508668024
1045.7058900743334 67.430499127457693
1060.916032491606 67.549000247408713
1076.3474115247852 67.666503075396008
1092.0032451345498 67.783501774771679
1107.8867980878947 67.898498538158393
1124.0013826389438 68.014502703211079
1140.350359219667 68.130002490520383
1156.9371371406426 68.245000933123578
1173.765175302013 68.359501175662189
1190.837982914782 68.473999885418067
1208.1591202326028 68.587000776554959
1225.73219929421 68.700501246357305
1243.5608846766518 68.811999278784384
1261.648894259477 68.922499354028758
1280.0000000000375 69.033000000000214
1298.6180287200684 69.143500166490952
1317.5068629037087 69.252999205249409
1336.6704415071292 69.363002520562219
1356.112760779938 69.473998634293736
1375.8378750985323 69.584499300298489
1395.8498978115715 69.695499433194300
1416.153002097749 69.807500011457250
1436.7514218360407 69.920002270865851
1457.6494524886093 70.032502422293049
1478.8514519965543 70.146002384901166
1500.3618416886875 70.259499164690908
1522.1851072035295 70.374000556813428
1544.3257994247153 70.488998958215177
1566.788535430007 70.604497611279257
1589.5779994541087 70.721999997185378
1612.6989438654878 70.840499712298794
1636.156190157402 70.961000986782608
1659.9546299533442 71.084498079719225
1684.099226027109 71.211501199523354
1708.5950133376978 71.341500071915803
1733.4471000792773 71.475500545764277
1758.6606687464096 71.612998193568302
1784.2409772147755 71.755499873069027
1810.193359837619 71.901502063633899
1836.5232285581387 72.052501330467962
1863.2360740380593 72.208000439824644
1890.3374668026197 72.368996832529774
1917.833058402214 72.536000362187522
1945.7285825909298 72.708997411393426
1974.0298565222283 72.886499100127054
2002.7427819620161 73.069998606555572
2031.8733465193618 73.258002251115457
2061.4276248951132 73.449997563182592
2091.411780148677 73.645998562871569
2121.832064983222 73.845000423213150
2152.694823049581 74.045998847583377
2184.0064902691106 74.249496687205038
2215.7735961758003 74.453497406738549
2248.002765277899 74.657998510637327
2280.7007184393456 74.861498247672841
2313.874274281297 75.062501605461591
2347.530350604038 75.259501981683911
2381.6759658295764 75.452499806861965
2416.318240465218 75.639501221278138
2451.4643985884327 75.818001889097687
2487.1217693533167 75.986998906857110
2523.2977885189675 76.144499079271824
2560.0000000000887 76.289000000000300
2597.236057440151 76.418000171052384
2635.0137258074315 76.530499183475456
2673.340883014273 76.624499713083253
2712.225521559891 76.699499077201793
2751.6757501970797 76.752999661230518
2791.699795623158 76.786499828937025
2832.3060041955137 76.798999999185270
2873.502843672097 76.791000030357139
2915.2989049772345 76.762000065931190
2957.7029039931244 76.715500105280626
3000.723683377391 76.650000482061813
3044.370214407075 76.568499540023666
3088.6515988494466 76.473500860604815
3133.57707086003 76.367499821213642
3179.1559989082334 76.252500002754630
3225.3978877309914 76.131000294984744
3272.3123803148205 76.005998993220842
3319.9092599067053 75.879999324519218
3368.198452054235 75.754498878906986
3417.190026675413 75.632999937476143
3466.8942001585724 75.516499563379881
3517.3213374928373 75.406499320541769
3568.4819544295697 75.303500091744780
3620.386719675257 75.208500513069069
3673.0464571162966 75.120499319792884
3726.472148076138 75.040999806036467
3780.6749336052594 74.970000086969847
3835.6661168044484 74.906499882757998
3891.45716518188 74.850499854087332
3948.059713044477 74.800500253480834
4005.4855639240527 74.755500341716598
4063.746693038744 74.713500221286495
4122.855249790247 74.671999831304419
4182.823560297375 74.631500296952709
4243.664129966465 74.589499907356299
4305.389646099183 74.545500252270301
4368.012980538242 74.498000014761885
4431.5471923516225 74.447999852285122
4496.00553055582 74.398499606520929
4561.401436878714 74.349999700398172
4627.748548562617 74.304500309585833
4695.060701208099 74.262500186434224
4763.351931659176 74.226000036526628
4832.63648093046 74.197500213516378
4902.928797176889 74.181500046166988
4974.243538706657 74.181999996765796
5046.595577037959 74.205499862621508
5120.000000000202 74.258000000000237
5194.472114880326 74.346500196142699
5270.027451614888 74.475501007450873
5346.6817660285715 74.646499478062566
5424.451043119808 74.850500107661532
5503.351500394186 75.047498752584318
5583.399591246343 75.156999479466180
5664.612008391055 75.085499970568065
5747.005687344222 74.796501096651696
5830.597809954497 74.351001012839404
5915.405807986278 73.863501103748348
6001.447366754812 73.429998598825449
6088.740428814181 73.096498934779532
6177.303197698925 72.876499745865644
6267.154141720092 72.760999964242728
6358.3119978165005 72.738000000550926
6450.795775462017 72.792499867681755
6544.624760629676 72.908999702792926
6639.818519813445 73.069000963424827
6736.396904108505 73.247999822274224
6834.380053350861 73.412500059571528
6933.788400317181 73.523499330394714
7034.642674985712 73.540999943604106
7136.963908859177 73.431500097535405
7240.773439350552 73.171998241680043
7346.092914232631 72.750500343248632
7452.944296152315 72.176998119099778
7561.349867210557 71.488500843362289
7671.332233608935 70.717998302099375
7782.914330363799 69.907004867004460
7896.119426088994 69.097004106425643
8010.971127848146 68.312999186424861
8127.49338607753 67.571497780882083
8245.710499580537 66.892002876338836
8365.647120594791 66.341499698713719
8487.328259932974 66.037499625211069
8610.77929219841 65.859499429587061
8736.025961076528 65.615000075984170
8863.094384703289 65.358501242030755
8992.011061111683 65.151499933417824
9122.802873757471 65.009000137543268
9255.497097125279 64.921999966091562
9390.121402416245 64.874999902771677
9526.7038633184 64.842000033023822
9665.272961860968 64.793000013486505
9805.857594353829 64.692499235336697
9948.487077413367 64.508999847263965
10093.19115407597 64.223499608011934
10240.000000000457 63.849999999998758
10388.944229760706 63.444999426020168
10540.05490322983 63.067500241747723
10693.363532057198 62.738999143106696
10848.902086239672 62.488499924035246
11006.703000788428 62.349500000049247
11166.799182492743 62.359500205048022
11329.224016782166 62.542000037171945
11494.0113746885 62.906998614955590
11661.195619909053 63.452002558330463
11830.811615972614 64.151998415140156
12002.894733509682 64.923498805243526
12177.48085762842 65.662002459691053
12354.606395397908 66.170000257433401
12534.308283440243 66.286999533466371
12716.62399563306 66.011000006610942
12901.591550924093 65.371501552614731
13089.249521259411 64.380002529448760
13279.637039626952 63.136499729709470
13472.793808217073 61.819001308127618
13668.760106701786 60.570999414210057
13867.576800634426 59.479501094511647
14069.285349971487 58.571998746455535
14273.927817718419 57.839000652904815
14481.54687870117 57.298000316072553
14692.18582846533 57.022500224354474
14905.888592304698 56.964000111604307
15122.699734421185 57.023999926504061
15342.664467217943 57.154500311946201
15565.828660727671 57.303499773478919
15792.238852178061 57.413999927855109
16021.942255696367 57.445999931424865
16254.986772155136 57.383499689748021
16491.42099916115 57.288500402137117
16731.294241189662 57.167000384351120
16974.65651986603 57.125000508489755
17221.558584396902 57.366499593491582
17472.051922153143 57.916997631261850
17726.188769406665 58.513499458758602
17984.022122223458 59.307000991014810
18245.605747515034 59.537995436983614
18510.99419425065 57.917997811101770
18780.242804832582 54.883991909424033
19053.40772663689 52.138002747981432
19330.545923722028 51.982000605830876
19611.71518870775 51.573499151589118
19896.974154826825 50.291003799812785
20186.382308152035 50.290999999999997
