20 62.631000000000000
20.290906698750476 62.647994549411536
20.586044732869844 62.666502692948683
20.885475648548283 62.684523469500732
21.189261887185914 62.699507652547638
21.49746679841394 62.708508202528037
21.810154653305165 62.714002195393924
22.12739065777668 62.718511525617643
22.449240966187475 62.728014369543288
22.77577269513385 62.747486445122661
23.107053937445478 62.778505859276073
23.44315377638505 62.815016008978503
23.784142300054445 62.850510898703590
24.130090616010463 62.877004001561716
24.481070866093134 62.892501592496480
24.837156241469714 62.900502596811137
25.1984209978975 62.906514339165440
25.56494047120865 62.918997972452608
25.936791093020236 62.936989891597754
26.3140504066728 62.957502434787067
26.69679708340074 62.975990198545468
27.08511093873791 62.990003519630008
27.47907294916184 63.002502553220666
27.878765268980047 63.016491784414299
28.284271247461966 63.033511192249648
28.695675446220072 63.050486608217824
29.11306365684382 63.067002026809888
29.536522918790062 63.080484809914303
29.966141537533712 63.094004707096872
30.402009102982383 63.108500298627249
30.844216508158908 63.123006509710791
31.29285596815558 63.136495669421151
31.74802103936409 63.147500478167366
32.20980663898519 63.157995605431481
32.67830906482211 63.169007791550136
33.153626015361866 63.180990571815840
33.63585661014871 63.194995835149541
34.125101410453844 63.208502862391839
34.62146244024586 63.222511469252126
35.12504320746613 63.235000972379375
35.635948725613716 63.246498846075454
36.15428553564419 63.258006785542875
36.68016172818701 63.270503785772171
37.21368696608603 63.282992672427106
37.754972507267915 63.293499466407226
38.30413122794313 63.303502238178567
38.86127764614443 63.313004905408917
39.4265279456077 63.322991659816395
40.000000000000206 63.332999999999998
40.58181339750116 63.341997114394346
41.1720894657399 63.348001045509477
41.77095129709678 63.354999430850881
42.37852377437204 63.363493342240403
42.9949335968281 63.372499029823786
43.62030930661056 63.380003896776195
44.25478131555359 63.387997244920356
44.89848193237519 63.397504052948108
45.55154539026795 63.402996176829475
46.21410787489121 63.403500240792170
46.88630755277036 63.405003833135694
47.56828460010916 63.413503495810595
48.260181232021196 63.422001290826358
48.962141732186545 63.427000597186179
49.674312482939705 63.430000000000000
50.39684199579528 63.430000000000000
51.129880942417586 63.431999675149839
51.873582186040764 63.444992699487273
52.628100813345895 63.455998420678654
53.393594166801776 63.444006357700232
54.17022187747612 63.428504364341222
54.95814589832399 63.444003738644554
55.75753053796041 63.464487970035236
56.56854249492426 63.453506205370942
57.39135089244048 63.437501260691405
58.226127313687975 63.440500150311323
59.073045837580466 63.441499599788301
59.932283075067765 63.433997565294717
60.804018205965114 63.426499835240136
61.68843301631817 63.418494936891605
62.58571193631152 63.408003368227980
63.49604207872855 63.395499407983252
64.41961327797075 63.382505440894349
65.35661812964459 63.365506928277526
66.3072520307241 63.347996082423975
67.27171322029778 63.333004457715575
68.25020282090806 63.315496527738730
69.2429248804921 63.298501286033868
70.25008641493265 63.282998858511164
71.27189745122783 63.269501354607073
72.30857107128878 63.255505790744415
73.36032345637442 63.238496665398202
74.42737393217246 63.227498618902409
75.50994501453623 63.223500203085742
76.60826245588666 63.227001647705116
77.72255529228926 63.233997208113024
78.85305589121582 63.250501510573400
80.00000000000082 63.281500000000023
81.16362679500274 63.321487175086006
82.34417893148023 63.365005974339908
83.541902594194 63.404996747719331
84.75704754874454 63.444501002649929
85.98986719365665 63.470497199541825
87.24061861322157 63.493492988092804
88.50956263110764 63.514992589888742
89.79696386475084 63.529999578843253
91.10309078053635 63.531999417634296
92.42821574978288 63.523497112642318
93.77261510554118 63.505505151003909
95.13656920021877 63.482507264219180
96.52036246404286 63.453991867793910
97.92428346437356 63.422493932867795
99.34862496587989 63.392008027046074
100.79368399159105 63.356507763528384
102.25976188483567 63.319006090940420
103.74716437208203 63.276995479495426
105.25620162669229 63.235494402916771
106.78718833360406 63.192994664083336
108.34044375495276 63.148987892472732
109.9162917966485 63.105993065495532
111.51506107592134 63.067998437330004
113.13708498984903 63.026497702279293
114.78270178488147 62.982008062316389
116.45225462737648 62.942994739103789
118.14609167516147 62.907998160097108
119.86456615013608 62.873508707283477
121.60803641193078 62.835999248708042
123.3768660326369 62.799502764165489
125.17142387262359 62.767493366079201
126.99208415745765 62.738998929236459
128.83922655594208 62.715498367926777
130.71323625928977 62.701998571513229
132.61450406144883 62.690502998576939
134.5434264405962 62.696005665536788
136.50040564181674 62.722005719018568
138.48584976098482 62.749997881826573
140.50017282986593 62.770500887824653
142.5437949024563 62.780998946416730
144.61714214257822 62.776499189300885
146.7206469127495 62.764502013805611
148.8547478643456 62.739502953791643
151.01989002907314 62.701501930205644
153.216524911774 62.653010487837491
155.4451105845792 62.593997040969903
157.70611178243232 62.533496930125011
160.00000000000236 62.470499999999937
162.3272535900062 62.404992803672002
164.6883578629612 62.337989246188144
167.08380518838874 62.266005854105174
169.51409509748981 62.188497184867501
171.97973438731407 62.115507862824842
174.4812372264439 62.033492148533767
177.01912526221608 61.949495840807970
179.5939277295025 61.864002399661175
182.20618156107355 61.772993902288476
184.85643149956664 61.683985477608488
187.54523021108326 61.593492405059578
190.27313840043846 61.503495649986220
193.04072492808663 61.416508645685141
195.84856692874806 61.325014111830328
198.69724993176072 61.237492562584279
201.58736798318304 61.151490088417503
204.5195237696723 61.072512827206239
207.49432874416505 60.995992320588584
210.5124032533856 60.925490517882508
213.57437666720915 60.853490665151242
216.68088750990657 60.776502787813712
219.83258359329807 60.691511229241648
223.03012215184378 60.594996008601896
226.2741699796992 60.488993982790959
229.5654035697641 60.372484835926528
232.90450925475412 60.247018439679152
236.2921833503241 60.119993305072541
239.72913230027333 59.994495598843791
243.21607282386276 59.878497910790820
246.75373206527502 59.777007686651949
250.34284774524843 59.702003181695837
253.9841683149166 59.662500273386442
257.67845311188546 59.668508643943383
261.42647251858085 59.740017643344331
265.22900812289896 59.882000474783240
269.08685288119375 60.107491400909588
273.0008112836349 60.403985704036216
276.97169952197106 60.752473629666810
281.00034565973334 61.137531834855579
285.0875898049141 61.513962221514220
289.23428428515797 61.847017535535656
293.44129382550057 62.106511976021807
297.7094957286928 62.280479446425986
302.0397800581479 62.368495530050112
306.4330498235497 62.376999413117261
310.89022116916016 62.324495402498655
315.41222356486645 62.230493908978133
320.00000000000654 62.105499999999793
324.6545071800142 61.962015192195054
329.3767157259242 61.807509301216584
334.16761037677935 61.647513011837887
339.02819019498156 61.485493732167008
343.95946877463007 61.322985008206913
348.9624744528898 61.162985371970592
354.03825052443415 61.006492581558021
359.187855459007 60.854004280097364
364.4123631221491 60.705490238651905
369.71286299913527 60.563003682818945
375.0904604221685 60.423988649783418
380.54627680087896 60.289493548814207
386.08144985617537 60.160490147380770
391.6971338574982 60.037497310164348
397.3944998635236 59.923010050127509
403.1747359663683 59.819504727937868
409.0390475393468 59.730999440713568
414.9886574883323 59.661004029549034
421.0248065067734 59.614501490628733
427.1487533344206 59.593000865987904
433.3617750198154 59.598999782732804
439.6651671865984 59.630501346381521
446.06024430368984 59.682002447555462
452.54833995940066 59.747003589120212
459.13080713953053 59.816497963876259
465.8090185095106 59.888000191242178
472.58436670065066 59.958003680876473
479.45826460054917 60.027002636899653
486.432145647728 60.096501441037596
493.50746413055253 60.166504557905554
500.6856954904994 60.236997009622542
507.9683366298358 60.308003257414164
515.3569062237735 60.379499092570015
522.8529450371643 60.452999461076786
530.4580162458005 60.526500151593780
538.1737057623901 60.598497254392441
546.0016225672724 60.663496865977606
553.9433990439449 60.721502550355318
562.0006913194694 60.772998027172086
570.1751796098309 60.819500898698820
578.4685685703187 60.860997841291081
586.8825876510039 60.899498113211749
595.4189914573883 60.933999965473276
604.0795601162986 60.963998476329401
612.8660996471021 60.989500217985025
621.780442338323 61.009000611369864
630.8244471297356 61.021500341097223
640.0000000000159 61.028499999999994
649.3090143600314 61.029499994678091
658.7534314518515 61.025999617267715
668.3352207535618 61.017499738847235
678.0563803899662 61.005999479340517
687.9189375492632 60.992500085479563
697.9249489057827 60.978500071489009
708.0765010488715 60.965999537867546
718.3757109180171 60.956500266629014
728.8247262443015 60.951000144095737
739.425725998274 60.951999974153225
750.1809208443404 60.954999977920316
761.0925536017613 60.967999468183919
772.1628997123541 60.989499805222728
783.3942677149998 61.012500646087098
794.7889997270506 61.039999999341276
806.34947193274 61.071001368037614
818.0780950786972 61.105000283661965
829.9773149766683 61.140501004439798
842.0496130135506 61.178998765925762
854.2975066688449 61.220001814336818
866.7235500396347 61.264498388731290
879.3303343732008 61.313501385596538
892.1204886073838 61.366502202630187
905.0966799188055 61.424998557081764
918.2616142790653 61.489498110216459
931.6180370190256 61.559000208984976
945.1687334013056 61.635498494959776
958.9165292011028 61.717997174795677
972.8642912954606 61.805501924678509
987.0149282611097 61.898999525999137
1001.3713909810035 61.996502737887027
1015.9366732596762 62.098497711965329
1030.7138124475518 62.203998660974264
1045.7058900743334 62.311499211779008
1060.916032491606 62.420000230563858
1076.3474115247852 62.529502878255236
1092.0032451345498 62.639001697607682
1107.8867980878947 62.748998601716721
1124.0013826389438 62.860002597891167
1140.350359219667 62.971002414721937
1156.9371371406426 63.082500924974028
1173.765175302013 63.196001185929973
1190.837982914782 63.311499884417344
1208.1591202326028 63.430000834711066
1225.73219929421 63.552001397261556
1243.5608846766518 63.676999191462308
1261.648894259477 63.806999240033832
1280.0000000000375 63.941000000000273
1298.6180287200684 64.077500211344670
1317.5068629037087 64.216498991138522
1336.6704415071292 64.355503145025835
1356.112760779938 64.493998295943086
1375.8378750985323 64.630999132496783
1395.8498978115715 64.765999310641718
1416.153002097749 64.898500013494129
1436.7514218360407 65.031002654389852
1457.6494524886093 65.162502859799730
1478.8514519965543 65.296502857678931
1500.3618416886875 65.432498999101000
1522.1851072035295 65.573000704490028
1544.3257994247153 65.718498681915719
1566.788535430007 65.869996866742923
1589.5779994541087 66.030499996155356
1612.6989438654878 66.199999588478008
1636.156190157402 66.360500874920604
1659.9546299533442 66.469998297402881
1684.099226027109 66.580501301021485
1708.5950133376978 66.721500084527904
1733.4471000792773 66.879000702547472
1758.6606687464096 67.055997674629737
1784.2409772147755 67.222999851245802
1810.193359837619 67.375002145632592
1836.5232285581387 67.532001518701364
1863.2360740380593 67.709500534072788
1890.3374668026197 67.904996153786158
1917.833058402214 68.114500461632062
1945.7285825909298 68.334996700648844
1974.0298565222283 68.564998833967437
2002.7427819620161 68.803998185105058
2031.8733465193618 69.052503013211833
2061.4276248951132 69.309496738218371
2091.411780148677 69.575498049611397
2121.832064983222 69.851000602183888
2152.694823049581 70.136998360243012
2184.0064902691106 70.431995197668229
2215.7735961758003 70.736496129175919
2248.002765277899 71.051997702230210
2280.7007184393456 71.376997201443132
2313.874274281297 71.712502815669950
2347.530350604038 72.058003660467975
2381.6759658295764 72.414499643245023
2416.318240465218 72.780502562289428
2451.4643985884327 73.155004286798587
2487.1217693533167 73.538497519406519
2523.2977885189675 73.928997717178703
2560.0000000000887 74.325500000000957
2597.236057440151 74.726000611227192
2635.0137258074315 75.127997082285660
2673.340883014273 75.527498780603793
2712.225521559891 75.916495213753308
2751.6757501970797 76.284497669772492
2791.699795623158 76.615998307242577
2832.3060041955137 76.889000019502419
2873.502843672097 77.080499273325898
2915.2989049772345 77.168999798796179
2957.7029039931244 77.141000063394785
3000.723683377391 76.994501078199306
3044.370214407075 76.747998455447885
3088.6515988494466 76.429002889820396
3133.57707086003 76.069999419333001
3179.1559989082334 75.696500008946543
3225.3978877309914 75.324000904377101
3272.3123803148205 74.959997191405776
3319.9092599067053 74.608498175394544
3368.198452054235 74.269496996577942
3417.190026675413 73.943999832017454
3466.8942001585724 73.630998813187119
3517.3213374928373 73.331998126542373
3568.4819544295697 73.048000252966176
3620.386719675257 72.779001452795598
3673.0464571162966 72.526497980768795
3726.472148076138 72.290499405815922
3780.6749336052594 72.073000266421715
3835.6661168044484 71.874499626291083
3891.45716518188 71.695999538916013
3948.059713044477 71.538000800999455
4005.4855639240527 71.399001055524622
4063.746693038744 71.278500634881510
4122.855249790247 71.175999654278201
4182.823560297375 71.093000608569724
4243.664129966465 71.028499909461857
4305.389646099183 70.985500246536873
4368.012980538242 70.964500006526308
4431.5471923516225 70.964000052222431
4496.00553055582 70.981500267728023
4561.401436878714 71.014500289724836
4627.748548562617 71.058499700620288
4695.060701208099 71.109499773615596
4763.351931659176 71.164499944959871
4832.63648093046 71.218499595442665
4902.928797176889 71.268999854285454
4974.243538706657 71.311999721859166
5046.595577037959 71.345499804162586
5120.000000000202 71.369500000000045
5194.472114880326 71.385500013684378
5270.027451614888 71.394500032403386
5346.6817660285715 71.399999983212538
5424.451043119808 71.404500002459272
5503.351500394186 71.408999971505736
5583.399591246343 71.413499985439614
5664.612008391055 71.411499998421476
5747.005687344222 71.396000058816952
5830.597809954497 71.358500085255841
5915.405807986278 71.295000143770295
6001.447366754812 71.201999476922850
6088.740428814181 71.077499264029498
6177.303197698925 70.925499619348543
6267.154141720092 70.752499702281796
6358.3119978165005 70.561000004586987
6450.795775462017 70.356000497710824
6544.624760629676 70.144000540840352
6639.818519813445 69.929498864342804
6736.396904108505 69.718500209497989
6834.380053350861 69.513999894810652
6933.788400317181 69.318001182366103
7034.642674985712 69.134000592962394
7136.963908859177 68.959500155433133
7240.773439350552 68.795999345062313
7346.092914232631 68.639000127852995
7452.944296152315 68.483999568362776
7561.349867210557 68.326000193538476
7671.332233608935 68.157499615826424
7782.914330363799 67.974001101227273
7896.119426088994 67.774001013932264
8010.971127848146 67.552999731734161
8127.49338607753 67.308499077408669
8245.710499580537 67.026001195828883
8365.647120594791 66.692999614472484
8487.328259932974 66.303999063027646
8610.77929219841 65.858998847509213
8736.025961076528 65.365000153522203
8863.094384703289 64.831502583327136
8992.011061111683 64.270999732035989
9122.802873757471 63.697500553551365
9255.497097125279 63.123499593098870
9390.121402416245 62.559498395732660
9526.7038633184 62.015000544893077
9665.272961860968 61.496500142709323
9805.857594353829 61.008998114386117
9948.487077413367 60.556499780659273
10093.19115407597 60.146499619556437
10240.000000000457 59.783999999999054
10388.944229760706 59.475499615319478
10540.05490322983 59.222500162019003
10693.363532057198 59.040999661347556
10848.902086239672 58.941999976773367
11006.703000788428 58.899500000078788
11166.799182492743 58.915500082019207
11329.224016782166 58.988500012526430
11494.0113746885 59.111499533259007
11661.195619909053 59.274000681612321
11830.811615972614 59.460499577748060
12002.894733509682 59.656499696471457
12177.48085762842 59.844000779547756
12354.606395397908 60.005000253032833
12534.308283440243 60.119999541441317
12716.62399563306 60.168999998826322
12901.591550924093 60.134000084975007
13089.249521259411 60.003000334198475
13279.637039626952 59.777499943582626
13472.793808217073 59.502500273043722
13668.760106701786 59.225499862340705
13867.576800634426 58.969000257207739
14069.285349971487 58.768999803332036
14273.927817718419 58.654000102433905
14481.54687870117 58.631500013145349
14692.18582846533 58.679999960503842
14905.888592304698 58.736499892211228
15122.699734421185 58.695500050222222
15342.664467217943 58.436498855848342
15565.828660727671 57.890000830830672
15792.238852178061 57.061000541249882
16021.942255696367 55.980998556630624
16254.986772155136 54.665496276976199
16491.42099916115 53.525504825645370
16731.294241189662 52.644502786941032
16974.65651986603 51.518997821810963
17221.558584396902 50.484501741337311
17472.051922153143 49.650503588606028
17726.188769406665 49.059500536250908
17984.022122223458 48.768500463331598
18245.605747515034 48.876501918156890
18510.99419425065 49.557500940418208
18780.242804832582 50.861001982868771
19053.40772663689 51.533999326514383
19330.545923722028 48.943510060287736
19611.71518870775 42.630494974364552
19896.974154826825 35.033522508520647
20186.382308152035 35.033500000000004
