20 99.986500000000007
20.290906698750476 99.977287923832648
20.586044732869844 99.964127984927572
20.885475648548283 99.951605181310498
21.189261887185914 99.944250578463738
21.49746679841394 99.946302177459842
21.810154653305165 99.955482391120029
22.12739065777668 99.970232579599951
22.449240966187475 99.983566884044450
22.77577269513385 99.987610847625376
23.107053937445478 99.977968861461534
23.44315377638505 99.956786246562359
23.784142300054445 99.929308260245506
24.130090616010463 99.902827263356841
24.481070866093134 99.884709838972313
24.837156241469714 99.874214071689067
25.1984209978975 99.869019737526273
25.56494047120865 99.862788830119882
25.936791093020236 99.853054279205452
26.3140504066728 99.840508257460641
26.69679708340074 99.828096087497983
27.08511093873791 99.817063724754576
27.47907294916184 99.807372024637459
27.878765268980047 99.796485498516830
28.284271247461966 99.783334777586290
28.695675446220072 99.767390280366328
29.11306365684382 99.747555371559912
29.536522918790062 99.722833826928323
29.966141537533712 99.691471667760027
30.402009102982383 99.659379454222886
30.844216508158908 99.635190555744430
31.29285596815558 99.617973250995135
31.74802103936409 99.600835095307346
32.20980663898519 99.573005662242196
32.67830906482211 99.529886002869574
33.153626015361866 99.477754764325567
33.63585661014871 99.427908761696756
34.125101410453844 99.385742089984603
34.62146244024586 99.347025929660816
35.12504320746613 99.308371845854964
35.635948725613716 99.271483589207037
36.15428553564419 99.232268587327667
36.68016172818701 99.178619460520252
37.21368696608603 99.107442763849690
37.754972507267915 99.044645244883839
38.30413122794313 99.005562827948509
38.86127764614443 99.000992019701613
39.4265279456077 98.997459200913951
40.000000000000206 98.976499999999987
40.58181339750116 98.956621309323083
41.1720894657399 98.956953481008824
41.77095129709678 98.957951587000451
42.37852377437204 98.938578124605897
42.9949335968281 98.911403021824754
43.62030930661056 98.884820470622202
44.25478131555359 98.859308819079558
44.89848193237519 98.836468545538992
45.55154539026795 98.816864551168109
46.21410787489121 98.789000759697728
46.88630755277036 98.740841921154981
47.56828460010916 98.689256605912362
48.260181232021196 98.646389186078721
48.962141732186545 98.602773633636843
49.674312482939705 98.557084130499149
50.39684199579528 98.515173662948342
51.129880942417586 98.470143926641171
51.873582186040764 98.416748220110946
52.628100813345895 98.366813979091717
53.393594166801776 98.322606297104528
54.17022187747612 98.278051103619475
54.95814589832399 98.234938244602986
55.75753053796041 98.191487380685174
56.56854249492426 98.131663786663665
57.39135089244048 98.064996253158540
58.226127313687975 98.000171088041839
59.073045837580466 97.940594608019040
59.932283075067765 97.877011052444985
60.804018205965114 97.806652626266398
61.68843301631817 97.731963759507224
62.58571193631152 97.668875175619888
63.49604207872855 97.611009243843284
64.41961327797075 97.542752484650464
65.35661812964459 97.467610258406296
66.3072520307241 97.398031479803223
67.27171322029778 97.323909953563060
68.25020282090806 97.236857861633268
69.2429248804921 97.154187472000871
70.25008641493265 97.073242827560591
71.27189745122783 96.988160614096870
72.30857107128878 96.897994319298846
73.36032345637442 96.799850242013548
74.42737393217246 96.709801702951410
75.50994501453623 96.636553312153552
76.60826245588666 96.572330575809303
77.72255529228926 96.514043457048558
78.85305589121582 96.458170505394747
80.00000000000082 96.396999999999963
81.16362679500274 96.343182126186434
82.34417893148023 96.303214000645085
83.541902594194 96.270349571885845
84.75704754874454 96.243960291613860
85.98986719365665 96.222914617889614
87.24061861322157 96.222701905267058
88.50956263110764 96.253395255419122
89.79696386475084 96.306607839743037
91.10309078053635 96.369695054605899
92.42821574978288 96.441579484612404
93.77261510554118 96.527240858530860
95.13656920021877 96.620287483817719
96.52036246404286 96.717693358713547
97.92428346437356 96.803877309834263
99.34862496587989 96.866973223753064
100.79368399159105 96.906961047815003
102.25976188483567 96.932883412426094
103.74716437208203 96.944334220186988
105.25620162669229 96.930784050521282
106.78718833360406 96.891760388879860
108.34044375495276 96.834382249801877
109.9162917966485 96.768484866875610
111.51506107592134 96.704685183674115
113.13708498984903 96.650492368667500
114.78270178488147 96.595105456542782
116.45225462737648 96.536010902089700
118.14609167516147 96.484415299143535
119.86456615013608 96.454011496583348
121.60803641193078 96.425159419013340
123.3768660326369 96.393101780911621
125.17142387262359 96.364385772237654
126.99208415745765 96.341766934005534
128.83922655594208 96.313534253469072
130.71323625928977 96.278998931793097
132.61450406144883 96.233486634248706
134.5434264405962 96.179599199324201
136.50040564181674 96.129615771648673
138.48584976098482 96.085661542340063
140.50017282986593 96.043662749189707
142.5437949024563 95.997340648877667
144.61714214257822 95.956274299291010
146.7206469127495 95.921469649396002
148.8547478643456 95.884614538441781
151.01989002907314 95.843194243406913
153.216524911774 95.796663232011554
155.4451105845792 95.745584412320852
157.70611178243232 95.692017426587299
160.00000000000236 95.630999999999929
162.3272535900062 95.565836899479820
164.6883578629612 95.498850636691898
167.08380518838874 95.431236693687438
169.51409509748981 95.373175812757736
171.97973438731407 95.327156674783268
174.4812372264439 95.292640163501517
177.01912526221608 95.266616397482721
179.5939277295025 95.245248578163981
182.20618156107355 95.225674256448059
184.85643149956664 95.207947552102866
187.54523021108326 95.189074836015806
190.27313840043846 95.162667711514658
193.04072492808663 95.127389126078697
195.84856692874806 95.084422929140032
198.69724993176072 95.036210051241966
201.58736798318304 94.981546324327923
204.5195237696723 94.923356270644945
207.49432874416505 94.862617205953924
210.5124032533856 94.799739531678910
213.57437666720915 94.735044495821796
216.68088750990657 94.669701362291960
219.83258359329807 94.604890182235721
223.03012215184378 94.540897556963117
226.2741699796992 94.475258543746122
229.5654035697641 94.409619495866352
232.90450925475412 94.344846154408089
236.2921833503241 94.279948516343836
239.72913230027333 94.214646486294811
243.21607282386276 94.151691716479419
246.75373206527502 94.089340472349534
250.34284774524843 94.026671588330771
253.9841683149166 93.964769138646417
257.67845311188546 93.901046683819970
261.42647251858085 93.838106585313767
265.22900812289896 93.775778618002889
269.08685288119375 93.713110353900902
273.0008112836349 93.650862323693204
276.97169952197106 93.588209882767970
281.00034565973334 93.522694365746347
285.0875898049141 93.456151117004325
289.23428428515797 93.392292022008576
293.44129382550057 93.329224722000049
297.7094957286928 93.266441362361093
302.0397800581479 93.205972914229534
306.4330498235497 93.149181368901708
310.89022116916016 93.092885957739355
315.41222356486645 93.036347205439171
320.00000000000654 92.978999999999928
324.6545071800142 92.921749561685829
329.3767157259242 92.861478038708171
334.16761037677935 92.799737826139548
339.02819019498156 92.737439165504242
343.95946877463007 92.672339065297422
348.9624744528898 92.605402842331273
354.03825052443415 92.540618043392129
359.187855459007 92.479502091129632
364.4123631221491 92.418816587783070
369.71286299913527 92.355916930310286
375.0904604221685 92.295647087448131
380.54627680087896 92.244206533020275
386.08144985617537 92.201521706021154
391.6971338574982 92.172101472444695
397.3944998635236 92.150013750341202
403.1747359663683 92.140589825364174
409.0390475393468 92.140532539616117
414.9886574883323 92.149973534139434
421.0248065067734 92.169963456457594
427.1487533344206 92.200787833895873
433.3617750198154 92.245181458498465
439.6651671865984 92.303864993628792
446.06024430368984 92.376439801897362
452.54833995940066 92.462676759431616
459.13080713953053 92.559552222398608
465.8090185095106 92.663309459733910
472.58436670065066 92.774296960089401
479.45826460054917 92.889016708323453
486.432145647728 93.004630403187520
493.50746413055253 93.118584244955315
500.6856954904994 93.231542568166432
507.9683366298358 93.343513175683725
515.3569062237735 93.455328100054913
522.8529450371643 93.566654466779596
530.4580162458005 93.674683219318297
538.1737057623901 93.778683729584330
546.0016225672724 93.876161748461811
553.9433990439449 93.965919840200428
562.0006913194694 94.045706118177293
570.1751796098309 94.117813847073734
578.4685685703187 94.180014264277389
586.8825876510039 94.235204431583867
595.4189914573883 94.285617301734248
604.0795601162986 94.333172663117836
612.8660996471021 94.378678076781725
621.780442338323 94.423886529001493
630.8244471297356 94.469039790935710
640.0000000000159 94.514000000000067
649.3090143600314 94.557752367492142
658.7534314518515 94.601703456251101
668.3352207535618 94.645008493391032
678.0563803899662 94.688753711754856
687.9189375492632 94.733135218971682
697.9249489057827 94.779351012411894
708.0765010488715 94.826151904824812
718.3757109180171 94.873528270222877
728.8247262443015 94.922476213348219
739.425725998274 94.972300912191884
750.1809208443404 95.021836758905067
761.0925536017613 95.072303060408146
772.1628997123541 95.124187452496429
783.3942677149998 95.178179912772691
794.7889997270506 95.234727873623882
806.34947193274 95.294599288977423
818.0780950786972 95.358864614483409
829.9773149766683 95.427289584285774
842.0496130135506 95.499472613583563
854.2975066688449 95.576075667791756
866.7235500396347 95.656384750259150
879.3303343732008 95.739729757019106
892.1204886073838 95.826656672150449
905.0966799188055 95.916601482758210
918.2616142790653 96.010776287864019
931.6180370190256 96.108117118101305
945.1687334013056 96.209362894959895
958.9165292011028 96.315474623358597
972.8642912954606 96.426414330363684
987.0149282611097 96.541467876590588
1001.3713909810035 96.661156823338530
1015.9366732596762 96.785086612475212
1030.7138124475518 96.912720365614376
1045.7058900743334 97.043373229085603
1060.916032491606 97.175969482676976
1076.3474115247852 97.310087739113158
1092.0032451345498 97.444527583643676
1107.8867980878947 97.579403012455117
1124.0013826389438 97.714844855324529
1140.350359219667 97.850792531928107
1156.9371371406426 97.986600732579333
1173.765175302013 98.123731725872489
1190.837982914782 98.260287017821526
1208.1591202326028 98.397964516113305
1225.73219929421 98.535492784997913
1243.5608846766518 98.673775720558581
1261.648894259477 98.812419892847345
1280.0000000000375 98.951500000000266
1298.6180287200684 99.089805356206227
1317.5068629037087 99.230050785487435
1336.6704415071292 99.368943939889007
1356.112760779938 99.508206239576552
1375.8378750985323 99.646865125689729
1395.8498978115715 99.784571800009275
1416.153002097749 99.921494330756559
1436.7514218360407 100.058890598571963
1457.6494524886093 100.195721441175962
1478.8514519965543 100.333149292777961
1500.3618416886875 100.470794076306277
1522.1851072035295 100.609153579670377
1544.3257994247153 100.749139052364200
1566.788535430007 100.890096231791830
1589.5779994541087 101.032758276582726
1612.6989438654878 101.177495388597947
1636.156190157402 101.324337750385325
1659.9546299533442 101.473515076106992
1684.099226027109 101.625143139450245
1708.5950133376978 101.779148584027496
1733.4471000792773 101.935716730499450
1758.6606687464096 102.094908639852235
1784.2409772147755 102.257087795541679
1810.193359837619 102.421625901370504
1836.5232285581387 102.588787733629758
1863.2360740380593 102.758416709401288
1890.3374668026197 102.929932790192552
1917.833058402214 103.104061590270049
1945.7285825909298 103.280504641974687
1974.0298565222283 103.458888096090035
2002.7427819620161 103.639596674229907
2031.8733465193618 103.821114748420030
2061.4276248951132 104.004232305608440
2091.411780148677 104.187517740230362
2121.832064983222 104.370900786650168
2152.694823049581 104.552788658975686
2184.0064902691106 104.734236832277205
2215.7735961758003 104.911754778966895
2248.002765277899 105.087281276551565
2280.7007184393456 105.257716973426028
2313.874274281297 105.422790230264297
2347.530350604038 105.581347440268502
2381.6759658295764 105.731164753921433
2416.318240465218 105.873413108488776
2451.4643985884327 106.003735224953658
2487.1217693533167 106.124218936285502
2523.2977885189675 106.229942585496616
2560.0000000000887 106.322750000000212
2597.236057440151 106.400886706264274
2635.0137258074315 106.464269444893858
2673.340883014273 106.509132644051959
2712.225521559891 106.539705738295268
2751.6757501970797 106.550835150039404
2791.699795623158 106.545763793430069
2832.3060041955137 106.523001097272925
2873.502843672097 106.485646871960682
2915.2989049772345 106.434010609683469
2957.7029039931244 106.369134772812373
3000.723683377391 106.291525495118563
3044.370214407075 106.201812691397663
3088.6515988494466 106.100935597718177
3133.57707086003 105.991852036235684
3179.1559989082334 105.874902842849508
3225.3978877309914 105.752433660880939
3272.3123803148205 105.624917830331100
3319.9092599067053 105.493749535256569
3368.198452054235 105.361318225891949
3417.190026675413 105.228602628776656
3466.8942001585724 105.097244021589290
3517.3213374928373 104.967850229518049
3568.4819544295697 104.840219211647565
3620.386719675257 104.714887341566396
3673.0464571162966 104.592223613203686
3726.472148076138 104.473320160155538
3780.6749336052594 104.359616386109224
3835.6661168044484 104.248764394567417
3891.45716518188 104.144145317237388
3948.059713044477 104.042968262932987
4005.4855639240527 103.948543088950430
4063.746693038744 103.859160962419793
4122.855249790247 103.775145412783161
4182.823560297375 103.694329371613406
4243.664129966465 103.615236631043587
4305.389646099183 103.536839781607711
4368.012980538242 103.457033449813736
4431.5471923516225 103.372290535930318
4496.00553055582 103.278391842430167
4561.401436878714 103.171140291288012
4627.748548562617 103.051325759064866
4695.060701208099 102.917264951025800
4763.351931659176 102.771362782826429
4832.63648093046 102.613551540194806
4902.928797176889 102.445500475387220
4974.243538706657 102.275242321216794
5046.595577037959 102.111116063447014
5120.000000000202 101.954999999999586
5194.472114880326 101.809638297654246
5270.027451614888 101.674264631246544
5346.6817660285715 101.545850369165890
5424.451043119808 101.422283375713448
5503.351500394186 101.302472749408707
5583.399591246343 101.187551829919244
5664.612008391055 101.079035208965763
5747.005687344222 100.977973402680703
5830.597809954497 100.886667135294374
5915.405807986278 100.806983469770699
6001.447366754812 100.740158718073758
6088.740428814181 100.691003828474322
6177.303197698925 100.660259269097395
6267.154141720092 100.648731719685500
6358.3119978165005 100.658579279585126
6450.795775462017 100.689104120080600
6544.624760629676 100.741791084834475
6639.818519813445 100.815438482633965
6736.396904108505 100.907398733834469
6834.380053350861 101.014208961620255
6933.788400317181 101.130883964383798
7034.642674985712 101.252571209982861
7136.963908859177 101.372769217010870
7240.773439350552 101.480492228218736
7346.092914232631 101.553319953120038
7452.944296152315 101.556645888942882
7561.349867210557 101.438283967996000
7671.332233608935 101.170629312413254
7782.914330363799 100.746213406904104
7896.119426088994 100.173693893248810
8010.971127848146 99.490016190295080
8127.49338607753 98.751830536260627
8245.710499580537 97.999787821899190
8365.647120594791 97.262159801577383
8487.328259932974 96.549260086973476
8610.77929219841 95.870829696750349
8736.025961076528 95.233230135474201
8863.094384703289 94.636868737571902
8992.011061111683 94.084245918034583
9122.802873757471 93.576243843267264
9255.497097125279 93.116670425724152
9390.121402416245 92.708636111086889
9526.7038633184 92.356359977047788
9665.272961860968 92.059352006346103
9805.857594353829 91.817072956074696
9948.487077413367 91.631378852022749
10093.19115407597 91.511440652408595
10240.000000000457 91.456799999999916
10388.944229760706 91.473318584855065
10540.05490322983 91.572483309882386
10693.363532057198 91.755387427294750
10848.902086239672 92.033804172479336
11006.703000788428 92.415761930192161
11166.799182492743 92.904123045708459
11329.224016782166 93.522216955085213
11494.0113746885 94.238401470465462
11661.195619909053 95.078438819495886
11830.811615972614 95.941743972484517
12002.894733509682 96.764102716868393
12177.48085762842 97.419232361783884
12354.606395397908 97.629805203531959
12534.308283440243 97.436841161653618
12716.62399563306 96.728657941849264
12901.591550924093 95.682503168992838
13089.249521259411 94.520632249802446
13279.637039626952 93.388749818706799
13472.793808217073 92.367051085900300
13668.760106701786 91.517838009471461
13867.576800634426 90.859435130328279
14069.285349971487 90.410151718124624
14273.927817718419 90.113761210671157
14481.54687870117 90.012458592454593
14692.18582846533 90.119005267137609
14905.888592304698 90.394315540887675
15122.699734421185 90.828098976420932
15342.664467217943 91.389796429030085
15565.828660727671 92.016238873072353
15792.238852178061 92.597797099485859
16021.942255696367 92.982563989184840
16254.986772155136 93.022350291514016
16491.42099916115 92.659660187286804
16731.294241189662 91.954930218842918
16974.65651986603 91.001272546615354
17221.558584396902 89.928687166003982
17472.051922153143 88.829192061747705
17726.188769406665 87.734793046628965
17984.022122223458 86.629949228394707
18245.605747515034 85.481817133923926
18510.99419425065 84.273349275410453
18780.242804832582 83.005213565584285
19053.40772663689 81.690365710357810
19330.545923722028 80.348107555812391
19611.71518870775 79.040123460818151
19896.974154826825 78.432500000000005
20186.382308152035 78.432500000000005
