20 99.984499999999997
20.290906698750476 99.982560615543719
20.586044732869844 99.980593034804087
20.885475648548283 99.979072621757254
21.189261887185914 99.978999999999999
21.49746679841394 99.979378166197392
21.810154653305165 99.978873054968403
22.12739065777668 99.973474471877807
22.449240966187475 99.965358639931623
22.77577269513385 99.954600554989270
23.107053937445478 99.944645218818863
23.44315377638505 99.937352685511939
23.784142300054445 99.933849110624664
24.130090616010463 99.932066363167849
24.481070866093134 99.929689290392616
24.837156241469714 99.924985478857991
25.1984209978975 99.917287501299938
25.56494047120865 99.908170301806521
25.936791093020236 99.897041311421447
26.3140504066728 99.881607427679995
26.69679708340074 99.858224204161957
27.08511093873791 99.830116725872244
27.47907294916184 99.802313755529511
27.878765268980047 99.779713279964767
28.284271247461966 99.761276336359145
28.695675446220072 99.740650824119228
29.11306365684382 99.713615716481968
29.536522918790062 99.678651212334387
29.966141537533712 99.645140960072368
30.402009102982383 99.623443075605252
30.844216508158908 99.610132714431430
31.29285596815558 99.589205432030070
31.74802103936409 99.548717685669942
32.20980663898519 99.493095717014967
32.67830906482211 99.434529384739932
33.153626015361866 99.386978048847851
33.63585661014871 99.353256173221524
34.125101410453844 99.325619422425035
34.62146244024586 99.298683953107215
35.12504320746613 99.273373055664024
35.635948725613716 99.249702563719325
36.15428553564419 99.221625725718766
36.68016172818701 99.186888679026907
37.21368696608603 99.149969286306145
37.754972507267915 99.111377089273361
38.30413122794313 99.066962195838016
38.86127764614443 99.004336403883258
39.4265279456077 98.931913618736047
40.000000000000206 98.866499999999988
40.58181339750116 98.813651773566221
41.1720894657399 98.762895728045351
41.77095129709678 98.713396443477663
42.37852377437204 98.675875331734090
42.9949335968281 98.639628777280947
43.62030930661056 98.593609665944854
44.25478131555359 98.539947469456166
44.89848193237519 98.494267893734630
45.55154539026795 98.452618648086286
46.21410787489121 98.395865948211593
46.88630755277036 98.318875966027178
47.56828460010916 98.249024986242063
48.260181232021196 98.198606843062450
48.962141732186545 98.138413533103545
49.674312482939705 98.053553590038632
50.39684199579528 97.955174290157871
51.129880942417586 97.860942964216491
51.873582186040764 97.771970733829860
52.628100813345895 97.693365592330821
53.393594166801776 97.633654337163563
54.17022187747612 97.582877769203023
54.95814589832399 97.523848380493547
55.75753053796041 97.456761473638977
56.56854249492426 97.385399717951742
57.39135089244048 97.317257332174520
58.226127313687975 97.253022878561808
59.073045837580466 97.184998920455342
59.932283075067765 97.108526806318963
60.804018205965114 97.024460278827149
61.68843301631817 96.902465898291979
62.58571193631152 96.781848535060817
63.49604207872855 96.699288928252813
64.41961327797075 96.631448617430166
65.35661812964459 96.566924603156508
66.3072520307241 96.504495219649613
67.27171322029778 96.429762942376186
68.25020282090806 96.359990670238233
69.2429248804921 96.314203993057106
70.25008641493265 96.253866315299263
71.27189745122783 96.146008254578277
72.30857107128878 96.034314314296893
73.36032345637442 95.956840107432981
74.42737393217246 95.892284938001822
75.50994501453623 95.821103938777185
76.60826245588666 95.728731399748369
77.72255529228926 95.616870883974229
78.85305589121582 95.512048384440817
80.00000000000082 95.404999999999916
81.16362679500274 95.292515795272550
82.34417893148023 95.183383450055402
83.541902594194 95.062806326807930
84.75704754874454 94.931224836450184
85.98986719365665 94.810462381508572
87.24061861322157 94.710852606482035
88.50956263110764 94.606062862151447
89.79696386475084 94.479897541254417
91.10309078053635 94.353367624633876
92.42821574978288 94.235350130557379
93.77261510554118 94.111038641281823
95.13656920021877 93.983481125349414
96.52036246404286 93.856674305966138
97.92428346437356 93.728814576326585
99.34862496587989 93.600623899630563
100.79368399159105 93.455488444916568
102.25976188483567 93.292646907013562
103.74716437208203 93.129747320893699
105.25620162669229 92.977555557483640
106.78718833360406 92.832029088863621
108.34044375495276 92.686778434952757
109.9162917966485 92.550837540005688
111.51506107592134 92.429811637319020
113.13708498984903 92.311929762803089
114.78270178488147 92.187340653773333
116.45225462737648 92.058280171221128
118.14609167516147 91.921655077099729
119.86456615013608 91.764678922577119
121.60803641193078 91.601376474467344
123.3768660326369 91.437131509022748
125.17142387262359 91.266471895319384
126.99208415745765 91.088572145303957
128.83922655594208 90.912855245057642
130.71323625928977 90.730540872489087
132.61450406144883 90.536091577609326
134.5434264405962 90.340782057973811
136.50040564181674 90.156962275311031
138.48584976098482 89.973166209310136
140.50017282986593 89.794402638642538
142.5437949024563 89.628528647083954
144.61714214257822 89.484768618589840
146.7206469127495 89.391018252872584
148.8547478643456 89.349432966658100
151.01989002907314 89.362529624627967
153.216524911774 89.434338785094639
155.4451105845792 89.570088090052394
157.70611178243232 89.758168395766205
160.00000000000236 89.971500000000219
162.3272535900062 90.186072780998572
164.6883578629612 90.373129584883557
167.08380518838874 90.520444506114927
169.51409509748981 90.625563803899595
171.97973438731407 90.688158209643447
174.4812372264439 90.716538640147419
177.01912526221608 90.719788524842670
179.5939277295025 90.712799431265594
182.20618156107355 90.699145383257985
184.85643149956664 90.670165394605021
187.54523021108326 90.621423520976208
190.27313840043846 90.555843773908521
193.04072492808663 90.481927122071113
195.84856692874806 90.398345858280067
198.69724993176072 90.308624702101781
201.58736798318304 90.222995451148762
204.5195237696723 90.143498889911740
207.49432874416505 90.069387055349353
210.5124032533856 89.998466792381038
213.57437666720915 89.931831684155412
216.68088750990657 89.872733359189255
219.83258359329807 89.815013495320642
223.03012215184378 89.758972862342745
226.2741699796992 89.705613280324798
229.5654035697641 89.652953542883779
232.90450925475412 89.599527851923938
236.2921833503241 89.547263341420290
239.72913230027333 89.497427581646036
243.21607282386276 89.448137035083818
246.75373206527502 89.401263050135100
250.34284774524843 89.353914411407303
253.9841683149166 89.305211748787997
257.67845311188546 89.259019336101431
261.42647251858085 89.215167256971498
265.22900812289896 89.171452284632750
269.08685288119375 89.128616995707858
273.0008112836349 89.089992698447290
276.97169952197106 89.054376166742514
281.00034565973334 89.018796992760315
285.0875898049141 88.983316799521674
289.23428428515797 88.950972582575758
293.44129382550057 88.920222684456405
297.7094957286928 88.888407832461922
302.0397800581479 88.855701649563883
306.4330498235497 88.823968651235148
310.89022116916016 88.794227284754328
315.41222356486645 88.764779324471888
320.00000000000654 88.734499999999954
324.6545071800142 88.704711154047914
329.3767157259242 88.676239705644463
334.16761037677935 88.645410532550926
339.02819019498156 88.615830858830108
343.95946877463007 88.587826974862082
348.9624744528898 88.558621400727944
354.03825052443415 88.525847546538728
359.187855459007 88.491441368424660
364.4123631221491 88.458643348642681
369.71286299913527 88.427665394605015
375.0904604221685 88.396937853090805
380.54627680087896 88.363033851308813
386.08144985617537 88.328286865906094
391.6971338574982 88.296665763783750
397.3944998635236 88.267006400655092
403.1747359663683 88.239684565490279
409.0390475393468 88.214343809842617
414.9886574883323 88.191541589209450
421.0248065067734 88.173154041340695
427.1487533344206 88.161351246665575
433.3617750198154 88.157893629169962
439.6651671865984 88.162878488949417
446.06024430368984 88.178412664240057
452.54833995940066 88.209025537768582
459.13080713953053 88.255456341810600
465.8090185095106 88.319264367186378
472.58436670065066 88.403906586165789
479.45826460054917 88.504466206365578
486.432145647728 88.617516832317051
493.50746413055253 88.743204716617015
500.6856954904994 88.884571029173117
507.9683366298358 89.039327153384022
515.3569062237735 89.201300950319620
522.8529450371643 89.364678391104562
530.4580162458005 89.526160324916020
538.1737057623901 89.680312817039862
546.0016225672724 89.828672295149090
553.9433990439449 89.970051933986070
562.0006913194694 90.100810127830229
570.1751796098309 90.220242299005832
578.4685685703187 90.326397677700072
586.8825876510039 90.424117369838896
595.4189914573883 90.512606116282399
604.0795601162986 90.592176260988538
612.8660996471021 90.663038482991936
621.780442338323 90.728416048297902
630.8244471297356 90.789611572204365
640.0000000000159 90.846500000000091
649.3090143600314 90.899095931134184
658.7534314518515 90.949393186694806
668.3352207535618 90.999343147918523
678.0563803899662 91.049490359008331
687.9189375492632 91.102658209643494
697.9249489057827 91.157587218981803
708.0765010488715 91.215843706083461
718.3757109180171 91.277673051054009
728.8247262443015 91.343537011651307
739.425725998274 91.412738505288701
750.1809208443404 91.485266445910383
761.0925536017613 91.561647875212330
772.1628997123541 91.640703821019144
783.3942677149998 91.722988438510768
794.7889997270506 91.807634622964258
806.34947193274 91.894650162156609
818.0780950786972 91.984020804640792
829.9773149766683 92.076052779047700
842.0496130135506 92.171059436357282
854.2975066688449 92.268559116128628
866.7235500396347 92.369560125327752
879.3303343732008 92.473941775297561
892.1204886073838 92.579625356200793
905.0966799188055 92.687397055983283
918.2616142790653 92.798723721372056
931.6180370190256 92.913271474203100
945.1687334013056 93.030927720036374
958.9165292011028 93.151391152559697
972.8642912954606 93.275442906944107
987.0149282611097 93.402172241724571
1001.3713909810035 93.531433944894431
1015.9366732596762 93.663586171547024
1030.7138124475518 93.799077271838158
1045.7058900743334 93.937279483187581
1060.916032491606 94.077958033339172
1076.3474115247852 94.220261444875547
1092.0032451345498 94.362654409031848
1107.8867980878947 94.506683339729051
1124.0013826389438 94.652901294232748
1140.350359219667 94.799261506440388
1156.9371371406426 94.945042287772878
1173.765175302013 95.091724636979862
1190.837982914782 95.237622854775651
1208.1591202326028 95.384389853355856
1225.73219929421 95.529312960902715
1243.5608846766518 95.674629348784137
1261.648894259477 95.818137968174540
1280.0000000000375 95.960500000000280
1298.6180287200684 96.100135215400513
1317.5068629037087 96.241550785487448
1336.6704415071292 96.380443939889005
1356.112760779938 96.518900601537553
1375.8378750985323 96.656573231934800
1395.8498978115715 96.794071800009263
1416.153002097749 96.931532764159812
1436.7514218360407 97.069728169663762
1457.6494524886093 97.207527419275507
1478.8514519965543 97.345880379897750
1500.3618416886875 97.484801313140053
1522.1851072035295 97.623597281814455
1544.3257994247153 97.762092988410217
1566.788535430007 97.900917378248835
1589.5779994541087 98.039842676691904
1612.6989438654878 98.179193663192933
1636.156190157402 98.319267769534974
1659.9546299533442 98.459834131526591
1684.099226027109 98.601321464518861
1708.5950133376978 98.744351077358644
1733.4471000792773 98.888324238458210
1758.6606687464096 99.034058665354237
1784.2409772147755 99.181543209212805
1810.193359837619 99.330102151074442
1836.5232285581387 99.480182402781395
1863.2360740380593 99.632180900536184
1890.3374668026197 99.785810062102826
1917.833058402214 99.941078449388485
1945.7285825909298 100.097994634161012
1974.0298565222283 100.256086599394024
2002.7427819620161 100.415631013823798
2031.8733465193618 100.576240960972513
2061.4276248951132 100.737732968181859
2091.411780148677 100.900005964457137
2121.832064983222 101.061709944411078
2152.694823049581 101.223854394569685
2184.0064902691106 101.386133424885912
2215.7735961758003 101.547762320783391
2248.002765277899 101.709113688125598
2280.7007184393456 101.869720139123501
2313.874274281297 102.028902802836157
2347.530350604038 102.187016130308777
2381.6759658295764 102.342541846233090
2416.318240465218 102.494896463326029
2451.4643985884327 102.640967424247862
2487.1217693533167 102.781848086365159
2523.2977885189675 102.913998371598822
2560.0000000000887 103.038750000000292
2597.236057440151 103.155061820166452
2635.0137258074315 103.263037059680073
2673.340883014273 103.360101641309612
2712.225521559891 103.449025722072435
2751.6757501970797 103.526579872251915
2791.699795623158 103.594012167887627
2832.3060041955137 103.650790045621989
2873.502843672097 103.698002843672100
2915.2989049772345 103.735362222533837
2957.7029039931244 103.763312248717043
3000.723683377391 103.781653782717697
3044.370214407075 103.790291347627146
3088.6515988494466 103.790601130086287
3133.57707086003 103.783695159056492
3179.1559989082334 103.769795400382122
3225.3978877309914 103.750816971643744
3272.3123803148205 103.727228190826850
3319.9092599067053 103.699457166258782
3368.198452054235 103.668125052603131
3417.190026675413 103.633951280526958
3466.8942001585724 103.596991465877892
3517.3213374928373 103.557469716630806
3568.4819544295697 103.515105519190570
3620.386719675257 103.469855819489027
3673.0464571162966 103.422297259453003
3726.472148076138 103.371292573404617
3780.6749336052594 103.316229533051683
3835.6661168044484 103.257953949179011
3891.45716518188 103.193617294499347
3948.059713044477 103.125340471140106
4005.4855639240527 103.048137358375527
4063.746693038744 102.964286293115919
4122.855249790247 102.873955394083850
4182.823560297375 102.778139442630930
4243.664129966465 102.673406747700596
4305.389646099183 102.555874931259069
4368.012980538242 102.422755533347257
4431.5471923516225 102.272984852368666
4496.00553055582 102.108319046064139
4561.401436878714 101.926028638877483
4627.748548562617 101.729914928217866
4695.060701208099 101.518229991762070
4763.351931659176 101.292721948597105
4832.63648093046 101.053893222315480
4902.928797176889 100.802280301692605
4974.243538706657 100.541369632430474
5046.595577037959 100.274096364959547
5120.000000000202 100.004499999999268
5194.472114880326 99.736488676247973
5270.027451614888 99.473843306646415
5346.6817660285715 99.216366650030352
5424.451043119808 98.963756662016621
5503.351500394186 98.718896841652054
5583.399591246343 98.486914917502617
5664.612008391055 98.276677738854545
5747.005687344222 98.086437772209933
5830.597809954497 97.915129106335314
5915.405807986278 97.760581794341746
6001.447366754812 97.624654607387612
6088.740428814181 97.516071729357748
6177.303197698925 97.438472830132866
6267.154141720092 97.392996050397969
6358.3119978165005 97.383540919923576
6450.795775462017 97.407858098957902
6544.624760629676 97.467707922732075
6639.818519813445 97.562083131177076
6736.396904108505 97.689141309724391
6834.380053350861 97.846696494964533
6933.788400317181 98.031245742635946
7034.642674985712 98.238308537844347
7136.963908859177 98.459081321312993
7240.773439350552 98.679473949078371
7346.092914232631 98.876975166768489
7452.944296152315 99.024709282806015
7561.349867210557 99.087758724548678
7671.332233608935 99.044113996371976
7782.914330363799 98.875941863993987
7896.119426088994 98.563589459919399
8010.971127848146 98.090855865764524
8127.49338607753 97.471425723456576
8245.710499580537 96.736660894914820
8365.647120594791 95.930271529220505
8487.328259932974 95.105903837871054
8610.77929219841 94.299934600710344
8736.025961076528 93.542505472451495
8863.094384703289 92.844531979310801
8992.011061111683 92.209832209126830
9122.802873757471 91.641424541707380
9255.497097125279 91.143824718474093
9390.121402416245 90.716551766066743
9526.7038633184 90.367031758254086
9665.272961860968 90.096085641351607
9805.857594353829 89.903923710435294
9948.487077413367 89.793541824115877
10093.19115407597 89.777008478227344
10240.000000000457 89.854500000000371
10388.944229760706 90.038139950385073
10540.05490322983 90.348940321581949
10693.363532057198 90.788196937903606
10848.902086239672 91.378465616169848
11006.703000788428 92.149357307261781
11166.799182492743 93.117473301426429
11329.224016782166 94.290988324607582
11494.0113746885 95.470355049370312
11661.195619909053 96.180362761577726
11830.811615972614 96.803914428977549
12002.894733509682 97.621640166350815
12177.48085762842 98.206841719664496
12354.606395397908 98.067484127843656
12534.308283440243 97.452493239815496
12716.62399563306 96.409159707715531
12901.591550924093 95.240989144687461
13089.249521259411 94.060620511278302
13279.637039626952 93.059305192249809
13472.793808217073 92.321539476307308
13668.760106701786 91.875002764221975
13867.576800634426 91.711716724034886
14069.285349971487 91.802604322298919
14273.927817718419 92.049539566713563
14481.54687870117 92.388721959398481
14692.18582846533 92.692519504763851
14905.888592304698 92.854003182075388
15122.699734421185 92.826907762534233
15342.664467217943 92.615748496140597
15565.828660727671 92.275353102298226
15792.238852178061 91.883011263436316
16021.942255696367 91.484065094632612
16254.986772155136 91.058039074803006
16491.42099916115 90.538356643843798
16731.294241189662 89.662323542151114
16974.65651986603 88.212261028903384
17221.558584396902 86.178569438651863
17472.051922153143 83.706766390049523
17726.188769406665 80.974566117170568
17984.022122223458 78.057540647297088
18245.605747515034 74.906135301048209
18510.99419425065 71.427327942346352
18780.242804832582 67.604773377016826
19053.40772663689 63.551667877573117
19330.545923722028 59.635859922508999
19611.71518870775 56.710194134891168
19896.974154826825 55.460240469621368
20186.382308152035 55.274999999999999
