20 86.106999999999999
20.290906698750476 86.041060928486317
20.586044732869844 85.983221268019491
20.885475648548283 85.933396517989536
21.189261887185914 85.891467673859012
21.49746679841394 85.856631461989252
21.810154653305165 85.825085995772554
22.12739065777668 85.798445700666747
22.449240966187475 85.774881415870084
22.77577269513385 85.755085116035133
23.107053937445478 85.739039404404451
23.44315377638505 85.726228190026518
23.784142300054445 85.716166264623581
24.130090616010463 85.707898179007060
24.481070866093134 85.702689290392613
24.837156241469714 85.699814221506728
25.1984209978975 85.699496052494737
25.56494047120865 85.700412352208900
25.936791093020236 85.700999999999993
26.3140504066728 85.700429751065798
26.69679708340074 85.698024021874488
27.08511093873791 85.695574448391483
27.47907294916184 85.694651159191437
27.878765268980047 85.695893826344900
28.284271247461966 85.697921356237316
28.695675446220072 85.698412973661334
29.11306365684382 85.695690981490500
29.536522918790062 85.688586927030258
29.966141537533712 85.677846461561657
30.402009102982383 85.663433030123826
30.844216508158908 85.647731365252071
31.29285596815558 85.629303621353387
31.74802103936409 85.609587074267978
32.20980663898519 85.589897927801616
32.67830906482211 85.570689328342297
33.153626015361866 85.550740455324075
33.63585661014871 85.528978882712863
34.125101410453844 85.504494321014590
34.62146244024586 85.476090791144998
35.12504320746613 85.444997234722166
35.635948725613716 85.411755486658279
36.15428553564419 85.376354298040553
36.68016172818701 85.339888679026913
37.21368696608603 85.302541912373982
37.754972507267915 85.264469827029160
38.30413122794313 85.225398493360160
38.86127764614443 85.184101842329937
39.4265279456077 85.140648171241622
40.000000000000206 85.095499999999987
40.58181339750116 85.050894157505439
41.1720894657399 85.006116614098318
41.77095129709678 84.958799617478576
42.37852377437204 84.907738695819077
42.9949335968281 84.857080288193345
43.62030930661056 84.808609665944857
44.25478131555359 84.759702722510553
44.89848193237519 84.708206071153242
45.55154539026795 84.654302738502835
46.21410787489121 84.600336178942072
46.88630755277036 84.544602134616639
47.56828460010916 84.486147042637725
48.260181232021196 84.427005040742245
48.962141732186545 84.369341528271320
49.674312482939705 84.311826495384025
50.39684199579528 84.253752600652120
51.129880942417586 84.196994519285369
51.873582186040764 84.143349284335301
52.628100813345895 84.088392473864644
53.393594166801776 84.029258423958140
54.17022187747612 83.969233323855974
54.95814589832399 83.910793599918165
55.75753053796041 83.850139863194130
56.56854249492426 83.792270567850238
57.39135089244048 83.738431920114920
58.226127313687975 83.684831897071305
59.073045837580466 83.624021562181468
59.932283075067765 83.559578769369921
60.804018205965114 83.497724397698960
61.68843301631817 83.437482681797889
62.58571193631152 83.379634105983371
63.49604207872855 83.323989454236923
64.41961327797075 83.265805523653924
65.35661812964459 83.205924603156504
66.3072520307241 83.149947512294816
67.27171322029778 83.095604776612575
68.25020282090806 83.039864351902338
69.2429248804921 82.989325455497365
70.25008641493265 82.940120031141376
71.27189745122783 82.877015537334756
72.30857107128878 82.801437168402856
73.36032345637442 82.730380592617536
74.42737393217246 82.669776555527022
75.50994501453623 82.616202506494574
76.60826245588666 82.566727270572642
77.72255529228926 82.519669818892908
78.85305589121582 82.472201035633248
80.00000000000082 82.422499999999957
81.16362679500274 82.372560891866698
82.34417893148023 82.319952000860113
83.541902594194 82.264110837247429
84.75704754874454 82.205742731167504
85.98986719365665 82.147806082144569
87.24061861322157 82.092372849944482
88.50956263110764 82.040136620017904
89.79696386475084 81.991215373139468
91.10309078053635 81.937537769238730
92.42821574978288 81.884371363382456
93.77261510554118 81.831574445687750
95.13656920021877 81.769911274601768
96.52036246404286 81.711287234634113
97.92428346437356 81.664761082155962
99.34862496587989 81.621669741533253
100.79368399159105 81.568488079005832
102.25976188483567 81.510369286491397
103.74716437208203 81.454815596260502
105.25620162669229 81.398857348429033
106.78718833360406 81.338225278322227
108.34044375495276 81.276222693556846
109.9162917966485 81.216425356218835
111.51506107592134 81.154724337026920
113.13708498984903 81.088437394135582
114.78270178488147 81.019644656081212
116.45225462737648 80.947458860891885
118.14609167516147 80.871167316048485
119.86456615013608 80.784913050089756
121.60803641193078 80.695438072180650
123.3768660326369 80.600911423873754
125.17142387262359 80.501285980551330
126.99208415745765 80.397623146919940
128.83922655594208 80.287228174515604
130.71323625928977 80.170504141564237
132.61450406144883 80.043216585621764
134.5434264405962 79.905916722717677
136.50040564181674 79.768972821998275
138.48584976098482 79.633761742089590
140.50017282986593 79.490988074739249
142.5437949024563 79.349978151730511
144.61714214257822 79.227535754479973
146.7206469127495 79.121000042510175
148.8547478643456 79.029122934144794
151.01989002907314 78.958502749273180
153.216524911774 78.913331616005777
155.4451105845792 78.888459872037288
157.70611178243232 78.865809883384060
160.00000000000236 78.846999999999980
162.3272535900062 78.830709224869963
164.6883578629612 78.813743823386687
167.08380518838874 78.800664213020383
169.51409509748981 78.795277447844015
171.97973438731407 78.806378406323887
174.4812372264439 78.838822310951372
177.01912526221608 78.884055729877218
179.5939277295025 78.928177985855640
182.20618156107355 78.965886541855028
184.85643149956664 79.002518754694023
187.54523021108326 79.030199012928762
190.27313840043846 79.040945372319925
193.04072492808663 79.038553390258897
195.84856692874806 79.026069171656019
198.69724993176072 79.005922000545922
201.58736798318304 78.981742810812420
204.5195237696723 78.956077540034556
207.49432874416505 78.929800096093203
210.5124032533856 78.903392505137319
213.57437666720915 78.875937015828313
216.68088750990657 78.842845348329774
219.83258359329807 78.805134559185447
223.03012215184378 78.761335820412143
226.2741699796992 78.713508421974552
229.5654035697641 78.661881110145401
232.90450925475412 78.614820955309227
236.2921833503241 78.573676414390064
239.72913230027333 78.534581120084397
243.21607282386276 78.492826098804699
246.75373206527502 78.449047565692211
250.34284774524843 78.404171547216237
253.9841683149166 78.358199875024184
257.67845311188546 78.315237982574331
261.42647251858085 78.276806965749373
265.22900812289896 78.236952284632750
269.08685288119375 78.194073569267260
273.0008112836349 78.151740873059111
276.97169952197106 78.107189842818073
281.00034565973334 78.063296474270714
285.0875898049141 78.021720450736268
289.23428428515797 77.984814869862106
293.44129382550057 77.940834026684598
297.7094957286928 77.889047505099853
302.0397800581479 77.835277611809488
306.4330498235497 77.785641960244874
310.89022116916016 77.740597788308406
315.41222356486645 77.694254097281885
320.00000000000654 77.646999999999935
324.6545071800142 77.599524026763845
329.3767157259242 77.552232842740750
334.16761037677935 77.503907135194538
339.02819019498156 77.454815279030697
343.95946877463007 77.406593152886074
348.9624744528898 77.357271502916390
354.03825052443415 77.299348643811669
359.187855459007 77.236908163400116
364.4123631221491 77.173610406221997
369.71286299913527 77.111830789210018
375.0904604221685 77.051433859310151
380.54627680087896 76.987133166275356
386.08144985617537 76.923063326653988
391.6971338574982 76.860831527567512
397.3944998635236 76.797202701555833
403.1747359663683 76.727286677759338
409.0390475393468 76.653765159719768
414.9886574883323 76.591596411349173
421.0248065067734 76.547851160959368
427.1487533344206 76.511286542771344
433.3617750198154 76.479249714505727
439.6651671865984 76.460621511050590
446.06024430368984 76.454358435126537
452.54833995940066 76.462116015902566
459.13080713953053 76.487178747433532
465.8090185095106 76.525576038520938
472.58436670065066 76.576020024076541
479.45826460054917 76.635124381404950
486.432145647728 76.699662169088640
493.50746413055253 76.768215365839666
500.6856954904994 76.842642633949680
507.9683366298358 76.929123997479309
515.3569062237735 77.028114287607366
522.8529450371643 77.125301521742429
530.4580162458005 77.226956121733096
538.1737057623901 77.344316514861617
546.0016225672724 77.471884494705449
553.9433990439449 77.607981182791008
562.0006913194694 77.754312893108107
570.1751796098309 77.906679509918433
578.4685685703187 78.057204519551277
586.8825876510039 78.203724636979814
595.4189914573883 78.346913359046908
604.0795601162986 78.487517989353506
612.8660996471021 78.625772123076302
621.780442338323 78.762159587004476
630.8244471297356 78.895330816311713
640.0000000000159 79.027000000000214
649.3090143600314 79.155464398168434
658.7534314518515 79.278794608874065
668.3352207535618 79.398773498381843
678.0563803899662 79.515773745660098
687.9189375492632 79.627692100551741
697.9249489057827 79.733815716065436
708.0765010488715 79.831015284806952
718.3757109180171 79.914749330706442
728.8247262443015 79.990155556334543
739.425725998274 80.070606803886790
750.1809208443404 80.146002603012391
761.0925536017613 80.206471234543088
772.1628997123541 80.259578333254595
783.3942677149998 80.305608501508260
794.7889997270506 80.343584124192517
806.34947193274 80.374344557170787
818.0780950786972 80.399221098606830
829.9773149766683 80.418891666890772
842.0496130135506 80.434049613013542
854.2975066688449 80.445044067223762
866.7235500396347 80.452135075013729
879.3303343732008 80.455866066874648
892.1204886073838 80.460797593923928
905.0966799188055 80.469247233265662
918.2616142790653 80.472110024178889
931.6180370190256 80.462381962980970
945.1687334013056 80.453013027749449
958.9165292011028 80.449513911799812
972.8642912954606 80.447746427927441
987.0149282611097 80.447037887374563
1001.3713909810035 80.448911417294298
1015.9366732596762 80.453374669303884
1030.7138124475518 80.459407892827187
1045.7058900743334 80.468226108490924
1060.916032491606 80.479293894826071
1076.3474115247852 80.492712670372299
1092.0032451345498 80.507128447955466
1107.8867980878947 80.524223726317885
1124.0013826389438 80.543724027334179
1140.350359219667 80.565427607195346
1156.9371371406426 80.590536354541939
1173.765175302013 80.617478733322145
1190.837982914782 80.648842274836113
1208.1591202326028 80.682703797649594
1225.73219929421 80.721875131686488
1243.5608846766518 80.763759940320710
1261.648894259477 80.808233939173363
1280.0000000000375 80.851500000000115
1298.6180287200684 80.911875607420797
1317.5068629037087 80.975027451614835
1336.6704415071292 81.049181199802447
1356.112760779938 81.125645405080760
1375.8378750985323 81.209102862923686
1395.8498978115715 81.296739550370916
1416.153002097749 81.392803626770828
1436.7514218360407 81.494101036909711
1457.6494524886093 81.602695087239397
1478.8514519965543 81.716568131180708
1500.3618416886875 81.837098681794387
1522.1851072035295 81.963673621780472
1544.3257994247153 82.096341312536794
1566.788535430007 82.233917378248833
1589.5779994541087 82.380131676418955
1612.6989438654878 82.531297114002982
1636.156190157402 82.675982779109788
1659.9546299533442 82.814334131526607
1684.099226027109 82.956185433559952
1708.5950133376978 83.098819675758136
1733.4471000792773 83.237445398426502
1758.6606687464096 83.370496197231759
1784.2409772147755 83.496378134276569
1810.193359837619 83.611904376924485
1836.5232285581387 83.716135945665116
1863.2360740380593 83.808884879883323
1890.3374668026197 83.890865155055494
1917.833058402214 83.964509290677711
1945.7285825909298 84.031919454914600
1974.0298565222283 84.096788072870680
2002.7427819620161 84.163174102774235
2031.8733465193618 84.234526813160286
2061.4276248951132 84.314306668433602
2091.411780148677 84.405323582174645
2121.832064983222 84.509916045311655
2152.694823049581 84.630707459791410
2184.0064902691106 84.760828881697535
2215.7735961758003 84.906530241930653
2248.002765277899 85.061147205810784
2280.7007184393456 85.232494095104272
2313.874274281297 85.433607734447179
2347.530350604038 85.659290729127605
2381.6759658295764 85.897586508671395
2416.318240465218 86.146123155396097
2451.4643985884327 86.402958414677911
2487.1217693533167 86.661491376521326
2523.2977885189675 86.920870410267099
2560.0000000000887 87.180750000000614
2597.236057440151 87.436050683413015
2635.0137258074315 87.681335328769535
2673.340883014273 87.907834794219042
2712.225521559891 88.117091010674102
2751.6757501970797 88.299936822764323
2791.699795623158 88.461921697820898
2832.3060041955137 88.602078993971062
2873.502843672097 88.714586483572376
2915.2989049772345 88.796112488868573
2957.7029039931244 88.850316381274368
3000.723683377391 88.885199012928780
3044.370214407075 88.895271630932143
3088.6515988494466 88.883772505445847
3133.57707086003 88.860174903940987
3179.1559989082334 88.821510241048088
3225.3978877309914 88.771022534722817
3272.3123803148205 88.710039543756096
3319.9092599067053 88.639941554545544
3368.198452054235 88.562608585069427
3417.190026675413 88.479417453318035
3466.8942001585724 88.391421497712983
3517.3213374928373 88.300668019262758
3568.4819544295697 88.210895857925436
3620.386719675257 88.124788982913088
3673.0464571162966 88.045043566323699
3726.472148076138 87.972615650462544
3780.6749336052594 87.908538466365599
3835.6661168044484 87.850273850203820
3891.45716518188 87.800968375136875
3948.059713044477 87.756040102770953
4005.4855639240527 87.714162948612866
4063.746693038744 87.680437996044191
4122.855249790247 87.671428950041957
4182.823560297375 87.659031922183758
4243.664129966465 87.638172298297206
4305.389646099183 87.611074659255365
4368.012980538242 87.569841238136689
4431.5471923516225 87.504754693635817
4496.00553055582 87.412458416920913
4561.401436878714 87.274064609748677
4627.748548562617 87.084153226508420
4695.060701208099 86.823720774442734
4763.351931659176 86.497087521172404
4832.63648093046 86.105153818231145
4902.928797176889 85.656640350020766
4974.243538706657 85.189060909939059
5046.595577037959 84.745503650763069
5120.000000000202 84.346571428570400
5194.472114880326 84.038576966065136
5270.027451614888 83.867518062698409
5346.6817660285715 83.830962202544825
5424.451043119808 83.920464399968225
5503.351500394186 84.133913979804674
5583.399591246343 84.459806984695149
5664.612008391055 84.883635445731244
5747.005687344222 85.341612076621402
5830.597809954497 85.757383634026183
5915.405807986278 86.034747617349083
6001.447366754812 86.100353620316397
6088.740428814181 85.996952882262917
6177.303197698925 85.861250637425030
6267.154141720092 85.764392546466667
6358.3119978165005 85.727586960371198
6450.795775462017 85.741580246816739
6544.624760629676 85.800823541747818
6639.818519813445 85.898574057167735
6736.396904108505 86.029187263286005
6834.380053350861 86.185633691763485
6933.788400317181 86.355602396536028
7034.642674985712 86.514960464730422
7136.963908859177 86.634440766175942
7240.773439350552 86.688150273557781
7346.092914232631 86.632309676068743
7452.944296152315 86.405784883389146
7561.349867210557 85.968441895135385
7671.332233608935 85.324174364737445
7782.914330363799 84.471574315701304
7896.119426088994 83.403686313021069
8010.971127848146 82.125415145009981
8127.49338607753 80.680585980992106
8245.710499580537 79.143763505453023
8365.647120594791 77.685111467861660
8487.328259932974 76.500772753380886
8610.77929219841 75.758828061768114
8736.025961076528 75.449957870845850
8863.094384703289 75.375634846674274
8992.011061111683 75.386807625296342
9122.802873757471 75.358818275745520
9255.497097125279 75.277150901643495
9390.121402416245 75.143263901959557
9526.7038633184 74.967058260868441
9665.272961860968 74.767983571419663
9805.857594353829 74.567447736918254
9948.487077413367 74.390878852022752
10093.19115407597 74.273425749850617
10240.000000000457 74.228399999999965
10388.944229760706 74.263024903392321
10540.05490322983 74.391682991536499
10693.363532057198 74.623987993023519
10848.902086239672 74.986282813189547
11006.703000788428 75.486291224577826
11166.799182492743 76.107258073872003
11329.224016782166 76.857314079715280
11494.0113746885 77.695634574931006
11661.195619909053 78.571445236114471
11830.811615972614 79.335683229827538
12002.894733509682 79.839357277695655
12177.48085762842 80.093351919746723
12354.606395397908 79.985210552285963
12534.308283440243 79.683269214552155
12716.62399563306 79.143151055458972
12901.591550924093 78.339461722231391
13089.249521259411 77.400099539295752
13279.637039626952 76.310917687879311
13472.793808217073 75.148564314806862
13668.760106701786 74.045291245684226
13867.576800634426 73.080860031346504
14069.285349971487 72.356788990236709
14273.927817718419 71.854050661138416
14481.54687870117 71.750513553882499
14692.18582846533 72.226964571163336
14905.888592304698 73.309949325674282
15122.699734421185 74.910367962232897
15342.664467217943 76.674091596511417
15565.828660727671 78.031556935394576
15792.238852178061 78.422993596231350
16021.942255696367 77.685733499811676
16254.986772155136 76.314629340112049
16491.42099916115 75.253985397763074
16731.294241189662 74.576665305834155
16974.65651986603 74.236990341531737
17221.558584396902 74.357818540402661
17472.051922153143 74.926856455406877
17726.188769406665 75.765494193521477
17984.022122223458 76.534056995092513
18245.605747515034 76.867867513097565
18510.99419425065 76.575308055880484
18780.242804832582 75.701472054342560
19053.40772663689 74.538407754372969
19330.545923722028 73.491397411479284
19611.71518870775 72.680596104082070
19896.974154826825 72.346500000000006
20186.382308152035 72.346500000000006
