20 101.030500000000004
20.290906698750476 100.970863927969248
20.586044732869844 100.910360820225605
20.885475648548283 100.848501699300016
21.189261887185914 100.785719409250220
21.49746679841394 100.722019256373287
21.810154653305165 100.657918101481926
22.12739065777668 100.592566438511341
22.449240966187475 100.525495295562337
22.77577269513385 100.455456458083972
23.107053937445478 100.382769631431685
23.44315377638505 100.308506054175098
23.784142300054445 100.235330116988564
24.130090616010463 100.165065882150941
24.481070866093134 100.101038920571710
24.837156241469714 100.041512273877316
25.1984209978975 99.985988824068002
25.56494047120865 99.928697106421367
25.936791093020236 99.865706557107288
26.3140504066728 99.795570208588373
26.69679708340074 99.719394586965592
27.08511093873791 99.642403487267813
27.47907294916184 99.569766923568181
27.878765268980047 99.503746013549417
28.284271247461966 99.443849211612928
28.695675446220072 99.386388139314064
29.11306365684382 99.329510279012396
29.536522918790062 99.271204176775441
29.966141537533712 99.208909477057617
30.402009102982383 99.141168499112908
30.844216508158908 99.067303032485370
31.29285596815558 98.991196625333941
31.74802103936409 98.918304759937939
32.20980663898519 98.850756490459034
32.67830906482211 98.787641512508301
33.153626015361866 98.725067739956870
33.63585661014871 98.661474497290811
34.125101410453844 98.599612932155992
34.62146244024586 98.541639131572964
35.12504320746613 98.486370290386191
35.635948725613716 98.429322101651962
36.15428553564419 98.367485735722695
36.68016172818701 98.305281401258497
37.21368696608603 98.245849181594878
37.754972507267915 98.189274293860592
38.30413122794313 98.132670456293909
38.86127764614443 98.075775507345298
39.4265279456077 98.020663534257665
40.000000000000206 97.970999999999975
40.58181339750116 97.922515388592871
41.1720894657399 97.868558544514457
41.77095129709678 97.811283747474050
42.37852377437204 97.755193150514074
42.9949335968281 97.693681583261082
43.62030930661056 97.621430136567071
44.25478131555359 97.547804083765811
44.89848193237519 97.486136656541760
45.55154539026795 97.425477287503739
46.21410787489121 97.355059538539052
46.88630755277036 97.317109679807515
47.56828460010916 97.325341422512793
48.260181232021196 97.324528104686607
48.962141732186545 97.273030826482824
49.674312482939705 97.227499250911762
50.39684199579528 97.210559203277853
51.129880942417586 97.169776223261920
51.873582186040764 97.078864348483648
52.628100813345895 96.983571148079179
53.393594166801776 96.908536447325901
54.17022187747612 96.848584435598895
54.95814589832399 96.803247231013927
55.75753053796041 96.773031810969826
56.56854249492426 96.741121215213184
57.39135089244048 96.702649753593093
58.226127313687975 96.660711207227195
59.073045837580466 96.622687735253152
59.932283075067765 96.589607101609886
60.804018205965114 96.562870811421391
61.68843301631817 96.533231879753600
62.58571193631152 96.499035821808093
63.49604207872855 96.459938001260397
64.41961327797075 96.407046683820013
65.35661812964459 96.342571658119340
66.3072520307241 96.285902666740313
67.27171322029778 96.250707169492557
68.25020282090806 96.221240873059145
69.2429248804921 96.176689842818092
70.25008641493265 96.138623487738670
71.27189745122783 96.122916974213325
72.30857107128878 96.110600006252440
73.36032345637442 96.084087061745024
74.42737393217246 96.029652259578370
75.50994501453623 95.961040655497641
76.60826245588666 95.911392560847389
77.72255529228926 95.889616844180225
78.85305589121582 95.880057891467928
80.00000000000082 95.870499999999964
81.16362679500274 95.832197188907458
82.34417893148023 95.766749932117037
83.541902594194 95.714721069038688
84.75704754874454 95.672895974405733
85.98986719365665 95.639428366901456
87.24061861322157 95.631998809208085
88.50956263110764 95.630385248426705
89.79696386475084 95.614936433622987
91.10309078053635 95.584463039235629
92.42821574978288 95.539484833696363
93.77261510554118 95.493926972750216
95.13656920021877 95.432569850747655
96.52036246404286 95.376092705505215
97.92428346437356 95.347361608009777
99.34862496587989 95.317070347136706
100.79368399159105 95.284187022871279
102.25976188483567 95.253324286072967
103.74716437208203 95.226924642167646
105.25620162669229 95.192222043551851
106.78718833360406 95.144448408323854
108.34044375495276 95.094006539433110
109.9162917966485 95.043075113207010
111.51506107592134 94.986011991448635
113.13708498984903 94.930097230176315
114.78270178488147 94.878518962750974
116.45225462737648 94.828102243448271
118.14609167516147 94.774386787436114
119.86456615013608 94.714240134545349
121.60803641193078 94.652858692780029
123.3768660326369 94.605561793075765
125.17142387262359 94.565900098674902
126.99208415745765 94.527010120483439
128.83922655594208 94.486636463309225
130.71323625928977 94.446746828195117
132.61450406144883 94.410399804939999
134.5434264405962 94.379163743051947
136.50040564181674 94.355997160507286
138.48584976098482 94.343920988276807
140.50017282986593 94.337916292201953
142.5437949024563 94.333488444378020
144.61714214257822 94.333308571071285
146.7206469127495 94.357244927395939
148.8547478643456 94.416229023970700
151.01989002907314 94.516357599692057
153.216524911774 94.655379538488916
155.4451105845792 94.825101466039982
157.70611178243232 95.017530164951069
160.00000000000236 95.201500000000152
162.3272535900062 95.346720624016385
164.6883578629612 95.461665834276943
167.08380518838874 95.546932615367552
169.51409509748981 95.601281901949790
171.97973438731407 95.620106778181650
174.4812372264439 95.605065112407289
177.01912526221608 95.563751920227674
179.5939277295025 95.503489377854237
182.20618156107355 95.436580515724302
184.85643149956664 95.369617926210921
187.54523021108326 95.299869244722913
190.27313840043846 95.232108561429740
193.04072492808663 95.166806311754698
195.84856692874806 95.098464680324298
198.69724993176072 95.032160501501266
201.58736798318304 94.975191937633227
204.5195237696723 94.928473413262978
207.49432874416505 94.889817109860715
210.5124032533856 94.856119765839452
213.57437666720915 94.825937015828316
216.68088750990657 94.799212456165790
219.83258359329807 94.771506747660311
223.03012215184378 94.731365942563997
226.2741699796992 94.688677733604010
229.5654035697641 94.651208127994209
232.90450925475412 94.614066313321914
236.2921833503241 94.564240699694167
239.72913230027333 94.502375618595067
243.21607282386276 94.439353771097302
246.75373206527502 94.379655771398490
250.34284774524843 94.319414452521841
253.9841683149166 94.254781012410234
257.67845311188546 94.181850551040270
261.42647251858085 94.110397022146969
265.22900812289896 94.041635487926072
269.08685288119375 93.976639304861294
273.0008112836349 93.914236410999109
276.97169952197106 93.847116720805758
281.00034565973334 93.776493778124802
285.0875898049141 93.702940901472545
289.23428428515797 93.629129739724192
293.44129382550057 93.556309746201379
297.7094957286928 93.484793320476570
302.0397800581479 93.415638381605959
306.4330498235497 93.347787727734982
310.89022116916016 93.272379962478141
315.41222356486645 93.194069312388081
320.00000000000654 93.122499999999917
324.6545071800142 93.057336899479793
329.3767157259242 92.985098577820764
334.16761037677935 92.910902039159907
339.02819019498156 92.843216613348261
343.95946877463007 92.779714746562206
348.9624744528898 92.715780327003017
354.03825052443415 92.649598918129911
359.187855459007 92.590933589950922
364.4123631221491 92.536993896154087
369.71286299913527 92.475388216610213
375.0904604221685 92.412101857237033
380.54627680087896 92.357933394619849
386.08144985617537 92.299420341553315
391.6971338574982 92.235482960638777
397.3944998635236 92.179062351050874
403.1747359663683 92.143655442829214
409.0390475393468 92.118856825689065
414.9886574883323 92.100777411069856
421.0248065067734 92.085721926125444
427.1487533344206 92.076574376667196
433.3617750198154 92.087750285494280
439.6651671865984 92.119133217628132
446.06024430368984 92.162623519302983
452.54833995940066 92.215435059634615
459.13080713953053 92.282348763229194
465.8090185095106 92.362382404205391
472.58436670065066 92.462540048153073
479.45826460054917 92.579474972924004
486.432145647728 92.702505763400012
493.50746413055253 92.820337977020586
500.6856954904994 92.930785432357482
507.9683366298358 93.040025049447536
515.3569062237735 93.145996687132822
522.8529450371643 93.250674685196188
530.4580162458005 93.354339707133960
538.1737057623901 93.452348725614002
546.0016225672724 93.534014603105447
553.9433990439449 93.602818417710068
562.0006913194694 93.663004839236294
570.1751796098309 93.720243775229790
578.4685685703187 93.779126836849258
586.8825876510039 93.833360302201328
595.4189914573883 93.880907806005553
604.0795601162986 93.924132883059684
612.8660996471021 93.969068390966612
621.780442338323 94.017792432860787
630.8244471297356 94.064581013292184
640.0000000000159 94.110000000000099
649.3090143600314 94.164457734006191
658.7534314518515 94.207890441533337
668.3352207535618 94.246007360938890
678.0563803899662 94.291170625871843
687.9189375492632 94.342074422133635
697.9249489057827 94.382718558396675
708.0765010488715 94.413518027989284
718.3757109180171 94.443708347208158
728.8247262443015 94.484681377601632
739.425725998274 94.529088049192751
750.1809208443404 94.564087992744106
761.0925536017613 94.599550799205730
772.1628997123541 94.644324241123911
783.3942677149998 94.696357056322114
794.7889997270506 94.751030623692117
806.34947193274 94.797429467773000
818.0780950786972 94.838708424326015
829.9773149766683 94.888695139691933
842.0496130135506 94.951785274827913
854.2975066688449 95.020778161122905
866.7235500396347 95.089206225224089
879.3303343732008 95.163714139988485
892.1204886073838 95.244147029365777
905.0966799188055 95.322942994522990
918.2616142790653 95.399624697763841
931.6180370190256 95.475662823260677
945.1687334013056 95.552720217057498
958.9165292011028 95.632513087006430
972.8642912954606 95.708582172694960
987.0149282611097 95.780074641305561
1001.3713909810035 95.857408354657125
1015.9366732596762 95.941495149790100
1030.7138124475518 96.028078928271725
1045.7058900743334 96.113595631668133
1060.916032491606 96.199038178703830
1076.3474115247852 96.283865849668828
1092.0032451345498 96.368453624262287
1107.8867980878947 96.447433990439478
1124.0013826389438 96.529896454996447
1140.350359219667 96.619231112439863
1156.9371371406426 96.704609063625782
1173.765175302013 96.784222641946315
1190.837982914782 96.858603541129639
1208.1591202326028 96.933984706736069
1225.73219929421 97.010566568403760
1243.5608846766518 97.087097166932153
1261.648894259477 97.166643431217011
1280.0000000000375 97.247500000000144
1298.6180287200684 97.321174199363696
1317.5068629037087 97.395526079034084
1336.6704415071292 97.470014721877817
1356.112760779938 97.548256681158747
1375.8378750985323 97.621808244109644
1395.8498978115715 97.690097157668760
1416.153002097749 97.763227674358404
1436.7514218360407 97.837123619788443
1457.6494524886093 97.909120094660352
1478.8514519965543 97.982903052948018
1500.3618416886875 98.057889472084554
1522.1851072035295 98.141690811661562
1544.3257994247153 98.238306549445724
1566.788535430007 98.325617581091024
1589.5779994541087 98.411104837936534
1612.6989438654878 98.503073627603129
1636.156190157402 98.600632874857951
1659.9546299533442 98.704092205186328
1684.099226027109 98.816312315889036
1708.5950133376978 98.935490767488744
1733.4471000792773 99.066141644447129
1758.6606687464096 99.209385451979330
1784.2409772147755 99.353031637871197
1810.193359837619 99.491117072745880
1836.5232285581387 99.633760544496738
1863.2360740380593 99.784416179055412
1890.3374668026197 99.935356067414403
1917.833058402214 100.087651804716302
1945.7285825909298 100.239019774339198
1974.0298565222283 100.382149282611152
2002.7427819620161 100.525856735627599
2031.8733465193618 100.684271742486317
2061.4276248951132 100.853923318167887
2091.411780148677 101.020241261148584
2121.832064983222 101.187351167155214
2152.694823049581 101.364423400128175
2184.0064902691106 101.548839428384838
2215.7735961758003 101.747739695333905
2248.002765277899 101.959352459838811
2280.7007184393456 102.188545172763298
2313.874274281297 102.430400867586286
2347.530350604038 102.679432421959817
2381.6759658295764 102.927296004400077
2416.318240465218 103.174587536628621
2451.4643985884327 103.434092819307381
2487.1217693533167 103.708620526600981
2523.2977885189675 103.989184193952539
2560.0000000000887 104.265250000000648
2597.236057440151 104.530351542747027
2635.0137258074315 104.782338073931015
2673.340883014273 105.016794731859562
2712.225521559891 105.232183988189433
2751.6757501970797 105.420688185293884
2791.699795623158 105.576392996360397
2832.3060041955137 105.711025333509554
2873.502843672097 105.846969554738251
2915.2989049772345 105.968892645701061
2957.7029039931244 106.052050223432374
3000.723683377391 106.099416117941999
3044.370214407075 106.121635815466078
3088.6515988494466 106.105278155877301
3133.57707086003 106.056581527567459
3179.1559989082334 105.982977001910598
3225.3978877309914 105.895958203415319
3272.3123803148205 105.798135887110547
3319.9092599067053 105.692305980011781
3368.198452054235 105.581779591234181
3417.190026675413 105.470010041047331
3466.8942001585724 105.360670643654302
3517.3213374928373 105.249526990641115
3568.4819544295697 105.134415602533466
3620.386719675257 105.016610544746896
3673.0464571162966 104.889731534353444
3726.472148076138 104.746877985386817
3780.6749336052594 104.592480905881956
3835.6661168044484 104.438738079812566
3891.45716518188 104.301416734646452
3948.059713044477 104.171938406410760
4005.4855639240527 104.064817367146617
4063.746693038744 103.980252866033084
4122.855249790247 103.931381031258738
4182.823560297375 103.931077333647352
4243.664129966465 103.975838609903903
4305.389646099183 104.041890191093273
4368.012980538242 104.110814278592059
4431.5471923516225 104.150367938213492
4496.00553055582 104.145232319398104
4561.401436878714 104.060439572848651
4627.748548562617 103.900736076029290
4695.060701208099 103.666649618730389
4763.351931659176 103.386511678474136
4832.63648093046 103.071976715580320
4902.928797176889 102.735265745080326
4974.243538706657 102.394199279611044
5046.595577037959 102.060781346833778
5120.000000000202 101.734142857141975
5194.472114880326 101.420981986954089
5270.027451614888 101.131398429024912
5346.6817660285715 100.862073756540525
5424.451043119808 100.613424318484590
5503.351500394186 100.390688784644354
5583.399591246343 100.192944733563479
5664.612008391055 100.027329643679394
5747.005687344222 99.891281867097774
5830.597809954497 99.781383441900743
5915.405807986278 99.691675353610975
6001.447366754812 99.623185856200422
6088.740428814181 99.575566260108715
6177.303197698925 99.543699086371731
6267.154141720092 99.521479744884473
6358.3119978165005 99.506627880294772
6450.795775462017 99.493380633680701
6544.624760629676 99.480198781118148
6639.818519813445 99.469814518414921
6736.396904108505 99.463544123835661
6834.380053350861 99.461687601067013
6933.788400317181 99.463506826004760
7034.642674985712 99.465019640124780
7136.963908859177 99.462858067746964
7240.773439350552 99.432016600405916
7346.092914232631 99.323555982939425
7452.944296152315 99.096520957427231
7561.349867210557 98.717976793330138
7671.332233608935 98.192316376799511
7782.914330363799 97.537012232442279
7896.119426088994 96.784880438464285
8010.971127848146 96.001281938412163
8127.49338607753 95.258064535897020
8245.710499580537 94.620146804186561
8365.647120594791 94.095269415265676
8487.328259932974 93.619338998174996
8610.77929219841 93.237238962636454
8736.025961076528 92.946210319095570
8863.094384703289 92.728374034254074
8992.011061111683 92.574533467073394
9122.802873757471 92.469846509645961
9255.497097125279 92.417605713406260
9390.121402416245 92.424385941047035
9526.7038633184 92.499260193804190
9665.272961860968 92.676861965231694
9805.857594353829 92.980526483347177
9948.487077413367 93.407860983689673
10093.19115407597 93.948105058600078
10240.000000000457 94.583200000002080
10388.944229760706 95.321098284572827
10540.05490322983 96.159688977845590
10693.363532057198 97.029381532576110
10848.902086239672 97.791421999112117
11006.703000788428 98.238741151616267
11166.799182492743 98.262560654005810
11329.224016782166 97.815662989855781
11494.0113746885 97.155500614894095
11661.195619909053 96.445151322749751
11830.811615972614 95.824901167950344
12002.894733509682 95.363586041322122
12177.48085762842 94.966307645929504
12354.606395397908 94.478135552185506
12534.308283440243 93.726240677936190
12716.62399563306 92.590076190539463
12901.591550924093 91.321257031262377
13089.249521259411 90.054565731498968
13279.637039626952 89.018504284848873
13472.793808217073 88.300329835484831
13668.760106701786 87.930134030377076
13867.576800634426 87.898223556504377
14069.285349971487 88.117243449536517
14273.927817718419 88.453198167421064
14481.54687870117 88.850470280664041
14692.18582846533 89.308540079309864
14905.888592304698 89.828962806977060
15122.699734421185 90.445887578830309
15342.664467217943 91.143995439278157
15565.828660727671 91.787127713954220
15792.238852178061 92.078838142046166
16021.942255696367 91.660389509467478
16254.986772155136 90.399891087190454
16491.42099916115 88.593060724410492
16731.294241189662 86.610070740537708
16974.65651986603 84.686953188654357
17221.558584396902 83.031860100512347
17472.051922153143 81.828002196538606
17726.188769406665 81.204194217460582
17984.022122223458 81.115960593177590
18245.605747515034 81.202409280600449
18510.99419425065 80.784885632544700
18780.242804832582 79.278056267748468
19053.40772663689 76.502758540944825
19330.545923722028 73.069712257007382
19611.71518870775 70.363796730165916
19896.974154826825 68.983498338557695
20186.382308152035 68.735000000000014
