20 100.501000000000005
20.290906698750476 100.463182003102446
20.586044732869844 100.426721143875568
20.885475648548283 100.391694507669371
21.189261887185914 100.357699196933581
21.49746679841394 100.325996963397046
21.810154653305165 100.295585995772569
22.12739065777668 100.267512555766757
22.449240966187475 100.240060735835883
22.77577269513385 100.214064530762954
23.107053937445478 100.187578808808908
23.44315377638505 100.159570475066332
23.784142300054445 100.130847904495369
24.130090616010463 100.102309534444288
24.481070866093134 100.076325032748315
24.837156241469714 100.052542065249582
25.1984209978975 100.030842766373524
25.56494047120865 100.008897370881897
25.936791093020236 99.984924601365577
26.3140504066728 99.958326431943220
26.69679708340074 99.931962193224706
27.08511093873791 99.908627449509140
27.47907294916184 99.889941730892048
27.878765268980047 99.873697845827024
28.284271247461966 99.856776336359133
28.695675446220072 99.839085955812536
29.11306365684382 99.822834217608374
29.536522918790062 99.811269541624199
29.966141537533712 99.802677169249321
30.402009102982383 99.784852666272400
30.844216508158908 99.748578413130133
31.29285596815558 99.703473333224252
31.74802103936409 99.669106863874333
32.20980663898519 99.659066712862739
32.67830906482211 99.671845598852173
33.153626015361866 99.686460878046091
33.63585661014871 99.680027886441820
34.125101410453844 99.650367191395048
34.62146244024586 99.614333716025499
35.12504320746613 99.588248703776017
35.635948725613716 99.574552922938949
36.15428553564419 99.564914289287117
36.68016172818701 99.554216603708070
37.21368696608603 99.543653634610450
37.754972507267915 99.535221786732563
38.30413122794313 99.528562827948519
38.86127764614443 99.523387231522605
39.4265279456077 99.517734721462318
40.000000000000206 99.507000000000005
40.58181339750116 99.487121309323072
41.1720894657399 99.464569936796948
41.77095129709678 99.450653575493902
42.37852377437204 99.444214760520907
42.9949335968281 99.436400863378495
43.62030930661056 99.420691510610652
44.25478131555359 99.397893903431012
44.89848193237519 99.376299348195630
45.55154539026795 99.358432275584050
46.21410787489121 99.344706105793449
46.88630755277036 99.331020426923317
47.56828460010916 99.320499999999996
48.260181232021196 99.321342523248290
48.962141732186545 99.328623458675864
49.674312482939705 99.323870807898317
50.39684199579528 99.299134194096439
51.129880942417586 99.274459852087801
51.873582186040764 99.273738477084450
52.628100813345895 99.292807885018561
53.393594166801776 99.291692160236153
54.17022187747612 99.257022214550062
54.95814589832399 99.229146081534324
55.75753053796041 99.228136107571174
56.56854249492426 99.181742430426368
57.39135089244048 99.091297901396999
58.226127313687975 99.009713527764248
59.073045837580466 99.026523721270792
59.932283075067765 99.115025156731974
60.804018205965114 99.166203830868469
61.68843301631817 99.210652447717678
62.58571193631152 99.238633905274924
63.49604207872855 99.245472294551092
64.41961327797075 99.265364917840856
65.35661812964459 99.291209563166802
66.3072520307241 99.294849235784937
67.27171322029778 99.284565735594043
68.25020282090806 99.266747363328193
69.2429248804921 99.258579011723185
70.25008641493265 99.266375993771732
71.27189745122783 99.277583025786669
72.30857107128878 99.282957144643547
73.36032345637442 99.271753045687944
74.42737393217246 99.249025147424376
75.50994501453623 99.229350805658967
76.60826245588666 99.206909089400853
77.72255529228926 99.172282592786416
78.85305589121582 99.130201035633235
80.00000000000082 99.080499999999972
81.16362679500274 99.030560891866699
82.34417893148023 98.990714000645085
83.541902594194 98.961055418623715
84.75704754874454 98.939447987202868
85.98986719365665 98.918589726499363
87.24061861322157 98.904193569723702
88.50956263110764 98.888846997902277
89.79696386475084 98.868248578163985
91.10309078053635 98.844316996157431
92.42821574978288 98.822659589058304
93.77261510554118 98.801921351250087
95.13656920021877 98.769142665434629
96.52036246404286 98.734498013074216
97.92428346437356 98.692018257303360
99.34862496587989 98.634683508158872
100.79368399159105 98.570225975056275
102.25976188483567 98.499765159719828
103.74716437208203 98.425374990727306
105.25620162669229 98.352365592330784
106.78718833360406 98.282863713321419
108.34044375495276 98.211438847680597
109.9162917966485 98.134185352899266
111.51506107592134 98.054900527114555
113.13708498984903 97.980147117153223
114.78270178488147 97.907506820678492
116.45225462737648 97.830338044412741
118.14609167516147 97.748111126899431
119.86456615013608 97.661195908711107
121.60803641193078 97.576838270244281
123.3768660326369 97.502441829568198
125.17142387262359 97.440842957384035
126.99208415745765 97.408891382845297
128.83922655594208 97.406175690811665
130.71323625928977 97.416616602016035
132.61450406144883 97.439521951152159
134.5434264405962 97.479221517625049
136.50040564181674 97.531137270664956
138.48584976098482 97.595083753357670
140.50017282986593 97.678175365769917
142.5437949024563 97.781037676756966
144.61714214257822 97.892942817841799
146.7206469127495 98.011044485879069
148.8547478643456 98.129240182966129
151.01989002907314 98.237895051308300
153.216524911774 98.326998882229702
155.4451105845792 98.391101012639353
157.70611178243232 98.429695448338109
160.00000000000236 98.442999999999984
162.3272535900062 98.433225534921974
164.6883578629612 98.405364362499284
167.08380518838874 98.361907701420620
169.51409509748981 98.306870174718739
171.97973438731407 98.244818799684765
174.4812372264439 98.179591584667165
177.01912526221608 98.112291268025047
179.5939277295025 98.042545165757531
182.20618156107355 97.970168152602156
184.85643149956664 97.896491204312042
187.54523021108326 97.823305922427409
190.27313840043846 97.751453029268689
193.04072492808663 97.680157441840990
195.84856692874806 97.608446400009797
198.69724993176072 97.537766001637749
201.58736798318304 97.469990536386788
204.5195237696723 97.403057461220754
207.49432874416505 97.336375712837679
210.5124032533856 97.270987464470011
213.57437666720915 97.207225278322213
216.68088750990657 97.146892915434293
219.83258359329807 97.086680911727328
223.03012215184378 97.025170148577004
226.2741699796992 96.964806883705506
229.5654035697641 96.907033004790748
232.90450925475412 96.851091512420766
236.2921833503241 96.794288543476029
239.72913230027333 96.738867741658083
243.21607282386276 96.686501989568910
246.75373206527502 96.637416967594305
250.34284774524843 96.588542979311768
253.9841683149166 96.541205811906082
257.67845311188546 96.495938949379408
261.42647251858085 96.454737111360430
265.22900812289896 96.418839691108985
269.08685288119375 96.391007833673228
273.0008112836349 96.370621856275918
276.97169952197106 96.357420988276800
281.00034565973334 96.353100207395840
285.0875898049141 96.355701456551301
289.23428428515797 96.365238853855857
293.44129382550057 96.378012140241594
297.7094957286928 96.390586588040350
302.0397800581479 96.401079560116301
306.4330498235497 96.408244066431394
310.89022116916016 96.409972555292299
315.41222356486645 96.406216775226767
320.00000000000654 96.397499999999980
324.6545071800142 96.383536478459959
329.3767157259242 96.365868480241488
334.16761037677935 96.348079841605923
339.02819019498156 96.330095696278576
343.95946877463007 96.309078337391625
348.9624744528898 96.285876370071406
354.03825052443415 96.261616397482726
359.187855459007 96.238154650434467
364.4123631221491 96.214203129638122
369.71286299913527 96.189349543904058
375.0904604221685 96.162547697889153
380.54627680087896 96.135268615995614
386.08144985617537 96.106776460747895
391.6971338574982 96.078807901578614
397.3944998635236 96.051245850641436
403.1747359663683 96.023655442829210
409.0390475393468 95.995058016264878
414.9886574883323 95.967300096093197
421.0248065067734 95.942548946795782
427.1487533344206 95.920516551663127
433.3617750198154 95.901308304110529
439.6651671865984 95.884908189287785
446.06024430368984 95.872081320569777
452.54833995940066 95.864716162028415
459.13080713953053 95.864180230611296
465.8090185095106 95.870713527764266
472.58436670065066 95.887098190573283
479.45826460054917 95.912151505873666
486.432145647728 95.944660728238631
493.50746413055253 95.990263335715056
500.6856954904994 96.050056963127901
507.9683366298358 96.119697219022811
515.3569062237735 96.201435834495470
522.8529450371643 96.295408139872080
530.4580162458005 96.397383601425844
538.1737057623901 96.504907065564538
546.0016225672724 96.612807271250901
553.9433990439449 96.716671025609060
562.0006913194694 96.814607811910008
570.1751796098309 96.906708001195852
578.4685685703187 96.987568543560599
586.8825876510039 97.061346124416076
595.4189914573883 97.128642435930416
604.0795601162986 97.190537030785009
612.8660996471021 97.248629647706167
621.780442338323 97.304151288649706
630.8244471297356 97.355952014500573
640.0000000000159 97.405500000000075
649.3090143600314 97.452975973236164
658.7534314518515 97.498954142541479
668.3352207535618 97.542091732353356
678.0563803899662 97.584545254696351
687.9189375492632 97.626259537706915
697.9249489057827 97.668284785404282
708.0765010488715 97.710517479352816
718.3757109180171 97.752421629217963
728.8247262443015 97.794298904977211
739.425725998274 97.836702903993100
750.1809208443404 97.879678453166278
761.0925536017613 97.920597076006601
772.1628997123541 97.961524552784084
783.3942677149998 98.002348506354238
794.7889997270506 98.042478624056045
806.34947193274 98.082458590434072
818.0780950786972 98.122572014112507
829.9773149766683 98.162463426461287
842.0496130135506 98.202161242294039
854.2975066688449 98.241429708340149
866.7235500396347 98.279852325120430
879.3303343732008 98.317774486400936
892.1204886073838 98.354674717720926
905.0966799188055 98.390803508113436
918.2616142790653 98.425635698334517
931.6180370190256 98.459799632432919
945.1687334013056 98.494817925178424
958.9165292011028 98.530162845052814
972.8642912954606 98.565160728238652
987.0149282611097 98.600537320652762
1001.3713909810035 98.636519903517922
1015.9366732596762 98.673935350475148
1030.7138124475518 98.712361011023972
1045.7058900743334 98.751691197704417
1060.916032491606 98.793595425392880
1076.3474115247852 98.837362579704376
1092.0032451345498 98.882447133993196
1107.8867980878947 98.929997322493676
1124.0013826389438 98.981837942129829
1140.350359219667 99.036726257268839
1156.9371371406426 99.095568291030958
1173.765175302013 99.156619407382550
1190.837982914782 99.222935086162408
1208.1591202326028 99.292022038114794
1225.73219929421 99.366748973081641
1243.5608846766518 99.445666252415862
1261.648894259477 99.530138099494849
1280.0000000000375 99.619500000000187
1298.6180287200684 99.715781805666637
1317.5068629037087 99.814037059680032
1336.6704415071292 99.919604189326890
1356.112760779938 100.029842736445644
1375.8378750985323 100.145839409958796
1395.8498978115715 100.267976871541165
1416.153002097749 100.394994696514189
1436.7514218360407 100.525715456388355
1457.6494524886093 100.662292364524376
1478.8514519965543 100.803689873576573
1500.3618416886875 100.950011181319496
1522.1851072035295 101.101464643992500
1544.3257994247153 101.257053627950000
1566.788535430007 101.415862830844446
1589.5779994541087 101.578086916102336
1612.6989438654878 101.743170459199575
1636.156190157402 101.910432073920703
1659.9546299533442 102.079478780069678
1684.099226027109 102.249876566710299
1708.5950133376978 102.420633691763356
1733.4471000792773 102.591447106543839
1758.6606687464096 102.763546120725721
1784.2409772147755 102.935544908250407
1810.193359837619 103.107164573338025
1836.5232285581387 103.278440056485579
1863.2360740380593 103.449681430882066
1890.3374668026197 103.620205792848338
1917.833058402214 103.789994978589590
1945.7285825909298 103.958371495545578
1974.0298565222283 104.125295556350707
2002.7427819620161 104.289951005052700
2031.8733465193618 104.453709738530520
2061.4276248951132 104.614566411944111
2091.411780148677 104.773247138096536
2121.832064983222 104.929114523291531
2152.694823049581 105.080593835926109
2184.0064902691106 105.230429855237915
2215.7735961758003 105.374192502982311
2248.002765277899 105.515744993588470
2280.7007184393456 105.651837909679344
2313.874274281297 105.783184718078303
2347.530350604038 105.908985779704750
2381.6759658295764 106.028469233393423
2416.318240465218 106.142946398814274
2451.4643985884327 106.249551670853521
2487.1217693533167 106.350228777253960
2523.2977885189675 106.442662026584458
2560.0000000000887 106.528750000000201
2597.236057440151 106.608618467034319
2635.0137258074315 106.682024706453376
2673.340883014273 106.746928934898193
2712.225521559891 106.805486155543178
2751.6757501970797 106.856094687746349
2791.699795623158 106.900973527740192
2832.3060041955137 106.938752343734009
2873.502843672097 106.970951990570455
2915.2989049772345 106.997761408687694
2957.7029039931244 107.019812248717045
3000.723683377391 107.038271381266526
3044.370214407075 107.054383901228903
3088.6515988494466 107.068095479654829
3133.57707086003 107.081278407872247
3179.1559989082334 107.094746799672464
3225.3978877309914 107.109635281828531
3272.3123803148205 107.126032456913336
3319.9092599067053 107.144959166958017
3368.198452054235 107.167781210547645
3417.190026675413 107.194314016005251
3466.8942001585724 107.225319114106242
3517.3213374928373 107.260317789744704
3568.4819544295697 107.299655202632252
3620.386719675257 107.343440313314233
3673.0464571162966 107.390702740546999
3726.472148076138 107.439854376230045
3780.6749336052594 107.488888333576128
3835.6661168044484 107.536532893443564
3891.45716518188 107.577544835521053
3948.059713044477 107.613275193859323
4005.4855639240527 107.639054243111815
4063.746693038744 107.654624889767959
4122.855249790247 107.655738600055940
4182.823560297375 107.638826032109421
4243.664129966465 107.602756265805596
4305.389646099183 107.545456675437464
4368.012980538242 107.466066566804770
4431.5471923516225 107.361947132619832
4496.00553055582 107.237855789906888
4561.401436878714 107.094206623335026
4627.748548562617 106.937386913545538
4695.060701208099 106.770633094105349
4763.351931659176 106.598357203328675
4832.63648093046 106.420139690343589
4902.928797176889 106.231651424845921
4974.243538706657 106.033191277508593
5046.595577037959 105.819922046529641
5120.000000000202 105.594071428570800
5194.472114880326 105.357053916456096
5270.027451614888 105.110847424388652
5346.6817660285715 104.857866650030360
5424.451043119808 104.599859035352068
5503.351500394186 104.337415720116496
5583.399591246343 104.071592606551206
5664.612008391055 103.803280372309530
5747.005687344222 103.532086317074231
5830.597809954497 103.258404128598102
5915.405807986278 102.982662211164381
6001.447366754812 102.704359380342382
6088.740428814181 102.424780354332171
6177.303197698925 102.145275018611216
6267.154141720092 101.867295727596471
6358.3119978165005 101.592147126528658
6450.795775462017 101.320446230037462
6544.624760629676 101.052827546433761
6639.818519813445 100.788994533508372
6736.396904108505 100.527638281509752
6834.380053350861 100.265705257553208
6933.788400317181 99.998933435140430
7034.642674985712 99.723020150164785
7136.963908859177 99.435283220662754
7240.773439350552 99.136553158686652
7346.092914232631 98.835670304719798
7452.944296152315 98.554227588503778
7561.349867210557 98.335494596869026
7671.332233608935 98.229602733290932
7782.914330363799 98.272315019413554
7896.119426088994 98.478328421744720
8010.971127848146 98.795084862236422
8127.49338607753 99.121667098713559
8245.710499580537 99.400386677857185
8365.647120594791 99.585305070745193
8487.328259932974 99.651272907222364
8610.77929219841 99.566491825088789
8736.025961076528 99.312221705864147
8863.094384703289 98.905201951430371
8992.011061111683 98.370627466590221
9122.802873757471 97.750399388943180
9255.497097125279 97.082211092486062
9390.121402416245 96.388657844885188
9526.7038633184 95.673803322703947
9665.272961860968 94.945428851875732
9805.857594353829 94.239102242312498
9948.487077413367 93.608698062120979
10093.19115407597 93.119683989051083
10240.000000000457 92.791899999999202
10388.944229760706 92.648745728461407
10540.05490322983 92.742813825004674
10693.363532057198 93.116553902732932
10848.902086239672 93.860126460874937
11006.703000788428 94.985284768679293
11166.799182492743 96.311174476840080
11329.224016782166 97.504529318314269
11494.0113746885 98.347998437215196
11661.195619909053 98.424423161743988
11830.811615972614 98.024240677081082
12002.894733509682 97.031453460521064
12177.48085762842 95.799914843210360
12354.606395397908 94.380577964720672
12534.308283440243 92.977291560493427
12716.62399563306 91.693223228530684
12901.591550924093 90.656506631953320
13089.249521259411 89.747705889900857
13279.637039626952 89.094968382692514
13472.793808217073 88.743305417810063
13668.760106701786 88.667411454951420
13867.576800634426 88.850218445081694
14069.285349971487 89.278428697500033
14273.927817718419 89.876325774100650
14481.54687870117 90.662348295721571
14692.18582846533 91.633160933903881
14905.888592304698 92.756522377091301
15122.699734421185 93.999600224055314
15342.664467217943 95.237040558467740
15565.828660727671 96.203219514672895
15792.238852178061 96.504313608615064
16021.942255696367 95.802766047127989
16254.986772155136 94.212320663648683
16491.42099916115 92.591800471749480
16731.294241189662 91.015709777795820
16974.65651986603 89.292097639434672
17221.558584396902 87.588506290855690
17472.051922153143 85.947441986783048
17726.188769406665 84.301153906861259
17984.022122223458 82.564542409524975
18245.605747515034 80.704348597227749
18510.99419425065 78.900153266621174
18780.242804832582 77.854616780739804
19053.40772663689 77.882900551015751
19330.545923722028 78.536468180016698
19611.71518870775 80.858107870752065
19896.974154826825 84.487015535776123
20186.382308152035 85.756500000000003
