20 70.531499999999994
20.290906698750476 70.538997595328624
20.586044732869844 70.545500673237171
20.885475648548283 70.550002346950080
21.189261887185914 70.551499574858468
21.49746679841394 70.550997017262532
21.810154653305165 70.548999512134685
22.12739065777668 70.548003033057270
22.449240966187475 70.550504421397932
22.77577269513385 70.556495829268513
23.107053937445478 70.563500722376517
23.44315377638505 70.567998872607149
23.784142300054445 70.565495887281656
24.130090616010463 70.555495869355639
24.481070866093134 70.539496516413948
24.837156241469714 70.521992858769380
25.1984209978975 70.505485087267942
25.56494047120865 70.492502108649290
25.936791093020236 70.481006458145885
26.3140504066728 70.467497828433153
26.69679708340074 70.451008741837825
27.08511093873791 70.431494368591984
27.47907294916184 70.411496626101268
27.878765268980047 70.393010856309672
28.284271247461966 70.375988478566541
28.695675446220072 70.358513785658133
29.11306365684382 70.336996321715390
29.536522918790062 70.312527567192546
29.966141537533712 70.286992533570469
30.402009102982383 70.263999567505351
30.844216508158908 70.242989391582412
31.29285596815558 70.221007057239603
31.74802103936409 70.194998702117147
32.20980663898519 70.166511928114545
32.67830906482211 70.136480521124653
33.153626015361866 70.106523570460382
33.63585661014871 70.076009073424203
34.125101410453844 70.039992026194142
34.62146244024586 70.000965133473528
35.12504320746613 69.962996998307148
35.635948725613716 69.927503562114907
36.15428553564419 69.892479100527950
36.68016172818701 69.853987128374627
37.21368696608603 69.811524913747832
37.754972507267915 69.768502185189419
38.30413122794313 69.726990222693644
38.86127764614443 69.685477925659882
39.4265279456077 69.640537530826236
40.000000000000206 69.594999999999985
40.58181339750116 69.550014428028277
41.1720894657399 69.504993129509117
41.77095129709678 69.459003740122782
42.37852377437204 69.411037596760110
42.9949335968281 69.360005497665213
43.62030930661056 69.309475888697278
44.25478131555359 69.260017047055271
44.89848193237519 69.211960575868375
45.55154539026795 69.158537189022425
46.21410787489121 69.099990689369491
46.88630755277036 69.041975873792936
47.56828460010916 68.988477585685047
48.260181232021196 68.933984510083661
48.962141732186545 68.873987459090245
49.674312482939705 68.810973419500982
50.39684199579528 68.749513440191691
51.129880942417586 68.687510070354861
51.873582186040764 68.623535940985732
52.628100813345895 68.556490787292148
53.393594166801776 68.486537086584690
54.17022187747612 68.422482683420327
54.95814589832399 68.360985410167601
55.75753053796041 68.281046946203958
56.56854249492426 68.190051335341423
57.39135089244048 68.121477097439509
58.226127313687975 68.066989327896295
59.073045837580466 67.995995944521411
59.932283075067765 67.919978249966135
60.804018205965114 67.852998537756207
61.68843301631817 67.781964558241228
62.58571193631152 67.708523577595884
63.49604207872855 67.636496379589914
64.41961327797075 67.557033273161608
65.35661812964459 67.476532807431823
66.3072520307241 67.399479236847071
67.27171322029778 67.320023625892560
68.25020282090806 67.237483455696321
69.2429248804921 67.156506127573152
70.25008641493265 67.071492601461244
71.27189745122783 66.984008779860631
72.30857107128878 66.916028126472867
73.36032345637442 66.842971655884725
74.42737393217246 66.749467026295036
75.50994501453623 66.654004848672017
76.60826245588666 66.564978697526698
77.72255529228926 66.474536095110153
78.85305589121582 66.375495200274827
80.00000000000082 66.276999999999930
81.16362679500274 66.173533184464972
82.34417893148023 66.068984541395480
83.541902594194 65.965508415276233
84.75704754874454 65.862495950836845
85.98986719365665 65.757511309542622
87.24061861322157 65.645034297372149
88.50956263110764 65.533038601509801
89.79696386475084 65.422003116559949
91.10309078053635 65.308992052420962
92.42821574978288 65.192980670744362
93.77261510554118 65.072534483109507
95.13656920021877 64.950538531945242
96.52036246404286 64.830468245671454
97.92428346437356 64.707476129315921
99.34862496587989 64.587531581820642
100.79368399159105 64.464526898985682
102.25976188483567 64.345019409796834
103.74716437208203 64.225987473300577
105.25620162669229 64.110985118343422
106.78718833360406 63.997986599572926
108.34044375495276 63.887468182544637
109.9162917966485 63.774479926434438
111.51506107592134 63.664495519090849
113.13708498984903 63.545493778082133
114.78270178488147 63.425021831665731
116.45225462737648 63.308481812330250
118.14609167516147 63.187493280354659
119.86456615013608 63.061531800513578
121.60803641193078 62.927997293290616
123.3768660326369 62.796509958568819
125.17142387262359 62.664469856394973
126.99208415745765 62.534994053845033
128.83922655594208 62.404483679267784
130.71323625928977 62.269483230807509
132.61450406144883 62.134535200685811
134.5434264405962 61.995968948500277
136.50040564181674 61.853470383653864
138.48584976098482 61.708510969112389
140.50017282986593 61.562487570454849
142.5437949024563 61.415514750165812
144.61714214257822 61.274990406727142
146.7206469127495 61.133023830033068
148.8547478643456 60.993016541233189
151.01989002907314 60.854007060489067
153.216524911774 60.723028327973424
155.4451105845792 60.605993886301462
157.70611178243232 60.480994591172632
160.00000000000236 60.369999999999905
162.3272535900062 60.278992749968054
164.6883578629612 60.211493577584591
167.08380518838874 60.168503496201701
169.51409509748981 60.156000694142257
171.97973438731407 60.173998061221269
174.4812372264439 60.226507150442458
177.01912526221608 60.303003697059580
179.5939277295025 60.378997866967843
182.20618156107355 60.443503631221475
184.85643149956664 60.496505134989263
187.54523021108326 60.528500886076387
190.27313840043846 60.538999299997784
193.04072492808663 60.525001391259678
195.84856692874806 60.498004164146650
198.69724993176072 60.455495762402677
201.58736798318304 60.406492974068101
204.5195237696723 60.350509092703149
207.49432874416505 60.291493464330713
210.5124032533856 60.231491768995227
213.57437666720915 60.168992180548763
216.68088750990657 60.104502335246551
219.83258359329807 60.041508322849687
223.03012215184378 59.975497590099259
226.2741699796992 59.911496720233700
229.5654035697641 59.847992629414492
232.90450925475412 59.787008962712576
236.2921833503241 59.729996985948993
239.72913230027333 59.673498008097411
243.21607282386276 59.620999011999601
246.75373206527502 59.573003635066925
250.34284774524843 59.530001824172281
253.9841683149166 59.490498405245781
257.67845311188546 59.455496796300707
261.42647251858085 59.428996955901852
265.22900812289896 59.404499954732415
269.08685288119375 59.383000819868933
273.0008112836349 59.370500602696623
276.97169952197106 59.360000794515059
281.00034565973334 59.350999365839527
285.0875898049141 59.343500752559478
289.23428428515797 59.334499425618290
293.44129382550057 59.325999242895172
297.7094957286928 59.315001299363878
302.0397800581479 59.304000558743738
306.4330498235497 59.294499882623455
310.89022116916016 59.283999535358909
315.41222356486645 59.274499342169641
320.00000000000654 59.260999999999981
324.6545071800142 59.249501217492977
329.3767157259242 59.237000752525617
334.16761037677935 59.223001138535814
339.02819019498156 59.209499479287715
343.95946877463007 59.195998641368753
348.9624744528898 59.181498597952455
354.03825052443415 59.166499294639941
359.187855459007 59.152000406960070
364.4123631221491 59.137999143741396
369.71286299913527 59.125500323054297
375.0904604221685 59.114999324894185
380.54627680087896 59.106999899981616
386.08144985617537 59.105000080102599
391.6971338574982 59.106000187936118
397.3944998635236 59.113999297807680
403.1747359663683 59.126999406152734
409.0390475393468 59.148500255673795
414.9886574883323 59.180498157920439
421.0248065067734 59.227498493343006
427.1487533344206 59.288497543011047
433.3617750198154 59.367497139315212
439.6651671865984 59.460002679691371
446.06024430368984 59.562504160844284
452.54833995940066 59.673005964653015
459.13080713953053 59.788496616225999
465.8090185095106 59.908000326477719
472.58436670065066 60.027506188140165
479.45826460054917 60.143504287333243
486.432145647728 60.256502192435768
493.50746413055253 60.363006497439827
500.6856954904994 60.463495737121491
507.9683366298358 60.557504145799840
515.3569062237735 60.648498845089108
522.8529450371643 60.742999307098728
530.4580162458005 60.839500218968794
538.1737057623901 60.943496034122418
546.0016225672724 61.051994768593389
553.9433990439449 61.164505620685993
562.0006913194694 61.277995652117127
570.1751796098309 61.389002317127066
578.4685685703187 61.495994434172182
586.8825876510039 61.599494927725090
595.4189914573883 61.704499894918669
604.0795601162986 61.809994641758401
612.8660996471021 61.916501179354867
621.780442338323 62.022005013232871
630.8244471297356 62.124504726632992
640.0000000000159 62.221500000000155
649.3090143600314 62.312500130006640
658.7534314518515 62.398003602186193
668.3352207535618 62.478001725879096
678.0563803899662 62.554002738283245
687.9189375492632 62.624999550440805
697.9249489057827 62.693499650214484
708.0765010488715 62.761003332218223
718.3757109180171 62.829498077464478
728.8247262443015 62.899498166054272
739.425725998274 62.970998151955158
750.1809208443404 63.042999470087636
761.0925536017613 63.115497034102617
772.1628997123541 63.187999343192928
783.3942677149998 63.261001726814612
794.7889997270506 63.334499998239423
806.34947193274 63.409003118321024
818.0780950786972 63.486500619262038
829.9773149766683 63.564002113236988
842.0496130135506 63.644997403636012
854.2975066688449 63.728503485972979
866.7235500396347 63.813996904191583
879.3303343732008 63.903002365971439
892.1204886073838 63.993503558094915
905.0966799188055 64.087997669132093
918.2616142790653 64.184497172649429
931.6180370190256 64.283000270451140
945.1687334013056 64.381998052300901
958.9165292011028 64.482496558387453
972.8642912954606 64.583502099649280
987.0149282611097 64.685499482908142
1001.3713909810035 64.790502885518180
1015.9366732596762 64.897997588590925
1030.7138124475518 65.005998629243805
1045.7058900743334 65.114499204446716
1060.916032491606 65.223000233722274
1076.3474115247852 65.334002957111551
1092.0032451345498 65.446501751622463
1107.8867980878947 65.559998557225896
1124.0013826389438 65.675002738317716
1140.350359219667 65.792002544662139
1156.9371371406426 65.909500969796568
1173.765175302013 66.028501232135028
1190.837982914782 66.148499879914127
1208.1591202326028 66.269500834711067
1225.73219929421 66.391501363727286
1243.5608846766518 66.513499210867209
1261.648894259477 66.634999289723936
1280.0000000000375 66.757500000000249
1298.6180287200684 66.880000187017231
1317.5068629037087 67.002999107266461
1336.6704415071292 67.125002747639897
1356.112760779938 67.245998511257142
1375.8378750985323 67.366499236977091
1395.8498978115715 67.485999389790265
1416.153002097749 67.604500011915562
1436.7514218360407 67.721502331422272
1457.6494524886093 67.837002454305718
1478.8514519965543 67.952002395407334
1500.3618416886875 68.065999161011121
1522.1851072035295 68.180000551971560
1544.3257994247153 68.293998967274177
1566.788535430007 68.408997621620031
1589.5779994541087 68.524999997221315
1612.6989438654878 68.641499717154502
1636.156190157402 68.759000958817097
1659.9546299533442 68.878998134140147
1684.099226027109 68.999501125706530
1708.5950133376978 69.121500066280618
1733.4471000792773 69.245000502103139
1758.6606687464096 69.371498338082858
1784.2409772147755 69.499499885984804
1810.193359837619 69.631001838137479
1836.5232285581387 69.765501176458812
1863.2360740380593 69.903000383822132
1890.3374668026197 70.043497235841187
1917.833058402214 70.187500307754703
1945.7285825909298 70.334497800432558
1974.0298565222283 70.485499234474275
2002.7427819620161 70.639498830569792
2031.8733465193618 70.798001893516386
2061.4276248951132 70.959497950281190
2091.411780148677 71.124498790172481
2121.832064983222 71.293500364258080
2152.694823049581 71.466499008119030
2184.0064902691106 71.642997126740482
2215.7735961758003 71.822997711828123
2248.002765277899 72.006998659937750
2280.7007184393456 72.193498394058906
2313.874274281297 72.382501552489515
2347.530350604038 72.573001966282249
2381.6759658295764 72.764499808363041
2416.318240465218 72.956501299959911
2451.4643985884327 73.146502101481445
2487.1217693533167 73.334498783959390
2523.2977885189675 73.517998927278597
2560.0000000000887 73.696500000000412
2597.236057440151 73.867000245555204
2635.0137258074315 74.028498827833658
2673.340883014273 74.178999540627970
2712.225521559891 74.316998302051303
2751.6757501970797 74.439999221146792
2791.699795623158 74.548499445960246
2832.3060041955137 74.639000007383430
2873.502843672097 74.711499724888384
2915.2989049772345 74.764999878368315
2957.7029039931244 74.799499921888568
3000.723683377391 74.812499904323602
3044.370214407075 74.805499866848947
3088.6515988494466 74.778000249122442
3133.57707086003 74.728999888841514
3179.1559989082334 74.657500001712663
3225.3978877309914 74.562500230646506
3272.3123803148205 74.443498849395240
3319.9092599067053 74.299499103844227
3368.198452054235 74.132998283758809
3417.190026675413 73.946999894272977
3466.8942001585724 73.749999200191326
3517.3213374928373 73.548498680663641
3568.4819544295697 73.348500178145201
3620.386719675257 73.154501047741064
3673.0464571162966 72.967998498410708
3726.472148076138 72.792499549239665
3780.6749336052594 72.627500202113026
3835.6661168044484 72.473999701660958
3891.45716518188 72.331499617708843
3948.059713044477 72.200500664119801
4005.4855639240527 72.081000907447418
4063.746693038744 71.972000574291158
4122.855249790247 71.871999608459646
4182.823560297375 71.778000689223546
4243.664129966465 71.685999797868305
4305.389646099183 71.590000550407908
4368.012980538242 71.486000032320760
4431.5471923516225 71.370499629966787
4496.00553055582 71.246498989935162
4561.401436878714 71.121999226302989
4627.748548562617 71.004500799479899
4695.060701208099 70.901000459427166
4763.351931659176 70.812000089064924
4832.63648093046 70.734000584360601
4902.928797176889 70.663000204865995
4974.243538706657 70.594500443084826
5046.595577037959 70.524000412135450
5120.000000000202 70.447999999999766
5194.472114880326 70.362999854793571
5270.027451614888 70.267499366661013
5346.6817660285715 70.160000328118571
5424.451043119808 70.039499927588054
5503.351500394186 69.907000838997860
5583.399591246343 69.762998882490322
5664.612008391055 69.609499983705518
5747.005687344222 69.449500607142809
5830.597809954497 69.285500372852226
5915.405807986278 69.121000372444314
6001.447366754812 68.958999348779457
6088.740428814181 68.803999305185755
6177.303197698925 68.660499723862671
6267.154141720092 68.534999836760250
6358.3119978165005 68.430000002515058
6450.795775462017 68.350000194228613
6544.624760629676 68.298000132658956
6639.818519813445 68.277500069969406
6736.396904108505 68.290499987092545
6834.380053350861 68.337000042129418
6933.788400317181 68.415499526450304
7034.642674985712 68.524999647122925
7136.963908859177 68.661999877969407
7240.773439350552 68.830000846830245
7346.092914232631 69.032999834686905
7452.944296152315 69.232000468517626
7561.349867210557 69.403499789925007
7671.332233608935 69.526500130849314
7782.914330363799 69.588999624922593
7896.119426088994 69.559500149555006
8010.971127848146 69.421499724602356
8127.49338607753 69.170498855333591
8245.710499580537 68.820001483674417
8365.647120594791 68.398499539150919
8487.328259932974 67.933498964066530
8610.77929219841 67.441498856841122
8736.025961076528 66.951500152279110
8863.094384703289 66.541001987733438
8992.011061111683 66.241499848846786
9122.802873757471 65.918000312247372
9255.497097125279 65.567999790777790
9390.121402416245 65.277999416630053
9526.7038633184 65.080000198142926
9665.272961860968 64.979500027661103
9805.857594353829 64.975500381289891
9948.487077413367 65.067000098168364
10093.19115407597 65.250500276543121
10240.000000000457 65.514000000000976
10388.944229760706 65.832000500236731
10540.05490322983 66.160999789311262
10693.363532057198 66.444000576393307
10848.902086239672 66.612499972674556
11006.703000788428 66.562499998520124
11166.799182492743 66.261999432606842
11329.224016782166 65.756999939455554
11494.0113746885 65.162502255914802
11661.195619909053 64.613498477793385
11830.811615972614 64.197000942991608
12002.894733509682 63.927500417351744
12177.48085762842 63.773999641698552
12354.606395397908 63.699999957094434
12534.308283440243 63.680500077755603
12716.62399563306 63.700499999520943
12901.591550924093 63.752499873751418
13089.249521259411 63.840999774224699
13279.637039626952 63.979000033337542
13472.793808217073 64.141499838655989
13668.760106701786 64.262500011002004
13867.576800634426 64.282999979443446
14069.285349971487 64.185999649417994
14273.927817718419 63.981000182599573
14481.54687870117 63.688500170889498
14692.18582846533 63.330000291945836
14905.888592304698 62.935000753567536
15122.699734421185 62.546000476498698
15342.664467217943 62.219999580233470
15565.828660727671 62.019500304815281
15792.238852178061 62.000500012404999
16021.942255696367 62.187000371402917
16254.986772155136 62.525501236109221
16491.42099916115 62.903998397801075
16731.294241189662 63.041499565034741
16974.65651986603 62.400496941692055
17221.558584396902 60.948002444941949
17472.051922153143 59.032508242176078
17726.188769406665 57.025001821529095
17984.022122223458 55.097992299257193
18245.605747515034 53.302995341216608
18510.99419425065 51.648998912404721
18780.242804832582 50.141496297957502
19053.40772663689 48.885001257406650
19330.545923722028 48.190502697112464
19611.71518870775 48.097000105183099
19896.974154826825 48.255999528912099
20186.382308152035 48.256000000000000
