20 69.035499999999999
20.290906698750476 69.008508656816957
20.586044732869844 68.980996110185231
20.885475648548283 68.954962448798824
21.189261887185914 68.930981293772433
21.49746679841394 68.908969426940942
21.810154653305165 68.888489510895710
22.12739065777668 68.866970276038728
22.449240966187475 68.842478629909976
22.77577269513385 68.813520158535525
23.107053937445478 68.777493338083374
23.44315377638505 68.735979255971529
23.784142300054445 68.689980258951977
24.130090616010463 68.641987737149577
24.481070866093134 68.594490942676302
24.837156241469714 68.548980523916526
25.1984209978975 68.503944364038063
25.56494047120865 68.455507866883863
25.936791093020236 68.402030044417785
26.3140504066728 68.340991905978129
26.69679708340074 68.279532583213722
27.08511093873791 68.220986203050359
27.47907294916184 68.171992431524458
27.878765268980047 68.130524353343318
28.284271247461966 68.089468069170124
28.695675446220072 68.041038205966814
29.11306365684382 67.979989190347268
29.536522918790062 67.908081013790365
29.966141537533712 67.829974841378757
30.402009102982383 67.752498609838653
30.844216508158908 67.684978059863624
31.29285596815558 67.639514595654617
31.74802103936409 67.623000455397488
32.20980663898519 67.632995814696642
32.67830906482211 67.654010713381439
33.153626015361866 67.670487036246783
33.63585661014871 67.674998661298062
34.125101410453844 67.675501737880751
34.62146244024586 67.684019268343576
35.12504320746613 67.705002113868204
35.635948725613716 67.729997491468396
36.15428553564419 67.746501357108571
36.68016172818701 67.748997122813151
37.21368696608603 67.739505568955394
37.754972507267915 67.723000838502912
38.30413122794313 67.700493167665428
38.86127764614443 67.671484302691482
39.4265279456077 67.639526688587551
40.000000000000206 67.609999999999999
40.58181339750116 67.583008656816958
41.1720894657399 67.550993502905371
41.77095129709678 67.507503536855239
42.37852377437204 67.452043471253859
42.9949335968281 67.389506737334813
43.62030930661056 67.322465659659770
44.25478131555359 67.252024279139320
44.89848193237519 67.184959470518905
45.55154539026795 67.130038231705299
46.21410787489121 67.082491010425741
46.88630755277036 67.026467531085814
47.56828460010916 66.954468332068785
48.260181232021196 66.877481799348303
48.962141732186545 66.806986264717864
49.674312482939705 66.737970826281554
50.39684199579528 66.670514751429891
51.129880942417586 66.609509907929777
51.873582186040764 66.555030605995668
52.628100813345895 66.503493551104512
53.393594166801776 66.454525960609288
54.17022187747612 66.398981416353521
54.95814589832399 66.332987872201812
55.75753053796041 66.266539024032042
56.56854249492426 66.206533847477857
57.39135089244048 66.146470583867270
58.226127313687975 66.076488651495339
59.073045837580466 66.000995997882967
59.932283075067765 65.925973867496609
60.804018205965114 65.845498259723925
61.68843301631817 65.760961182835615
62.58571193631152 65.680525823081211
63.49604207872855 65.603496311280281
64.41961327797075 65.522533900957114
65.35661812964459 65.430537494207783
66.3072520307241 65.345981979150295
67.27171322029778 65.277020505491663
68.25020282090806 65.190978655805750
69.2429248804921 65.086507905325860
70.25008641493265 64.986992939680164
71.27189745122783 64.903508378495573
72.30857107128878 64.819034951278780
73.36032345637442 64.733974232622472
74.42737393217246 64.648967371569441
75.50994501453623 64.554504797900577
76.60826245588666 64.470477755980909
77.72255529228926 64.376037690474135
78.85305589121582 64.265494786085355
80.00000000000082 64.158499999999947
81.16362679500274 64.064030298859308
82.34417893148023 63.957983197169007
83.541902594194 63.845509147039380
84.75704754874454 63.739496317189698
85.98986719365665 63.644010286298290
87.24061861322157 63.546029876821969
88.50956263110764 63.433538773837974
89.79696386475084 63.300503734256523
91.10309078053635 63.150488592483541
92.42821574978288 62.983972890919475
93.77261510554118 62.815048362203370
95.13656920021877 62.659049270356213
96.52036246404286 62.534987866232186
97.92428346437356 62.488011040191395
99.34862496587989 62.543485393407956
100.79368399159105 62.721461073012598
102.25976188483567 63.028950054288515
103.74716437208203 63.386037689026097
105.25620162669229 63.732039706366898
106.78718833360406 64.033528923093741
108.34044375495276 64.272060115280709
109.9162917966485 64.485536406148455
111.51506107592134 64.685006213025304
113.13708498984903 64.850007022247553
114.78270178488147 64.985975360111723
116.45225462737648 65.063502780759421
118.14609167516147 65.082000319983109
119.86456615013608 65.087998485689837
121.60803641193078 65.087998548874424
123.3768660326369 65.017505339004586
125.17142387262359 64.950983357005725
126.99208415745765 64.879496013114490
128.83922655594208 64.791988938170391
130.71323625928977 64.700488509997740
132.61450406144883 64.608024118988425
134.5434264405962 64.522483330247525
136.50040564181674 64.445983557821620
138.48584976098482 64.365506089748607
140.50017282986593 64.285493024234853
142.5437949024563 64.203008278154286
144.61714214257822 64.115494392664459
146.7206469127495 64.032513928822141
148.8547478643456 63.947510042891579
151.01989002907314 63.858004546142240
153.216524911774 63.769019245722404
155.4451105845792 63.677995280224721
157.70611178243232 63.581495638828386
160.00000000000236 63.491999999999905
162.3272535900062 63.396490011067101
164.6883578629612 63.303487453886177
167.08380518838874 63.219506829789381
169.51409509748981 63.138497744037650
171.97973438731407 63.080006301030863
174.4812372264439 63.045999579385736
177.01912526221608 63.041500802651100
179.5939277295025 63.057999536907488
182.20618156107355 63.105003562707864
184.85643149956664 63.157005616394507
187.54523021108326 63.192001729958648
190.27313840043846 63.212500450001428
193.04072492808663 63.221499105618776
195.84856692874806 63.214501079593575
198.69724993176072 63.189996670459237
201.58736798318304 63.151494605088011
204.5195237696723 63.108506981897065
207.49432874416505 63.054995479495410
210.5124032533856 63.013491439755043
213.57437666720915 62.948492847323678
216.68088750990657 62.889502136117002
219.83258359329807 62.843006143055717
223.03012215184378 62.790497608926614
226.2741699796992 62.726996513634248
229.5654035697641 62.659493173146203
232.90450925475412 62.603008301528860
236.2921833503241 62.549996852583902
239.72913230027333 62.490997363100377
243.21607282386276 62.421498857624542
246.75373206527502 62.366004203046138
250.34284774524843 62.307502481722757
253.9841683149166 62.254997266135632
257.67845311188546 62.194990932926515
261.42647251858085 62.119992172319066
265.22900812289896 62.056999876830069
269.08685288119375 61.998502230806160
273.0008112836349 61.932503182238143
276.97169952197106 61.865505069762762
281.00034565973334 61.801994588497323
285.0875898049141 61.738006421840879
289.23428428515797 61.671495675243619
293.44129382550057 61.607495526198747
297.7094957286928 61.542507678059259
302.0397800581479 61.480003174680313
306.4330498235497 61.420999385170468
310.89022116916016 61.365997481156185
315.41222356486645 61.314497734139863
320.00000000000654 61.267999999999930
324.6545071800142 61.217505346382232
329.3767157259242 61.169502889698357
334.16761037677935 61.118004188185324
339.02819019498156 61.059998110007285
343.95946877463007 61.010994940269839
348.9624744528898 60.956995233038342
354.03825052443415 60.905997470432901
359.187855459007 60.854001459443033
364.4123631221491 60.822499075240707
369.71286299913527 60.809000348898635
375.0904604221685 60.826003333334981
380.54627680087896 60.865504300790533
386.08144985617537 60.951510132978314
391.6971338574982 61.078003218405975
397.3944998635236 61.214987974956607
403.1747359663683 61.386992142943832
409.0390475393468 61.560501242414865
414.9886574883323 61.715991048644653
421.0248065067734 61.864995223576749
427.1487533344206 62.001994481844484
433.3617750198154 62.071497483321615
439.6651671865984 62.167501895391460
446.06024430368984 62.240001939217017
452.54833995940066 62.291503175984076
459.13080713953053 62.352998198250212
465.8090185095106 62.407000144797649
472.58436670065066 62.460003040724047
479.45826460054917 62.517002769693164
486.432145647728 62.590001049898817
493.50746413055253 62.641003749766270
500.6856954904994 62.698997539831311
507.9683366298358 62.749501936225201
515.3569062237735 62.791999460618541
522.8529450371643 62.839499651716295
530.4580162458005 62.888500113695343
538.1737057623901 62.942497940794333
546.0016225672724 63.001497155271977
553.9433990439449 63.061503144612871
562.0006913194694 63.124997567484030
570.1751796098309 63.183501320978984
578.4685685703187 63.244496826957970
586.8825876510039 63.305497010543284
595.4189914573883 63.370499934949656
604.0795601162986 63.437496597135663
612.8660996471021 63.510000821635856
621.780442338323 63.583503766038348
630.8244471297356 63.660503557156794
640.0000000000159 63.733500000000120
649.3090143600314 63.800500091993001
658.7534314518515 63.861002453989343
668.3352207535618 63.915501090028904
678.0563803899662 63.963501639113204
687.9189375492632 64.005999730897670
697.9249489057827 64.047499788086142
708.0765010488715 64.091002334985035
718.3757109180171 64.138998652821826
728.8247262443015 64.190498650739926
739.425725998274 64.242498655967381
750.1809208443404 64.295499609925614
761.0925536017613 64.348497831826734
772.1628997123541 64.402499510791984
783.3942677149998 64.456501303921229
794.7889997270506 64.511999998670575
806.34947193274 64.570002454420433
818.0780950786972 64.631000495409637
829.9773149766683 64.693001747986159
842.0496130135506 64.759997852390285
854.2975066688449 64.831003017099420
866.7235500396347 64.904997320586858
879.3303343732008 64.983502209111450
892.1204886073838 65.068003445139524
905.0966799188055 65.159497743127886
918.2616142790653 65.259997055453553
931.6180370190256 65.369000326453659
945.1687334013056 65.488497648989451
958.9165292011028 65.618995531040440
972.8642912954606 65.745000977777849
987.0149282611097 65.792499759197412
1001.3713909810035 65.643998483425321
1015.9366732596762 65.587501267391758
1030.7138124475518 65.780997544061805
1045.7058900743334 65.970498610531365
1060.916032491606 66.072500208454997
1076.3474115247852 66.171503535391139
1092.0032451345498 66.306002091144023
1107.8867980878947 66.441498277569238
1124.0013826389438 66.569502890446486
1140.350359219667 66.693002598803886
1156.9371371406426 66.813000965721784
1173.765175302013 66.931501211599453
1190.837982914782 67.049499881915551
1208.1591202326028 67.168500821027266
1225.73219929421 67.288501352549190
1243.5608846766518 67.409499217335508
1261.648894259477 67.531499286800980
1280.0000000000375 67.654500000000240
1298.6180287200684 67.777500188537687
1317.5068629037087 67.901499100008465
1336.6704415071292 68.023002724932127
1356.112760779938 68.142998523560806
1375.8378750985323 68.260499255973514
1395.8498978115715 68.375499412768875
1416.153002097749 68.488000011253575
1436.7514218360407 68.598502220402167
1457.6494524886093 68.708502347596792
1478.8514519965543 68.818502311357946
1500.3618416886875 68.928499190449344
1522.1851072035295 69.040000547129708
1544.3257994247153 69.152998976333180
1566.788535430007 69.266497652642371
1589.5779994541087 69.380999997257248
1612.6989438654878 69.496999718368443
1636.156190157402 69.614000942836810
1659.9546299533442 69.731998165237798
1684.099226027109 69.851501116479440
1708.5950133376978 69.972500065207242
1733.4471000792773 70.094000490195555
1758.6606687464096 70.217498377495900
1784.2409772147755 70.341999889102397
1810.193359837619 70.467501721972653
1836.5232285581387 70.593501095176194
1863.2360740380593 70.721500356503839
1890.3374668026197 70.851997432578486
1917.833058402214 70.984500285772228
1945.7285825909298 71.120997957544517
1974.0298565222283 71.260999290241045
2002.7427819620161 71.404498910303673
2031.8733465193618 71.553501782133068
2061.4276248951132 71.705498070852897
2091.411780148677 71.861498856163081
2121.832064983222 72.019500332675022
2152.694823049581 72.177499094120265
2184.0064902691106 72.333997452322293
2215.7735961758003 72.487998042341843
2248.002765277899 72.637998907557943
2280.7007184393456 72.784498738496666
2313.874274281297 72.926501128712843
2347.530350604038 73.065001381018078
2381.6759658295764 73.199499865403794
2416.318240465218 73.330000868920578
2451.4643985884327 73.457001380494461
2487.1217693533167 73.580499201164798
2523.2977885189675 73.702499286801029
2560.0000000000887 73.825500000000304
2597.236057440151 73.952500197660527
2635.0137258074315 74.082499056460534
2673.340883014273 74.211499606252545
2712.225521559891 74.332498511218901
2751.6757501970797 74.440999312962816
2791.699795623158 74.534999520002415
2832.3060041955137 74.615000006874226
2873.502843672097 74.682499743861598
2915.2989049772345 74.737999873821337
2957.7029039931244 74.781499901511665
3000.723683377391 74.812999768168737
3044.370214407075 74.830500014525569
3088.6515988494466 74.833499972823006
3133.57707086003 74.821499961910732
3179.1559989082334 74.797000000586849
3225.3978877309914 74.771500061910388
3272.3123803148205 74.753999876150175
3319.9092599067053 74.738499876206703
3368.198452054235 74.715499713959801
3417.190026675413 74.684499980410976
3466.8942001585724 74.647999839244406
3517.3213374928373 74.607499719641027
3568.4819544295697 74.565000037855853
3620.386719675257 74.521000237631995
3673.0464571162966 74.476499602143008
3726.472148076138 74.429999875699423
3780.6749336052594 74.384500055734208
3835.6661168044484 74.339999911021692
3891.45716518188 74.297499886188120
3948.059713044477 74.258500197715051
4005.4855639240527 74.217000315138648
4063.746693038744 74.152000342467204
4122.855249790247 74.034000318647202
4182.823560297375 74.110499439089352
4243.664129966465 74.177500015791537
4305.389646099183 74.184999956999377
4368.012980538242 74.192999997513795
4431.5471923516225 74.208000055206568
4496.00553055582 74.226500154146436
4561.401436878714 74.245500154739403
4627.748548562617 74.268999840104016
4695.060701208099 74.295999880149424
4763.351931659176 74.325999969978113
4832.63648093046 74.361999730295111
4902.928797176889 74.397999896124276
4974.243538706657 74.433999767137891
5046.595577037959 74.464999818777329
5120.000000000202 74.487000000000052
5194.472114880326 74.504500014444616
5270.027451614888 74.513999988216952
5346.6817660285715 74.512000006104529
5424.451043119808 74.494999982511828
5503.351500394186 74.463000202625892
5583.399591246343 74.426499745193226
5664.612008391055 74.391499996690186
5747.005687344222 74.359000123325885
5830.597809954497 74.328000070478168
5915.405807986278 74.296000072451179
6001.447366754812 74.262499873957310
6088.740428814181 74.232499934634205
6177.303197698925 74.218999997799699
6267.154141720092 74.217999982898689
6358.3119978165005 74.207000000263491
6450.795775462017 74.181500061910356
6544.624760629676 74.142000100769764
6639.818519813445 74.090999671682042
6736.396904108505 74.030000060565754
6834.380053350861 73.953499947405319
6933.788400317181 73.855500591183059
7034.642674985712 73.734000391548534
7136.963908859177 73.585500132274035
7240.773439350552 73.406999123968717
7346.092914232631 73.197000171013556
7452.944296152315 72.954499258294248
7561.349867210557 72.683000332567701
7671.332233608935 72.383499311209235
7782.914330363799 72.054501974407486
7896.119426088994 71.690001847891537
8010.971127848146 71.274999453593509
8127.49338607753 70.776997942539680
8245.710499580537 70.147002666804212
8365.647120594791 69.357499088708096
8487.328259932974 68.437997943924728
8610.77929219841 67.461497776672616
8736.025961076528 66.508500296167327
8863.094384703289 65.632004244210364
8992.011061111683 64.855499683909926
9122.802873757471 64.179000652968611
9255.497097125279 63.592499632057489
9390.121402416245 63.082498693310256
9526.7038633184 62.639000443820166
9665.272961860968 62.258500104726892
9805.857594353829 61.938998926971109
9948.487077413367 61.681499895946899
10093.19115407597 61.486999865664060
10240.000000000457 61.358999999999824
10388.944229760706 61.303000037251678
10540.05490322983 61.327499984310414
10693.363532057198 61.451500836368915
10848.902086239672 61.696000222975684
11006.703000788428 62.104000003218303
11166.799182492743 62.757501153324917
11329.224016782166 63.784000155562040
11494.0113746885 65.311494203684020
11661.195619909053 67.349508345639421
11830.811615972614 69.632994829960808
12002.894733509682 71.646496881863669
12177.48085762842 72.876000813441124
12354.606395397908 73.043998346485438
12534.308283440243 72.292502996581348
12716.62399563306 70.969000031701427
12901.591550924093 69.457503669706298
13089.249521259411 68.029503643018472
13279.637039626952 66.796499792999498
13472.793808217073 65.787501001822193
13668.760106701786 64.995999686576880
13867.576800634426 64.412000585611366
14069.285349971487 64.020499618635171
14273.927817718419 63.797500198632704
14481.54687870117 63.711000050536555
14692.18582846533 63.710999999999999
14905.888592304698 63.727499968521862
15122.699734421185 63.674500064921418
15342.664467217943 63.457499071488996
15565.828660727671 63.014000674242276
15792.238852178061 62.374000417852749
16021.942255696367 61.619999171612406
16254.986772155136 60.864998478132378
16491.42099916115 60.399001972588373
16731.294241189662 60.130500849368524
16974.65651986603 59.972499649426318
17221.558584396902 59.806000280263575
17472.051922153143 59.460501486646741
17726.188769406665 58.886500520825756
17984.022122223458 58.167496836045785
18245.605747515034 57.429998149443350
18510.99419425065 56.772999586605579
18780.242804832582 56.199998073111189
19053.40772663689 55.546000654471904
19330.545923722028 53.907506363165979
19611.71518870775 49.764495687492762
19896.974154826825 43.245519314603939
20186.382308152035 43.245500000000000
