20 103.275000000000006
20.290906698750476 103.268212154403003
20.586044732869844 103.261802363113276
20.885475648548283 103.255790487029032
21.189261887185914 103.250678984616954
21.49746679841394 103.243075988737559
21.810154653305165 103.233593775898925
22.12739065777668 103.219311990466736
22.449240966187475 103.202127619880329
22.77577269513385 103.183206256296614
23.107053937445478 103.165504132932980
23.44315377638505 103.151251009029181
23.784142300054445 103.139055019498088
24.130090616010463 103.126513176430194
24.481070866093134 103.109814758458469
24.837156241469714 103.087670508263031
25.1984209978975 103.059382241426079
25.56494047120865 103.028892377106231
25.936791093020236 102.999240644320253
26.3140504066728 102.971896680877421
26.69679708340074 102.946462193224704
27.08511093873791 102.920042277480746
27.47907294916184 102.890720710678181
27.878765268980047 102.858153408722927
28.284271247461966 102.824121215213196
28.695675446220072 102.790345964302389
29.11306365684382 102.756841843795655
29.536522918790062 102.722359028984044
29.966141537533712 102.685411827772100
30.402009102982383 102.644799090371464
30.844216508158908 102.600578413130137
31.29285596815558 102.555473333224242
31.74802103936409 102.510193938142322
32.20980663898519 102.464729142740467
32.67830906482211 102.417277548193681
33.153626015361866 102.365833008233380
33.63585661014871 102.310240633222747
34.125101410453844 102.255114554723264
34.62146244024586 102.205811305258365
35.12504320746613 102.161621240950439
35.635948725613716 102.116220819792318
36.15428553564419 102.066262875364288
36.68016172818701 102.013524312365860
37.21368696608603 101.965405042713115
37.754972507267915 101.925562564784968
38.30413122794313 101.888502623588096
38.86127764614443 101.845485083703352
39.4265279456077 101.794612493160926
40.000000000000206 101.741499999999988
40.58181339750116 101.693015388592869
41.1720894657399 101.640965506532112
41.77095129709678 101.577122638470883
42.37852377437204 101.505816820424968
42.9949335968281 101.441594029299921
43.62030930661056 101.391109665944867
44.25478131555359 101.348146788828529
44.89848193237519 101.303606288421364
45.55154539026795 101.254355009752459
46.21410787489121 101.207818165440813
46.88630755277036 101.176664151603035
47.56828460010916 101.153183324161375
48.260181232021196 101.119190087238835
48.962141732186545 101.086948546156350
49.674312482939705 101.069842514702515
50.39684199579528 101.041937477046503
51.129880942417586 100.978885482705522
51.873582186040764 100.894172862278594
52.628100813345895 100.826927599300234
53.393594166801776 100.779082277075005
54.17022187747612 100.740546660709470
54.95814589832399 100.698493025178365
55.75753053796041 100.644427514368488
56.56854249492426 100.585496397870529
57.39135089244048 100.519756796911466
58.226127313687975 100.447279178336515
59.073045837580466 100.374524122511076
59.932283075067765 100.292466966331034
60.804018205965114 100.194149755409114
61.68843301631817 100.119636733604111
62.58571193631152 100.039571743970413
63.49604207872855 99.937203181985581
64.41961327797075 99.856211463072626
65.35661812964459 99.805812475388123
66.3072520307241 99.745654569265554
67.27171322029778 99.655062542038280
68.25020282090806 99.561361918051432
69.2429248804921 99.504619091623027
70.25008641493265 99.463244728689105
71.27189745122783 99.396427947529844
72.30857107128878 99.317474311795920
73.36032345637442 99.241417034597418
74.42737393217246 99.164801702951422
75.50994501453623 99.085391461156604
76.60826245588666 99.005607434412411
77.72255529228926 98.928547527335269
78.85305589121582 98.857662080582884
80.00000000000082 98.785499999999956
81.16362679500274 98.707924686394875
82.34417893148023 98.628487932332064
83.541902594194 98.544666255871135
84.75704754874454 98.456715327192370
85.98986719365665 98.355685969582169
87.24061861322157 98.240742127513215
88.50956263110764 98.119553299520334
89.79696386475084 97.992100577389664
91.10309078053635 97.867206113864341
92.42821574978288 97.738957534349808
93.77261510554118 97.603270384469369
95.13656920021877 97.480383228109332
96.52036246404286 97.389728198166665
97.92428346437356 97.330729752297245
99.34862496587989 97.311928895858983
100.79368399159105 97.358858935545925
102.25976188483567 97.468670871136169
103.74716437208203 97.630561192901268
105.25620162669229 97.831403223007641
106.78718833360406 98.051716685039793
108.34044375495276 98.274722421530015
109.9162917966485 98.469437589799128
111.51506107592134 98.635045330221828
113.13708498984903 98.774730073237635
114.78270178488147 98.878863438633772
116.45225462737648 98.929276940072597
118.14609167516147 98.956662865105670
119.86456615013608 98.952697151728273
121.60803641193078 98.933719366196385
123.3768660326369 98.891594839727276
125.17142387262359 98.838471621222425
126.99208415745765 98.758739679917170
128.83922655594208 98.680264639717848
130.71323625928977 98.620564044882627
132.61450406144883 98.562372130187256
134.5434264405962 98.496230670512276
136.50040564181674 98.398350560080544
138.48584976098482 98.282371425108053
140.50017282986593 98.179241963411243
142.5437949024563 98.084213537035779
144.61714214257822 97.989015746977060
146.7206469127495 97.894070888926279
148.8547478643456 97.797223497385843
151.01989002907314 97.698289036668456
153.216524911774 97.597396549076052
155.4451105845792 97.494881001577028
157.70611178243232 97.392931081572982
160.00000000000236 97.291999999999902
162.3272535900062 97.192393546347731
164.6883578629612 97.093964312900823
167.08380518838874 96.996397509351425
169.51409509748981 96.898936196100408
171.97973438731407 96.803082252649673
174.4812372264439 96.707316737949839
177.01912526221608 96.609561764878450
179.5939277295025 96.514362245100216
182.20618156107355 96.423166117986852
184.85643149956664 96.336651619414042
187.54523021108326 96.251615955540842
190.27313840043846 96.168251220306757
193.04072492808663 96.085643412042344
195.84856692874806 96.007428119695305
198.69724993176072 95.932132051787875
201.58736798318304 95.858844923081477
204.5195237696723 95.789050953297533
207.49432874416505 95.718139890977255
210.5124032533856 95.643441985874261
213.57437666720915 95.567534177486579
216.68088750990657 95.490983145068554
219.83258359329807 95.415434285557495
223.03012215184378 95.341428425238618
226.2741699796992 95.267831175456763
229.5654035697641 95.195061121465187
232.90450925475412 95.120632626643825
236.2921833503241 95.044133691267390
239.72913230027333 94.963365390943579
243.21607282386276 94.881111352360108
246.75373206527502 94.801071812023153
250.34284774524843 94.720443077986658
253.9841683149166 94.634872044599462
257.67845311188546 94.547136738592712
261.42647251858085 94.461547750202300
265.22900812289896 94.377019073326949
269.08685288119375 94.293147138534536
273.0008112836349 94.209857861633196
276.97169952197106 94.126094310038610
281.00034565973334 94.042092948541438
285.0875898049141 93.958721926960237
289.23428428515797 93.874544029011275
293.44129382550057 93.791206511637625
297.7094957286928 93.707122934144763
302.0397800581479 93.622479261373385
306.4330498235497 93.541516119783950
310.89022116916016 93.463907407185843
315.41222356486645 93.384909754684287
320.00000000000654 93.305999999999884
324.6545071800142 93.225942476503747
329.3767157259242 93.144282817941502
334.16761037677935 93.065151189820824
339.02819019498156 92.987048956880301
343.95946877463007 92.911316074625631
348.9624744528898 92.836062883206651
354.03825052443415 92.761137717290822
359.187855459007 92.687113666936199
364.4123631221491 92.612403207353267
369.71286299913527 92.543204067311152
375.0904604221685 92.483685856200481
380.54627680087896 92.434583508792088
386.08144985617537 92.388848401150597
391.6971338574982 92.352730055122819
397.3944998635236 92.322922000545901
403.1747359663683 92.307473334719916
409.0390475393468 92.305532539616109
414.9886574883323 92.313977314976668
421.0248065067734 92.331883168419466
427.1487533344206 92.360392520006528
433.3617750198154 92.401410127233589
439.6651671865984 92.452986504679387
446.06024430368984 92.513632565188743
452.54833995940066 92.583286573549344
459.13080713953053 92.656528993840482
465.8090185095106 92.732938549277634
472.58436670065066 92.814822219465128
479.45826460054917 92.902775887278608
486.432145647728 92.997606824503407
493.50746413055253 93.104041599691215
500.6856954904994 93.220428271879840
507.9683366298358 93.336495365038004
515.3569062237735 93.446981059865095
522.8529450371643 93.562273957140860
530.4580162458005 93.679969479471936
538.1737057623901 93.788497616267477
546.0016225672724 93.876586958858184
553.9433990439449 93.950275966993047
562.0006913194694 94.013604355312651
570.1751796098309 94.064814585185715
578.4685685703187 94.103378843851971
586.8825876510039 94.132868409865765
595.4189914573883 94.155734629924865
604.0795601162986 94.174659120232604
612.8660996471021 94.191884620747970
621.780442338323 94.207139298127245
630.8244471297356 94.222525227190005
640.0000000000159 94.239500000000035
649.3090143600314 94.257187127284055
658.7534314518515 94.277757549194064
668.3352207535618 94.300921290846219
678.0563803899662 94.327557865091904
687.9189375492632 94.357548706402710
697.9249489057827 94.390944826279664
708.0765010488715 94.426267753671056
718.3757109180171 94.463990130396667
728.8247262443015 94.502651487103918
739.425725998274 94.540932613593782
750.1809208443404 94.580670914797764
761.0925536017613 94.621134886273182
772.1628997123541 94.663197195058572
783.3942677149998 94.706931357958837
794.7889997270506 94.752721748885449
806.34947193274 94.800985255714153
818.0780950786972 94.852351427854131
829.9773149766683 94.907429398926297
842.0496130135506 94.966416798943328
854.2975066688449 95.028345658899966
866.7235500396347 95.093297850216459
879.3303343732008 95.163399422645909
892.1204886073838 95.237061484302586
905.0966799188055 95.313080079512829
918.2616142790653 95.393033010948102
931.6180370190256 95.476244541196934
945.1687334013056 95.562499372658380
958.9165292011028 95.651828961857206
972.8642912954606 95.745125037565600
987.0149282611097 95.841293934700630
1001.3713909810035 95.939599736867024
1015.9366732596762 96.041619157701717
1030.7138124475518 96.146124153641352
1045.7058900743334 96.253814393974096
1060.916032491606 96.363687037188726
1076.3474115247852 96.476381017848439
1092.0032451345498 96.591148730046399
1107.8867980878947 96.707314057429230
1124.0013826389438 96.824565426061355
1140.350359219667 96.941050446171829
1156.9371371406426 97.057559959984502
1173.765175302013 97.175135580201342
1190.837982914782 97.291781652919866
1208.1591202326028 97.409496950133189
1225.73219929421 97.526941700090248
1243.5608846766518 97.644788021769159
1261.648894259477 97.762329516211281
1280.0000000000375 97.878500000000230
1298.6180287200684 97.994197749903293
1317.5068629037087 98.111041177422251
1336.6704415071292 98.226439410080445
1356.112760779938 98.341968107621142
1375.8378750985323 98.457651569326416
1395.8498978115715 98.574721902197695
1416.153002097749 98.692418195465308
1436.7514218360407 98.811320675557226
1457.6494524886093 98.931101879185078
1478.8514519965543 99.051876247340431
1500.3618416886875 99.174026313456636
1522.1851072035295 99.296236600339768
1544.3257994247153 99.419064928812929
1566.788535430007 99.543172715573633
1589.5779994541087 99.668678996997599
1612.6989438654878 99.795082254628255
1636.156190157402 99.922243426849974
1659.9546299533442 100.050954094347134
1684.099226027109 100.181089866984763
1708.5950133376978 100.311897371223296
1733.4471000792773 100.444776456424933
1758.6606687464096 100.579921184480753
1784.2409772147755 100.717216457415489
1810.193359837619 100.857044143123147
1836.5232285581387 100.998994969642780
1863.2360740380593 101.142974799805515
1890.3374668026197 101.289322320734158
1917.833058402214 101.437798515371952
1945.7285825909298 101.588434345991018
1974.0298565222283 101.741261225220029
2002.7427819620161 101.895765309562194
2031.8733465193618 102.052522403878584
2061.4276248951132 102.210637793188852
2091.411780148677 102.371029494126276
2121.832064983222 102.533255746035664
2152.694823049581 102.697282562162769
2184.0064902691106 102.863034073912829
2215.7735961758003 103.029614209970759
2248.002765277899 103.197981000023773
2280.7007184393456 103.366752009347977
2313.874274281297 103.535796323025238
2347.530350604038 103.705151753020189
2381.6759658295764 103.873983182137792
2416.318240465218 104.043687407605148
2451.4643985884327 104.212455893295044
2487.1217693533167 104.377547962089920
2523.2977885189675 104.502772364348516
2560.0000000000887 104.481499999999699
2597.236057440151 104.294363907970961
2635.0137258074315 104.108472090858214
2673.340883014273 104.096089184336051
2712.225521559891 104.135670625871867
2751.6757501970797 104.175487909564680
2791.699795623158 104.221143507302486
2832.3060041955137 104.292381407971476
2873.502843672097 104.375826028584839
2915.2989049772345 104.473307043438524
2957.7029039931244 104.594499367255452
3000.723683377391 104.748385687467334
3044.370214407075 104.922408020721520
3088.6515988494466 105.094443495685425
3133.57707086003 105.253188473995351
3179.1559989082334 105.385554957095906
3225.3978877309914 105.486462219038458
3272.3123803148205 105.552589256511681
3319.9092599067053 105.586769148368290
3368.198452054235 105.593542294109696
3417.190026675413 105.576670283194488
3466.8942001585724 105.539781567847768
3517.3213374928373 105.486348328133957
3568.4819544295697 105.418701166077128
3620.386719675257 105.341196717306602
3673.0464571162966 105.260660778896721
3726.472148076138 105.177879841597417
3780.6749336052594 105.082155839487228
3835.6661168044484 104.975727799382838
3891.45716518188 104.857660129317480
3948.059713044477 104.732780758095629
4005.4855639240527 104.600063211745777
4063.746693038744 104.462445491823033
4122.855249790247 104.319433256769145
4182.823560297375 104.170779752953862
4243.664129966465 104.015201724800050
4305.389646099183 103.853602178989647
4368.012980538242 103.685831835555717
4431.5471923516225 103.512564089440559
4496.00553055582 103.335484790971492
4561.401436878714 103.154238854409300
4627.748548562617 102.969239492786642
4695.060701208099 102.780330036617329
4763.351931659176 102.589305333235160
4832.63648093046 102.396749677441250
4902.928797176889 102.203681013457668
4974.243538706657 102.009542445492031
5046.595577037959 101.815648053779938
5120.000000000202 101.622785714285186
5194.472114880326 101.433819712799192
5270.027451614888 101.251497473987229
5346.6817660285715 101.077508353699471
5424.451043119808 100.913192869055251
5503.351500394186 100.760775395688057
5583.399591246343 100.622116942326500
5664.612008391055 100.499989527791016
5747.005687344222 100.393268317370541
5830.597809954497 100.304073927240040
5915.405807986278 100.233910573288085
6001.447366754812 100.183529605804679
6088.740428814181 100.157313252021737
6177.303197698925 100.156010411132712
6267.154141720092 100.179772229916537
6358.3119978165005 100.232152158515220
6450.795775462017 100.311041796584703
6544.624760629676 100.418681560228023
6639.818519813445 100.554214168706181
6736.396904108505 100.714514427395315
6834.380053350861 100.895697303500668
6933.788400317181 101.089901032628021
7034.642674985712 101.285781802223283
7136.963908859177 101.466587795541798
7240.773439350552 101.611146916088856
7346.092914232631 101.695128559406555
7452.944296152315 101.693675066731458
7561.349867210557 101.579963950290733
7671.332233608935 101.352508105920421
7782.914330363799 101.013919170304277
7896.119426088994 100.568544668686172
8010.971127848146 100.028587274287730
8127.49338607753 99.421959300867684
8245.710499580537 98.774493263835836
8365.647120594791 98.111827260404937
8487.328259932974 97.453374597444991
8610.77929219841 96.816794547098993
8736.025961076528 96.215699162707807
8863.094384703289 95.657277180422000
8992.011061111683 95.148056308608844
9122.802873757471 94.695199181564419
9255.497097125279 94.305137825449322
9390.121402416245 93.982889782818518
9526.7038633184 93.730278003313884
9665.272961860968 93.545008150704319
9805.857594353829 93.427278323105384
9948.487077413367 93.379936655081224
10093.19115407597 93.415072196252666
10240.000000000457 93.533100000000474
10388.944229760706 93.744481584849183
10540.05490322983 94.070131767751604
10693.363532057198 94.514319361450660
10848.902086239672 95.098701817374661
11006.703000788428 95.846683941491420
11166.799182492743 96.772933546678615
11329.224016782166 97.933616679790191
11494.0113746885 99.277646590063171
11661.195619909053 100.776696103410188
11830.811615972614 102.125935506998530
12002.894733509682 103.005214051798504
12177.48085762842 103.188330206693720
12354.606395397908 102.023780784520710
12534.308283440243 100.484379021248145
12716.62399563306 99.758798402110699
12901.591550924093 99.442025850699423
13089.249521259411 98.931328088572599
13279.637039626952 98.258073805011975
13472.793808217073 97.590488033567766
13668.760106701786 97.076119476726518
13867.576800634426 96.698783263035665
14069.285349971487 96.414357580034221
14273.927817718419 96.168786618737897
14481.54687870117 95.909204800033280
14692.18582846533 95.593493169075771
14905.888592304698 95.223965202297705
15122.699734421185 94.823079099819324
15342.664467217943 94.428750339746031
15565.828660727671 94.085820691233693
15792.238852178061 93.833537879858127
16021.942255696367 93.691743202394903
16254.986772155136 93.647260634936544
16491.42099916115 93.635911792040261
16731.294241189662 93.392641046750853
16974.65651986603 92.711611205514401
17221.558584396902 91.527434609340318
17472.051922153143 89.860391502496526
17726.188769406665 87.806966427783152
17984.022122223458 85.530075289189014
18245.605747515034 83.219301249442253
18510.99419425065 81.044439334113150
18780.242804832582 79.043175204473073
19053.40772663689 77.027017980656950
19330.545923722028 74.603858527475410
19611.71518870775 71.907576630504053
19896.974154826825 69.929292033068094
20186.382308152035 69.394999999999996
