20 65.550000000000011
20.290906698750476 65.584424074099061
20.586044732869844 65.616964925732589
20.885475648548283 65.644192808369340
21.189261887185914 65.663819858455582
21.49746679841394 65.676033180275454
21.810154653305165 65.687507780126367
22.12739065777668 65.706554299333249
22.449240966187475 65.731513740188063
22.77577269513385 65.760814328975584
23.107053937445478 65.784317443243197
23.44315377638505 65.793000000000006
23.784142300054445 65.788166264623584
24.130090616010463 65.784017728912559
24.481070866093134 65.805691466980292
24.837156241469714 65.856702546899982
25.1984209978975 65.931660514547957
25.56494047120865 65.992318792773887
25.936791093020236 66.005201740968289
26.3140504066728 65.956078466049021
26.69679708340074 65.862816743732807
27.08511093873791 65.783233451744479
27.47907294916184 65.779255950725059
27.878765268980047 65.849464468451629
28.284271247461966 65.949704896855337
28.695675446220072 66.026219974530420
29.11306365684382 66.057625663206281
29.536522918790062 66.047929514492026
29.966141537533712 66.029455913886039
30.402009102982383 66.022479909037145
30.844216508158908 66.014993254103175
31.29285596815558 65.994223292109695
31.74802103936409 65.961650401008342
32.20980663898519 65.936205800830450
32.67830906482211 65.932314344750196
33.153626015361866 65.949142178814185
33.63585661014871 65.973885260676994
34.125101410453844 65.994252636671803
34.62146244024586 66.004121462440253
35.12504320746613 66.002124179058143
35.635948725613716 65.992281025487728
36.15428553564419 65.984691428928713
36.68016172818701 65.985621455553684
37.21368696608603 65.988072626067833
37.754972507267915 65.980761450505852
38.30413122794313 65.964938921110218
38.86127764614443 65.942141743821836
39.4265279456077 65.916352166671857
40.000000000000206 65.888000000000005
40.58181339750116 65.870545539893428
41.1720894657399 65.858081487389654
41.77095129709678 65.828476596486240
42.37852377437204 65.797660571213186
42.9949335968281 65.805110719281828
43.62030930661056 65.831413891728019
44.25478131555359 65.800128144267859
44.89848193237519 65.743644248571854
45.55154539026795 65.744813627497763
46.21410787489121 65.785394957783382
46.88630755277036 65.724396024842292
47.56828460010916 65.616122056395668
48.260181232021196 65.614800366218390
48.962141732186545 65.671053508942506
49.674312482939705 65.649768410815952
50.39684199579528 65.546269015402416
51.129880942417586 65.427454594236920
51.873582186040764 65.326338642091628
52.628100813345895 65.292978315331325
53.393594166801776 65.309037823072586
54.17022187747612 65.306897772452402
54.95814589832399 65.262893312548272
55.75753053796041 65.224698790605075
56.56854249492426 65.195953826420038
57.39135089244048 65.156844893776253
58.226127313687975 65.105497679462943
59.073045837580466 65.063629650152905
59.932283075067765 65.094562190702447
60.804018205965114 65.138316265132644
61.68843301631817 65.082407527331412
62.58571193631152 64.976259231426127
63.49604207872855 64.913154358929589
64.41961327797075 64.868952623238698
65.35661812964459 64.819308802295637
66.3072520307241 64.779170796817112
67.27171322029778 64.731985651867518
68.25020282090806 64.660111309588700
69.2429248804921 64.589580159799652
70.25008641493265 64.507743173220319
71.27189745122783 64.434497281261770
72.30857107128878 64.377251451437516
73.36032345637442 64.307777358053784
74.42737393217246 64.239067059798344
75.50994501453623 64.177890565979965
76.60826245588666 64.117301650248237
77.72255529228926 64.060385849015773
78.85305589121582 64.007010511605685
80.00000000000082 63.963999999999956
81.16362679500274 63.900970057695829
82.34417893148023 63.833429725242723
83.541902594194 63.772004259667320
84.75704754874454 63.707957496460693
85.98986719365665 63.640144722546665
87.24061861322157 63.567263561767589
88.50956263110764 63.493063306512752
89.79696386475084 63.434271983509710
91.10309078053635 63.385472481545321
92.42821574978288 63.342319178116604
93.77261510554118 63.304758432250175
95.13656920021877 63.277301241580517
96.52036246404286 63.238519406652344
97.92428346437356 63.196577010012227
99.34862496587989 63.148311949815280
100.79368399159105 63.082490536386814
102.25976188483567 63.021888810261082
103.74716437208203 62.961678183400423
105.25620162669229 62.890457527870637
106.78718833360406 62.809417453318176
108.34044375495276 62.718793226784513
109.9162917966485 62.620299983402184
111.51506107592134 62.517020985035131
113.13708498984903 62.417906727147766
114.78270178488147 62.318309548949884
116.45225462737648 62.222155361695613
118.14609167516147 62.127897774986181
119.86456615013608 62.050235888011841
121.60803641193078 61.979198613554573
123.3768660326369 61.915326166287883
125.17142387262359 61.855485838020911
126.99208415745765 61.809510120483445
128.83922655594208 61.772493369532995
130.71323625928977 61.740099773232274
132.61450406144883 61.694218504171900
134.5434264405962 61.640501191866292
136.50040564181674 61.600744929477294
138.48584976098482 61.572404467220551
140.50017282986593 61.534663958998763
142.5437949024563 61.502647213194848
144.61714214257822 61.497925713213867
146.7206469127495 61.527750997516740
148.8547478643456 61.583810032513327
151.01989002907314 61.660591623157110
153.216524911774 61.746871251629770
155.4451105845792 61.832537357032422
157.70611178243232 61.920796357098098
160.00000000000236 62.002000000000066
162.3272535900062 62.064835846930166
164.6883578629612 62.105826740525160
167.08380518838874 62.128503963582460
169.51409509748981 62.138847923331468
171.97973438731407 62.121494549881788
174.4812372264439 62.088366431384500
177.01912526221608 62.047482520647215
179.5939277295025 61.993433589950939
182.20618156107355 61.930669169909805
184.85643149956664 61.859876349511694
187.54523021108326 61.788833060554055
190.27313840043846 61.718780795349218
193.04072492808663 61.650698166769061
195.84856692874806 61.580776686624048
198.69724993176072 61.510963251569500
201.58736798318304 61.445019659047851
204.5195237696723 61.381596508760111
207.49432874416505 61.320615315535314
210.5124032533856 61.257483330052210
213.57437666720915 61.191257307488200
216.68088750990657 61.129052471679344
219.83258359329807 61.065890182235712
223.03012215184378 61.008715331804780
226.2741699796992 60.953218138675069
229.5654035697641 60.904229215500052
232.90450925475412 60.852496021675520
236.2921833503241 60.812541643577966
239.72913230027333 60.777742535459730
243.21607282386276 60.747933472027000
246.75373206527502 60.722285442526754
250.34284774524843 60.700742905305603
253.9841683149166 60.682081137386049
257.67845311188546 60.670964640664337
261.42647251858085 60.660577200573904
265.22900812289896 60.649312975631304
269.08685288119375 60.637696014915825
273.0008112836349 60.622996349223641
276.97169952197106 60.603791265308416
281.00034565973334 60.579797856909650
285.0875898049141 60.554421907287562
289.23428428515797 60.527053723717955
293.44129382550057 60.496190296308740
297.7094957286928 60.463907832461935
302.0397800581479 60.431201649563889
306.4330498235497 60.397035601411602
310.89022116916016 60.361864508292868
315.41222356486645 60.324413654985662
320.00000000000654 60.284499999999944
324.6545071800142 60.244005787533879
329.3767157259242 60.201171886894087
334.16761037677935 60.158408267646664
339.02819019498156 60.119982935498641
343.95946877463007 60.076864781028334
348.9624744528898 60.029063997806972
354.03825052443415 59.988713121066738
359.187855459007 59.943390515323031
364.4123631221491 59.901583567647236
369.71286299913527 59.865423817905793
375.0904604221685 59.838202772898583
380.54627680087896 59.820276519082825
386.08144985617537 59.811418550143827
391.6971338574982 59.813142137794841
397.3944998635236 59.816915599890820
403.1747359663683 59.835402802492908
409.0390475393468 59.875072142199613
414.9886574883323 59.931379013208876
421.0248065067734 59.996772871574507
427.1487533344206 60.067717542235989
433.3617750198154 60.149368035692433
439.6651671865984 60.237693078781888
446.06024430368984 60.324753053796123
452.54833995940066 60.403305909533103
459.13080713953053 60.480774628021543
465.8090185095106 60.560073385695880
472.58436670065066 60.642649674229467
479.45826460054917 60.723133147963381
486.432145647728 60.794548598218192
493.50746413055253 60.863215365839650
500.6856954904994 60.936671218299963
507.9683366298358 61.018145766046288
515.3569062237735 61.110088794305661
522.8529450371643 61.207547848649952
530.4580162458005 61.314769097364390
538.1737057623901 61.420295397574435
546.0016225672724 61.523234915498179
553.9433990439449 61.624399800250544
562.0006913194694 61.729109367378811
570.1751796098309 61.839908719635176
578.4685685703187 61.953942817841877
586.8825876510039 62.067226674523454
595.4189914573883 62.178363090654571
604.0795601162986 62.289779309004615
612.8660996471021 62.399588352857670
621.780442338323 62.501537817651190
630.8244471297356 62.595579581871405
640.0000000000159 62.685500000000133
649.3090143600314 62.763695720624263
658.7534314518515 62.837776765324442
668.3352207535618 62.909180633576355
678.0563803899662 62.972658015476284
687.9189375492632 63.031325784663188
697.9249489057827 63.085898476645937
708.0765010488715 63.136574855139472
718.3757109180171 63.187459769044182
728.8247262443015 63.237417449660427
739.425725998274 63.291071202591198
750.1809208443404 63.348010141380897
761.0925536017613 63.408933424276498
772.1628997123541 63.475759159790456
783.3942677149998 63.547562740147498
794.7889997270506 63.623608623146225
806.34947193274 63.703181742198652
818.0780950786972 63.785981757101453
829.9773149766683 63.871489815985143
842.0496130135506 63.958859694348241
854.2975066688449 64.048194111682733
866.7235500396347 64.139336575288127
879.3303343732008 64.231111440924366
892.1204886073838 64.324954266074400
905.0966799188055 64.420800376064477
918.2616142790653 64.518480444456145
931.6180370190256 64.617626197871999
945.1687334013056 64.718466803284741
958.9165292011028 64.821002446958232
972.8642912954606 64.925064327358442
987.0149282611097 65.029725624082033
1001.3713909810035 65.135102580226715
1015.9366732596762 65.242368937237629
1030.7138124475518 65.350726126848144
1045.7058900743334 65.460421012103751
1060.916032491606 65.571187037188736
1076.3474115247852 65.683836104130933
1092.0032451345498 65.798211331456855
1107.8867980878947 65.914679286137243
1124.0013826389438 66.031732323167830
1140.350359219667 66.151235967610887
1156.9371371406426 66.271978919854178
1173.765175302013 66.393297520939598
1190.837982914782 66.515824839641994
1208.1591202326028 66.639345175938843
1225.73219929421 66.763625395059478
1243.5608846766518 66.888283921365627
1261.648894259477 67.014542259816338
1280.0000000000375 67.141000000000247
1298.6180287200684 67.267868567135324
1317.5068629037087 67.397048040325956
1336.6704415071292 67.526608719135453
1356.112760779938 67.656552678206083
1375.8378750985323 67.786634028772852
1395.8498978115715 67.917420583220505
1416.153002097749 68.046802346619074
1436.7514218360407 68.176527600929347
1457.6494524886093 68.305661660180519
1478.8514519965543 68.434608711979337
1500.3618416886875 68.563642102797033
1522.1851072035295 68.692835834644896
1544.3257994247153 68.822749184628833
1566.788535430007 68.953373505494042
1589.5779994541087 69.084386156877500
1612.6989438654878 69.215876022278650
1636.156190157402 69.348420912487740
1659.9546299533442 69.482445020337792
1684.099226027109 69.617227727669643
1708.5950133376978 69.752444473624081
1733.4471000792773 69.889796934439204
1758.6606687464096 70.029133678105254
1784.2409772147755 70.170010194225554
1810.193359837619 70.312655744713396
1836.5232285581387 70.456416827927441
1863.2360740380593 70.601739521286277
1890.3374668026197 70.747708822062037
1917.833058402214 70.895085193035868
1945.7285825909298 71.043361487731929
1974.0298565222283 71.193358239567800
2002.7427819620161 71.343762466202477
2031.8733465193618 71.495210179458695
2061.4276248951132 71.648328474461579
2091.411780148677 71.802153019419961
2121.832064983222 71.956251928165273
2152.694823049581 72.110998059383547
2184.0064902691106 72.266031640061911
2215.7735961758003 72.420107601548239
2248.002765277899 72.574612996806124
2280.7007184393456 72.727401650128314
2313.874274281297 72.879165472170513
2347.530350604038 73.028841370147703
2381.6759658295764 73.174810006057086
2416.318240465218 73.318360844558555
2451.4643985884327 73.456906239547820
2487.1217693533167 73.591565183784724
2523.2977885189675 73.720251037459903
2560.0000000000887 73.844000000000293
2597.236057440151 73.962716327346470
2635.0137258074315 74.077040262368470
2673.340883014273 74.184895667251567
2712.225521559891 74.287915930696386
2751.6757501970797 74.384021800472993
2791.699795623158 74.472154560589786
2832.3060041955137 74.549766107761698
2873.502843672097 74.617754265508154
2915.2989049772345 74.675246729773590
2957.7029039931244 74.721662323194494
3000.723683377391 74.755861841688699
3044.370214407075 74.776811064322118
3088.6515988494466 74.786598304870552
3133.57707086003 74.786642292913996
3179.1559989082334 74.776544760316611
3225.3978877309914 74.758055035011807
3272.3123803148205 74.731273828992215
3319.9092599067053 74.697271684673709
3368.198452054235 74.657667346712827
3417.190026675413 74.614872776525630
3466.8942001585724 74.572484639873153
3517.3213374928373 74.534048277129941
3568.4819544295697 74.501150105519443
3620.386719675257 74.472898905768858
3673.0464571162966 74.444593984014872
3726.472148076138 74.412293103750528
3780.6749336052594 74.370707199766912
3835.6661168044484 74.319923932683139
3891.45716518188 74.252862290592532
3948.059713044477 74.174680021357318
4005.4855639240527 74.075574585184597
4063.746693038744 73.958257716242926
4122.855249790247 73.819362206811093
4182.823560297375 73.657888141092997
4243.664129966465 73.472324403602272
4305.389646099183 73.264213622878614
4368.012980538242 73.032885088999535
4431.5471923516225 72.777992362185984
4496.00553055582 72.504576356873869
4561.401436878714 72.214123462201854
4627.748548562617 71.911662962897893
4695.060701208099 71.600505621568345
4763.351931659176 71.286534823772016
4832.63648093046 70.974778578333883
4902.928797176889 70.675080697410039
4974.243538706657 70.390518464447041
5046.595577037959 70.133866260427425
5120.000000000202 69.908214285713711
5194.472114880326 69.728702610970728
5270.027451614888 69.608964312900639
5346.6817660285715 69.559204841605890
5424.451043119808 69.594363505865530
5503.351500394186 69.737516547304224
5583.399591246343 70.007493497830311
5664.612008391055 70.417404845311694
5747.005687344222 70.922968048332848
5830.597809954497 71.469042290315144
5915.405807986278 71.953876992115127
6001.447366754812 72.228980264907449
6088.740428814181 72.105107826401408
6177.303197698925 71.619002045089857
6267.154141720092 70.911100368607720
6358.3119978165005 70.075786660808760
6450.795775462017 69.377027072632927
6544.624760629676 69.010030402142149
6639.818519813445 68.906846277447571
6736.396904108505 68.898051442739529
6834.380053350861 68.931675134411307
6933.788400317181 69.012856660364747
7034.642674985712 69.143215786352641
7136.963908859177 69.311110938225042
7240.773439350552 69.491499378108927
7346.092914232631 69.643084993082880
7452.944296152315 69.722265782172542
7561.349867210557 69.683285119510487
7671.332233608935 69.487164609230433
7782.914330363799 69.128120470267135
7896.119426088994 68.627067035278486
8010.971127848146 67.974313434646334
8127.49338607753 67.203970671485564
8245.710499580537 66.525131631254851
8365.647120594791 66.041025093944540
8487.328259932974 65.438861879757098
8610.77929219841 64.838143593606048
8736.025961076528 64.302174680210555
8863.094384703289 63.832470927929691
8992.011061111683 63.428532008516726
9122.802873757471 63.097642199009755
9255.497097125279 62.847544057868390
9390.121402416245 62.683463260939504
9526.7038633184 62.610608476348276
9665.272961860968 62.628551875470755
9805.857594353829 62.741743950125958
9948.487077413367 62.958271818859842
10093.19115407597 63.298160823679041
10240.000000000457 63.760500000001592
10388.944229760706 64.288428595284813
10540.05490322983 64.855460691144458
10693.363532057198 65.447439292608408
10848.902086239672 66.004915461318888
11006.703000788428 66.460929164579483
11166.799182492743 66.782677184585907
11329.224016782166 66.920841877295373
11494.0113746885 66.937323435980332
11661.195619909053 66.870922690991534
11830.811615972614 66.840224812482774
12002.894733509682 66.900122974548566
12177.48085762842 67.050487666865848
12354.606395397908 67.335017877989344
12534.308283440243 67.671214987039662
12716.62399563306 67.997323033260358
12901.591550924093 68.117872675926066
13089.249521259411 68.102860038299255
13279.637039626952 67.783423548251989
13472.793808217073 67.158830256309614
13668.760106701786 66.380474465456984
13867.576800634426 65.638201338049143
14069.285349971487 65.183655010852817
14273.927817718419 65.043815991225742
14481.54687870117 65.183038050076505
14692.18582846533 65.467675788194526
14905.888592304698 65.838452781686740
15122.699734421185 66.153623096708998
15342.664467217943 66.291772171557000
15565.828660727671 66.376794760555498
15792.238852178061 66.824544669652028
16021.942255696367 67.752027502121990
16254.986772155136 68.417260634936554
16491.42099916115 68.405911792040257
16731.294241189662 67.618636991472769
16974.65651986603 66.541799095404215
17221.558584396902 65.282928353005602
17472.051922153143 63.742402136566874
17726.188769406665 62.353271063363835
17984.022122223458 61.596448535463345
18245.605747515034 61.072112734870529
18510.99419425065 60.283190494295212
18780.242804832582 59.342904481364741
19053.40772663689 58.504169404356283
19330.545923722028 57.887896798636604
19611.71518870775 57.682056822460751
19896.974154826825 57.720500000000001
20186.382308152035 57.720500000000001
