20 102.337000000000003
20.290906698750476 102.317606155437147
20.586044732869844 102.295546641545954
20.885475648548283 102.273089326358871
21.189261887185914 102.253198040006112
21.49746679841394 102.235761146488116
21.810154653305165 102.218966830867330
22.12739065777668 102.201515798855624
22.449240966187475 102.182299347866660
22.77577269513385 102.161074823399048
23.107053937445478 102.140076742342416
23.44315377638505 102.122058056535820
23.784142300054445 102.108785197373166
24.130090616010463 102.097597268510583
24.481070866093134 102.085936177673233
24.837156241469714 102.071142215067226
25.1984209978975 102.052086845115639
25.56494047120865 102.033371484135316
25.936791093020236 102.018909225512090
26.3140504066728 102.011049585109674
26.69679708340074 102.007778025520238
27.08511093873791 102.000755207551734
27.47907294916184 101.981104481997946
27.878765268980047 101.948562669205572
28.284271247461966 101.907651519016497
28.695675446220072 101.869541639748604
29.11306365684382 101.842334217608368
29.536522918790062 101.831938275025479
29.966141537533712 101.837093698450403
30.402009102982383 101.845023439456668
30.844216508158908 101.847598650820629
31.29285596815558 101.841178600796113
31.74802103936409 101.827071242582889
32.20980663898519 101.809817541079582
32.67830906482211 101.791367637407120
33.153626015361866 101.770665073216549
33.63585661014871 101.744033463730176
34.125101410453844 101.710742495626420
34.62146244024586 101.674619091623043
35.12504320746613 101.641497580381895
35.635948725613716 101.613702563719315
36.15428553564419 101.587322866610862
36.68016172818701 101.558730781493338
37.21368696608603 101.528747216865270
37.754972507267915 101.500069269889593
38.30413122794313 101.472397618830783
38.86127764614443 101.446548926090372
39.4265279456077 101.423938885849296
40.000000000000206 101.406000000000006
40.58181339750116 101.390484924349721
41.1720894657399 101.369023417805778
41.77095129709678 101.343734531488494
42.37852377437204 101.316053190952715
42.9949335968281 101.279978993125582
43.62030930661056 101.234476847119964
44.25478131555359 101.184910180334811
44.89848193237519 101.128221255213433
45.55154539026795 101.065591371418634
46.21410787489121 101.029293894206546
46.88630755277036 101.039157342628613
47.56828460010916 101.008111479817742
48.260181232021196 100.858992058282368
48.962141732186545 100.711853858864458
49.674312482939705 100.678873055163024
50.39684199579528 100.722070416723881
51.129880942417586 100.754189555267985
51.873582186040764 100.787181743178564
52.628100813345895 100.801916308361911
53.393594166801776 100.748546664312357
54.17022187747612 100.670497768390675
54.95814589832399 100.643054780575369
55.75753053796041 100.608745098701206
56.56854249492426 100.530538969321015
57.39135089244048 100.460084350023322
58.226127313687975 100.413110743119788
59.073045837580466 100.361841507917120
59.932283075067765 100.277636258643355
60.804018205965114 100.194661238838307
61.68843301631817 100.123482681797896
62.58571193631152 100.084437537632823
63.49604207872855 100.104050124975799
64.41961327797075 100.124884253942326
65.35661812964459 100.072139643146215
66.3072520307241 99.943487577498928
67.27171322029778 99.817138240342757
68.25020282090806 99.738240061775514
69.2429248804921 99.685466957887513
70.25008641493265 99.616618475672595
71.27189745122783 99.542870460572644
72.30857107128878 99.475862881616720
73.36032345637442 99.404898813607474
74.42737393217246 99.331801702951424
75.50994501453623 99.249416774468429
76.60826245588666 99.165293384786452
77.72255529228926 99.084979587581017
78.85305589121582 99.001507342596653
80.00000000000082 98.925999999999945
81.16362679500274 98.849879223524965
82.34417893148023 98.767407449625338
83.541902594194 98.690780141873589
84.75704754874454 98.604316557633467
85.98986719365665 98.506073089448122
87.24061861322157 98.422560465708628
88.50956263110764 98.349891179152806
89.79696386475084 98.267926633944199
91.10309078053635 98.179162319243929
92.42821574978288 98.083218150762363
93.77261510554118 97.987938215750432
95.13656920021877 97.895155612206594
96.52036246404286 97.794349428442700
97.92428346437356 97.689331555890504
99.34862496587989 97.583853249692140
100.79368399159105 97.480235804580218
102.25976188483567 97.385154525025030
103.74716437208203 97.294102825568075
105.25620162669229 97.195938890238551
106.78718833360406 97.094332758315744
108.34044375495276 96.993091008009756
109.9162917966485 96.894449740390371
111.51506107592134 96.801037563849377
113.13708498984903 96.707801865638942
114.78270178488147 96.611356843203282
116.45225462737648 96.539089502411201
118.14609167516147 96.475291099029562
119.86456615013608 96.402255877662185
121.60803641193078 96.320598151406102
123.3768660326369 96.232484458361128
125.17142387262359 96.152628773477190
126.99208415745765 96.073192184861924
128.83922655594208 95.994170716778314
130.71323625928977 95.919745759988203
132.61450406144883 95.848724227772493
134.5434264405962 95.777985651867482
136.50040564181674 95.703484179969138
138.48584976098482 95.625080159799623
140.50017282986593 95.544743691709897
142.5437949024563 95.470151486060345
144.61714214257822 95.394070026260252
146.7206469127495 95.306356312134312
148.8547478643456 95.216642488843235
151.01989002907314 95.128612354848713
153.216524911774 95.043775188229063
155.4451105845792 94.964612549761128
157.70611178243232 94.895470872508653
160.00000000000236 94.839499999999958
162.3272535900062 94.797609435379883
164.6883578629612 94.762987646773354
167.08380518838874 94.743496602643603
169.51409509748981 94.750973294506949
171.97973438731407 94.785175750197027
174.4812372264439 94.840653445989361
177.01912526221608 94.910343157446931
179.5939277295025 94.979698477604757
182.20618156107355 95.050508138461197
184.85643149956664 95.124951368287782
187.54523021108326 95.181470394195259
190.27313840043846 95.209130479523424
193.04072492808663 95.230068784525372
195.84856692874806 95.246394267715004
198.69724993176072 95.252760550013647
201.58736798318304 95.243504914761957
204.5195237696723 95.223597063804249
207.49432874416505 95.199298205674609
210.5124032533856 95.172636303510643
213.57437666720915 95.144043421661507
216.68088750990657 95.111180459268496
219.83258359329807 95.075467142778749
223.03012215184378 95.047365196440353
226.2741699796992 95.025734008451764
229.5654035697641 95.006962713104670
232.90450925475412 94.984652520092510
236.2921833503241 94.951968597740404
239.72913230027333 94.916310252384662
243.21607282386276 94.892946644983667
246.75373206527502 94.875700556181783
250.34284774524843 94.858142921751423
253.9841683149166 94.833108842834946
257.67845311188546 94.799893921993032
261.42647251858085 94.777297783018156
265.22900812289896 94.761312975631313
269.08685288119375 94.750057901920798
273.0008112836349 94.755627940903167
276.97169952197106 94.772330197131822
281.00034565973334 94.798202661579950
285.0875898049141 94.829762031302749
289.23428428515797 94.865838273280872
293.44129382550057 94.906224679489895
297.7094957286928 94.946156411131113
302.0397800581479 94.982808295450653
306.4330498235497 95.015031348764850
310.89022116916016 95.037964828199648
315.41222356486645 95.048381664652709
320.00000000000654 95.041499999999971
324.6545071800142 95.020089266971937
329.3767157259242 95.005807524394811
334.16761037677935 94.987329558492888
339.02819019498156 94.966275963142081
343.95946877463007 94.940618868617008
348.9624744528898 94.897356492697540
354.03825052443415 94.846713669703206
359.187855459007 94.797634158685327
364.4123631221491 94.755583567647236
369.71286299913527 94.720837676805530
375.0904604221685 94.686489544760619
380.54627680087896 94.655703152337892
386.08144985617537 94.627092750719129
391.6971338574982 94.601950039373435
397.3944998635236 94.586063300081889
403.1747359663683 94.594024207899110
409.0390475393468 94.610097618848371
414.9886574883323 94.630201794325416
421.0248065067734 94.665469991193163
427.1487533344206 94.715592219454862
433.3617750198154 94.784974406522466
439.6651671865984 94.874596769629463
446.06024430368984 94.974367527213332
452.54833995940066 95.091692629208310
459.13080713953053 95.221821085137776
465.8090185095106 95.349466842425940
472.58436670065066 95.468589143439715
479.45826460054917 95.582287576023191
486.432145647728 95.686436468197741
493.50746413055253 95.777702577097784
500.6856954904994 95.866128362331807
507.9683366298358 95.947147745006930
515.3569062237735 96.011727783281700
522.8529450371643 96.068150760871220
530.4580162458005 96.118505731613084
538.1737057623901 96.169129087455531
546.0016225672724 96.220368269032733
553.9433990439449 96.276561342590568
562.0006913194694 96.338005012066148
570.1751796098309 96.397305088093248
578.4685685703187 96.459090835848869
586.8825876510039 96.530722641946284
595.4189914573883 96.593223444473026
604.0795601162986 96.644927635625109
612.8660996471021 96.694501440790177
621.780442338323 96.761727856016478
630.8244471297356 96.845301688820314
640.0000000000159 96.921000000000092
649.3090143600314 96.973130480416188
658.7534314518515 97.021204828831856
668.3352207535618 97.076261041408344
678.0563803899662 97.139574929593280
687.9189375492632 97.198825784663200
697.9249489057827 97.242699795623125
708.0765010488715 97.269172127359951
718.3757109180171 97.290670207381936
728.8247262443015 97.332828795474924
739.425725998274 97.399738505288695
750.1809208443404 97.455027685795983
761.0925536017613 97.486853281338469
772.1628997123541 97.539923617803595
783.3942677149998 97.601459898234808
794.7889997270506 97.661444998635261
806.34947193274 97.722951218291129
818.0780950786972 97.789332160258681
829.9773149766683 97.854269445266169
842.0496130135506 97.915923000570018
854.2975066688449 97.977771282232752
866.7235500396347 98.037891050192073
879.3303343732008 98.099868188584665
892.1204886073838 98.160779548353474
905.0966799188055 98.219435059634620
918.2616142790653 98.282289734032176
931.6180370190256 98.353408283375330
945.1687334013056 98.422752786431147
958.9165292011028 98.488225035755278
972.8642912954606 98.561082172694967
987.0149282611097 98.632112528680125
1001.3713909810035 98.696671259414515
1015.9366732596762 98.761777915480707
1030.7138124475518 98.820794397152838
1045.7058900743334 98.869150760871221
1060.916032491606 98.918698477979859
1076.3474115247852 98.955194823049567
1092.0032451345498 98.986193483216823
1107.8867980878947 99.014021569379878
1124.0013826389438 99.031001382638948
1140.350359219667 99.047840017390428
1156.9371371406426 99.067225448179357
1173.765175302013 99.086316792583887
1190.837982914782 99.115342274836124
1208.1591202326028 99.151131583571569
1225.73219929421 99.209336949692229
1243.5608846766518 99.279877609270486
1261.648894259477 99.377786993754341
1280.0000000000375 99.497500000000301
1298.6180287200684 99.645646314243976
1317.5068629037087 99.796806962100788
1336.6704415071292 99.957948469697570
1356.112760779938 100.133834580155934
1375.8378750985323 100.331046326005037
1395.8498978115715 100.531998978115723
1416.153002097749 100.723722919509072
1436.7514218360407 100.911406155519458
1457.6494524886093 101.088348608958654
1478.8514519965543 101.256771035173813
1500.3618416886875 101.420249996834031
1522.1851072035295 101.586106814746827
1544.3257994247153 101.739688468065054
1566.788535430007 101.879231212580038
1589.5779994541087 102.015384876746495
1612.6989438654878 102.153693663192925
1636.156190157402 102.290197788684594
1659.9546299533442 102.419963168356460
1684.099226027109 102.542176284930122
1708.5950133376978 102.658896562687175
1733.4471000792773 102.776208196377368
1758.6606687464096 102.896051569857974
1784.2409772147755 103.015269217010783
1810.193359837619 103.132777853662787
1836.5232285581387 103.256233355363719
1863.2360740380593 103.385797876863450
1890.3374668026197 103.511211851275732
1917.833058402214 103.631538812297563
1945.7285825909298 103.752047476792825
1974.0298565222283 103.873828383045577
2002.7427819620161 104.001888231861770
2031.8733465193618 104.133398836895140
2061.4276248951132 104.266186043258784
2091.411780148677 104.406729485375365
2121.832064983222 104.551748110294881
2152.694823049581 104.702767541688502
2184.0064902691106 104.862735209709911
2215.7735961758003 105.023241562121868
2248.002765277899 105.171578787801451
2280.7007184393456 105.318293376664911
2313.874274281297 105.472821661693970
2347.530350604038 105.625010060187975
2381.6759658295764 105.771268106911350
2416.318240465218 105.912729020512032
2451.4643985884327 106.039174040253613
2487.1217693533167 106.149155591366736
2523.2977885189675 106.240623470089034
2560.0000000000887 106.316500000000161
2597.236057440151 106.372967818210185
2635.0137258074315 106.415263954570889
2673.340883014273 106.445379812921601
2712.225521559891 106.454518298562675
2751.6757501970797 106.432618868616970
2791.699795623158 106.399658926275023
2832.3060041955137 106.357609515468852
2873.502843672097 106.304890933548904
2915.2989049772345 106.240226916289842
2957.7029039931244 106.164402308173479
3000.723683377391 106.080170231794042
3044.370214407075 105.998531202117988
3088.6515988494466 105.897769872790093
3133.57707086003 105.795014584265175
3179.1559989082334 105.699438642249035
3225.3978877309914 105.600116689237197
3272.3123803148205 105.487041563575161
3319.9092599067053 105.358754072261235
3368.198452054235 105.221906473563251
3417.190026675413 105.078086119440258
3466.8942001585724 104.925107501494153
3517.3213374928373 104.761300306024069
3568.4819544295697 104.586073881319322
3620.386719675257 104.398661402808045
3673.0464571162966 104.202306250385050
3726.472148076138 104.001700001752965
3780.6749336052594 103.787890092224259
3835.6661168044484 103.562798937597620
3891.45716518188 103.329672940694621
3948.059713044477 103.088758346354439
4005.4855639240527 102.839686353322776
4063.746693038744 102.591514550629540
4122.855249790247 102.331651044657178
4182.823560297375 102.072257849282096
4243.664129966465 101.808470522216822
4305.389646099183 101.542824521773525
4368.012980538242 101.284179896784252
4431.5471923516225 101.033328213013604
4496.00553055582 100.796513238980523
4561.401436878714 100.576992668006284
4627.748548562617 100.373320633928842
4695.060701208099 100.200808903332614
4763.351931659176 100.071995247809127
4832.63648093046 99.969330763646227
4902.928797176889 99.893364082540799
4974.243538706657 99.840880690888781
5046.595577037959 99.811065215106169
5120.000000000202 99.790285714285659
5194.472114880326 99.770928997389632
5270.027451614888 99.743363676208858
5346.6817660285715 99.698322763779998
5424.451043119808 99.629596434527627
5503.351500394186 99.536810624507268
5583.399591246343 99.422485602911635
5664.612008391055 99.282990625063917
5747.005687344222 99.122463198760741
5830.597809954497 98.946255741448510
5915.405807986278 98.762415338589918
6001.447366754812 98.574870069392716
6088.740428814181 98.385895919877584
6177.303197698925 98.190177759496009
6267.154141720092 97.978856492943024
6358.3119978165005 97.737184206059212
6450.795775462017 97.453873940975342
6544.624760629676 97.118355928756856
6639.818519813445 96.732877642599391
6736.396904108505 96.322133002744280
6834.380053350861 95.947046632478305
6933.788400317181 95.705522179666957
7034.642674985712 95.687617585728702
7136.963908859177 95.912525485564146
7240.773439350552 96.305733523600878
7346.092914232631 96.753898846063564
7452.944296152315 97.163481429129291
7561.349867210557 97.492133392575084
7671.332233608935 97.758192553914213
7782.914330363799 97.998310430475186
7896.119426088994 98.254709008555437
8010.971127848146 98.511093830870323
8127.49338607753 98.674674247078599
8245.710499580537 98.653758911612670
8365.647120594791 98.400355521162140
8487.328259932974 97.986195872905725
8610.77929219841 97.473419070845878
8736.025961076528 96.927109547138414
8863.094384703289 96.385297052982878
8992.011061111683 95.871349236368090
9122.802873757471 95.430402466386255
9255.497097125279 95.124255484680901
9390.121402416245 94.968210544214728
9526.7038633184 94.936283047303448
9665.272961860968 94.963256015334679
9805.857594353829 95.011343037741526
9948.487077413367 95.079809343867566
10093.19115407597 95.190076304046102
10240.000000000457 95.364600000000635
10388.944229760706 95.630653328972869
10540.05490322983 96.021594488922801
10693.363532057198 96.546847786496784
10848.902086239672 97.226999152568055
11006.703000788428 98.059701654375772
11166.799182492743 99.002016479732859
11329.224016782166 99.951422430530044
11494.0113746885 100.742399574684043
11661.195619909053 100.969261817523090
11830.811615972614 100.697773955049826
12002.894733509682 99.707965100139504
12177.48085762842 98.273921214818273
12354.606395397908 96.261203604079611
12534.308283440243 93.969274410414243
12716.62399563306 91.412559902985834
12901.591550924093 88.734600419008103
13089.249521259411 86.009270524109752
13279.637039626952 83.796250496038056
13472.793808217073 82.852137439860115
13668.760106701786 83.603522093093943
13867.576800634426 85.369658790268119
14069.285349971487 87.300066967160660
14273.927817718419 89.137415256748540
14481.54687870117 90.732647723062030
14692.18582846533 91.961462390712285
14905.888592304698 92.688574796300031
15122.699734421185 92.694652708317847
15342.664467217943 91.948017271941012
15565.828660727671 90.961552734615921
15792.238852178061 90.815034871952435
16021.942255696367 92.065110225950491
16254.986772155136 93.621764205201089
16491.42099916115 94.440299499095914
16731.294241189662 94.305781088755339
16974.65651986603 93.495867980555062
17221.558584396902 92.302638249703421
17472.051922153143 90.947264193510918
17726.188769406665 89.557247431345544
17984.022122223458 88.198383858326849
18245.605747515034 86.880576724484470
18510.99419425065 85.564891365480221
18780.242804832582 84.193414681220048
19053.40772663689 82.722530121628040
19330.545923722028 81.377988920226898
19611.71518870775 81.143126274806832
19896.974154826825 83.477906080362573
20186.382308152035 84.808999999999997
