20 101.057500000000005
20.290906698750476 101.061378768912562
20.586044732869844 101.065790671690806
20.885475648548283 101.071709512970955
21.189261887185914 101.079713624612879
21.49746679841394 101.089667678867642
21.810154653305165 101.099804668075819
22.12739065777668 101.107888574833311
22.449240966187475 101.113246204010267
22.77577269513385 101.113868567102429
23.107053937445478 101.110394185585605
23.44315377638505 101.104636914015913
23.784142300054445 101.098277509749039
24.130090616010463 101.092982271087436
24.481070866093134 101.089868306495390
24.837156241469714 101.088271407168904
25.1984209978975 101.086263816268399
25.56494047120865 101.081201182328783
25.936791093020236 101.072225268466781
26.3140504066728 101.059818174482587
26.69679708340074 101.047588080206481
27.08511093873791 101.038914827971610
27.47907294916184 101.036651159191450
27.878765268980047 101.038590739517346
28.284271247461966 101.040352813742388
28.695675446220072 101.038651894645369
29.11306365684382 101.032625663206275
29.536522918790062 101.023879110380562
29.966141537533712 101.016575593861916
30.402009102982383 101.010976560543341
30.844216508158908 101.004976222297785
31.29285596815558 100.995196460875718
31.74802103936409 100.979827179464792
32.20980663898519 100.961817541079569
32.67830906482211 100.944259182731230
33.153626015361866 100.928544845554512
33.63585661014871 100.913745018644789
34.125101410453844 100.895870842171377
34.62146244024586 100.875884427270648
35.12504320746613 100.858624006228268
35.635948725613716 100.847960769115787
36.15428553564419 100.839260003751463
36.68016172818701 100.826234824698020
37.21368696608603 100.807666208322644
37.754972507267915 100.788486589790750
38.30413122794313 100.771063702477875
38.86127764614443 100.749532965493614
39.4265279456077 100.719857287677200
40.000000000000206 100.687999999999988
40.58181339750116 100.665697078752729
41.1720894657399 100.654988449407313
41.77095129709678 100.641177781993676
42.37852377437204 100.617359042083621
42.9949335968281 100.587753237669375
43.62030930661056 100.557785336509312
44.25478131555359 100.529034921464486
44.89848193237519 100.500483729599182
45.55154539026795 100.474527276667658
46.21410787489121 100.455753128866490
46.88630755277036 100.443218991506797
47.56828460010916 100.423146803069841
48.260181232021196 100.382745761670321
48.962141732186545 100.330024661186258
49.674312482939705 100.287884579952106
50.39684199579528 100.257130247211251
51.129880942417586 100.224712815308834
51.873582186040764 100.192857266018081
52.628100813345895 100.164446236932321
53.393594166801776 100.127130317134032
54.17022187747612 100.081579992688887
54.95814589832399 100.044174190246764
55.75753053796041 100.007668857446731
56.56854249492426 99.953359312880679
57.39135089244048 99.899280025469551
58.226127313687975 99.860864390069395
59.073045837580466 99.840945956014281
59.932283075067765 99.793258289333750
60.804018205965114 99.731310523418045
61.68843301631817 99.688539983366070
62.58571193631152 99.629678807977811
63.49604207872855 99.566977580473107
64.41961327797075 99.536321546888118
65.35661812964459 99.529363964314626
66.3072520307241 99.513779577277973
67.27171322029778 99.490571312882395
68.25020282090806 99.457988642029150
69.2429248804921 99.401424507170475
70.25008641493265 99.346621759440026
71.27189745122783 99.307352204499665
72.30857107128878 99.265157157148451
73.36032345637442 99.223807708657773
74.42737393217246 99.179840799120058
75.50994501453623 99.126727819806405
76.60826245588666 99.070714873565009
77.72255529228926 99.015687477130470
78.85305589121582 98.956112613926820
80.00000000000082 98.904499999999985
81.16362679500274 98.855045737576745
82.34417893148023 98.803332138776312
83.541902594194 98.759632762514457
84.75704754874454 98.712218122345519
85.98986719365665 98.652594070888327
87.24061861322157 98.592770706519048
88.50956263110764 98.545751371591194
89.79696386475084 98.512278939516477
91.10309078053635 98.471149460006217
92.42821574978288 98.408951157911616
93.77261510554118 98.336974729375328
95.13656920021877 98.267057714966512
96.52036246404286 98.195996026148435
97.92428346437356 98.122133133451982
99.34862496587989 98.054597880387945
100.79368399159105 98.003395796260676
102.25976188483567 97.956934365723640
103.74716437208203 97.892973394390765
105.25620162669229 97.796460574907215
106.78718833360406 97.692095154426937
108.34044375495276 97.598935149722649
109.9162917966485 97.525920965408176
111.51506107592134 97.469587300292091
113.13708498984903 97.414833804515524
114.78270178488147 97.349825738379849
116.45225462737648 97.287030552170080
118.14609167516147 97.239724339463322
119.86456615013608 97.212955774165778
121.60803641193078 97.186019432217591
123.3768660326369 97.173443488838387
125.17142387262359 97.170771434836496
126.99208415745765 97.167687775580106
128.83922655594208 97.163321546888113
130.71323625928977 97.159573527481427
132.61450406144883 97.151544845554497
134.5434264405962 97.137152588475232
136.50040564181674 97.119995537940014
138.48584976098482 97.096941028226695
140.50017282986593 97.068747321137067
142.5437949024563 97.037071179011932
144.61714214257822 96.999274299291017
146.7206469127495 96.949672085946361
148.8547478643456 96.902321244421614
151.01989002907314 96.857694243406911
153.216524911774 96.810446707099771
155.4451105845792 96.759364854659168
157.70611178243232 96.716325878550549
160.00000000000236 96.680999999999983
162.3272535900062 96.656796562663942
164.6883578629612 96.650185612701478
167.08380518838874 96.650750283113041
169.51409509748981 96.650194361961013
171.97973438731407 96.657522990671794
174.4812372264439 96.680897362045599
177.01912526221608 96.704268302307497
179.5939277295025 96.726088992927828
182.20618156107355 96.767446322850475
184.85643149956664 96.819157343691415
187.54523021108326 96.845126644591033
190.27313840043846 96.853638830402630
193.04072492808663 96.871866524352782
195.84856692874806 96.894251974800994
198.69724993176072 96.905415599890816
201.58736798318304 96.909351929313715
204.5195237696723 96.903908889074870
207.49432874416505 96.878320890697950
210.5124032533856 96.835049480736927
213.57437666720915 96.786597161658250
216.68088750990657 96.740456909228868
219.83258359329807 96.691678662507229
223.03012215184378 96.655289891060733
226.2741699796992 96.632371093441606
229.5654035697641 96.610542175011659
232.90450925475412 96.575550398197706
236.2921833503241 96.540906872765873
239.72913230027333 96.510403950835070
243.21607282386276 96.480555344585241
246.75373206527502 96.448716411412533
250.34284774524843 96.409642962865959
253.9841683149166 96.368678106457196
257.67845311188546 96.324358562657380
261.42647251858085 96.274670930063991
265.22900812289896 96.229366406586649
269.08685288119375 96.184726157742489
273.0008112836349 96.127488236387308
276.97169952197106 96.069545969610687
281.00034565973334 96.011195402725548
285.0875898049141 95.956896368458089
289.23428428515797 95.904648018007009
293.44129382550057 95.841659945704748
297.7094957286928 95.774419017913786
302.0397800581479 95.707913244142318
306.4330498235497 95.634799594872192
310.89022116916016 95.557879962478125
315.41222356486645 95.492028090031596
320.00000000000654 95.419999999999902
324.6545071800142 95.352975096607793
329.3767157259242 95.290227352417801
334.16761037677935 95.226570781988841
339.02819019498156 95.163133527465249
343.95946877463007 95.099422852807265
348.9624744528898 95.034091584667138
354.03825052443415 94.977694544440993
359.187855459007 94.921014804405019
364.4123631221491 94.849785679977686
369.71286299913527 94.773634772812443
375.0904604221685 94.703446782227601
380.54627680087896 94.639925491532622
386.08144985617537 94.572390021783434
391.6971338574982 94.511386523630179
397.3944998635236 94.468598150450362
403.1747359663683 94.462910174635851
409.0390475393468 94.469045555462571
414.9886574883323 94.482960301209161
421.0248065067734 94.525692583536369
427.1487533344206 94.602380053350728
433.3617750198154 94.707299208696611
439.6651671865984 94.825970760138674
446.06024430368984 94.949129580694176
452.54833995940066 95.080592483082455
459.13080713953053 95.250482369295554
465.8090185095106 95.424590626319514
472.58436670065066 95.589679710344285
479.45826460054917 95.752450770641445
486.432145647728 95.906847916861381
493.50746413055253 96.056586384474542
500.6856954904994 96.197699638192120
507.9683366298358 96.337890480124344
515.3569062237735 96.471828100054921
522.8529450371643 96.582568067066546
530.4580162458005 96.684624056749897
538.1737057623901 96.770612982079342
546.0016225672724 96.842012980538186
553.9433990439449 96.901781856703920
562.0006913194694 96.947603145503578
570.1751796098309 96.984516779849002
578.4685685703187 97.008982277282442
586.8825876510039 97.027265175302006
595.4189914573883 97.047589377789208
604.0795601162986 97.069188955276218
612.8660996471021 97.087884620747985
621.780442338323 97.102170663507479
630.8244471297356 97.113607671902997
640.0000000000159 97.131500000000045
649.3090143600314 97.162685198106118
658.7534314518515 97.190822622782960
668.3352207535618 97.209920158394084
678.0563803899662 97.214208457058504
687.9189375492632 97.214500000000001
697.9249489057827 97.245011053287257
708.0765010488715 97.291363379982144
718.3757109180171 97.334002843672067
728.8247262443015 97.371827778167273
739.425725998274 97.393908879396719
750.1809208443404 97.392022615105546
761.0925536017613 97.393386569200231
772.1628997123541 97.436496883398419
783.3942677149998 97.491117051476152
794.7889997270506 97.545616248748985
806.34947193274 97.593839642408838
818.0780950786972 97.636773332775448
829.9773149766683 97.682823611820766
842.0496130135506 97.738585532818888
854.2975066688449 97.800308470566350
866.7235500396347 97.859029275172247
879.3303343732008 97.915136054835386
892.1204886073838 97.977102443036927
905.0966799188055 98.041346314604183
918.2616142790653 98.104381420847929
931.6180370190256 98.167053866012367
945.1687334013056 98.236726730932247
958.9165292011028 98.310311778305788
972.8642912954606 98.382075028549849
987.0149282611097 98.460468443312379
1001.3713909810035 98.542634076460928
1015.9366732596762 98.623464368276288
1030.7138124475518 98.701645542142856
1045.7058900743334 98.779468795121886
1060.916032491606 98.868526729366010
1076.3474115247852 98.960955677103811
1092.0032451345498 99.047830855292290
1107.8867980878947 99.137579546421421
1124.0013826389438 99.226396109336719
1140.350359219667 99.312622838976480
1156.9371371406426 99.403550618819338
1173.765175302013 99.493598140704691
1190.837982914782 99.589193133514911
1208.1591202326028 99.688531832832496
1225.73219929421 99.792755424538342
1243.5608846766518 99.892235337899564
1261.648894259477 99.973866838266389
1280.0000000000375 100.052000000000163
1298.6180287200684 100.136047101079157
1317.5068629037087 100.221531569357069
1336.6704415071292 100.311351075083508
1356.112760779938 100.403938432724203
1375.8378750985323 100.496938012963113
1395.8498978115715 100.586239550370919
1416.153002097749 100.673688692318692
1436.7514218360407 100.759836901798252
1457.6494524886093 100.840191018008767
1478.8514519965543 100.919253127425463
1500.3618416886875 101.010113813931540
1522.1851072035295 101.107445578127738
1544.3257994247153 101.199235777641334
1566.788535430007 101.288311058885625
1589.5779994541087 101.379686677783695
1612.6989438654878 101.473049754339257
1636.156190157402 101.568686627251651
1659.9546299533442 101.665022149417112
1684.099226027109 101.759850950546820
1708.5950133376978 101.858599056018335
1733.4471000792773 101.962470994328200
1758.6606687464096 102.067894448859704
1784.2409772147755 102.176866562934947
1810.193359837619 102.288035314498515
1836.5232285581387 102.403393599369309
1863.2360740380593 102.522268168728985
1890.3374668026197 102.642598352603642
1917.833058402214 102.767175407482142
1945.7285825909298 102.890376620096447
1974.0298565222283 103.007522411741121
2002.7427819620161 103.131931101534775
2031.8733465193618 103.258555390033251
2061.4276248951132 103.385733962041996
2091.411780148677 103.516900070007324
2121.832064983222 103.654240474554115
2152.694823049581 103.785429053825069
2184.0064902691106 103.919527583643728
2215.7735961758003 104.055523633508130
2248.002765277899 104.192677958218084
2280.7007184393456 104.327443017445262
2313.874274281297 104.468853093123641
2347.530350604038 104.617302232698037
2381.6759658295764 104.763226207765612
2416.318240465218 104.903141137814345
2451.4643985884327 105.041820984389020
2487.1217693533167 105.181704174832817
2523.2977885189675 105.317701817520174
2560.0000000000887 105.447500000000304
2597.236057440151 105.572594440270507
2635.0137258074315 105.706053073122064
2673.340883014273 105.855321204793341
2712.225521559891 105.988287840757664
2751.6757501970797 106.093565056757484
2791.699795623158 106.194645736503190
2832.3060041955137 106.282696488726671
2873.502843672097 106.347938440843237
2915.2989049772345 106.389791299185418
2957.7029039931244 106.414310871197955
3000.723683377391 106.426873355408958
3044.370214407075 106.417596382076113
3088.6515988494466 106.387646140977978
3133.57707086003 106.338555094496215
3179.1559989082334 106.266560121888759
3225.3978877309914 106.184529823206901
3272.3123803148205 106.098722096417589
3319.9092599067053 106.003301443007118
3368.198452054235 105.894825544795808
3417.190026675413 105.784181941314088
3466.8942001585724 105.673312281636868
3517.3213374928373 105.556621643516905
3568.4819544295697 105.436621865723396
3620.386719675257 105.320076287091695
3673.0464571162966 105.211137550338577
3726.472148076138 105.110909019386000
3780.6749336052594 105.028307946301510
3835.6661168044484 104.955447370490305
3891.45716518188 104.886690152758462
3948.059713044477 104.821243456792331
4005.4855639240527 104.762514436075946
4063.746693038744 104.704440641613189
4122.855249790247 104.648549243930034
4182.823560297375 104.598310071017536
4243.664129966465 104.572670116656994
4305.389646099183 104.541843596566252
4368.012980538242 104.483420785479694
4431.5471923516225 104.419513184845869
4496.00553055582 104.356861320462713
4561.401436878714 104.276305038856179
4627.748548562617 104.175842328969054
4695.060701208099 104.038272482607738
4763.351931659176 103.850554352014143
4832.63648093046 103.601184968947891
4902.928797176889 103.290558624798024
4974.243538706657 102.936933598725375
5046.595577037959 102.568857225384249
5120.000000000202 102.236428571427737
5194.472114880326 101.973548154053830
5270.027451614888 101.769994728825736
5346.6817660285715 101.587464893983565
5424.451043119808 101.405857556119315
5503.351500394186 101.224434795530385
5583.399591246343 101.055738343054415
5664.612008391055 100.918766906658220
5747.005687344222 100.814084142035455
5830.597809954497 100.742824193574791
5915.405807986278 100.704306738640611
6001.447366754812 100.700952302110892
6088.740428814181 100.730494530750960
6177.303197698925 100.787342558159139
6267.154141720092 100.869832995263096
6358.3119978165005 100.978430917194203
6450.795775462017 101.107177747683778
6544.624760629676 101.253407731235825
6639.818519813445 101.410399650291254
6736.396904108505 101.562047572875159
6834.380053350861 101.680504042680695
6933.788400317181 101.725228667927041
7034.642674985712 101.650587812399493
7136.963908859177 101.403766552208296
7240.773439350552 100.938125653357062
7346.092914232631 100.235514339843149
7452.944296152315 99.318147223572055
7561.349867210557 98.244840743284556
7671.332233608935 97.122439303885216
7782.914330363799 96.043917635931464
7896.119426088994 95.095492381073171
8010.971127848146 94.336635830680137
8127.49338607753 93.746728200699664
8245.710499580537 93.277042515128102
8365.647120594791 92.876585315566501
8487.328259932974 92.507909622367180
8610.77929219841 92.156125338771176
8736.025961076528 91.799772264628331
8863.094384703289 91.429347789737164
8992.011061111683 91.043886927276077
9122.802873757471 90.672514376173694
9255.497097125279 90.343237244874388
9390.121402416245 90.045130677637303
9526.7038633184 89.777379505289957
9665.272961860968 89.551291980171030
9805.857594353829 89.380579796067948
9948.487077413367 89.280180815163988
10093.19115407597 89.276880779536214
10240.000000000457 89.377800000000462
10388.944229760706 89.577404819836545
10540.05490322983 89.865613924201895
10693.363532057198 90.236790936404532
10848.902086239672 90.721118725110884
11006.703000788428 91.356824265919812
11166.799182492743 92.159757051987938
11329.224016782166 93.179968798299285
11494.0113746885 94.351833888327690
11661.195619909053 95.592144770461488
11830.811615972614 96.638300905574170
12002.894733509682 97.187312236331849
12177.48085762842 97.156775732794259
12354.606395397908 96.217810464831203
12534.308283440243 94.865786579112253
12716.62399563306 93.257820518487307
12901.591550924093 91.754532482652749
13089.249521259411 90.335033978473462
13279.637039626952 89.106258892716113
13472.793808217073 88.080277194256496
13668.760106701786 87.216117389731636
13867.576800634426 86.506573352076103
14069.285349971487 85.965967397723887
14273.927817718419 85.555318179111708
14481.54687870117 85.327353394856630
14692.18582846533 85.312190601598516
14905.888592304698 85.492895435519614
15122.699734421185 85.932053084530679
15342.664467217943 86.727387928957995
15565.828660727671 87.984870263849501
15792.238852178061 89.746652369847254
16021.942255696367 91.872364500958426
16254.986772155136 93.925512431667002
16491.42099916115 95.490707014446812
16731.294241189662 96.066986865711982
16974.65651986603 95.511413657156368
17221.558584396902 94.423501160267875
17472.051922153143 93.544629126188212
17726.188769406665 93.168668793319299
17984.022122223458 92.919955293598846
18245.605747515034 92.173586083900233
18510.99419425065 90.714725183163679
18780.242804832582 88.644310134830278
19053.40772663689 85.913672242643315
19330.545923722028 83.094799072609547
19611.71518870775 81.300915638541568
19896.974154826825 79.854918824346797
20186.382308152035 79.309500000000014
