20 71.701500000000010
20.290906698750476 71.651076004136598
20.586044732869844 71.599918904906218
20.885475648548283 71.550396517989526
21.189261887185914 71.503164556937662
21.49746679841394 71.460598281713771
21.810154653305165 71.417603604652513
22.12739065777668 71.372072924689064
22.449240966187475 71.321882859640994
22.77577269513385 71.263855903094694
23.107053937445478 71.201481260260493
23.44315377638505 71.138732226143276
23.784142300054445 71.081267409866356
24.130090616010463 71.028787253049387
24.481070866093134 70.979876404197569
24.837156241469714 70.928698052370606
25.1984209978975 70.870516456604804
25.56494047120865 70.807841521481294
25.936791093020236 70.745113374549902
26.3140504066728 70.687033029842581
26.69679708340074 70.635416379157903
27.08511093873791 70.583084554961516
27.47907294916184 70.519906490845159
27.878765268980047 70.444792315962673
28.284271247461966 70.364430021755069
28.695675446220072 70.290778954943448
29.11306365684382 70.229658488492433
29.536522918790062 70.179178974719719
29.966141537533712 70.122469317045557
30.402009102982383 70.047081438273892
30.844216508158908 69.954714667573313
31.29285596815558 69.867491275532970
31.74802103936409 69.806945917102951
32.20980663898519 69.777174447303338
32.67830906482211 69.770856618129642
33.153626015361866 69.767198471569870
33.63585661014871 69.744593622035865
34.125101410453844 69.689483368685572
34.62146244024586 69.605043598793543
35.12504320746613 69.513243000390489
35.635948725613716 69.436593999103195
36.15428553564419 69.379342874113803
36.68016172818701 69.327042533355808
37.21368696608603 69.265575442273160
37.754972507267915 69.198356973959449
38.30413122794313 69.132649805154202
38.86127764614443 69.069642788121953
39.4265279456077 69.000046258004872
40.000000000000206 68.924499999999966
40.58181339750116 68.854197313459650
41.1720894657399 68.788593512912939
41.77095129709678 68.717461529467727
42.37852377437204 68.644990357642257
42.9949335968281 68.582243813455307
43.62030930661056 68.521269901255963
44.25478131555359 68.446530186150767
44.89848193237519 68.374582425990454
45.55154539026795 68.317360921503138
46.21410787489121 68.257271902065497
46.88630755277036 68.175882775001625
47.56828460010916 68.102232338373952
48.260181232021196 68.047602337261921
48.962141732186545 67.968362079259890
49.674312482939705 67.875768410815951
50.39684199579528 67.810961158357628
51.129880942417586 67.751483112128682
51.873582186040764 67.658429064072308
52.628100813345895 67.553346954698725
53.393594166801776 67.468100500737961
54.17022187747612 67.399588878508922
54.95814589832399 67.347956504794780
55.75753053796041 67.303638924288379
56.56854249492426 67.217510831897158
57.39135089244048 67.125517340664373
58.226127313687975 67.055223806776624
59.073045837580466 67.002880591165507
59.932283075067765 66.901490597142001
60.804018205965114 66.825810523418042
61.68843301631817 66.778598354326604
62.58571193631152 66.694178908332034
63.49604207872855 66.589447245103671
64.41961327797075 66.492426931953787
65.35661812964459 66.407044077109859
66.3072520307241 66.331645983864675
67.27171322029778 66.263936648138554
68.25020282090806 66.191483774327352
69.2429248804921 66.112551859321613
70.25008641493265 66.033993259635253
71.27189745122783 65.953612255176154
72.30857107128878 65.868462887869157
73.36032345637442 65.774048624731677
74.42737393217246 65.674177407002730
75.50994501453623 65.568255818648126
76.60826245588666 65.450946275683492
77.72255529228926 65.333176582375614
78.85305589121582 65.206655742564806
80.00000000000082 65.069499999999920
81.16362679500274 64.939076504001378
82.34417893148023 64.789777243826165
83.541902594194 64.679434829655065
84.75704754874454 64.565681771011725
85.98986719365665 64.479808254339048
87.24061861322157 64.431279042062414
88.50956263110764 64.399446256118352
89.79696386475084 64.459524980355042
91.10309078053635 64.619756116896923
92.42821574978288 64.869667759090248
93.77261510554118 65.167879873092375
95.13656920021877 65.514061209872651
96.52036246404286 65.832615732104188
97.92428346437356 66.085426970786571
99.34862496587989 66.275219368457499
100.79368399159105 66.407256823276839
102.25976188483567 66.499656745201492
103.74716437208203 66.535836880747894
105.25620162669229 66.531135304877182
106.78718833360406 66.499646746103082
108.34044375495276 66.441240326863749
109.9162917966485 66.361603888189194
111.51506107592134 66.271710756074839
113.13708498984903 66.185250706773303
114.78270178488147 66.098998725963497
116.45225462737648 66.011586586414296
118.14609167516147 65.925886370303203
119.86456615013608 65.836327343196629
121.60803641193078 65.751558296652775
123.3768660326369 65.678097480684357
125.17142387262359 65.613585848984798
126.99208415745765 65.562705811906099
128.83922655594208 65.518756352817221
130.71323625928977 65.479134433375009
132.61450406144883 65.440709918771020
134.5434264405962 65.402403184408371
136.50040564181674 65.364367191395019
138.48584976098482 65.326025929660787
140.50017282986593 65.288247148307207
142.5437949024563 65.254527384109480
144.61714214257822 65.219104298040520
146.7206469127495 65.184625520013455
148.8547478643456 65.151407832461956
151.01989002907314 65.121761319651114
153.216524911774 65.095545006041064
155.4451105845792 65.068713562400475
157.70611178243232 65.038743433837567
160.00000000000236 65.002499999999969
162.3272535900062 64.969452999021911
164.6883578629612 64.933299288910405
167.08380518838874 64.897242922174172
169.51409509748981 64.858774478440154
171.97973438731407 64.815364781028336
174.4812372264439 64.771922719705174
177.01912526221608 64.726655745280112
179.5939277295025 64.683659585236157
182.20618156107355 64.641701095022825
184.85643149956664 64.596469378207445
187.54523021108326 64.555321546833753
190.27313840043846 64.514293668633258
193.04072492808663 64.471780981093090
195.84856692874806 64.430459489769021
198.69724993176072 64.389083451078179
201.58736798318304 64.344424918921732
204.5195237696723 64.301220159301366
207.49432874416505 64.258332233209600
210.5124032533856 64.214822220034804
213.57437666720915 64.171852320825877
216.68088750990657 64.128467574861318
219.83258359329807 64.083885683795501
223.03012215184378 64.041729646757048
226.2741699796992 63.998677733604012
229.5654035697641 63.955649753593065
232.90450925475412 63.914177719191372
236.2921833503241 63.872238139364583
239.72913230027333 63.827987421633978
243.21607282386276 63.784961144319610
246.75373206527502 63.743393648233024
250.34284774524843 63.700800115120707
253.9841683149166 63.656193938142266
257.67845311188546 63.613697789213319
261.42647251858085 63.569310638841856
265.22900812289896 63.525366406586656
269.08685288119375 63.481030142826668
273.0008112836349 63.436990670238202
276.97169952197106 63.391689842818067
281.00034565973334 63.347196266874874
285.0875898049141 63.303080307048404
289.23428428515797 63.259540015005840
293.44129382550057 63.215366414832246
297.7094957286928 63.168924597411511
302.0397800581479 63.121317391867642
306.4330498235497 63.073641960244885
310.89022116916016 63.024707567139245
315.41222356486645 62.973965540786466
320.00000000000654 62.923499999999926
324.6545071800142 62.872300421019844
329.3767157259242 62.819918455442249
334.16761037677935 62.770073613119166
339.02819019498156 62.718398364913696
343.95946877463007 62.669593152886080
348.9624744528898 62.621460245252258
354.03825052443415 62.572328969912988
359.187855459007 62.524471729777133
364.4123631221491 62.479936149773948
369.71286299913527 62.436354523407090
375.0904604221685 62.404515390595527
380.54627680087896 62.375287802852441
386.08144985617537 62.357296375359553
391.6971338574982 62.358229279527023
397.3944998635236 62.369599099481391
403.1747359663683 62.405427010392010
409.0390475393468 62.454585158046058
414.9886574883323 62.509637520092625
421.0248065067734 62.571260468321121
427.1487533344206 62.634845658899941
433.3617750198154 62.698405008538089
439.6651671865984 62.758463552001331
446.06024430368984 62.809936771201748
452.54833995940066 62.856338379715808
459.13080713953053 62.899760131101303
465.8090185095106 62.937997347174928
472.58436670065066 62.978643474025567
479.45826460054917 63.021386482546234
486.432145647728 63.063592873886371
493.50746413055253 63.106974422516245
500.6856954904994 63.155385580369810
507.9683366298358 63.207274398487577
515.3569062237735 63.266533702902073
522.8529450371643 63.331049668788239
530.4580162458005 63.403251918550183
538.1737057623901 63.483447986049654
546.0016225672724 63.572663371029094
553.9433990439449 63.674371499772519
562.0006913194694 63.781709229114909
570.1751796098309 63.890707263083868
578.4685685703187 63.995203963986015
586.8825876510039 64.090208464161037
595.4189914573883 64.174896620553710
604.0795601162986 64.245037030785014
612.8660996471021 64.298263548059055
621.780442338323 64.343902211691614
630.8244471297356 64.381509232023532
640.0000000000159 64.415000000000049
649.3090143600314 64.447116099542114
658.7534314518515 64.477073309073333
668.3352207535618 64.510590033675157
678.0563803899662 64.546711426462366
687.9189375492632 64.585279803319594
697.9249489057827 64.623614805841981
708.0765010488715 64.658152453461284
718.3757109180171 64.694233773758953
728.8247262443015 64.733533959728334
739.425725998274 64.770990040993951
750.1809208443404 64.807595531112611
761.0925536017613 64.843512988939125
772.1628997123541 64.885978956574917
783.3942677149998 64.932191353112898
794.7889997270506 64.979221748885465
806.34947193274 65.028014378375218
818.0780950786972 65.078916336303564
829.9773149766683 65.129675000672307
842.0496130135506 65.180885790809839
854.2975066688449 65.236592219454877
866.7235500396347 65.295301000182931
879.3303343732008 65.353636054835391
892.1204886073838 65.414415694935684
905.0966799188055 65.478195761257311
918.2616142790653 65.545512227987444
931.6180370190256 65.616390123833938
945.1687334013056 65.691025428157275
958.9165292011028 65.767412432656101
972.8642912954606 65.849267890415248
987.0149282611097 65.931779006439513
1001.3713909810035 66.020548337114917
1015.9366732596762 66.111369819093966
1030.7138124475518 66.204114287607382
1045.7058900743334 66.300928358288701
1060.916032491606 66.398423676779061
1076.3474115247852 66.497943778888654
1092.0032451345498 66.596082883501396
1107.8867980878947 66.696196801925311
1124.0013826389438 66.799175192940154
1140.350359219667 66.899798018586296
1156.9371371406426 66.999334511805159
1173.765175302013 67.098480728355696
1190.837982914782 67.198860515501792
1208.1591202326028 67.298912492658047
1225.73219929421 67.392890615182580
1243.5608846766518 67.493288021769160
1261.648894259477 67.603451883180270
1280.0000000000375 67.706000000000188
1298.6180287200684 67.807867214282652
1317.5068629037087 67.911287745970398
1336.6704415071292 68.021271799703669
1356.112760779938 68.125091994094674
1375.8378750985323 68.229836684899681
1395.8498978115715 68.332438231393724
1416.153002097749 68.433457360383869
1436.7514218360407 68.534575610358900
1457.6494524886093 68.634911393845783
1478.8514519965543 68.735601824383792
1500.3618416886875 68.836686182269290
1522.1851072035295 68.938382599568456
1544.3257994247153 69.041171709330683
1566.788535430007 69.143719950852230
1589.5779994541087 69.248058797488909
1612.6989438654878 69.356446972799716
1636.156190157402 69.467434093739783
1659.9546299533442 69.579485853379794
1684.099226027109 69.694176284930123
1708.5950133376978 69.811927964287705
1733.4471000792773 69.932221848386888
1758.6606687464096 70.056303343732054
1784.2409772147755 70.185313803339653
1810.193359837619 70.319820939942630
1836.5232285581387 70.459303575929312
1863.2360740380593 70.601945356843999
1890.3374668026197 70.749969566086520
1917.833058402214 70.904435110556534
1945.7285825909298 71.063567492420120
1974.0298565222283 71.227373167828915
2002.7427819620161 71.396956691772090
2031.8733465193618 71.571864968884128
2061.4276248951132 71.751279893104950
2091.411780148677 71.935729507252660
2121.832064983222 72.123950406145141
2152.694823049581 72.317953441076725
2184.0064902691106 72.516541375465579
2215.7735961758003 72.719253845572922
2248.002765277899 72.924550800672066
2280.7007184393456 73.132162943319130
2313.874274281297 73.343176690067480
2347.530350604038 73.554649036295373
2381.6759658295764 73.767661937716241
2416.318240465218 73.980497325488983
2451.4643985884327 74.190676561636465
2487.1217693533167 74.398950173781571
2523.2977885189675 74.600264169784850
2560.0000000000887 74.794750000000462
2597.236057440151 74.983749385764753
2635.0137258074315 75.165562681187268
2673.340883014273 75.331739947622268
2712.225521559891 75.484104855130923
2751.6757501970797 75.615946188140512
2791.699795623158 75.731363180299553
2832.3060041955137 75.826542389356007
2873.502843672097 75.900079123324531
2915.2989049772345 75.949515211583616
2957.7029039931244 75.975732464638895
3000.723683377391 75.982083882057992
3044.370214407075 75.955348296313275
3088.6515988494466 75.907452356452580
3133.57707086003 75.842776686623949
3179.1559989082334 75.756147082259957
3225.3978877309914 75.654330879341416
3272.3123803148205 75.538595315968877
3319.9092599067053 75.409355887063100
3368.198452054235 75.271360520001636
3417.190026675413 75.128477022374540
3466.8942001585724 74.984175761541735
3517.3213374928373 74.839653828270201
3568.4819544295697 74.697413903495871
3620.386719675257 74.559198396041083
3673.0464571162966 74.426497109207403
3726.472148076138 74.300378780905646
3780.6749336052594 74.184054599446441
3835.6661168044484 74.076114312088080
3891.45716518188 73.983350681356711
3948.059713044477 73.899861923259394
4005.4855639240527 73.835291557631848
4063.746693038744 73.786470541270688
4122.855249790247 73.755381362545450
4182.823560297375 73.743423534044609
4243.664129966465 73.752549619494971
4305.389646099183 73.780271662281265
4368.012980538242 73.830844150448527
4431.5471923516225 73.901081157191811
4496.00553055582 73.984240615231826
4561.401436878714 74.075846471822615
4627.748548562617 74.175654254273596
4695.060701208099 74.263313736268515
4763.351931659176 74.329297271816785
4832.63648093046 74.371070970083835
4902.928797176889 74.388383148752922
4974.243538706657 74.372873310162447
5046.595577037959 74.327762094865051
5120.000000000202 74.261071428571213
5194.472114880326 74.175362830289885
5270.027451614888 74.076150268747313
5346.6817660285715 73.968394961333928
5424.451043119808 73.854458450221998
5503.351500394186 73.740283570865444
5583.399591246343 73.624966840138086
5664.612008391055 73.513773788672069
5747.005687344222 73.408888089876768
5830.597809954497 73.312984255746869
5915.405807986278 73.229483469770713
6001.447366754812 73.162685856200426
6088.740428814181 73.115690576452579
6177.303197698925 73.094244794433635
6267.154141720092 73.100930828344019
6358.3119978165005 73.134323518995586
6450.795775462017 73.189057042823407
6544.624760629676 73.258530437094294
6639.818519813445 73.333456630652620
6736.396904108505 73.399562421095339
6834.380053350861 73.436641307202365
6933.788400317181 73.420665525766864
7034.642674985712 73.316744933397786
7136.963908859177 73.115284919700372
7240.773439350552 72.808831634240590
7346.092914232631 72.410909760222950
7452.944296152315 71.925337670334414
7561.349867210557 71.376747563845242
7671.332233608935 70.791554736824935
7782.914330363799 70.184275364662057
7896.119426088994 69.580992419772244
8010.971127848146 68.999975725426992
8127.49338607753 68.444250941935437
8245.710499580537 67.911819249966129
8365.647120594791 67.401889330707490
8487.328259932974 66.905873346188400
8610.77929219841 66.431692368109395
8736.025961076528 66.007366776697182
8863.094384703289 65.642938630037833
8992.011061111683 65.322365828035615
9122.802873757471 65.062216120427422
9255.497097125279 64.887370883174839
9390.121402416245 64.818566452993309
9526.7038633184 64.867481331124083
9665.272961860968 65.040968951020574
9805.857594353829 65.329136269265518
9948.487077413367 65.712251515546882
10093.19115407597 66.174947817433491
10240.000000000457 66.685500000001625
10388.944229760706 67.218746253248241
10540.05490322983 67.735620567956957
10693.363532057198 68.219325137453879
10848.902086239672 68.653590528535119
11006.703000788428 69.000405320312069
11166.799182492743 69.222716249438491
11329.224016782166 69.271204490473878
11494.0113746885 69.186691089827349
11661.195619909053 68.938008448046759
11830.811615972614 68.621277764617147
12002.894733509682 68.223501019848769
12177.48085762842 67.769686364996431
12354.606395397908 67.190436685882247
12534.308283440243 66.477564902162044
12716.62399563306 65.563957624090961
12901.591550924093 64.454539728020976
13089.249521259411 63.254869131948766
13279.637039626952 62.021540187005229
13472.793808217073 60.814924624396014
13668.760106701786 59.695149129945705
13867.576800634426 58.680105761053092
14069.285349971487 57.805757315523351
14273.927817718419 57.040053415370252
14481.54687870117 56.426906864488679
14692.18582846533 55.988975228098553
14905.888592304698 55.696534113511085
15122.699734421185 55.561779061083129
15342.664467217943 55.603480981888950
15565.828660727671 55.843939819845815
15792.238852178061 56.298529085437778
16021.942255696367 56.948115271144786
16254.986772155136 57.628612565199035
16491.42099916115 58.297721427626058
16731.294241189662 59.127829136304783
16974.65651986603 59.263542147237935
17221.558584396902 58.598405020602215
17472.051922153143 57.320913489570543
17726.188769406665 55.736510824422936
17984.022122223458 54.148136125303523
18245.605747515034 52.736991673784630
18510.99419425065 51.594810958755161
18780.242804832582 50.612722377740297
19053.40772663689 49.501285796549766
19330.545923722028 48.245292476385856
19611.71518870775 47.082866358762004
19896.974154826825 46.569000000000003
20186.382308152035 46.569000000000003
