20 69.052999999999997
20.290906698750476 69.032506572768426
20.586044732869844 69.010996708618279
20.885475648548283 68.988963231115520
21.189261887185914 68.965479168064746
21.49746679841394 68.940962715781637
21.810154653305165 68.915987071569120
22.12739065777668 68.889466636370003
22.449240966187475 68.861979735259467
22.77577269513385 68.834519115852657
23.107053937445478 68.805995264420716
23.44315377638505 68.776486471285779
23.784142300054445 68.746487044937240
24.130090616010463 68.714991738711305
24.481070866093134 68.682993430952052
24.837156241469714 68.649985501137849
25.1984209978975 68.616460997470000
25.56494047120865 68.582505514928897
25.936791093020236 68.548519093648679
26.3140504066728 68.512995196230918
26.69679708340074 68.476519338004891
27.08511093873791 68.438989300324764
27.47907294916184 68.400992978643174
27.878765268980047 68.362522592860671
28.284271247461966 68.323474652846400
28.695675446220072 68.285030328447888
29.11306365684382 68.246493994637376
29.536522918790062 68.206545007661319
29.966141537533712 68.163986041023037
30.402009102982383 68.120999104118255
30.844216508158908 68.077479506466034
31.29285596815558 68.035013633303748
31.74802103936409 67.991997950711294
32.20980663898519 67.947018833865087
32.67830906482211 67.900468184503609
33.153626015361866 67.851538498418634
33.63585661014871 67.802514576976591
34.125101410453844 67.753990288313389
34.62146244024586 67.706454581761577
35.12504320746613 67.656995729986221
35.635948725613716 67.606505067233883
36.15428553564419 67.555472857828505
36.68016172818701 67.505485311203984
37.21368696608603 67.457028430982831
37.754972507267915 67.410002388462857
38.30413122794313 67.361988573509450
38.86127764614443 67.313476208766772
39.4265279456077 67.265040449890506
40.000000000000206 67.216499999999996
40.58181339750116 67.166016191453934
41.1720894657399 67.111491785282652
41.77095129709678 67.056504471885944
42.37852377437204 67.002542296355116
42.9949335968281 66.946506036651982
43.62030930661056 66.887471991921089
44.25478131555359 66.830019802134913
44.89848193237519 66.773956154470454
45.55154539026795 66.714541359753923
46.21410787489121 66.652991170953854
46.88630755277036 66.597976775707224
47.56828460010916 66.546474912418120
48.260181232021196 66.485481928430943
48.962141732186545 66.415487260028186
49.674312482939705 66.351475796618772
50.39684199579528 66.295512238223324
51.129880942417586 66.231510395205021
51.873582186040764 66.163538187297348
52.628100813345895 66.110492235003392
53.393594166801776 66.051531258692805
54.17022187747612 65.965980571642319
54.95814589832399 65.896994437626404
55.75753053796041 65.866517898240261
56.56854249492426 65.822025103546082
57.39135089244048 65.755474996287177
58.226127313687975 65.695990831009482
59.073045837580466 65.634996558179353
59.932283075067765 65.570478574593494
60.804018205965114 65.504498537756206
61.68843301631817 65.433466487044413
62.58571193631152 65.364022294461421
63.49604207872855 65.293996743907911
64.41961327797075 65.222529924918931
65.35661812964459 65.153028324428718
66.3072520307241 65.083981195635090
67.27171322029778 65.012021397034772
68.25020282090806 64.939485293952288
69.2429248804921 64.867505446731684
70.25008641493265 64.791993700672720
71.27189745122783 64.717507475424199
72.30857107128878 64.640531849094273
73.36032345637442 64.560976051496169
74.42737393217246 64.481972378048198
75.50994501453623 64.402004061714763
76.60826245588666 64.327482110630143
77.72255529228926 64.251530311915701
78.85305589121582 64.174496126110142
80.00000000000082 64.094999999999942
81.16362679500274 64.013026291073686
82.34417893148023 63.939988350037183
83.541902594194 63.862006341947307
84.75704754874454 63.783497281276162
85.98986719365665 63.713007593550046
87.24061861322157 63.631524846540721
88.50956263110764 63.546529295788694
89.79696386475084 63.474502021552397
91.10309078053635 63.405495032763099
92.42821574978288 63.332987167299152
93.77261510554118 63.253022893350710
95.13656920021877 63.180023056000024
96.52036246404286 63.099977281455999
97.92428346437356 63.011983688365873
99.34862496587989 62.930021580910775
100.79368399159105 62.840019682184639
102.25976188483567 62.752014293406859
103.74716437208203 62.660490359887831
105.25620162669229 62.571988739985507
106.78718833360406 62.486487994187506
108.34044375495276 62.387473954737857
109.9162917966485 62.294984123634507
111.51506107592134 62.207996498113019
113.13708498984903 62.114995327107323
114.78270178488147 62.024516396396251
116.45225462737648 61.938988350872677
118.14609167516147 61.861495626897479
119.86456615013608 61.779520695572330
121.60803641193078 61.707498775291192
123.3768660326369 61.648004505968402
125.17142387262359 61.581483473390293
126.99208415745765 61.510496764927183
128.83922655594208 61.439490993373703
130.71323625928977 61.364990994322554
132.61450406144883 61.292518904072011
134.5434264405962 61.217483657105412
136.50040564181674 61.142485293952262
138.48584976098482 61.070505446731666
140.50017282986593 60.997994208001074
142.5437949024563 60.929506873376589
144.61714214257822 60.870996182958329
146.7206469127495 60.814509481668082
148.8547478643456 60.763006084810783
151.01989002907314 60.718002285769842
153.216524911774 60.676009082251014
155.4451105845792 60.663500097819174
157.70611178243232 60.665502338952379
160.00000000000236 60.713500000000082
162.3272535900062 60.798012996353556
164.6883578629612 60.919022553133203
167.08380518838874 61.069987722640526
169.51409509748981 61.234506401534190
171.97973438731407 61.400482120151722
174.4812372264439 61.542010001272459
177.01912526221608 61.649003648414059
179.5939277295025 61.723997895034053
182.20618156107355 61.770001336015447
184.85643149956664 61.789499919765788
187.54523021108326 61.788998523206025
190.27313840043846 61.771498649995721
193.04072492808663 61.744502683143665
195.84856692874806 61.708505552195540
198.69724993176072 61.663495762402675
201.58736798318304 61.614493538651914
204.5195237696723 61.563008362039511
207.49432874416505 61.512994226825462
210.5124032533856 61.459993085955993
213.57437666720915 61.407493332250880
216.68088750990657 61.352501991295505
219.83258359329807 61.294507662306060
223.03012215184378 61.245998173747097
226.2741699796992 61.197497572456442
229.5654035697641 61.150494018951107
232.90450925475412 61.101007273020855
236.2921833503241 61.059998079542723
239.72913230027333 61.023998634123934
243.21607282386276 60.987999331041394
246.75373206527502 60.955502461243235
250.34284774524843 60.930001081776581
253.9841683149166 60.912999362098311
257.67845311188546 60.898998972398338
261.42647251858085 60.890499627253291
265.22900812289896 60.887499995789057
269.08685288119375 60.885500076266879
273.0008112836349 60.884500048215727
276.97169952197106 60.881000264838349
281.00034565973334 60.872999704058444
285.0875898049141 60.869500351194425
289.23428428515797 60.858499053959534
293.44129382550057 60.844498864342754
297.7094957286928 60.828001949045813
302.0397800581479 60.810500888910489
306.4330498235497 60.789999776425617
310.89022116916016 60.769998923989050
315.41222356486645 60.747998854887889
320.00000000000654 60.724499999999964
324.6545071800142 60.700502540854927
329.3767157259242 60.673001655556348
334.16761037677935 60.647502073761665
339.02819019498156 60.620498881432880
343.95946877463007 60.591497282737507
348.9624744528898 60.562497429579494
354.03825052443415 60.534998564957121
359.187855459007 60.505500827953263
364.4123631221491 60.474997944979350
369.71286299913527 60.445000775330307
375.0904604221685 60.416497426159069
380.54627680087896 60.385998374701252
386.08144985617537 60.353497356614355
391.6971338574982 60.320499248255544
397.3944998635236 60.288502808769266
403.1747359663683 60.260001301895940
409.0390475393468 60.234999872163101
414.9886574883323 60.219000921039779
421.0248065067734 60.213500176310930
427.1487533344206 60.222999617354176
433.3617750198154 60.244999203353601
439.6651671865984 60.280001281023189
446.06024430368984 60.329002259281964
452.54833995940066 60.389003460015175
459.13080713953053 60.455998037118114
465.8090185095106 60.527500207634361
472.58436670065066 60.603504267682872
479.45826460054917 60.683503130132678
486.432145647728 60.766001739538240
493.50746413055253 60.850505624649401
500.6856954904994 60.937496309746962
507.9683366298358 61.026004145799845
515.3569062237735 61.116998845089100
522.8529450371643 61.209499321763303
530.4580162458005 61.306500213705121
538.1737057623901 61.407996129456016
546.0016225672724 61.514494865024844
553.9433990439449 61.623005447360875
562.0006913194694 61.732995786192809
570.1751796098309 61.844002371265553
578.4685685703187 61.953494304129478
586.8825876510039 62.060994731695146
595.4189914573883 62.166499894418280
604.0795601162986 62.267494870308987
612.8660996471021 62.361500983727282
621.780442338323 62.449503961676712
630.8244471297356 62.530503532792700
640.0000000000159 62.603000000000108
649.3090143600314 62.667000088191635
658.7534314518515 62.725002341421025
668.3352207535618 62.777001067319972
678.0563803899662 62.824001716247949
687.9189375492632 62.868499718234020
697.9249489057827 62.911999777873433
708.0765010488715 62.955002164725713
718.3757109180171 62.999498751053565
728.8247262443015 63.046498768636440
739.425725998274 63.097998668890774
750.1809208443404 63.153999587845938
761.0925536017613 63.213997545464238
772.1628997123541 63.279999402079078
783.3942677149998 63.350501703320532
794.7889997270506 63.422999998263379
806.34947193274 63.497503098202827
818.0780950786972 63.574500623257279
829.9773149766683 63.652502048013623
842.0496130135506 63.730997483770707
854.2975066688449 63.810503282114908
866.7235500396347 63.890997085233010
879.3303343732008 63.972502169896458
892.1204886073838 64.055503238054627
905.0966799188055 64.141497878786879
918.2616142790653 64.228497450989636
931.6180370190256 64.316000243132862
945.1687334013056 64.404998249038172
958.9165292011028 64.494496935081372
972.8642912954606 64.584501883508921
987.0149282611097 64.675999536138193
1001.3713909810035 64.769502523150777
1015.9366732596762 64.863497891419030
1030.7138124475518 64.956498819626603
1045.7058900743334 65.050499310764906
1060.916032491606 65.146500205296576
1076.3474115247852 65.244002549687281
1092.0032451345498 65.341001504697715
1107.8867980878947 65.438498760612561
1124.0013826389438 65.535502270229216
1140.350359219667 65.632502089871451
1156.9371371406426 65.729000786431669
1173.765175302013 65.825500990841931
1190.837982914782 65.921999903430930
1208.1591202326028 66.019000656821817
1225.73219929421 66.115001084274965
1243.5608846766518 66.211999372574752
1261.648894259477 66.309999427102426
1280.0000000000375 66.409000000000205
1298.6180287200684 66.508500153566985
1317.5068629037087 66.609499266942379
1336.6704415071292 66.713002384315615
1356.112760779938 66.817998708115709
1375.8378750985323 66.921499344623470
1395.8498978115715 67.024499474045172
1416.153002097749 67.126500010235162
1436.7514218360407 67.227001988269208
1457.6494524886093 67.325502048811757
1478.8514519965543 67.421501975160439
1500.3618416886875 67.515499308202166
1522.1851072035295 67.608500443029811
1544.3257994247153 67.699999171101638
1566.788535430007 67.790998117977580
1589.5779994541087 67.882499997808196
1612.6989438654878 67.974499776637032
1636.156190157402 68.067000759063546
1659.9546299533442 68.161998522860955
1684.099226027109 68.261000931937389
1708.5950133376978 68.362000056083588
1733.4471000792773 68.466500432642235
1758.6606687464096 68.575498567992327
1784.2409772147755 68.685999901572814
1810.193359837619 68.798001564808487
1836.5232285581387 68.912500992503425
1863.2360740380593 69.028500333283262
1890.3374668026197 69.150497599805163
1917.833058402214 69.277000274257603
1945.7285825909298 69.407998039841260
1974.0298565222283 69.543999310519879
2002.7427819620161 69.685498925491075
2031.8733465193618 69.833501770408503
2061.4276248951132 69.984498083544651
2091.411780148677 70.141998845164636
2121.832064983222 70.304500355835941
2152.694823049581 70.473499031052683
2184.0064902691106 70.648497151159120
2215.7735961758003 70.828497711828135
2248.002765277899 71.013498652654789
2280.7007184393456 71.206498338087755
2313.874274281297 71.403001646209361
2347.530350604038 71.605002120299119
2381.6759658295764 71.811499793352311
2416.318240465218 72.021001457323479
2451.4643985884327 72.234002397700905
2487.1217693533167 72.448498612549400
2523.2977885189675 72.664998734364133
2560.0000000000887 72.881000000000512
2597.236057440151 73.096000321578487
2635.0137258074315 73.307498464933872
2673.340883014273 73.514999366646535
2712.225521559891 73.714497545356778
2751.6757501970797 73.904498796893421
2791.699795623158 74.080999098727943
2832.3060041955137 74.245000014563146
2873.502843672097 74.387999457366064
2915.2989049772345 74.509999722634291
2957.7029039931244 74.611999769061853
3000.723683377391 74.689499429621534
3044.370214407075 74.741000125888263
3088.6515988494466 74.766999764466050
3133.57707086003 74.764499957246727
3179.1559989082334 74.737000000658725
3225.3978877309914 74.687000121392884
3272.3123803148205 74.611499224939848
3319.9092599067053 74.514499370268908
3368.198452054235 74.397498782022382
3417.190026675413 74.265499922180609
3466.8942001585724 74.120499386747184
3517.3213374928373 73.965998937934245
3568.4819544295697 73.805000143406886
3620.386719675257 73.639000896520713
3673.0464571162966 73.470998558303151
3726.472148076138 73.302499541044028
3780.6749336052594 73.134500205787802
3835.6661168044484 72.969499666069623
3891.45716518188 72.809999553507282
3948.059713044477 72.657000775651369
4005.4855639240527 72.511501104883678
4063.746693038744 72.374500721815480
4122.855249790247 72.246999512657226
4182.823560297375 72.130000857863351
4243.664129966465 72.021499792604459
4305.389646099183 71.923000564741443
4368.012980538242 71.837000026726770
4431.5471923516225 71.759999801554756
4496.00553055582 71.693499509165292
4561.401436878714 71.632999634551624
4627.748548562617 71.577500377626677
4695.060701208099 71.524000237481687
4763.351931659176 71.471500052538303
4832.63648093046 71.419000393319635
4902.928797176889 71.358000176011643
4974.243538706657 71.287000459255808
5046.595577037959 71.204000485209107
5120.000000000202 71.112499999999756
5194.472114880326 71.020499874559903
5270.027451614888 70.937999637671183
5346.6817660285715 70.876500187714342
5424.451043119808 70.847500008197571
5503.351500394186 70.862499905019106
5583.399591246343 70.931000931864745
5664.612008391055 71.059000018331318
5747.005687344222 71.238999316964339
5830.597809954497 71.443499535071481
5915.405807986278 71.611499619631331
6001.447366754812 71.660999432807898
6088.740428814181 71.525998385222621
6177.303197698925 71.192498928455137
6267.154141720092 70.705499111509340
6358.3119978165005 70.134000013689089
6450.795775462017 69.534001456714563
6544.624760629676 68.935001528129078
6639.818519813445 68.349997072049661
6736.396904108505 67.806000540127485
6834.380053350861 67.360999846509415
6933.788400317181 67.075001725289326
7034.642674985712 66.977500314205614
7136.963908859177 67.050499934976401
7240.773439350552 67.254501228529591
7346.092914232631 67.548999760173857
7452.944296152315 67.895500987575048
7561.349867210557 68.256999557188877
7671.332233608935 68.606500628076674
7782.914330363799 68.906498199628430
7896.119426088994 69.107998978463257
8010.971127848146 69.171999894120034
8127.49338607753 69.075499152522298
8245.710499580537 68.816001098469343
8365.647120594791 68.408499480182059
8487.328259932974 67.883998735613716
8610.77929219841 67.283498525558343
8736.025961076528 66.651500196408961
8863.094384703289 66.029003014285166
8992.011061111683 65.448999757967982
9122.802873757471 64.931000499981877
9255.497097125279 64.489999746047516
9390.121402416245 64.137999250163375
9526.7038633184 63.883500254683725
9665.272961860968 63.734500041010008
9805.857594353829 63.694000283362968
9948.487077413367 63.762000092551091
10093.19115407597 63.935000280741107
10240.000000000457 64.202500000001038
10388.944229760706 64.540000560295539
10540.05490322983 64.908499764015801
10693.363532057198 65.262500865445134
10848.902086239672 65.515500044267228
11006.703000788428 65.596499999502612
11166.799182492743 65.495499732033124
11329.224016782166 65.256999969447719
11494.0113746885 64.957001138392656
11661.195619909053 64.678499217881836
11830.811615972614 64.464500484514289
12002.894733509682 64.321000222226246
12177.48085762842 64.215999576332734
12354.606395397908 64.128499799774019
12534.308283440243 64.037500362859490
12716.62399563306 63.952500002035976
12901.591550924093 63.914500092258578
13089.249521259411 63.971999853309832
13279.637039626952 64.170500081651340
13472.793808217073 64.568499604831274
13668.760106701786 65.169000387217082
13867.576800634426 65.890499276509246
14069.285349971487 66.594500867904245
14273.927817718419 67.101999547954733
14481.54687870117 67.252999911780122
14692.18582846533 66.981500221097065
14905.888592304698 66.404001101734821
15122.699734421185 65.763000785181646
15342.664467217943 65.261499378201194
15565.828660727671 64.964500451521886
15792.238852178061 64.743500144289783
16021.942255696367 64.314999169418002
16254.986772155136 63.557998540182780
16491.42099916115 63.111001892160942
16731.294241189662 62.630001521587552
16974.65651986603 61.993998527169431
17221.558584396902 61.294501177443649
17472.051922153143 60.410503803750274
17726.188769406665 59.346000965886788
17984.022122223458 58.242996063826453
18245.605747515034 57.325498528286388
18510.99419425065 56.802999803042439
18780.242804832582 56.529998905444657
19053.40772663689 56.158500371768056
19330.545923722028 55.447002763132495
19611.71518870775 54.369499200873022
19896.974154826825 53.161503579082918
20186.382308152035 53.161500000000004
