20 73.575500000000005
20.290906698750476 73.554651617094947
20.586044732869844 73.534453606741863
20.885475648548283 73.512565119106455
21.189261887185914 73.487394923084764
21.49746679841394 73.457631461989237
21.810154653305165 73.425984439747282
22.12739065777668 73.395534840800110
22.449240966187475 73.367553143856398
22.77577269513385 73.345453683137578
23.107053937445478 73.325576742342406
23.44315377638505 73.303502018058367
23.784142300054445 73.273815947869622
24.130090616010463 73.236889074042324
24.481070866093134 73.193639791206778
24.837156241469714 73.150227094654639
25.1984209978975 73.113394083941841
25.56494047120865 73.082629433732933
25.936791093020236 73.054740644320262
26.3140504066728 73.024735519184503
26.69679708340074 72.988074295305680
27.08511093873791 72.946829347409761
27.47907294916184 72.904348531272888
27.878765268980047 72.862926559929548
28.284271247461966 72.822641417748727
28.695675446220072 72.781736779931776
29.11306365684382 72.739693634315614
29.536522918790062 72.697347708120986
29.966141537533712 72.654385846246640
30.402009102982383 72.609782347902410
30.844216508158908 72.560915175099666
31.29285596815558 72.509080493701916
31.74802103936409 72.457221643591225
32.20980663898519 72.407180109545550
32.67830906482211 72.359347402582614
33.153626015361866 72.312598276509902
33.63585661014871 72.265957765425725
34.125101410453844 72.218865163185967
34.62146244024586 72.169503518893691
35.12504320746613 72.114745074348860
35.635948725613716 72.056501845280025
36.15428553564419 71.999880017506868
36.68016172818701 71.949785444463174
37.21368696608603 71.900913425187923
37.754972507267915 71.846681556104784
38.30413122794313 71.787753935382142
38.86127764614443 71.728670719166274
39.4265279456077 71.671439054806029
40.000000000000206 71.612999999999985
40.58181339750116 71.548515466828505
41.1720894657399 71.483570253417355
41.77095129709678 71.422928986472698
42.37852377437204 71.365866687731341
42.9949335968281 71.309130935727211
43.62030930661056 71.251805035368847
44.25478131555359 71.185455607908068
44.89848193237519 71.105197392782529
45.55154539026795 71.026397739586457
46.21410787489121 70.967383202015128
46.88630755277036 70.911506072758016
47.56828460010916 70.836147282205616
48.260181232021196 70.758083779118095
48.962141732186545 70.695469097144894
49.674312482939705 70.627282931957964
50.39684199579528 70.546363113437437
51.129880942417586 70.458764816105202
51.873582186040764 70.362066476932398
52.628100813345895 70.279738531355378
53.393594166801776 70.219932360531331
54.17022187747612 70.150453318981903
54.95814589832399 70.072748667863436
55.75753053796041 70.036864831334583
56.56854249492426 69.977625547972053
57.39135089244048 69.880949796042358
58.226127313687975 69.770161141317516
59.073045837580466 69.685462397536554
59.932283075067765 69.608560664781436
60.804018205965114 69.555801910846142
61.68843301631817 69.508175112881617
62.58571193631152 69.442348434706588
63.49604207872855 69.394130611401948
64.41961327797075 69.372045027386378
65.35661812964459 69.338823494665590
66.3072520307241 69.264079187158018
67.27171322029778 69.188995614577948
68.25020282090806 69.152369219604111
69.2429248804921 69.124562490666960
70.25008641493265 69.099248185286413
71.27189745122783 69.079557486957199
72.30857107128878 69.075171421425779
73.36032345637442 69.087198382718128
74.42737393217246 69.054938572612258
75.50994501453623 68.972229610159673
76.60826245588666 68.876413218576573
77.72255529228926 68.782889919302491
78.85305589121582 68.713264182904013
80.00000000000082 68.632499999999936
81.16362679500274 68.551045920714614
82.34417893148023 68.471487932332053
83.541902594194 68.390070640924534
84.75704754874454 68.359340604556280
85.98986719365665 68.172461665663661
87.24061861322157 68.101881185487827
88.50956263110764 68.032830171461171
89.79696386475084 67.875338087212157
91.10309078053635 67.757196671554652
92.42821574978288 67.669165965496489
93.77261510554118 67.585206472562874
95.13656920021877 67.501464403647333
96.52036246404286 67.408877953213533
97.92428346437356 67.296199700177965
99.34862496587989 67.195354006696434
100.79368399159105 67.081393704790443
102.25976188483567 66.941556351132562
103.74716437208203 66.805690586987822
105.25620162669229 66.695987456441060
106.78718833360406 66.605417453318168
108.34044375495276 66.506388789234990
109.9162917966485 66.409603888189196
111.51506107592134 66.309906522838872
113.13708498984903 66.205932306580593
114.78270178488147 66.061725828479055
116.45225462737648 65.934371512579716
118.14609167516147 65.803807788921119
119.86456615013608 65.719205903536306
121.60803641193078 65.660319168132744
123.3768660326369 65.629207862050507
125.17142387262359 65.622142716178701
126.99208415745765 65.688244488397743
128.83922655594208 65.807219892347490
130.71323625928977 65.952857217864789
132.61450406144883 66.109811089130972
134.5434264405962 66.256067737283530
136.50040564181674 66.349134025530418
138.48584976098482 66.386143873207388
140.50017282986593 66.394082152329247
142.5437949024563 66.380117401499874
144.61714214257822 66.362445720716792
146.7206469127495 66.319425121006759
148.8547478643456 66.270882698265794
151.01989002907314 66.251527296186069
153.216524911774 66.253834750882262
155.4451105845792 66.247305808848324
157.70611178243232 66.299664889425941
160.00000000000236 66.301500000000019
162.3272535900062 66.323376183746063
164.6883578629612 66.346445907057017
167.08380518838874 66.349916761037662
169.51409509748981 66.329456230005604
171.97973438731407 66.288468834150876
174.4812372264439 66.223525357659568
177.01912526221608 66.137119140665106
179.5939277295025 66.042524674008405
182.20618156107355 65.944547573303623
184.85643149956664 65.843013030416643
187.54523021108326 65.737736021767759
190.27313840043846 65.631839251503692
193.04072492808663 65.528776887689560
195.84856692874806 65.424612163793569
198.69724993176072 65.320920102483910
201.58736798318304 65.219794049902305
204.5195237696723 65.121349207677582
207.49432874416505 65.024181480186712
210.5124032533856 64.931636171234018
213.57437666720915 64.843130264984538
216.68088750990657 64.753589373151442
219.83258359329807 64.665562097082628
223.03012215184378 64.579944232438180
226.2741699796992 64.497903807167418
229.5654035697641 64.422705986941935
232.90450925475412 64.343775862761703
236.2921833503241 64.269678974719653
239.72913230027333 64.212969317045491
243.21607282386276 64.150110689170475
246.75373206527502 64.086432822825046
250.34284774524843 64.029771571884964
253.9841683149166 63.974241433197520
257.67845311188546 63.904569197513169
261.42647251858085 63.838965039989660
265.22900812289896 63.770419837542022
269.08685288119375 63.693291893336522
273.0008112836349 63.616359078558666
276.97169952197106 63.538430396881324
281.00034565973334 63.458993086805336
285.0875898049141 63.377178132057793
289.23428428515797 63.290926886868718
293.44129382550057 63.204797605959783
297.7094957286928 63.119351984571878
302.0397800581479 63.031164618778895
306.4330498235497 62.942961036744705
310.89022116916016 62.859544630724400
315.41222356486645 62.768461640485107
320.00000000000654 62.678999999999874
324.6545071800142 62.589168011425727
329.3767157259242 62.498904729634852
334.16761037677935 62.409482446991902
339.02819019498156 62.322298214529326
343.95946877463007 62.239272818341135
348.9624744528898 62.154241686855585
354.03825052443415 62.069868866346837
359.187855459007 61.988250669293592
364.4123631221491 61.905784662670044
369.71286299913527 61.828634772812450
375.0904604221685 61.761640625989401
380.54627680087896 61.709810370391651
386.08144985617537 61.670286865906093
391.6971338574982 61.658922153544225
397.3944998635236 61.662422949576921
403.1747359663683 61.693252274425639
409.0390475393468 61.742370951623798
414.9886574883323 61.803624287162350
421.0248065067734 61.871137102005015
427.1487533344206 61.938561910011416
433.3617750198154 61.998878273083449
439.6651671865984 62.048536908475704
446.06024430368984 62.090831343670295
452.54833995940066 62.122183691845720
459.13080713953053 62.144187479071419
465.8090185095106 62.159665782391642
472.58436670065066 62.172341278636971
479.45826460054917 62.180821369657615
486.432145647728 62.188318574777270
493.50746413055253 62.201550109394638
500.6856954904994 62.219485646153061
507.9683366298358 62.245885220283157
515.3569062237735 62.280488477532458
522.8529450371643 62.323150760871215
530.4580162458005 62.374020999889595
538.1737057623901 62.433377238544665
546.0016225672724 62.495656069476361
553.9433990439449 62.560533042112539
562.0006913194694 62.626705599687703
570.1751796098309 62.692813847073737
578.4685685703187 62.755014264277392
586.8825876510039 62.813989854791927
595.4189914573883 62.868013948744334
604.0795601162986 62.915897800581490
612.8660996471021 62.958092605504405
621.780442338323 62.996090403973056
630.8244471297356 63.028844342597587
640.0000000000159 63.060500000000047
649.3090143600314 63.089823395234092
658.7534314518515 63.117822622782960
668.3352207535618 63.146505662260680
678.0563803899662 63.175669141169898
687.9189375492632 63.207632493912570
697.9249489057827 63.242633568615531
708.0765010488715 63.282709829247935
718.3757109180171 63.327771913585181
728.8247262443015 63.377358685972645
739.425725998274 63.431542488891111
750.1809208443404 63.489479987906847
761.0925536017613 63.548584665342872
772.1628997123541 63.610177709934277
783.3942677149998 63.673137041784230
794.7889997270506 63.737753873441918
806.34947193274 63.802951218291128
818.0780950786972 63.869332160258693
829.9773149766683 63.937523843520140
842.0496130135506 64.007122742579043
854.2975066688449 64.078568788901592
866.7235500396347 64.151659625236277
879.3303343732008 64.227198522957863
892.1204886073838 64.306121728606271
905.0966799188055 64.388840781135514
918.2616142790653 64.475904649406047
931.6180370190256 64.567071719247835
945.1687334013056 64.662278528259250
958.9165292011028 64.761144836707999
972.8642912954606 64.862475040570843
987.0149282611097 64.967649849332901
1001.3713909810035 65.074739719324839
1015.9366732596762 65.183462604563587
1030.7138124475518 65.293302606753230
1045.7058900743334 65.404527630233389
1060.916032491606 65.516156502772333
1076.3474115247852 65.628111535543468
1092.0032451345498 65.739710520173219
1107.8867980878947 65.852072815323268
1124.0013826389438 65.963676229919358
1140.350359219667 66.076462856366902
1156.9371371406426 66.188668013491593
1173.765175302013 66.301694286375835
1190.837982914782 66.414280579939529
1208.1591202326028 66.528034281511921
1225.73219929421 66.642259295412373
1243.5608846766518 66.758145750398242
1261.648894259477 66.874941219735973
1280.0000000000375 66.994000000000256
1298.6180287200684 67.114751214841590
1317.5068629037087 67.237294608874109
1336.6704415071292 67.361441108758669
1356.112760779938 67.486927307030598
1375.8378750985323 67.613758347508082
1395.8498978115715 67.740354356212904
1416.153002097749 67.866917829707688
1436.7514218360407 67.994183673199842
1457.6494524886093 68.120743725881880
1478.8514519965543 68.247300595819610
1500.3618416886875 68.374613155461930
1522.1851072035295 68.502061026068603
1544.3257994247153 68.630976152651840
1566.788535430007 68.761373505494035
1589.5779994541087 68.893260836844746
1612.6989438654878 69.026645916665217
1636.156190157402 69.161759655306639
1659.9546299533442 69.299037761130336
1684.099226027109 69.438775510957242
1708.5950133376978 69.580851077358645
1733.4471000792773 69.725162122461398
1758.6606687464096 69.872078305479036
1784.2409772147755 70.021652126478585
1810.193359837619 70.173529221451702
1836.5232285581387 70.327756583921854
1863.2360740380593 70.484563393863027
1890.3374668026197 70.643377555463360
1917.833058402214 70.804858383405019
1945.7285825909298 70.968884065634668
1974.0298565222283 71.135295556350712
2002.7427819620161 71.304682413575890
2031.8733465193618 71.476552744464243
2061.4276248951132 71.650970574377666
2091.411780148677 71.828829502877198
2121.832064983222 72.008309183401011
2152.694823049581 72.190399455992534
2184.0064902691106 72.375138292587764
2215.7735961758003 72.561578367676248
2248.002765277899 72.749416038611827
2280.7007184393456 72.938350785718910
2313.874274281297 73.127852125498706
2347.530350604038 73.317669963382599
2381.6759658295764 73.506717812062675
2416.318240465218 73.695618498512175
2451.4643985884327 73.882456397571630
2487.1217693533167 74.067606386524474
2523.2977885189675 74.249697720238345
2560.0000000000887 74.428500000000426
2597.236057440151 74.602854962788697
2635.0137258074315 74.772309707262323
2673.340883014273 74.934364664509218
2712.225521559891 75.090179534083575
2751.6757501970797 75.235720541341877
2791.699795623158 75.371798067892286
2832.3060041955137 75.495448832460681
2873.502843672097 75.607697222927129
2915.2989049772345 75.706974711402424
2957.7029039931244 75.792363849668519
3000.723683377391 75.863922696306176
3044.370214407075 75.918224540593499
3088.6515988494466 75.956056119194614
3133.57707086003 75.979546688186758
3179.1559989082334 75.986374679967241
3225.3978877309914 75.979380633680705
3272.3123803148205 75.958389448007949
3319.9092599067053 75.923979851282098
3368.198452054235 75.877481702740340
3417.190026675413 75.820324865588731
3466.8942001585724 75.753334467768482
3517.3213374928373 75.677285860011466
3568.4819544295697 75.593580677469731
3620.386719675257 75.503507771781287
3673.0464571162966 75.407864054334851
3726.472148076138 75.308232361616859
3780.6749336052594 75.205279412812786
3835.6661168044484 75.099764394567416
3891.45716518188 74.991792635177717
3948.059713044477 74.881771432769796
4005.4855639240527 74.769211724282698
4063.746693038744 74.654600281248477
4122.855249790247 74.537789500419507
4182.823560297375 74.417832711117399
4243.664129966465 74.295716996281584
4305.389646099183 74.170374386264996
4368.012980538242 74.041106506887644
4431.5471923516225 73.906432027654063
4496.00553055582 73.766687971041080
4561.401436878714 73.621183889353205
4627.748548562617 73.470613767067960
4695.060701208099 73.313961893537765
4763.351931659176 73.149024799911643
4832.63648093046 72.974145149580806
4902.928797176889 72.789738687481247
4974.243538706657 72.599898533959703
5046.595577037959 72.406356831423466
5120.000000000202 72.210714285713749
5194.472114880326 72.013784211493999
5270.027451614888 71.816428625801279
5346.6817660285715 71.619169735589452
5424.451043119808 71.423824914553052
5503.351500394186 71.233980727636634
5583.399591246343 71.051454672250443
5664.612008391055 70.879930082588558
5747.005687344222 70.719539478413196
5830.597809954497 70.572543504072797
5915.405807986278 70.441164333458119
6001.447366754812 70.327971218865230
6088.740428814181 70.237570635507950
6177.303197698925 70.168923058539946
6267.154141720092 70.125611910240707
6358.3119978165005 70.107960360207429
6450.795775462017 70.114921091724341
6544.624760629676 70.148035504117985
6639.818519813445 70.207058445454493
6736.396904108505 70.290578888629057
6834.380053350861 70.395927964287793
6933.788400317181 70.520107514423444
7034.642674985712 70.657346171729841
7136.963908859177 70.802358389668626
7240.773439350552 70.947340275926507
7346.092914232631 71.080237315938689
7452.944296152315 71.187502651729460
7561.349867210557 71.252039946884224
7671.332233608935 71.264838689942763
7782.914330363799 71.217611166889355
7896.119426088994 71.099298468474814
8010.971127848146 70.897349301935549
8127.49338607753 70.608809371708730
8245.710499580537 70.235061420556917
8365.647120594791 69.781596145122123
8487.328259932974 69.271302096367918
8610.77929219841 68.720377926259644
8736.025961076528 68.151974384494693
8863.094384703289 67.587023456807074
8992.011061111683 67.040846471090163
9122.802873757471 66.530689941848848
9255.497097125279 66.068754996449144
9390.121402416245 65.663437388778163
9526.7038633184 65.325423281905813
9665.272961860968 65.065264683984935
9805.857594353829 64.887153980574752
9948.487077413367 64.791034443389549
10093.19115407597 64.785531859012664
10240.000000000457 64.870300000000384
10388.944229760706 65.057092924275366
10540.05490322983 65.367502306864168
10693.363532057198 65.810553902732948
10848.902086239672 66.409070067723434
11006.703000788428 67.185524882281499
11166.799182492743 68.156880429685231
11329.224016782166 69.390574954568251
11494.0113746885 70.840854741923266
11661.195619909053 72.479014258243211
11830.811615972614 73.856144224272214
12002.894733509682 74.465715575240068
12177.48085762842 74.211502953215273
12354.606395397908 72.906658691474092
12534.308283440243 71.376337034537130
12716.62399563306 69.902148672271693
12901.591550924093 68.712733391214044
13089.249521259411 67.653806272893320
13279.637039626952 66.547707520571663
13472.793808217073 65.082223564951761
13668.760106701786 63.302918337849576
13867.576800634426 62.108866876745417
14069.285349971487 62.210517136183732
14273.927817718419 63.284207950295965
14481.54687870117 64.015112160549577
14692.18582846533 64.238857954195538
14905.888592304698 64.111534113511084
15122.699734421185 63.742667967807506
15342.664467217943 63.257371725398727
15565.828660727671 62.759366329615176
15792.238852178061 62.303230365418699
16021.942255696367 61.892582365007286
16254.986772155136 61.466057090375564
16491.42099916115 61.160584069083797
16731.294241189662 60.970015668836822
16974.65651986603 60.254122344978263
17221.558584396902 58.944906739428397
17472.051922153143 57.139818841467985
17726.188769406665 55.060561744390441
17984.022122223458 52.930945314678688
18245.605747515034 50.907344532639215
18510.99419425065 49.141328303189397
18780.242804832582 47.674742036547066
19053.40772663689 46.434256302937563
19330.545923722028 44.845386944548864
19611.71518870775 41.855966839036569
19896.974154826825 39.927999999999997
20186.382308152035 39.927999999999997
