20 83.489000000000004
20.290906698750476 83.493848461140715
20.586044732869844 83.500674378185707
20.885475648548283 83.510040062204027
21.189261887185914 83.521588335381011
21.49746679841394 83.532302177459854
21.810154653305165 83.541177723044228
22.12739065777668 83.545933144899976
22.449240966187475 83.549492408020512
22.77577269513385 83.553768012113167
23.107053937445478 83.563995867067007
23.44315377638505 83.582543619946932
23.784142300054445 83.609112451254759
24.130090616010463 83.639491376052177
24.481070866093134 83.668306660756301
24.837156241469714 83.693229341919320
25.1984209978975 83.712176971152758
25.56494047120865 83.728716163655776
25.936791093020236 83.745497591930501
26.3140504066728 83.763322323385808
26.69679708340074 83.780609872398784
27.08511093873791 83.795053309651109
27.47907294916184 83.803034930511217
27.878765268980047 83.806742282931125
28.284271247461966 83.808921356237306
28.695675446220072 83.811174052677330
29.11306365684382 83.813226127313683
29.536522918790062 83.813780862487249
29.966141537533712 83.811203150774787
30.402009102982383 83.806479909037137
30.844216508158908 83.803139460328254
31.29285596815558 83.803464279840767
31.74802103936409 83.805988126236173
32.20980663898519 83.809178453111883
32.67830906482211 83.813461399713049
33.153626015361866 83.820072520307235
33.63585661014871 83.830803985084160
34.125101410453844 83.844002433850889
34.62146244024586 83.855064861484180
35.12504320746613 83.863000518489599
35.635948725613716 83.869811128335442
36.15428553564419 83.879394281784172
36.68016172818701 83.889882587650987
37.21368696608603 83.895854747864348
37.754972507267915 83.895360893366288
38.30413122794313 83.892083479088228
38.86127764614443 83.891205586208869
39.4265279456077 83.893678559360239
40.000000000000206 83.900999999999996
40.58181339750116 83.910696922281431
41.1720894657399 83.917674367061792
41.77095129709678 83.917048412999549
42.37852377437204 83.912041223303646
42.9949335968281 83.908112877728087
43.62030930661056 83.905765637649779
44.25478131555359 83.900744746945605
44.89848193237519 83.892853578746923
45.55154539026795 83.882505911750670
46.21410787489121 83.869717861561710
46.88630755277036 83.856705373557915
47.56828460010916 83.846817154974417
48.260181232021196 83.840078738375865
48.962141732186545 83.835314811986223
49.674312482939705 83.831128443013455
50.39684199579528 83.825779601638914
51.129880942417586 83.816580518688113
51.873582186040764 83.803562055027740
52.628100813345895 83.787867742159392
53.393594166801776 83.767446163574391
54.17022187747612 83.742571106868866
54.95814589832399 83.715792163068670
55.75753053796041 83.686941072589050
56.56854249492426 83.655258300203030
57.39135089244048 83.621954613409940
58.226127313687975 83.589198607677758
59.073045837580466 83.560564285304125
59.932283075067765 83.537794498510692
60.804018205965114 83.513867940564083
61.68843301631817 83.484943233128007
62.58571193631152 83.457651866356073
63.49604207872855 83.433598948031801
64.41961327797075 83.411978314523623
65.35661812964459 83.392011019277462
66.3072520307241 83.372201333370157
67.27171322029778 83.351614739322997
68.25020282090806 83.327369219604122
69.2429248804921 83.298226403824259
70.25008641493265 83.264621759440018
71.27189745122783 83.225080307048444
72.30857107128878 83.180614301792019
73.36032345637442 83.132744959278597
74.42737393217246 83.082699738221805
75.50994501453623 83.031065073632817
76.60826245588666 82.977900823939052
77.72255529228926 82.922786663073126
78.85305589121582 82.865913665087390
80.00000000000082 82.809999999999945
81.16362679500274 82.752303360506176
82.34417893148023 82.691530759614267
83.541902594194 82.631404990509552
84.75704754874454 82.570647652931910
85.98986719365665 82.506531842412642
87.24061861322157 82.439866895984920
88.50956263110764 82.370954930026869
89.79696386475084 82.297573059709208
91.10309078053635 82.222572121549462
92.42821574978288 82.145196608020512
93.77261510554118 82.066111668531619
95.13656920021877 81.984476539428499
96.52036246404286 81.902778116515620
97.92428346437356 81.817727123028135
99.34862496587989 81.728068076123776
100.79368399159105 81.636791592521348
102.25976188483567 81.545894763140183
103.74716437208203 81.452501761343697
105.25620162669229 81.355346954698689
106.78718833360406 81.254258381648526
108.34044375495276 81.148509380908266
109.9162917966485 81.037714127881458
111.51506107592134 80.922658021769948
113.13708498984903 80.804429762803096
114.78270178488147 80.683525783429445
116.45225462737648 80.558910812740464
118.14609167516147 80.433829764021283
119.86456615013608 80.314197410469305
121.60803641193078 80.196757570419436
123.3768660326369 80.083470575992436
125.17142387262359 79.973785980551327
126.99208415745765 79.871435371339828
128.83922655594208 79.769123202375241
130.71323625928977 79.664446374659661
132.61450406144883 79.548749983975100
134.5434264405962 79.420231862378557
136.50040564181674 79.284472010714637
138.48584976098482 79.149055378215252
140.50017282986593 79.020489975867775
142.5437949024563 78.901959895657541
144.61714214257822 78.785344325551264
146.7206469127495 78.669708549181323
148.8547478643456 78.554927413616809
151.01989002907314 78.443413454557970
153.216524911774 78.336896549076044
155.4451105845792 78.234291979460110
157.70611178243232 78.131518858008121
160.00000000000236 78.025999999999897
162.3272535900062 77.926858997065722
164.6883578629612 77.835467058062292
167.08380518838874 77.754317667745482
169.51409509748981 77.679674328055796
171.97973438731407 77.609963384032682
174.4812372264439 77.544384079557744
177.01912526221608 77.480118043392153
179.5939277295025 77.414395450124729
182.20618156107355 77.348404224660953
184.85643149956664 77.283031785110666
187.54523021108326 77.217905428891783
190.27313840043846 77.151890050709397
193.04072492808663 77.085995906596480
195.84856692874806 77.025528661425028
198.69724993176072 76.970710051241952
201.58736798318304 76.921072989608007
204.5195237696723 76.877739683071042
207.49432874416505 76.841811438604879
210.5124032533856 76.811888370719544
213.57437666720915 76.788660145829937
216.68088750990657 76.775611560899122
219.83258359329807 76.766376686915081
223.03012215184378 76.766000000000005
226.2741699796992 76.771306396619309
229.5654035697641 76.779413508924407
232.90450925475412 76.789697612640055
236.2921833503241 76.806764420965010
239.72913230027333 76.833400775327107
243.21607282386276 76.875254265314624
246.75373206527502 76.936721094634152
250.34284774524843 77.025185407688724
253.9841683149166 77.143983491274156
257.67845311188546 77.297155804143244
261.42647251858085 77.477540535280824
265.22900812289896 77.683154609327858
269.08685288119375 77.913413829594404
273.0008112836349 78.158301313689904
276.97169952197106 78.409338532324426
281.00034565973334 78.662321361771518
285.0875898049141 78.914641521548461
289.23428428515797 79.158052487538768
293.44129382550057 79.381947278926020
297.7094957286928 79.581404963343871
302.0397800581479 79.751872412006108
306.4330498235497 79.885597853539764
310.89022116916016 79.979776978675488
315.41222356486645 80.036473341389197
320.00000000000654 80.063999999999993
324.6545071800142 80.063534549281997
329.3767157259242 80.042929436088144
334.16761037677935 80.007492639061127
339.02819019498156 79.961523736089177
343.95946877463007 79.908445843479072
348.9624744528898 79.851431543791762
354.03825052443415 79.793060118969009
359.187855459007 79.734677233313221
364.4123631221491 79.676522769344146
369.71286299913527 79.617687220709598
375.0904604221685 79.559043704108504
380.54627680087896 79.501367930962147
386.08144985617537 79.444777356452633
391.6971338574982 79.390583657487667
397.3944998635236 79.338646751160042
403.1747359663683 79.289779305616406
409.0390475393468 79.240421349877153
414.9886574883323 79.191341685302660
421.0248065067734 79.144313951199194
427.1487533344206 79.099995914992661
433.3617750198154 79.059829349881113
439.6651671865984 79.025054902236519
446.06024430368984 78.995587335759936
452.54833995940066 78.971345312129927
459.13080713953053 78.956713673985064
465.8090185095106 78.951682581790877
472.58436670065066 78.958376550050971
479.45826460054917 78.977285478630449
486.432145647728 79.009490371932955
493.50746413055253 79.057122611180930
500.6856954904994 79.117385539255281
507.9683366298358 79.185205134865342
515.3569062237735 79.259823995254720
522.8529450371643 79.340435704473634
530.4580162458005 79.424824438857428
538.1737057623901 79.514658914475419
546.0016225672724 79.612091826560004
553.9433990439449 79.711913950489560
562.0006913194694 79.813108676059343
570.1751796098309 79.915654709200936
578.4685685703187 80.017663393414921
586.8825876510039 80.117370404899305
595.4189914573883 80.214692704322744
604.0795601162986 80.307815491192059
612.8660996471021 80.392142475370136
621.780442338323 80.465743538706590
630.8244471297356 80.529152794560844
640.0000000000159 80.586500000000086
649.3090143600314 80.640957734006179
658.7534314518515 80.694456887702955
668.3352207535618 80.746093431031568
678.0563803899662 80.793670625871840
687.9189375492632 80.839823059604072
697.9249489057827 80.883577280294872
708.0765010488715 80.927632779562600
718.3757109180171 80.972434342493372
728.8247262443015 81.019652504411567
739.425725998274 81.070714771091630
750.1809208443404 81.123927219327243
761.0925536017613 81.179849337209021
772.1628997123541 81.240005067659780
783.3942677149998 81.305219893388838
794.7889997270506 81.374648373305433
806.34947193274 81.446419638249097
818.0780950786972 81.518669889135111
829.9773149766683 81.592203936199880
842.0496130135506 81.668822484588077
854.2975066688449 81.749150044458958
866.7235500396347 81.832474800268301
879.3303343732008 81.917513240300451
892.1204886073838 82.004156672150458
905.0966799188055 82.094101482758219
918.2616142790653 82.188276287864014
931.6180370190256 82.284853498445273
945.1687334013056 82.384466803284738
958.9165292011028 82.488488535158410
972.8642912954606 82.595571471503533
987.0149282611097 82.703498299834607
1001.3713909810035 82.811331145390227
1015.9366732596762 82.921056271889569
1030.7138124475518 83.032302606753248
1045.7058900743334 83.143634248363043
1060.916032491606 83.256309174854266
1076.3474115247852 83.371060672718386
1092.0032451345498 83.487961737098658
1107.8867980878947 83.606044514845252
1124.0013826389438 83.721231977508097
1140.350359219667 83.836550446171827
1156.9371371406426 83.953848271023219
1173.765175302013 84.073687197483224
1190.837982914782 84.195199571396927
1208.1591202326028 84.317382507317589
1225.73219929421 84.438170028510427
1243.5608846766518 84.560141649994705
1261.648894259477 84.684489073915074
1280.0000000000375 84.810500000000275
1298.6180287200684 84.939230370007337
1317.5068629037087 85.070048040325958
1336.6704415071292 85.202942807436870
1356.112760779938 85.333552678206075
1375.8378750985323 85.461258347508064
1395.8498978115715 85.587458108767606
1416.153002097749 85.721455897353280
1436.7514218360407 85.861091167306384
1457.6494524886093 86.004598342623908
1478.8514519965543 86.144533060458500
1500.3618416886875 86.278736181636077
1522.1851072035295 86.413603962517811
1544.3257994247153 86.555458148295159
1566.788535430007 86.700453938877843
1589.5779994541087 86.843592036626404
1612.6989438654878 86.987241409720639
1636.156190157402 87.135176493204227
1659.9546299533442 87.286214168706067
1684.099226027109 87.436323294244829
1708.5950133376978 87.584741980292932
1733.4471000792773 87.734520484478836
1758.6606687464096 87.885251518853977
1784.2409772147755 88.032195013769865
1810.193359837619 88.174544143123143
1836.5232285581387 88.314651253073492
1863.2360740380593 88.447474269459633
1890.3374668026197 88.569564605923375
1917.833058402214 88.682832233608849
1945.7285825909298 88.787781183934626
1974.0298565222283 88.891929872001796
2002.7427819620161 89.018856735627594
2031.8733465193618 89.178333305513974
2061.4276248951132 89.365588880545516
2091.411780148677 89.567053045672708
2121.832064983222 89.772820637012174
2152.694823049581 89.979896629144065
2184.0064902691106 90.188942835776132
2215.7735961758003 90.394662335716333
2248.002765277899 90.596783350509995
2280.7007184393456 90.792990929406784
2313.874274281297 90.988664504545596
2347.530350604038 91.179416928322212
2381.6759658295764 91.356921728293628
2416.318240465218 91.531951055698187
2451.4643985884327 91.789581792631139
2487.1217693533167 92.146332082160143
2523.2977885189675 92.292499999999990
2560.0000000000887 92.190999999999548
2597.236057440151 92.093162662206026
2635.0137258074315 92.109260294355579
2673.340883014273 92.131878680469470
2712.225521559891 92.142222552155999
2751.6757501970797 92.140624318735220
2791.699795623158 92.197059632121679
2832.3060041955137 92.429096348193852
2873.502843672097 92.490183004566646
2915.2989049772345 92.359214708597904
2957.7029039931244 92.216547468394154
3000.723683377391 92.253748353826012
3044.370214407075 92.329512059746307
3088.6515988494466 92.406575703144725
3133.57707086003 92.470176625189282
3179.1559989082334 92.508868279312196
3225.3978877309914 92.519460211226900
3272.3123803148205 92.505397562236297
3319.9092599067053 92.474475314277441
3368.198452054235 92.425842012329497
3417.190026675413 92.354417453318035
3466.8942001585724 92.263042657681268
3517.3213374928373 92.159778764515181
3568.4819544295697 92.049654880710648
3620.386719675257 91.932498943156645
3673.0464571162966 91.809110361205541
3726.472148076138 91.680113794251938
3780.6749336052594 91.542464279294933
3835.6661168044484 91.401334707988880
3891.45716518188 91.260784228786207
3948.059713044477 91.116447731736585
4005.4855639240527 90.968286090189878
4063.746693038744 90.822820602055074
4122.855249790247 90.678171194251661
4182.823560297375 90.535570523375512
4243.664129966465 90.407805327070420
4305.389646099183 90.288336511643237
4368.012980538242 90.180394491580500
4431.5471923516225 90.092152799115269
4496.00553055582 90.008159523032063
4561.401436878714 89.928772807781897
4627.748548562617 89.861526306293655
4695.060701208099 89.802559015470734
4763.351931659176 89.749939760659856
4832.63648093046 89.703412652204506
4902.928797176889 89.661153955858595
4974.243538706657 89.624234319114336
5046.595577037959 89.596565215106182
5120.000000000202 89.575499999999948
5194.472114880326 89.557199629243357
5270.027451614888 89.539743823386658
5346.6817660285715 89.520162514342147
5424.451043119808 89.495759642358919
5503.351500394186 89.469470221299048
5583.399591246343 89.442206390509071
5664.612008391055 89.402255635552734
5747.005687344222 89.349420876675438
5830.597809954497 89.284838872488905
5915.405807986278 89.209554988734197
6001.447366754812 89.120398850527494
6088.740428814181 89.022636895616671
6177.303197698925 88.910030728787859
6267.154141720092 88.786689488206122
6358.3119978165005 88.657113843122403
6450.795775462017 88.523846125580079
6544.624760629676 88.388017220890134
6639.818519813445 88.250064053671451
6736.396904108505 88.111180365207005
6834.380053350861 87.975430728509849
6933.788400317181 87.845095557601937
7034.642674985712 87.721814497016567
7136.963908859177 87.608111993419342
7240.773439350552 87.510677381322807
7346.092914232631 87.433500534891124
7452.944296152315 87.377028117096785
7561.349867210557 87.344974402111177
7671.332233608935 87.333394863335457
7782.914330363799 87.340203085337805
7896.119426088994 87.361186571014841
8010.971127848146 87.379551399752103
8127.49338607753 87.388731888509966
8245.710499580537 87.368725915455599
8365.647120594791 87.296387744554764
8487.328259932974 87.171674919488993
8610.77929219841 86.971521524799343
8736.025961076528 86.678430200809231
8863.094384703289 86.287177817617618
8992.011061111683 85.801591669812666
9122.802873757471 85.228513865113086
9255.497097125279 84.589247083867377
9390.121402416245 83.921856885529508
9526.7038633184 83.247096134128483
9665.272961860968 82.577149938265961
9805.857594353829 81.923351803999594
9948.487077413367 81.291793390187195
10093.19115407597 80.685363082387255
10240.000000000457 80.110999999998270
10388.944229760706 79.572059879910668
10540.05490322983 79.068134236075650
10693.363532057198 78.600878486392986
10848.902086239672 78.177035881293662
11006.703000788428 77.785078669965515
11166.799182492743 77.420278947212438
11329.224016782166 77.091423611253049
11494.0113746885 76.786729620349774
11661.195619909053 76.529810325957072
11830.811615972614 76.291537430311990
12002.894733509682 76.071138668235676
12177.48085762842 75.866673184151082
12354.606395397908 75.685421162741164
12534.308283440243 75.510779462069380
12716.62399563306 75.348203363755573
12901.591550924093 75.188986135418247
13089.249521259411 75.027332198115118
13279.637039626952 74.835727385839277
13472.793808217073 74.558603516716246
13668.760106701786 74.287619946649102
13867.576800634426 74.230616042080896
14069.285349971487 74.225906065925557
14273.927817718419 74.162125830144433
14481.54687870117 74.140837851294165
14692.18582846533 74.220986791269297
14905.888592304698 74.434748751057896
15122.699734421185 74.821638809883865
15342.664467217943 75.406771492064934
15565.828660727671 76.165409247192770
15792.238852178061 76.952612945888148
16021.942255696367 77.413840579761768
16254.986772155136 77.034238943778149
16491.42099916115 75.623199477006267
16731.294241189662 73.649019678749156
16974.65651986603 71.228512966710696
17221.558584396902 68.536298688802873
17472.051922153143 65.882628636661565
17726.188769406665 63.672633500664361
17984.022122223458 61.639074827234772
18245.605747515034 59.627747859084543
18510.99419425065 57.610121917510327
18780.242804832582 55.765282863349967
19053.40772663689 55.060718596256507
19330.545923722028 56.156512370008684
19611.71518870775 57.904145043384787
19896.974154826825 59.448899561493000
20186.382308152035 59.929000000000002
