20 102.534999999999997
20.290906698750476 102.516091001551217
20.586044732869844 102.495953606741864
20.885475648548283 102.474065119106456
21.189261887185914 102.450823329237977
21.49746679841394 102.426946304238683
21.810154653305165 102.402712940804150
22.12739065777668 102.378127224022307
22.449240966187475 102.353306939846135
22.77577269513385 102.328690817342462
23.107053937445478 102.303114080280380
23.44315377638505 102.276786246562352
23.784142300054445 102.249308260245499
24.130090616010463 102.220442260779976
24.481070866093134 102.189929952234479
24.837156241469714 102.158155987121020
25.1984209978975 102.124898031447117
25.56494047120865 102.090124439957265
25.936791093020236 102.053991848355011
26.3140504066728 102.016214855360005
26.69679708340074 101.976090309888662
27.08511093873791 101.934446381815448
27.47907294916184 101.893395053698555
27.878765268980047 101.854865756033121
28.284271247461966 101.817631316480970
28.695675446220072 101.777649753593124
29.11306365684382 101.731640915580840
29.536522918790062 101.677678974719711
29.966141537533712 101.620969317045564
30.402009102982383 101.571322529828123
30.844216508158908 101.535265428862843
31.29285596815558 101.505705432030084
31.74802103936409 101.472658316850868
32.20980663898519 101.429001656433655
32.67830906482211 101.374033057832406
33.153626015361866 101.315833008233383
33.63585661014871 101.262686052205424
34.125101410453844 101.216116177290516
34.62146244024586 101.172568380377868
35.12504320746613 101.126996024913126
35.635948725613716 101.080128665969141
36.15428553564419 101.032960016256382
36.68016172818701 100.984024312365861
37.21368696608603 100.929067059798371
37.754972507267915 100.865856973959467
38.30413122794313 100.799420893558604
38.86127764614443 100.737473113255788
39.4265279456077 100.681301294531863
40.000000000000206 100.627499999999984
40.58181339750116 100.567379081855151
41.1720894657399 100.502093512912936
41.77095129709678 100.438574225471342
42.37852377437204 100.378887299383166
42.9949335968281 100.317918921377611
43.62030930661056 100.254168357730634
44.25478131555359 100.191710860962445
44.89848193237519 100.132221255213437
45.55154539026795 100.072213649169896
46.21410787489121 100.010742132795968
46.88630755277036 99.951040485738446
47.56828460010916 99.891805620124927
48.260181232021196 99.829023598886067
48.962141732186545 99.767841528271333
49.674312482939705 99.712155238032764
50.39684199579528 99.651292069504024
51.129880942417586 99.567580964415583
51.873582186040764 99.459195908109706
52.628100813345895 99.372006094073171
53.393594166801776 99.319566263721995
54.17022187747612 99.269617767578325
54.95814589832399 99.195876489205972
55.75753053796041 99.101308720640844
56.56854249492426 98.994531034432697
57.39135089244048 98.939630807139537
58.226127313687975 98.945969827538974
59.073045837580466 98.939568326418652
59.932283075067765 98.805097698751894
60.804018205965114 98.673106692549567
61.68843301631817 98.586829699384040
62.58571193631152 98.493143186878157
63.49604207872855 98.394903707969689
64.41961327797075 98.306154418260604
65.35661812964459 98.222939295526459
66.3072520307241 98.146182244018291
67.27171322029778 98.074736247800672
68.25020282090806 97.984985396894615
69.2429248804921 97.920675692579081
70.25008641493265 97.855738679643821
71.27189745122783 97.723376869870904
72.30857107128878 97.618268587327648
73.36032345637442 97.572546576560455
74.42737393217246 97.513305894188818
75.50994501453623 97.426367043021429
76.60826245588666 97.334867764462047
77.72255529228926 97.246321979548256
78.85305589121582 97.164463131743446
80.00000000000082 97.087999999999937
81.16362679500274 97.001212617904258
82.34417893148023 96.908285863588986
83.541902594194 96.812247253973055
84.75704754874454 96.715733783808844
85.98986719365665 96.622259774875189
87.24061861322157 96.532856178857770
88.50956263110764 96.446394366696524
89.79696386475084 96.364858955232449
91.10309078053635 96.284895143088562
92.42821574978288 96.203417482126866
93.77261510554118 96.121664337437863
95.13656920021877 96.042431771233964
96.52036246404286 95.966988894955733
97.92428346437356 95.895938618022001
99.34862496587989 95.828126170643486
100.79368399159105 95.760696852395228
102.25976188483567 95.694070477067228
103.74716437208203 95.629211871475206
105.25620162669229 95.565414158533301
106.78718833360406 95.503537258878254
108.34044375495276 95.441882249801893
109.9162917966485 95.378848282319410
111.51506107592134 95.315877952575988
113.13708498984903 95.254359383948355
114.78270178488147 95.192239244588023
116.45225462737648 95.125249619051061
118.14609167516147 95.054903477327656
119.86456615013608 94.983190160419440
121.60803641193078 94.911818507920628
123.3768660326369 94.840269655126264
125.17142387262359 94.768100175422049
126.99208415745765 94.701441082541464
128.83922655594208 94.638206076113960
130.71323625928977 94.575025177543949
132.61450406144883 94.508416975741767
134.5434264405962 94.436034655596444
136.50040564181674 94.360360295484142
138.48584976098482 94.292153281811935
140.50017282986593 94.237162576359850
142.5437949024563 94.188796853975205
144.61714214257822 94.132720020007810
146.7206469127495 94.070036463234970
148.8547478643456 94.008567059798324
151.01989002907314 93.951614683290614
153.216524911774 93.900309671870389
155.4451105845792 93.855022142179081
157.70611178243232 93.818109103323778
160.00000000000236 93.791499999999985
162.3272535900062 93.781725534921975
164.6883578629612 93.789753431451842
167.08380518838874 93.818922989524410
169.51409509748981 93.868004454105773
171.97973438731407 93.940663659761668
174.4812372264439 94.033079509495451
177.01912526221608 94.129726759964200
179.5939277295025 94.230919538088301
182.20618156107355 94.334806026130721
184.85643149956664 94.433216679184056
187.54523021108326 94.521766445910330
190.27313840043846 94.596727555529995
193.04072492808663 94.656908613748698
195.84856692874806 94.701522229916478
198.69724993176072 94.732535799399500
201.58736798318304 94.753788769229629
204.5195237696723 94.767818333193844
207.49432874416505 94.773498109581382
210.5124032533856 94.770218991866528
213.57437666720915 94.759415304997560
216.68088750990657 94.742084896818028
219.83258359329807 94.723046352541886
223.03012215184378 94.702682971282002
226.2741699796992 94.683992065111653
229.5654035697641 94.670165952982572
232.90450925475412 94.662690981490499
236.2921833503241 94.663620889619438
239.72913230027333 94.670924406138084
243.21607282386276 94.684688400531257
246.75373206527502 94.704145526359014
250.34284774524843 94.726299950662565
253.9841683149166 94.745416883653320
257.67845311188546 94.758374585891602
261.42647251858085 94.762069854388926
265.22900812289896 94.756755723600577
269.08685288119375 94.744080211074234
273.0008112836349 94.723744929477277
276.97169952197106 94.697833716025457
281.00034565973334 94.667197131024210
285.0875898049141 94.633202932775276
289.23428428515797 94.595468013005046
293.44129382550057 94.556495967422848
297.7094957286928 94.515988841004543
302.0397800581479 94.474367116940329
306.4330498235497 94.431575010068428
310.89022116916016 94.387584065954542
315.41222356486645 94.344001431420793
320.00000000000654 94.299499999999938
324.6545071800142 94.253420378917866
329.3767157259242 94.207108185885943
334.16761037677935 94.159740657269879
339.02819019498156 94.110009640991692
343.95946877463007 94.058821524743848
348.9624744528898 94.006394018244663
354.03825052443415 93.952694544440988
359.187855459007 93.900202659864021
364.4123631221491 93.848317605090728
369.71286299913527 93.796313942608478
375.0904604221685 93.744211702035386
380.54627680087896 93.696668159306626
386.08144985617537 93.652980981093066
391.6971338574982 93.616936484256740
397.3944998635236 93.583809150723326
403.1747359663683 93.558888424117697
409.0390475393468 93.546467460383866
414.9886574883323 93.547486767069728
421.0248065067734 93.558129901051672
427.1487533344206 93.578601892227837
433.3617750198154 93.619165531423391
439.6651671865984 93.685837542510541
446.06024430368984 93.777009092086814
452.54833995940066 93.892182961216434
459.13080713953053 94.028902468805555
465.8090185095106 94.179877098555252
472.58436670065066 94.340042436522623
479.45826460054917 94.502587665584372
486.432145647728 94.659563989685239
493.50746413055253 94.801684463744579
500.6856954904994 94.929928271879845
507.9683366298358 95.045995365038010
515.3569062237735 95.148012314400574
522.8529450371643 95.241702249797740
530.4580162458005 95.327694666519449
538.1737057623901 95.406675019851619
546.0016225672724 95.481729236512734
553.9433990439449 95.553883279194281
562.0006913194694 95.622405495989781
570.1751796098309 95.687252534210288
578.4685685703187 95.746550265277790
586.8825876510039 95.800860302201329
595.4189914573883 95.850846352161369
604.0795601162986 95.896897800581485
612.8660996471021 95.939440184050625
621.780442338323 95.979527673212573
630.8244471297356 96.018003900301380
640.0000000000159 96.057000000000059
649.3090143600314 96.095632409594131
658.7534314518515 96.134389068952601
668.3352207535618 96.174924688202637
678.0563803899662 96.217045254696359
687.9189375492632 96.260739272094213
697.9249489057827 96.306454764966603
708.0765010488715 96.353555729877257
718.3757109180171 96.402703412406481
728.8247262443015 96.454623631221523
739.425725998274 96.507628629991359
750.1809208443404 96.561912142590216
761.0925536017613 96.616924957742214
772.1628997123541 96.673487140836272
783.3942677149998 96.730939907926739
794.7889997270506 96.788727873623884
806.34947193274 96.846218237002645
818.0780950786972 96.903689156730564
829.9773149766683 96.961429398926299
842.0496130135506 97.019066927938795
854.2975066688449 97.076913156677023
866.7235500396347 97.135664350185976
879.3303343732008 97.194636054835371
892.1204886073838 97.254228946834473
905.0966799188055 97.314784506287765
918.2616142790653 97.376863083484778
931.6180370190256 97.440308405897696
945.1687334013056 97.505447575331360
958.9165292011028 97.572468079855383
972.8642912954606 97.640567884404746
987.0149282611097 97.711536753930972
1001.3713909810035 97.782902667937719
1015.9366732596762 97.856277033624352
1030.7138124475518 97.931620048841154
1045.7058900743334 98.007636068501313
1060.916032491606 98.084641231290803
1076.3474115247852 98.162871798776408
1092.0032451345498 98.242641428493670
1107.8867980878947 98.323001376085472
1124.0013826389438 98.404006913194721
1140.350359219667 98.485653864464183
1156.9371371406426 98.567712699079991
1173.765175302013 98.650605229597318
1190.837982914782 98.733314109838659
1208.1591202326028 98.816678709667983
1225.73219929421 98.899113782437396
1243.5608846766518 98.981950795157701
1261.648894259477 99.065973210068904
1280.0000000000375 99.150500000000179
1298.6180287200684 99.236142932112315
1317.5068629037087 99.323031569357056
1336.6704415071292 99.410767269895118
1356.112760779938 99.498910242529220
1375.8378750985323 99.586978544188469
1395.8498978115715 99.675239550370918
1416.153002097749 99.764034775826843
1436.7514218360407 99.854037470532674
1457.6494524886093 99.945504601900112
1478.8514519965543 100.038369359744905
1500.3618416886875 100.132577629762679
1522.1851072035295 100.227727067407386
1544.3257994247153 100.324260485491749
1566.788535430007 100.421862243766242
1589.5779994541087 100.521643197598081
1612.6989438654878 100.623121374130832
1636.156190157402 100.726533484298869
1659.9546299533442 100.832994927389109
1684.099226027109 100.942310486163080
1708.5950133376978 101.054037061353412
1733.4471000792773 101.169201370372605
1758.6606687464096 101.287878356483048
1784.2409772147755 101.409726329719518
1810.193359837619 101.535743596007592
1836.5232285581387 101.665616142790697
1863.2360740380593 101.799974534632582
1890.3374668026197 101.938027830029412
1917.833058402214 102.079875242523471
1945.7285825909298 102.226446916080107
1974.0298565222283 102.376358239567807
2002.7427819620161 102.530356735627578
2031.8733465193618 102.688209738530531
2061.4276248951132 102.849351936923114
2091.411780148677 103.014335379825155
2121.832064983222 103.183259563906049
2152.694823049581 103.356567064942027
2184.0064902691106 103.533336994533926
2215.7735961758003 103.714212328249857
2248.002765277899 103.897749141505329
2280.7007184393456 104.084850785718913
2313.874274281297 104.274352125498709
2347.530350604038 104.465630825932948
2381.6759658295764 104.658427307791371
2416.318240465218 104.852338205256387
2451.4643985884327 105.045480972306962
2487.1217693533167 105.237816103217682
2523.2977885189675 105.426483610872680
2560.0000000000887 105.611500000000433
2597.236057440151 105.791294019250699
2635.0137258074315 105.964560851079611
2673.340883014273 106.127572903471560
2712.225521559891 106.281697832646245
2751.6757501970797 106.422365125689780
2791.699795623158 106.549373118986495
2832.3060041955137 106.659641730992249
2873.502843672097 106.755120943274676
2915.2989049772345 106.834366291764482
2957.7029039931244 106.896588049192786
3000.723683377391 106.941443256068652
3044.370214407075 106.966811064322115
3088.6515988494466 106.974966289971235
3133.57707086003 106.969605732284990
3179.1559989082334 106.949172640611380
3225.3978877309914 106.916673732060588
3272.3123803148205 106.872848876866300
3319.9092599067053 106.819011610314760
3368.198452054235 106.757978043288404
3417.190026675413 106.692965364254945
3466.8942001585724 106.626868597792281
3517.3213374928373 106.562021541508869
3568.4819544295697 106.499876113317399
3620.386719675257 106.440982342750715
3673.0464571162966 106.385262149170217
3726.472148076138 106.331557294885386
3780.6749336052594 106.278920599737788
3835.6661168044484 106.224863899691428
3891.45716518188 106.162812650805037
3948.059713044477 106.092413231900935
4005.4855639240527 106.000120298217297
4063.746693038744 105.882633267403151
4122.855249790247 105.733339075636252
4182.823560297375 105.549956192656481
4243.664129966465 105.333537594833572
4305.389646099183 105.092210897908231
4368.012980538242 104.831312364748356
4431.5471923516225 104.559226318493046
4496.00553055582 104.282642931364592
4561.401436878714 104.007428353457883
4627.748548562617 103.734441234511507
4695.060701208099 103.466370841725620
4763.351931659176 103.201571917814292
4832.63648093046 102.937734102082857
4902.928797176889 102.671840982116066
4974.243538706657 102.400803827269584
5046.595577037959 102.121359694264939
5120.000000000202 101.831214285713472
5194.472114880326 101.528029013063801
5270.027451614888 101.211634016927093
5346.6817660285715 100.886310733340892
5424.451043119808 100.557488111445949
5503.351500394186 100.233164259112201
5583.399591246343 99.922600316037446
5664.612008391055 99.635442450966949
5747.005687344222 99.371512881093892
5830.597809954497 99.133975584616039
5915.405807986278 98.925032948428480
6001.447366754812 98.747102798812335
6088.740428814181 98.605637442541564
6177.303197698925 98.500061962186024
6267.154141720092 98.432975795282445
6358.3119978165005 98.408668800218351
6450.795775462017 98.425834225694047
6544.624760629676 98.487331655976163
6639.818519813445 98.591954094347216
6736.396904108505 98.735920690546081
6834.380053350861 98.913416306168216
6933.788400317181 99.115124582667676
7034.642674985712 99.326556763970274
7136.963908859177 99.538460832705596
7240.773439350552 99.758924769751729
7346.092914232631 99.999779277588999
7452.944296152315 100.244536337458129
7561.349867210557 100.470677236634259
7671.332233608935 100.660642012062041
7782.914330363799 100.790336945916863
7896.119426088994 100.830999987100313
8010.971127848146 100.755994751835374
8127.49338607753 100.569304080570760
8245.710499580537 100.290129820221352
8365.647120594791 99.956632858952247
8487.328259932974 99.620005681935154
8610.77929219841 99.321437600644629
8736.025961076528 99.091992031151591
8863.094384703289 98.944738470730556
8992.011061111683 98.888015133110855
9122.802873757471 98.928986138580086
9255.497097125279 99.074119919969235
9390.121402416245 99.314773155436555
9526.7038633184 99.629315988781798
9665.272961860968 99.976985897546868
9805.857594353829 100.302437742228079
9948.487077413367 100.542321023702044
10093.19115407597 100.619182938489132
10240.000000000457 100.510199999999415
10388.944229760706 100.207145188000496
10540.05490322983 99.732935927002274
10693.363532057198 99.159270107241696
10848.902086239672 98.525726668484566
11006.703000788428 97.883353528071652
11166.799182492743 97.286311496936690
11329.224016782166 96.801006330181679
11494.0113746885 96.426602013650324
11661.195619909053 96.238650232826501
11830.811615972614 96.154195601163281
12002.894733509682 96.191590586320373
12177.48085762842 96.256446811441265
12354.606395397908 96.319876017458796
12534.308283440243 96.366489325350443
12716.62399563306 96.386110399927219
12901.591550924093 96.382855814814903
13089.249521259411 96.374277164742438
13279.637039626952 96.397922870920723
13472.793808217073 96.408213300274411
13668.760106701786 96.334743127442778
13867.576800634426 96.202081905592379
14069.285349971487 96.129702314161449
14273.927817718419 96.167220099915042
14481.54687870117 96.449312857216043
14692.18582846533 97.058669945279149
14905.888592304698 97.940922431878718
15122.699734421185 98.942234757091143
15342.664467217943 99.732966039026550
15565.828660727671 99.862432640851864
15792.238852178061 98.943017820069429
16021.942255696367 96.945455397846231
16254.986772155136 94.304040479712455
16491.42099916115 91.793108988908600
16731.294241189662 89.706393287015601
16974.65651986603 87.928371683044062
17221.558584396902 86.279282171292522
17472.051922153143 84.561506360209137
17726.188769406665 82.696107861468306
17984.022122223458 80.744708180812850
18245.605747515034 78.837455004070677
18510.99419425065 77.156105443615871
18780.242804832582 76.225658254338128
19053.40772663689 76.704162391846978
19330.545923722028 77.725044359340217
19611.71518870775 78.075048228291053
19896.974154826825 77.832315443654096
20186.382308152035 77.698999999999998
