20 106.234499999999997
20.290906698750476 106.215106155437155
20.586044732869844 106.193046641545962
20.885475648548283 106.169161948116141
21.189261887185914 106.142930720008152
21.49746679841394 106.116227966212662
21.810154653305165 106.088085995772559
22.12739065777668 106.059534840800097
22.449240966187475 106.030732463822204
22.77577269513385 106.002685671024409
23.107053937445478 105.975435656456540
23.44315377638505 105.949024837061017
23.784142300054445 105.923419505370987
24.130090616010463 105.897526352860382
24.481070866093134 105.870240661841862
24.837156241469714 105.841570358445381
25.1984209978975 105.810390136436595
25.56494047120865 105.777655320479511
25.936791093020236 105.744017783922985
26.3140504066728 105.709735519184505
26.69679708340074 105.675042266139684
27.08511093873791 105.638914519438174
27.47907294916184 105.600790416932767
27.878765268980047 105.560775016515777
28.284271247461966 105.519504332758885
28.695675446220072 105.477736779931774
29.11306365684382 105.435693634315626
29.536522918790062 105.393165093527045
29.966141537533712 105.348055138558962
30.402009102982383 105.301782347902417
30.844216508158908 105.253816524279031
31.29285596815558 105.204544773542693
31.74802103936409 105.153721643591211
32.20980663898519 105.102421269711641
32.67830906482211 105.051777548193684
33.153626015361866 105.002330146433081
33.63585661014871 104.952055772883654
34.125101410453844 104.897613337797807
34.62146244024586 104.841139131572959
35.12504320746613 104.786370463216059
35.635948725613716 104.731909691456877
36.15428553564419 104.672368593580117
36.68016172818701 104.608781401258497
37.21368696608603 104.553836607882687
37.754972507267915 104.510559212232664
38.30413122794313 104.464171330823277
38.86127764614443 104.385377349675252
39.4265279456077 104.286811705499275
40.000000000000206 104.217500000000001
40.58181339750116 104.197136463209006
41.1720894657399 104.162651424186606
41.77095129709678 104.071075028457358
42.37852377437204 103.957820144071334
42.9949335968281 103.882206907028021
43.62030930661056 103.846718927096873
44.25478131555359 103.803372891213471
44.89848193237519 103.736920820677199
45.55154539026795 103.659240925837565
46.21410787489121 103.578701367455935
46.88630755277036 103.492656606412169
47.56828460010916 103.403415662535338
48.260181232021196 103.316296930301291
48.962141732186545 103.225360024161034
49.674312482939705 103.131839518349565
50.39684199579528 103.040390741633757
51.129880942417586 102.948793556860693
51.873582186040764 102.852633853081969
52.628100813345895 102.755719893723295
53.393594166801776 102.664966597547306
54.17022187747612 102.578511097120725
54.95814589832399 102.488004310548519
55.75753053796041 102.394338653799196
56.56854249492426 102.304028868053251
57.39135089244048 102.211994647369352
58.226127313687975 102.113960213102700
59.073045837580466 102.008759701546069
59.932283075067765 101.900066191003930
60.804018205965114 101.787494729114769
61.68843301631817 101.676580501428305
62.58571193631152 101.564303933420589
63.49604207872855 101.450490782237665
64.41961327797075 101.337016986726553
65.35661812964459 101.222457660988894
66.3072520307241 101.105361626236288
67.27171322029778 100.987350987123676
68.25020282090806 100.867099545976032
69.2429248804921 100.742634389938502
70.25008641493265 100.617864587000611
71.27189745122783 100.494872305852667
72.30857107128878 100.370317185909698
73.36032345637442 100.242680214865942
74.42737393217246 100.112074067241053
75.50994501453623 99.979606624307095
76.60826245588666 99.843938010221706
77.72255529228926 99.706536632580423
78.85305589121582 99.569390477445552
80.00000000000082 99.426499999999891
81.16362679500274 99.278137212730172
82.34417893148023 99.126516967993751
83.541902594194 98.981471977222924
84.75704754874454 98.838445753948875
85.98986719365665 98.693690313971132
87.24061861322157 98.542524741951354
88.50956263110764 98.387320608830066
89.79696386475084 98.228541123347398
91.10309078053635 98.066532552331452
92.42821574978288 97.899083447623354
93.77261510554118 97.727007749157039
95.13656920021877 97.554201191391940
96.52036246404286 97.379454409407543
97.92428346437356 97.205106988341257
99.34862496587989 97.031479420335614
100.79368399159105 96.856728798348001
102.25976188483567 96.680581827781339
103.74716437208203 96.503674623622274
105.25620162669229 96.324826167238001
106.78718833360406 96.142299796078717
108.34044375495276 95.958668080670520
109.9162917966485 95.775267287035177
111.51506107592134 95.592075127698763
113.13708498984903 95.409709864675463
114.78270178488147 95.230269075374963
116.45225462737648 95.072336205465376
118.14609167516147 94.934015438492878
119.86456615013608 94.834211651827985
121.60803641193078 94.751538534329129
123.3768660326369 94.707151350888893
125.17142387262359 94.686000000000007
126.99208415745765 94.688296392734799
128.83922655594208 94.698874585891602
130.71323625928977 94.711992653815031
132.61450406144883 94.715656487815650
134.5434264405962 94.708375297966569
136.50040564181674 94.699499594358173
138.48584976098482 94.700915098565901
140.50017282986593 94.717669316724610
142.5437949024563 94.749004855170995
144.61714214257822 94.792789983743660
146.7206469127495 94.844172043436188
148.8547478643456 94.895472049598553
151.01989002907314 94.939430174482624
153.216524911774 94.967439319576528
155.4451105845792 94.972795203791037
157.70611178243232 94.954784656194050
160.00000000000236 94.918999999999954
162.3272535900062 94.865938618147851
164.6883578629612 94.801601322982265
167.08380518838874 94.733403171612082
169.51409509748981 94.665105337270290
171.97973438731407 94.593691755890433
174.4812372264439 94.519855378097247
177.01912526221608 94.449579792867723
179.5939277295025 94.387083305583729
182.20618156107355 94.335141314027396
184.85643149956664 94.290854523407106
187.54523021108326 94.251948191424788
190.27313840043846 94.219213988315516
193.04072492808663 94.191525330661605
195.84856692874806 94.166881177955759
198.69724993176072 94.146337600436738
201.58736798318304 94.127152985448248
204.5195237696723 94.109395873228408
207.49432874416505 94.093530246697782
210.5124032533856 94.077937983733079
213.57437666720915 94.062628116663944
216.68088750990657 94.049106228082906
219.83258359329807 94.037085957423457
223.03012215184378 94.028924694620386
226.2741699796992 94.023846801690354
229.5654035697641 94.022144865476747
232.90450925475412 94.023452254627387
236.2921833503241 94.028266981294593
239.72913230027333 94.037288972288223
243.21607282386276 94.050891300398433
246.75373206527502 94.065484144769258
250.34284774524843 94.084728510344121
253.9841683149166 94.108397094046950
257.67845311188546 94.136088398339126
261.42647251858085 94.165055162019002
265.22900812289896 94.195274812952462
269.08685288119375 94.225165872089150
273.0008112836349 94.255131186037715
276.97169952197106 94.284558971773293
281.00034565973334 94.309801659166723
285.0875898049141 94.329262769414754
289.23428428515797 94.341702852855477
293.44129382550057 94.349850199503351
297.7094957286928 94.352770949572857
302.0397800581479 94.351980109970924
306.4330498235497 94.349377966784303
310.89022116916016 94.345596056476978
315.41222356486645 94.343381664652696
320.00000000000654 94.336499999999987
324.6545071800142 94.326725534921962
329.3767157259242 94.318121911693339
334.16761037677935 94.309081540284126
339.02819019498156 94.299846438629530
343.95946877463007 94.289289168695817
348.9624744528898 94.275508824086614
354.03825052443415 94.258769948216923
359.187855459007 94.240842505893482
364.4123631221491 94.221233020135827
369.71286299913527 94.201562406903193
375.0904604221685 94.181696311439865
380.54627680087896 94.163380356454198
386.08144985617537 94.146255650431470
391.6971338574982 94.127060031498758
397.3944998635236 94.109992650313899
403.1747359663683 94.102941754677886
409.0390475393468 94.103266269808060
414.9886574883323 94.106741493116246
421.0248065067734 94.117210189089803
427.1487533344206 94.138743766672093
433.3617750198154 94.173941981383749
439.6651671865984 94.220202075662300
446.06024430368984 94.276789191138121
452.54833995940066 94.347825245516873
459.13080713953053 94.430995550466719
465.8090185095106 94.522143677342271
472.58436670065066 94.620455681452427
479.45826460054917 94.724784653837048
486.432145647728 94.835357544928428
493.50746413055253 94.950943520421177
500.6856954904994 95.069285391242957
507.9683366298358 95.194455785825312
515.3569062237735 95.331347832122844
522.8529450371643 95.461867703038877
530.4580162458005 95.572427495717733
538.1737057623901 95.689527443287375
546.0016225672724 95.824382872138173
553.9433990439449 95.947193436376210
562.0006913194694 96.059308918021145
570.1751796098309 96.164497047552075
578.4685685703187 96.259041681701632
586.8825876510039 96.344981747127491
595.4189914573883 96.423145225679278
604.0795601162986 96.494106645886774
612.8660996471021 96.558410276075932
621.780442338323 96.616119923269451
630.8244471297356 96.665581013292197
640.0000000000159 96.711000000000070
649.3090143600314 96.752890564620145
658.7534314518515 96.791889068952585
668.3352207535618 96.829090599901207
678.0563803899662 96.864502969403873
687.9189375492632 96.899216281422412
697.9249489057827 96.935029816060819
708.0765010488715 96.971171578723499
718.3757109180171 97.007314988213068
728.8247262443015 97.043004069230619
739.425725998274 97.077633609494399
750.1809208443404 97.112557839270039
761.0925536017613 97.146202040272101
772.1628997123541 97.178706937620731
783.3942677149998 97.213474228947305
794.7889997270506 97.248649874169772
806.34947193274 97.283283854467683
818.0780950786972 97.318234285236088
829.9773149766683 97.354123380121422
842.0496130135506 97.391155040667343
854.2975066688449 97.429250645562263
866.7235500396347 97.468079025126514
879.3303343732008 97.508573586712899
892.1204886073838 97.550734962024620
905.0966799188055 97.594201294725963
918.2616142790653 97.639897312613584
931.6180370190256 97.688181289107973
945.1687334013056 97.738980144705010
958.9165292011028 97.792423072704310
972.8642912954606 97.848792879896877
987.0149282611097 97.907408163546151
1001.3713909810035 97.969079833349113
1015.9366732596762 98.033777474552522
1030.7138124475518 98.101390609125872
1045.7058900743334 98.172816214112373
1060.916032491606 98.247019093625255
1076.3474115247852 98.323237057623913
1092.0032451345498 98.401516225672751
1107.8867980878947 98.480933990439468
1124.0013826389438 98.561506913194719
1140.350359219667 98.643251796098326
1156.9371371406426 98.725870361287733
1173.765175302013 98.809215553053690
1190.837982914782 98.893147800832111
1208.1591202326028 98.978064266852385
1225.73219929421 99.063705629922012
1243.5608846766518 99.149735337899557
1261.648894259477 99.236026395970171
1280.0000000000375 99.322000000000173
1298.6180287200684 99.407642932112310
1317.5068629037087 99.494030196776322
1336.6704415071292 99.579183464706716
1356.112760779938 99.663687690373237
1375.8378750985323 99.748206916046229
1395.8498978115715 99.833362065699177
1416.153002097749 99.918842608810536
1436.7514218360407 100.005355971711367
1457.6494524886093 100.092974711402377
1478.8514519965543 100.181676098385537
1500.3618416886875 100.272041445593800
1522.1851072035295 100.365008556687030
1544.3257994247153 100.460487453514759
1566.788535430007 100.558198014474840
1589.5779994541087 100.659017877565333
1612.6989438654878 100.763153205149308
1636.156190157402 100.870987846133488
1659.9546299533442 100.983481316375119
1684.099226027109 101.101132161094455
1708.5950133376978 101.223662667755505
1733.4471000792773 101.351093862413819
1758.6606687464096 101.483574757730906
1784.2409772147755 101.620586096504098
1810.193359837619 101.762471213500419
1836.5232285581387 101.909260544496746
1863.2360740380593 102.060445622016942
1890.3374668026197 102.216150558119139
1917.833058402214 102.376145061068925
1945.7285825909298 102.540713208938314
1974.0298565222283 102.710179139133373
2002.7427819620161 102.883230969968295
2031.8733465193618 103.060958636210103
2061.4276248951132 103.241779893104962
2091.411780148677 103.426205977583507
2121.832064983222 103.613813001271396
2152.694823049581 103.804073161754928
2184.0064902691106 103.996339428384843
2215.7735961758003 104.187944407102606
2248.002765277899 104.379949556297021
2280.7007184393456 104.569994095104278
2313.874274281297 104.756077270642436
2347.530350604038 104.935949995651072
2381.6759658295764 105.106670333419189
2416.318240465218 105.268344199395813
2451.4643985884327 105.413516069441954
2487.1217693533167 105.544428652978723
2523.2977885189675 105.652651363140137
2560.0000000000887 105.739250000000169
2597.236057440151 105.800829621082187
2635.0137258074315 105.837758006721003
2673.340883014273 105.845332955849287
2712.225521559891 105.829312560267397
2751.6757501970797 105.783613418498732
2791.699795623158 105.712770388316002
2832.3060041955137 105.613650509175571
2873.502843672097 105.492320843375850
2915.2989049772345 105.349629106335371
2957.7029039931244 105.187301861308725
3000.723683377391 105.007270562928397
3044.370214407075 104.811824176820664
3088.6515988494466 104.605604340421991
3133.57707086003 104.392124773257606
3179.1559989082334 104.173259645251392
3225.3978877309914 103.952106054400474
3272.3123803148205 103.731024307732923
3319.9092599067053 103.512408330419817
3368.198452054235 103.298564671646247
3417.190026675413 103.091708491697830
3466.8942001585724 102.894470981399010
3517.3213374928373 102.708548532149990
3568.4819544295697 102.535912204458270
3620.386719675257 102.378509450515764
3673.0464571162966 102.238075250922748
3726.472148076138 102.115908489040109
3780.6749336052594 102.015229039545488
3835.6661168044484 101.930230676330524
3891.45716518188 101.871370696984044
3948.059713044477 101.827503722390531
4005.4855639240527 101.811457130327000
4063.746693038744 101.817873346519377
4122.855249790247 101.848569724811227
4182.823560297375 101.903731133250091
4243.664129966465 101.984127600312831
4305.389646099183 102.086200817984448
4368.012980538242 102.211959727094410
4431.5471923516225 102.360196279223800
4496.00553055582 102.525147666690501
4561.401436878714 102.705238411608875
4627.748548562617 102.896164504545652
4695.060701208099 103.092460880629091
4763.351931659176 103.287050215479780
4832.63648093046 103.470959378279630
4902.928797176889 103.629298417130258
4974.243538706657 103.751299502899087
5046.595577037959 103.801061117824361
5120.000000000202 103.764642857142618
5194.472114880326 103.604978078335080
5270.027451614888 103.304311737289297
5346.6817660285715 102.880782422037328
5424.451043119808 102.367882757768200
5503.351500394186 101.817801661532059
5583.399591246343 101.302478822593329
5664.612008391055 100.881724218925797
5747.005687344222 100.554556373947662
5830.597809954497 100.318121500543498
5915.405807986278 100.156550856176878
6001.447366754812 100.051387336807238
6088.740428814181 99.986629785592910
6177.303197698925 99.947809040690316
6267.154141720092 99.930579299213747
6358.3119978165005 99.935663679694301
6450.795775462017 99.963850141203295
6544.624760629676 100.019861065684850
6639.818519813445 100.107295834790122
6736.396904108505 100.228321464518956
6834.380053350861 100.382696494964534
6933.788400317181 100.567752568640714
7034.642674985712 100.776674604718991
7136.963908859177 100.999081321313014
7240.773439350552 101.218046878701102
7346.092914232631 101.410018198201044
7452.944296152315 101.548150131710031
7561.349867210557 101.600634986721047
7671.332233608935 101.552403723042886
7782.914330363799 101.394683195211513
7896.119426088994 101.120873058181687
8010.971127848146 100.734341210411202
8127.49338607753 100.261866224798155
8245.710499580537 99.731253257651986
8365.647120594791 99.175130482469569
8487.328259932974 98.623734025969398
8610.77929219841 98.103996455071638
8736.025961076528 97.642897749463572
8863.094384703289 97.253617124661119
8992.011061111683 96.944646823535663
9122.802873757471 96.726477413618284
9255.497097125279 96.611344576881208
9390.121402416245 96.603205429100768
9526.7038633184 96.714053005228720
9665.272961860968 96.946600516094122
9805.857594353829 97.302935988976458
9948.487077413367 97.791889885218907
10093.19115407597 98.417126122848202
10240.000000000457 99.132000000002307
10388.944229760706 99.867967804156578
10540.05490322983 100.495457945982992
10693.363532057198 100.884952545779527
10848.902086239672 100.894817796005100
11006.703000788428 100.476206390995429
11166.799182492743 99.736169953644776
11329.224016782166 98.831371615965566
11494.0113746885 97.954916278170629
11661.195619909053 97.294604374991479
11830.811615972614 96.822362907169691
12002.894733509682 96.626121967362991
12177.48085762842 96.592468086864756
12354.606395397908 96.780714680290387
12534.308283440243 97.085464915850935
12716.62399563306 97.531769267758023
12901.591550924093 98.157933648141068
13089.249521259411 98.882829579264921
13279.637039626952 99.800587384731443
13472.793808217073 100.954444623410581
13668.760106701786 102.324842107465770
13867.576800634426 103.856924985059550
14069.285349971487 105.407928349962987
14273.927817718419 106.869757711235238
14481.54687870117 107.882038298090322
14692.18582846533 108.196622994158389
14905.888592304698 107.982282762005440
15122.699734421185 107.445354791424876
15342.664467217943 106.796531729330212
15565.828660727671 106.102543450666204
15792.238852178061 105.171769556217043
16021.942255696367 103.667222427198652
16254.986772155136 101.761245557700576
16491.42099916115 100.231988977425686
16731.294241189662 98.811401388498609
16974.65651986603 97.127955047898070
17221.558584396902 95.329577396552267
17472.051922153143 93.719020059680759
17726.188769406665 92.522388649975937
17984.022122223458 91.979718852664377
18245.605747515034 92.415177285793476
18510.99419425065 93.499857183082440
18780.242804832582 94.974513986519554
19053.40772663689 96.873019288856142
19330.545923722028 98.876964881904840
19611.71518870775 100.403549109541132
19896.974154826825 100.923500000000004
20186.382308152035 100.923500000000004
