20 105.418499999999995
20.290906698750476 105.399106155437153
20.586044732869844 105.381814054535738
20.885475648548283 105.363395668339521
21.189261887185914 105.342733836929511
21.49746679841394 105.318349800015255
21.810154653305165 105.290535217759924
22.12739065777668 105.260557125833429
22.449240966187475 105.230896599829038
22.77577269513385 105.204695963660512
23.107053937445478 105.182041470870956
23.44315377638505 105.159717789554392
23.784142300054445 105.133808260245502
24.130090616010463 105.102557258203120
24.481070866093134 105.063950500814173
24.837156241469714 105.022041316161364
25.1984209978975 104.981417768973387
25.56494047120865 104.944949144375073
25.936791093020236 104.912214708752288
26.3140504066728 104.880805768118705
26.69679708340074 104.846550273431177
27.08511093873791 104.808988967829649
27.47907294916184 104.768546212889987
27.878765268980047 104.727078103343331
28.284271247461966 104.686072875253814
28.695675446220072 104.643954078146891
29.11306365684382 104.599789125060866
29.536522918790062 104.554201616445837
29.966141537533712 104.509521280096493
30.402009102982383 104.465795741877656
30.844216508158908 104.420177063950774
31.29285596815558 104.371303703582498
31.74802103936409 104.318981538394411
32.20980663898519 104.266421269711628
32.67830906482211 104.215955857258507
33.153626015361866 104.166215642371640
33.63585661014871 104.114419916273491
34.125101410453844 104.060113743439615
34.62146244024586 104.005746443774171
35.12504320746613 103.953120549630995
35.635948725613716 103.899953486359337
36.15428553564419 103.842948592329634
36.68016172818701 103.780880592617564
37.21368696608603 103.717284938001853
37.754972507267915 103.654360326511778
38.30413122794313 103.591316763330667
38.86127764614443 103.525949172360654
39.4265279456077 103.459178897273716
40.000000000000206 103.391999999999967
40.58181339750116 103.323636697915930
41.1720894657399 103.251895886355555
41.77095129709678 103.176655181465918
42.37852377437204 103.101510969294068
42.9949335968281 103.026282878328843
43.62030930661056 102.951062955391961
44.25478131555359 102.873737643975034
44.89848193237519 102.795766807394017
45.55154539026795 102.720719560920585
46.21410787489121 102.646295413602019
46.88630755277036 102.564156606412183
47.56828460010916 102.474281592154426
48.260181232021196 102.380935848909161
48.962141732186545 102.286423808597817
49.674312482939705 102.190653739856288
50.39684199579528 102.098638768191165
51.129880942417586 102.010356741950034
51.873582186040764 101.921102825568099
52.628100813345895 101.826684768287706
53.393594166801776 101.733498624253315
54.17022187747612 101.646597764328945
54.95814589832399 101.561431269781352
55.75753053796041 101.465308720640849
56.56854249492426 101.358815305680153
57.39135089244048 101.252276813891157
58.226127313687975 101.147216512877407
59.073045837580466 101.036956197332671
59.932283075067765 100.918811077178177
60.804018205965114 100.818577983976553
61.68843301631817 100.721542122150794
62.58571193631152 100.600089705051573
63.49604207872855 100.481959118867479
64.41961327797075 100.381748478841899
65.35661812964459 100.269437426164373
66.3072520307241 100.121839675084146
67.27171322029778 99.977986843733817
68.25020282090806 99.862227892521020
69.2429248804921 99.755478737309318
70.25008641493265 99.648740062282741
71.27189745122783 99.524570305553723
72.30857107128878 99.379800050019583
73.36032345637442 99.235437303758573
74.42737393217246 99.092236084326288
75.50994501453623 98.949969191445348
76.60826245588666 98.817677680172068
77.72255529228926 98.691334190408384
78.85305589121582 98.563730483656485
80.00000000000082 98.438999999999908
81.16362679500274 98.306152275451211
82.34417893148023 98.158977588616693
83.541902594194 98.013670515538465
84.75704754874454 97.877623606009095
85.98986719365665 97.736340096751675
87.24061861322157 97.574718311675042
88.50956263110764 97.411925797772255
89.79696386475084 97.267307725859666
91.10309078053635 97.124538577713125
92.42821574978288 96.982675375195427
93.77261510554118 96.840886256063158
95.13656920021877 96.695127565714159
96.52036246404286 96.563768998397137
97.92428346437356 96.444925545466646
99.34862496587989 96.323495457974147
100.79368399159105 96.196391247409451
102.25976188483567 96.068913731865734
103.74716437208203 95.947861687922682
105.25620162669229 95.834087635882653
106.78718833360406 95.723109628314120
108.34044375495276 95.615629972581530
109.9162917966485 95.512586324946568
111.51506107592134 95.414096293878586
113.13708498984903 95.310773742428609
114.78270178488147 95.208537925501929
116.45225462737648 95.124867519533296
118.14609167516147 95.039768289663613
119.86456615013608 94.942938788031782
121.60803641193078 94.844617913729735
123.3768660326369 94.746116644967188
125.17142387262359 94.648828795404938
126.99208415745765 94.567456914226554
128.83922655594208 94.503644750209844
130.71323625928977 94.443676439702728
132.61450406144883 94.381260487926099
134.5434264405962 94.317382067121230
136.50040564181674 94.260115771648671
138.48584976098482 94.216283004780308
140.50017282986593 94.177246975477345
142.5437949024563 94.141483589207013
144.61714214257822 94.107221440183110
146.7206469127495 94.076222684456411
148.8547478643456 94.043324034170467
151.01989002907314 94.007253913494125
153.216524911774 93.969605686464547
155.4451105845792 93.934925739335796
157.70611178243232 93.909892328097015
160.00000000000236 93.891999999999996
162.3272535900062 93.877105577023968
164.6883578629612 93.877313014717771
167.08380518838874 93.898338051883883
169.51409509748981 93.939156530774312
171.97973438731407 93.996701465927927
174.4812372264439 94.071314601465048
177.01912526221608 94.161399984597097
179.5939277295025 94.261081966996500
182.20618156107355 94.367012207691801
184.85643149956664 94.477027550381962
187.54523021108326 94.587763978232232
190.27313840043846 94.693223727055596
193.04072492808663 94.789154327785070
195.84856692874806 94.871902166918943
198.69724993176072 94.941600048512385
201.58736798318304 94.997778939705711
204.5195237696723 95.043013570890579
207.49432874416505 95.078690451813742
210.5124032533856 95.106095091609291
213.57437666720915 95.127733448336869
216.68088750990657 95.146250214120698
219.83258359329807 95.163621063864809
223.03012215184378 95.178893080221258
226.2741699796992 95.197145019878192
229.5654035697641 95.217747555941827
232.90450925475412 95.239379310155897
236.2921833503241 95.266921833503233
239.72913230027333 95.301291323002744
243.21607282386276 95.340646892092323
246.75373206527502 95.383983217799624
250.34284774524843 95.432214156497167
253.9841683149166 95.482282314330092
257.67845311188546 95.533078730288423
261.42647251858085 95.580330906482260
265.22900812289896 95.624318707244356
269.08685288119375 95.663252724970349
273.0008112836349 95.695505678985441
276.97169952197106 95.721722884930585
281.00034565973334 95.741701278941008
285.0875898049141 95.756675179609829
289.23428428515797 95.764968568570310
293.44129382550057 95.768564776295307
297.7094957286928 95.767874302562788
302.0397800581479 95.763440329912783
306.4330498235497 95.756444916960746
310.89022116916016 95.746260724723243
315.41222356486645 95.733015995166483
320.00000000000654 95.716499999999968
324.6545071800142 95.698812872715934
329.3767157259242 95.678242450805939
334.16761037677935 95.656328992266822
339.02819019498156 95.632359049025098
343.95946877463007 95.607702656126847
348.9624744528898 95.582291380290258
354.03825052443415 95.556404922325385
359.187855459007 95.531398293796769
364.4123631221491 95.505879420701461
369.71286299913527 95.479435685004319
375.0904604221685 95.453618773935148
380.54627680087896 95.430626404910583
386.08144985617537 95.408990490546529
391.6971338574982 95.391995740159700
397.3944998635236 95.378908250204717
403.1747359663683 95.373677193347348
409.0390475393468 95.375285793577746
414.9886574883323 95.385471643720820
421.0248065067734 95.407043744495724
427.1487533344206 95.440541273340955
433.3617750198154 95.488559160593354
439.6651671865984 95.550126469967822
446.06024430368984 95.623768114872036
452.54833995940066 95.710696095415358
459.13080713953053 95.811797856579659
465.8090185095106 95.921618478243431
472.58436670065066 96.037416598204061
479.45826460054917 96.154153603266394
486.432145647728 96.268800759493189
493.50746413055253 96.376076780824761
500.6856954904994 96.476156905567549
507.9683366298358 96.568100249951669
515.3569062237735 96.651722022047920
522.8529450371643 96.729262905047534
530.4580162458005 96.802708024258294
538.1737057623901 96.873488906534774
546.0016225672724 96.940227613945453
553.9433990439449 97.003954030389338
562.0006913194694 97.062604700972400
570.1751796098309 97.118077354600459
578.4685685703187 97.169081696707451
586.8825876510039 97.215321843932884
595.4189914573883 97.257198310276863
604.0795601162986 97.295838130494275
612.8660996471021 97.331269241495960
621.780442338323 97.364200182803899
630.8244471297356 97.393973341389199
640.0000000000159 97.421500000000037
649.3090143600314 97.447565240208093
658.7534314518515 97.471821250202225
668.3352207535618 97.495004529808554
678.0563803899662 97.518335312935918
687.9189375492632 97.541213556363303
697.9249489057827 97.565812372264460
708.0765010488715 97.591998902727070
718.3757109180171 97.620033205024555
728.8247262443015 97.650091706108469
739.425725998274 97.682719750594657
750.1809208443404 97.717080454375605
761.0925536017613 97.752088609472310
772.1628997123541 97.787443102927909
783.3942677149998 97.822005659595590
794.7889997270506 97.854952624238024
806.34947193274 97.885638241162383
818.0780950786972 97.914493919033816
829.9773149766683 97.942294676293216
842.0496130135506 97.969274161529356
854.2975066688449 97.996348452782769
866.7235500396347 98.025082175092990
879.3303343732008 98.055542352651656
892.1204886073838 98.089225319239944
905.0966799188055 98.125577678093137
918.2616142790653 98.165988999429317
931.6180370190256 98.210663129566598
945.1687334013056 98.259882750254889
958.9165292011028 98.313666116804413
972.8642912954606 98.371546451969436
987.0149282611097 98.434105064549570
1001.3713909810035 98.501674102774217
1015.9366732596762 98.572777033624348
1030.7138124475518 98.648222022047946
1045.7058900743334 98.726669159149537
1060.916032491606 98.808446575454667
1076.3474115247852 98.891910763386321
1092.0032451345498 98.978143051060925
1107.8867980878947 99.066579546421409
1124.0013826389438 99.156729903549689
1140.350359219667 99.247622838976469
1156.9371371406426 99.339811916481267
1173.765175302013 99.432708464161067
1190.837982914782 99.525983637786211
1208.1591202326028 99.620298049842432
1225.73219929421 99.715844691440282
1243.5608846766518 99.811800322979735
1261.648894259477 99.908627436050551
1280.0000000000375 100.006000000000199
1298.6180287200684 100.104675552216349
1317.5068629037087 100.204786373389652
1336.6704415071292 100.306353339987794
1356.112760779938 100.408994813114177
1375.8378750985323 100.512648844267289
1395.8498978115715 100.617315716065463
1416.153002097749 100.722726394206674
1436.7514218360407 100.828932251363810
1457.6494524886093 100.935359218642134
1478.8514519965543 101.042834289022693
1500.3618416886875 101.150823682110982
1522.1851072035295 101.260812940305783
1544.3257994247153 101.372402029100556
1566.788535430007 101.486285759984440
1589.5779994541087 101.602930917194129
1612.6989438654878 101.722534508100537
1636.156190157402 101.845850931637386
1659.9546299533442 101.973653186946194
1684.099226027109 102.106273681231272
1708.5950133376978 102.243991576024882
1733.4471000792773 102.387000006464561
1758.6606687464096 102.536137225853381
1784.2409772147755 102.691424419643027
1810.193359837619 102.853125901370504
1836.5232285581387 103.022131450199069
1863.2360740380593 103.198681696055004
1890.3374668026197 103.382408272929922
1917.833058402214 103.573688069983547
1945.7285825909298 103.772831223002868
1974.0298565222283 103.980359744003607
2002.7427819620161 104.195527995042113
2031.8733465193618 104.419174547734997
2061.4276248951132 104.650897205412662
2091.411780148677 104.890482478542566
2121.832064983222 105.138068734487007
2152.694823049581 105.393025716599652
2184.0064902691106 105.653654518260524
2215.7735961758003 105.920498207876733
2248.002765277899 106.191089848913052
2280.7007184393456 106.463959272431921
2313.874274281297 106.735881621678516
2347.530350604038 107.004405424751766
2381.6759658295764 107.264527844576094
2416.318240465218 107.515183741907691
2451.4643985884327 107.745994016089483
2487.1217693533167 107.958881908378572
2523.2977885189675 108.140790828395637
2560.0000000000887 108.292000000000314
2597.236057440151 108.406297439292359
2635.0137258074315 108.481017843549665
2673.340883014273 108.505168176602865
2712.225521559891 108.488126605236772
2751.6757501970797 108.418440393360768
2791.699795623158 108.302938138677632
2832.3060041955137 108.138084181959300
2873.502843672097 107.936259786354285
2915.2989049772345 107.700258745340236
2957.7029039931244 107.434659456126269
3000.723683377391 107.144907078231611
3044.370214407075 106.837107293175848
3088.6515988494466 106.518475343298363
3133.57707086003 106.195039803193538
3179.1559989082334 105.871450207696967
3225.3978877309914 105.551032426797335
3272.3123803148205 105.237523280347375
3319.9092599067053 104.934358958974698
3368.198452054235 104.643994931647057
3417.190026675413 104.368705257553302
3466.8942001585724 104.110887361224584
3517.3213374928373 103.872093261531802
3568.4819544295697 103.653996280003199
3620.386719675257 103.458961949923605
3673.0464571162966 103.288052022364610
3726.472148076138 103.142349072771182
3780.6749336052594 103.024402986138355
3835.6661168044484 102.924187502457244
3891.45716518188 102.847994796452781
3948.059713044477 102.784670696031498
4005.4855639240527 102.743031496234181
4063.746693038744 102.718125330696125
4122.855249790247 102.713237606195818
4182.823560297375 102.729875650768975
4243.664129966465 102.770291172049156
4305.389646099183 102.836351771477425
4368.012980538242 102.933353885852213
4431.5471923516225 103.066188726740904
4496.00553055582 103.234281506991451
4561.401436878714 103.443952366937609
4627.748548562617 103.689027334058807
4695.060701208099 103.973633766934057
4763.351931659176 104.289424465129969
4832.63648093046 104.631446052745346
4902.928797176889 104.992759333931588
4974.243538706657 105.361068861516728
5046.595577037959 105.722691994555461
5120.000000000202 106.065000000000907
5194.472114880326 106.365905746728089
5270.027451614888 106.600826178231316
5346.6817660285715 106.754314410080539
5424.451043119808 106.812755193722253
5503.351500394186 106.761099842440430
5583.399591246343 106.600850919695716
5664.612008391055 106.347049771889971
5747.005687344222 106.038832051566061
5830.597809954497 105.697713110589291
5915.405807986278 105.349918726372636
6001.447366754812 105.020741781793561
6088.740428814181 104.738963273836106
6177.303197698925 104.516663284832248
6267.154141720092 104.358037067734372
6358.3119978165005 104.267140681604872
6450.795775462017 104.233960211226901
6544.624760629676 104.251804266086509
6639.818519813445 104.308058445454492
6736.396904108505 104.388303167259281
6834.380053350861 104.477270147749010
6933.788400317181 104.560834474233133
7034.642674985712 104.626128483993142
7136.963908859177 104.664523142683237
7240.773439350552 104.673645859245454
7346.092914232631 104.656593984014862
7452.944296152315 104.616351459327660
7561.349867210557 104.547476350698673
7671.332233608935 104.438242412985659
7782.914330363799 104.275070242947237
7896.119426088994 104.043447699487302
8010.971127848146 103.729612425970316
8127.49338607753 103.339092822170159
8245.710499580537 102.883047572772000
8365.647120594791 102.378113313795836
8487.328259932974 101.849280466042401
8610.77929219841 101.318572204315160
8736.025961076528 100.811772379818748
8863.094384703289 100.349209040235635
8992.011061111683 99.942691787294493
9122.802873757471 99.606620638442394
9255.497097125279 99.355776627362161
9390.121402416245 99.197848883650920
9526.7038633184 99.136833798291491
9665.272961860968 99.161332988036037
9805.857594353829 99.268376885901461
9948.487077413367 99.483766898375620
10093.19115407597 99.838465036528660
10240.000000000457 100.281000000001455
10388.944229760706 100.731526556123200
10540.05490322983 101.066852257265566
10693.363532057198 101.171342129208938
10848.902086239672 100.920733805263211
11006.703000788428 100.276657339931063
11166.799182492743 99.328500995966522
11329.224016782166 98.182151256759724
11494.0113746885 97.002718860555376
11661.195619909053 95.952161021886809
11830.811615972614 95.072240505693117
12002.894733509682 94.487157906067068
12177.48085762842 94.168805950507107
12354.606395397908 94.295557180280355
12534.308283440243 94.674071092836769
12716.62399563306 95.281011344104343
12901.591550924093 95.938183728002883
13089.249521259411 96.591501547584556
13279.637039626952 97.167228173601160
13472.793808217073 97.648008517392668
13668.760106701786 98.039313677391732
13867.576800634426 98.330314002683593
14069.285349971487 98.488242776993729
14273.927817718419 98.533264119898064
14481.54687870117 98.424625466418263
14692.18582846533 98.191217553951006
14905.888592304698 97.932757031465229
15122.699734421185 97.714913820961584
15342.664467217943 97.575640791801547
15565.828660727671 97.486612298921983
15792.238852178061 97.288459882354658
16021.942255696367 96.618850140986282
16254.986772155136 95.109535902627414
16491.42099916115 92.859154929984186
16731.294241189662 90.465020176585767
16974.65651986603 88.224190095384756
17221.558584396902 86.167743498907114
17472.051922153143 84.285430633779356
17726.188769406665 82.672915364445799
17984.022122223458 81.851952376485343
18245.605747515034 81.963678889904656
18510.99419425065 82.302171044712281
18780.242804832582 82.570656745148781
19053.40772663689 82.402866883181261
19330.545923722028 82.596282307904076
19611.71518870775 84.089890396805700
19896.974154826825 85.975742638662197
20186.382308152035 86.610999999999990
