20 104.617999999999995
20.290906698750476 104.594242540410519
20.586044732869844 104.568232711154138
20.885475648548283 104.539404020640333
21.189261887185914 104.508109704625099
21.49746679841394 104.476265960581429
21.810154653305165 104.443509828753605
22.12739065777668 104.413216364155659
22.449240966187475 104.383568327815368
22.77577269513385 104.353801664967833
23.107053937445478 104.321080875275413
23.44315377638505 104.283560074594192
23.784142300054445 104.241752034618116
24.130090616010463 104.198238618794079
24.481070866093134 104.157308533019716
24.837156241469714 104.120470208627736
25.1984209978975 104.087638162683973
25.56494047120865 104.054330616061719
25.936791093020236 104.016952945003055
26.3140504066728 103.974314025579346
26.69679708340074 103.928876342700420
27.08511093873791 103.884946381815453
27.47907294916184 103.844941576124199
27.878765268980047 103.805471929688224
28.284271247461966 103.761945891531724
28.695675446220072 103.712953542883838
29.11306365684382 103.658736406326085
29.536522918790062 103.601825066394881
29.966141537533712 103.546833883195688
30.402009102982383 103.493255559951933
30.844216508158908 103.439513825920301
31.29285596815558 103.385116213861139
31.74802103936409 103.328997370079492
32.20980663898519 103.268756490459026
32.67830906482211 103.203145185600789
33.153626015361866 103.134685105818619
33.63585661014871 103.067974497290820
34.125101410453844 103.006613337797802
34.62146244024586 102.949774744252210
35.12504320746613 102.891244555859259
35.635948725613716 102.824559332237243
36.15428553564419 102.747968599832575
36.68016172818701 102.663813800033708
37.21368696608603 102.579733268121004
37.754972507267915 102.502078760692029
38.30413122794313 102.427838288999737
38.86127764614443 102.350211664958266
39.4265279456077 102.266837141569283
40.000000000000206 102.185499999999962
40.58181339750116 102.114712467345583
41.1720894657399 102.049093512912933
41.77095129709678 101.978913116468192
42.37852377437204 101.910622671555885
42.9949335968281 101.850806043649527
43.62030930661056 101.797207350656862
44.25478131555359 101.746910180334822
44.89848193237519 101.706006505689487
45.55154539026795 101.674128189501943
46.21410787489121 101.636789155869025
46.88630755277036 101.577375966027176
47.56828460010916 101.504939930073732
48.260181232021196 101.427958912853512
48.962141732186545 101.342983482836885
49.674312482939705 101.250196554194105
50.39684199579528 101.154166396387495
51.129880942417586 101.057879779127148
51.873582186040764 100.958532788857596
52.628100813345895 100.852995700342831
53.393594166801776 100.743666764459959
54.17022187747612 100.632611093058983
54.95814589832399 100.520377926055488
55.75753053796041 100.411778787482504
56.56854249492426 100.311274900609078
57.39135089244048 100.213907621030671
58.226127313687975 100.117108422582717
59.073045837580466 100.019807545327922
59.932283075067765 99.917558314066923
60.804018205965114 99.809009083401278
61.68843301631817 99.701388070344578
62.58571193631152 99.592750351239772
63.49604207872855 99.481482866395112
64.41961327797075 99.368597373448580
65.35661812964459 99.252566115664777
66.3072520307241 99.133093496159489
67.27171322029778 99.012399990852629
68.25020282090806 98.888473633281961
69.2429248804921 98.759662690416519
70.25008641493265 98.629863895681154
71.27189745122783 98.497609536437935
72.30857107128878 98.360460047518586
73.36032345637442 98.220216656845835
74.42737393217246 98.075736084326294
75.50994501453623 97.926457429966064
76.60826245588666 97.774628092141597
77.72255529228926 97.620855918932662
78.85305589121582 97.465293630927249
80.00000000000082 97.309499999999900
81.16362679500274 97.154834218499772
82.34417893148023 96.998176209454641
83.541902594194 96.839247859429207
84.75704754874454 96.676994971592848
85.98986719365665 96.517879171592682
87.24061861322157 96.354518787991807
88.50956263110764 96.190307858655245
89.79696386475084 96.029811838194405
91.10309078053635 95.858799728486815
92.42821574978288 95.680663242152519
93.77261510554118 95.503602553188301
95.13656920021877 95.325404535732346
96.52036246404286 95.142359716976557
97.92428346437356 94.957200977917410
99.34862496587989 94.766935849445844
100.79368399159105 94.571058977143622
102.25976188483567 94.372178891585577
103.74716437208203 94.171132953864713
105.25620162669229 93.968483156783861
106.78718833360406 93.766927912742673
108.34044375495276 93.571125418140809
109.9162917966485 93.386630702478968
111.51506107592134 93.216686592032843
113.13708498984903 93.067057659967247
114.78270178488147 92.930293359519908
116.45225462737648 92.811342037459156
118.14609167516147 92.704987761051243
119.86456615013608 92.634265872487390
121.60803641193078 92.585999339787890
123.3768660326369 92.584245208929289
125.17142387262359 92.609014161979090
126.99208415745765 92.658598496671246
128.83922655594208 92.711159117010439
130.71323625928977 92.761757379000812
132.61450406144883 92.801295804829550
134.5434264405962 92.821766135931938
136.50040564181674 92.823747768970009
138.48584976098482 92.812099051673101
140.50017282986593 92.797498617361072
142.5437949024563 92.781149640780342
144.61714214257822 92.766988576073231
146.7206469127495 92.758993929879210
148.8547478643456 92.753790504271308
151.01989002907314 92.751907956011621
153.216524911774 92.753503134876482
155.4451105845792 92.757157287519902
157.70611178243232 92.763406891842692
160.00000000000236 92.773500000000013
162.3272535900062 92.790256225848040
164.6883578629612 92.809444534476285
167.08380518838874 92.828253680469430
169.51409509748981 92.843181751565453
171.97973438731407 92.853522990671792
174.4812372264439 92.851933772992396
177.01912526221608 92.844942624213360
179.5939277295025 92.836799431265604
182.20618156107355 92.828881455316775
184.85643149956664 92.826586141100250
187.54523021108326 92.823328125197889
190.27313840043846 92.812798191038070
193.04072492808663 92.801269680230121
195.84856692874806 92.793302866142511
198.69724993176072 92.787366050150126
201.58736798318304 92.781325264033626
204.5195237696723 92.778246746038377
207.49432874416505 92.778747164372078
210.5124032533856 92.780760336044494
213.57437666720915 92.784361565000808
216.68088750990657 92.790361775019818
219.83258359329807 92.793000000000006
223.03012215184378 92.789969877848165
226.2741699796992 92.788620971670056
229.5654035697641 92.789355134523248
232.90450925475412 92.796761273136894
236.2921833503241 92.813972237614692
239.72913230027333 92.837171643026849
243.21607282386276 92.844418972691045
246.75373206527502 92.843092350475516
250.34284774524843 92.857114255172064
253.9841683149166 92.868948547023479
257.67845311188546 92.882334392530581
261.42647251858085 92.900632362592916
265.22900812289896 92.922959926783477
269.08685288119375 92.947636921128748
273.0008112836349 92.976005678985445
276.97169952197106 93.003923359094046
281.00034565973334 93.032202315920216
285.0875898049141 93.059359118200149
289.23428428515797 93.076360565569146
293.44129382550057 93.091544528389250
297.7094957286928 93.101877092311639
302.0397800581479 93.103450274927326
306.4330498235497 93.098566950176462
310.89022116916016 93.096541167061559
315.41222356486645 93.088510663444310
320.00000000000654 93.077499999999986
324.6545071800142 93.064001929177962
329.3767157259242 93.044180122378521
334.16761037677935 93.018578142927709
339.02819019498156 92.982580116479141
343.95946877463007 92.959954018656404
348.9624744528898 92.948075051094222
354.03825052443415 92.927424047587607
359.187855459007 92.912949146898384
364.4123631221491 92.896880438009134
369.71286299913527 92.873792116503893
375.0904604221685 92.851080005182780
380.54627680087896 92.825749429138767
386.08144985617537 92.803490490546537
391.6971338574982 92.789725019686728
397.3944998635236 92.781302750068249
403.1747359663683 92.786614033263263
409.0390475393468 92.806428967888678
414.9886574883323 92.842913040743881
421.0248065067734 92.898624698751632
427.1487533344206 92.971045358348277
433.3617750198154 93.061788400317056
439.6651671865984 93.167782640274012
446.06024430368984 93.284644641770100
452.54833995940066 93.408428127220489
459.13080713953053 93.532805105039785
465.8090185095106 93.654744914962066
472.58436670065066 93.771279324382391
479.45826460054917 93.885242918437598
486.432145647728 93.997914330363642
493.50746413055253 94.110654607222372
500.6856954904994 94.223142551720628
507.9683366298358 94.341485470234829
515.3569062237735 94.465761486183780
522.8529450371643 94.586647120594634
530.4580162458005 94.708242381886720
538.1737057623901 94.830093178881384
546.0016225672724 94.946165804879996
553.9433990439449 95.055899800250558
562.0006913194694 95.155807708212095
570.1751796098309 95.246716760176355
578.4685685703187 95.327991971989121
586.8825876510039 95.400125477503323
595.4189914573883 95.464474839347446
604.0795601162986 95.523262168248664
612.8660996471021 95.577349019336395
621.780442338323 95.626808115550887
630.8244471297356 95.672957346222717
640.0000000000159 95.717000000000070
649.3090143600314 95.758425113902135
658.7534314518515 95.797389068952583
668.3352207535618 95.835007360938889
678.0563803899662 95.870502969403873
687.9189375492632 95.904424387667490
697.9249489057827 95.936463589053218
708.0765010488715 95.967229503146612
718.3757109180171 95.995614419478642
728.8247262443015 96.022503051922968
739.425725998274 96.049064314995690
750.1809208443404 96.076437225373823
761.0925536017613 96.102807004537596
772.1628997123541 96.130016368522718
783.3942677149998 96.158631382188645
794.7889997270506 96.188321124283505
806.34947193274 96.219990170476095
818.0780950786972 96.254000512348455
829.9773149766683 96.289623380121412
842.0496130135506 96.326655040667333
854.2975066688449 96.365645959451612
866.7235500396347 96.406987400134156
879.3303343732008 96.450156170306201
892.1204886073838 96.495396409366336
905.0966799188055 96.541763103042385
918.2616142790653 96.589860637887284
931.6180370190256 96.640708528420063
945.1687334013056 96.694473630830288
958.9165292011028 96.751895249104678
972.8642912954606 96.813471453472062
987.0149282611097 96.878453515051277
1001.3713909810035 96.948494094003109
1015.9366732596762 97.022995590718267
1030.7138124475518 97.101925968461529
1045.7058900743334 97.184648940732956
1060.916032491606 97.270751919618533
1076.3474115247852 97.359270073126254
1092.0032451345498 97.449581260934110
1107.8867980878947 97.541416474651385
1124.0013826389438 97.634285651138441
1140.350359219667 97.727318702244787
1156.9371371406426 97.820627240896755
1173.765175302013 97.914208464161078
1190.837982914782 98.007066792289493
1208.1591202326028 98.100720938405559
1225.73219929421 98.195571729569110
1243.5608846766518 98.290231237496045
1261.648894259477 98.383297657198653
1280.0000000000375 98.476000000000198
1298.6180287200684 98.567494312567192
1317.5068629037087 98.660032941937800
1336.6704415071292 98.752018119234222
1356.112760779938 98.844132794685208
1375.8378750985323 98.936542066085650
1395.8498978115715 99.028909529933230
1416.153002097749 99.122842243052901
1436.7514218360407 99.218225325991682
1457.6494524886093 99.314993459547139
1478.8514519965543 99.413447766303932
1500.3618416886875 99.513722366438159
1522.1851072035295 99.617601110288803
1544.3257994247153 99.724536869215626
1566.788535430007 99.834599594315634
1589.5779994541087 99.948764677237790
1612.6989438654878 100.067280529223225
1636.156190157402 100.190797179243674
1659.9546299533442 100.319750464743407
1684.099226027109 100.454183603833982
1708.5950133376978 100.595038678425652
1733.4471000792773 100.742520484478831
1758.6606687464096 100.896196146227737
1784.2409772147755 101.056457434630261
1810.193359837619 101.223460706141282
1836.5232285581387 101.396514237626036
1863.2360740380593 101.576005303458800
1890.3374668026197 101.761828520938082
1917.833058402214 101.953688069983542
1945.7285825909298 102.152002079699244
1974.0298565222283 102.356956758351373
2002.7427819620161 102.568570864715127
2031.8733465193618 102.787299878431128
2061.4276248951132 103.013087886685383
2091.411780148677 103.246153063174546
2121.832064983222 103.486610718241195
2152.694823049581 103.734169381413494
2184.0064902691106 103.987552733436530
2215.7735961758003 104.246251978784969
2248.002765277899 104.508955778172293
2280.7007184393456 104.773284092822081
2313.874274281297 105.037144291012879
2347.530350604038 105.297815009610815
2381.6759658295764 105.550150752264429
2416.318240465218 105.792604181791376
2451.4643985884327 106.015432831389433
2487.1217693533167 106.219816103217681
2523.2977885189675 106.392757603622385
2560.0000000000887 106.535000000000295
2597.236057440151 106.640634777086333
2635.0137258074315 106.708015555915097
2673.340883014273 106.726458805188386
2712.225521559891 106.704904053080782
2751.6757501970797 106.633252552728379
2791.699795623158 106.517438138677633
2832.3060041955137 106.355814782378843
2873.502843672097 106.159755269778543
2915.2989049772345 105.931930482534767
2957.7029039931244 105.677124385404070
3000.723683377391 105.401169413455918
3044.370214407075 105.109355378938687
3088.6515988494466 104.808435982838148
3133.57707086003 104.503560058309048
3179.1559989082334 104.199778847216578
3225.3978877309914 103.899707497398964
3272.3123803148205 103.606171356276448
3319.9092599067053 103.321924477739259
3368.198452054235 103.049546374386580
3417.190026675413 102.791034165822680
3466.8942001585724 102.547610911264229
3517.3213374928373 102.321077169155160
3568.4819544295697 102.113453392711932
3620.386719675257 101.926112223481397
3673.0464571162966 101.761356668076232
3726.472148076138 101.620466844617269
3780.6749336052594 101.508785119510534
3835.6661168044484 101.419200659834672
3891.45716518188 101.366064451867572
3948.059713044477 101.334579284619011
4005.4855639240527 101.342065616550627
4063.746693038744 101.382183366298420
4122.855249790247 101.457734624615455
4182.823560297375 101.569558900743431
4243.664129966465 101.721660324916172
4305.389646099183 101.913362126364916
4368.012980538242 102.146515560027382
4431.5471923516225 102.421290663927039
4496.00553055582 102.724959695649403
4561.401436878714 103.056113227108710
4627.748548562617 103.403696449857918
4695.060701208099 103.760353528468130
4763.351931659176 104.114568916415038
4832.63648093046 104.456138730754546
4902.928797176889 104.772358622166507
4974.243538706657 105.061340084262739
5046.595577037959 105.304611178243618
5120.000000000202 105.499571428571898
5194.472114880326 105.625631407307850
5270.027451614888 105.668380147177800
5346.6817660285715 105.625567667745358
5424.451043119808 105.495430257292412
5503.351500394186 105.276253595215039
5583.399591246343 104.980515326256295
5664.612008391055 104.630914922911529
5747.005687344222 104.256863667596249
5830.597809954497 103.874574800453615
5915.405807986278 103.501529448615642
6001.447366754812 103.153379940104855
6088.740428814181 102.848904123751140
6177.303197698925 102.593266891549149
6267.154141720092 102.391281143331312
6358.3119978165005 102.248445042904052
6450.795775462017 102.160236724827001
6544.624760629676 102.126938133377962
6639.818519813445 102.143714704312316
6736.396904108505 102.202573399451154
6834.380053350861 102.291067654417873
6933.788400317181 102.390774748307663
7034.642674985712 102.478903445740144
7136.963908859177 102.530099044961759
7240.773439350552 102.516851405176681
7346.092914232631 102.415204345220360
7452.944296152315 102.212610347003576
7561.349867210557 101.904902302692662
7671.332233608935 101.507314727212901
7782.914330363799 101.034701550964982
7896.119426088994 100.506290933395974
8010.971127848146 99.954301403375311
8127.49338607753 99.413134336288209
8245.710499580537 98.902527342196379
8365.647120594791 98.437424195857034
8487.328259932974 98.023344731390637
8610.77929219841 97.673125883765266
8736.025961076528 97.400275452167705
8863.094384703289 97.209937196339354
8992.011061111683 97.105944410703245
9122.802873757471 97.095832648226036
9255.497097125279 97.186399938437873
9390.121402416245 97.373357182121069
9526.7038633184 97.643806224660722
9665.272961860968 97.975169856037127
9805.857594353829 98.404880219391472
9948.487077413367 98.985974750940599
10093.19115407597 99.664332442122628
10240.000000000457 100.312600000001908
10388.944229760706 100.807961315915080
10540.05490322983 100.993962721171215
10693.363532057198 100.817656288341794
10848.902086239672 100.238061382435120
11006.703000788428 99.316266326179431
11166.799182492743 98.195391670410004
11329.224016782166 97.009805721888014
11494.0113746885 95.872273505219852
11661.195619909053 94.960810945127889
11830.811615972614 94.278802078818742
12002.894733509682 93.967728750963261
12177.48085762842 93.917785960424311
12354.606395397908 94.207763953577171
12534.308283440243 94.615986122772625
12716.62399563306 95.063124790028809
12901.591550924093 95.369749760414564
13089.249521259411 95.584484095041120
13279.637039626952 95.585697627505908
13472.793808217073 95.346325965620508
13668.760106701786 94.898517186563510
13867.576800634426 94.269216691711307
14069.285349971487 93.524289500276637
14273.927817718419 92.735051716332634
14481.54687870117 91.968222955166709
14692.18582846533 91.255524359670346
14905.888592304698 90.543326319179187
15122.699734421185 89.757860623009591
15342.664467217943 88.844579371617300
15565.828660727671 87.762994135461810
15792.238852178061 86.522978860499833
16021.942255696367 85.394271498263038
16254.986772155136 85.056271825944023
16491.42099916115 84.666155351384106
16731.294241189662 83.139798251101993
16974.65651986603 81.012215903675838
17221.558584396902 79.080885134481449
17472.051922153143 77.685124812588342
17726.188769406665 76.858433691780007
17984.022122223458 76.553445922020984
18245.605747515034 76.786053016485212
18510.99419425065 77.693674599685295
18780.242804832582 79.064105408783689
19053.40772663689 80.522524281942196
19330.545923722028 82.056335335894474
19611.71518870775 83.430167489166735
19896.974154826825 83.964500000000001
20186.382308152035 83.964500000000001
