20 105.230500000000006
20.290906698750476 105.210136463209011
20.586044732869844 105.186616417649020
20.885475648548283 105.162186155368559
21.189261887185914 105.138823329237994
21.49746679841394 105.117895645080310
21.810154653305165 105.099992219873641
22.12739065777668 105.084608182077829
22.449240966187475 105.069373823890572
22.77577269513385 105.050822250240032
23.107053937445478 105.027292504104196
23.44315377638505 105.000331884567657
23.784142300054445 104.971578082370428
24.130090616010463 104.943526352860374
24.481070866093134 104.917598694047399
24.837156241469714 104.892399101094128
25.1984209978975 104.865870398910317
25.56494047120865 104.836686201001783
25.936791093020236 104.804859762445645
26.3140504066728 104.771235519184501
26.69679708340074 104.737280255202435
27.08511093873791 104.703457105452372
27.47907294916184 104.669778825018312
27.878765268980047 104.635108038964233
28.284271247461966 104.599484130223345
28.695675446220072 104.563280560732636
29.11306365684382 104.526550398197742
29.536522918790062 104.489212937308892
29.966141537533712 104.450547261621963
30.402009102982383 104.409812484346688
30.844216508158908 104.368479762309505
31.29285596815558 104.326901892905795
31.74802103936409 104.285182064378503
32.20980663898519 104.242068369296419
32.67830906482211 104.197382329777071
33.153626015361866 104.151444650494540
33.63585661014871 104.104457765425735
34.125101410453844 104.057240061775531
34.62146244024586 104.008232293535173
35.12504320746613 103.956995506423524
35.635948725613716 103.903861332536167
36.15428553564419 103.850262875364294
36.68016172818701 103.797344150637684
37.21368696608603 103.745272364289661
37.754972507267915 103.691820662738493
38.30413122794313 103.636274586521864
38.86127764614443 103.578666729017087
39.4265279456077 103.519668655263018
40.000000000000206 103.459499999999977
40.58181339750116 103.398409389627005
41.1720894657399 103.338337658461484
41.77095129709678 103.277453192972473
42.37852377437204 103.214581448252261
42.9949335968281 103.148382014950343
43.62030930661056 103.080633223617724
44.25478131555359 103.011370523556607
44.89848193237519 102.941497827318784
45.55154539026795 102.872050923670358
46.21410787489121 102.801995261662483
46.88630755277036 102.730560912661758
47.56828460010916 102.659878901875913
48.260181232021196 102.587560715173737
48.962141732186545 102.511664560652974
49.674312482939705 102.433325746295793
50.39684199579528 102.356327591470730
51.129880942417586 102.280569334395153
51.873582186040764 102.203007082465575
52.628100813345895 102.122746775257127
53.393594166801776 102.040196580856033
54.17022187747612 101.955804430724839
54.95814589832399 101.871567502795031
55.75753053796041 101.788156238131904
56.56854249492426 101.700744596805777
57.39135089244048 101.609473024600447
58.226127313687975 101.515108422582728
59.073045837580466 101.417807545327918
59.932283075067765 101.315558314066934
60.804018205965114 101.214032050259704
61.68843301631817 101.111330234080228
62.58571193631152 101.009830674333884
63.49604207872855 100.906955160946211
64.41961327797075 100.801164086311331
65.35661812964459 100.697198478257675
66.3072520307241 100.595663154666440
67.27171322029778 100.490611545767251
68.25020282090806 100.383352993931481
69.2429248804921 100.276614349988577
70.25008641493265 100.172241272091810
71.27189745122783 100.068358613797926
72.30857107128878 99.962451463942415
73.36032345637442 99.866975740771920
74.42737393217246 99.791861755307053
75.50994501453623 99.711092177297928
76.60826245588666 99.609702474187287
77.72255529228926 99.499555667908680
78.85305589121582 99.398335754986661
80.00000000000082 99.297499999999928
81.16362679500274 99.190349098082919
82.34417893148023 99.073902277767658
83.541902594194 98.951504865123468
84.75704754874454 98.826503918951516
85.98986719365665 98.703337924557189
87.24061861322157 98.583641174879716
88.50956263110764 98.463129800569220
89.79696386475084 98.345976288307668
91.10309078053635 98.225923470017619
92.42821574978288 98.100791878770053
93.77261510554118 97.976528107500570
95.13656920021877 97.850741373665528
96.52036246404286 97.717681437158859
97.92428346437356 97.588967318611608
99.34862496587989 97.460295155172432
100.79368399159105 97.327803879426284
102.25976188483567 97.199420239788964
103.74716437208203 97.073257963137394
105.25620162669229 96.946828317066604
106.78718833360406 96.821762537200470
108.34044375495276 96.701186570460223
109.9162917966485 96.585641444792699
111.51506107592134 96.472445676191683
113.13708498984903 96.362694460352628
114.78270178488147 96.252167666189663
116.45225462737648 96.137822387378776
118.14609167516147 96.022998331468415
119.86456615013608 95.905348834605178
121.60803641193078 95.786597491193987
123.3768660326369 95.667225367063139
125.17142387262359 95.543000328916349
126.99208415745765 95.419818838342593
128.83922655594208 95.308125964675440
130.71323625928977 95.196756245162206
132.61450406144883 95.063026699452791
134.5434264405962 94.930747402377364
136.50040564181674 94.827981340476441
138.48584976098482 94.738472847598388
140.50017282986593 94.656076967433265
142.5437949024563 94.580803554426197
144.61714214257822 94.515081450187012
146.7206469127495 94.460139697798724
148.8547478643456 94.405547505099889
151.01989002907314 94.357438001470868
153.216524911774 94.329353560141158
155.4451105845792 94.331841327014956
157.70611178243232 94.360663458005135
160.00000000000236 94.407000000000053
162.3272535900062 94.463319536878146
164.6883578629612 94.541904167340675
167.08380518838874 94.642937145176063
169.51409509748981 94.750023003309053
171.97973438731407 94.831287978496889
174.4812372264439 94.895342188325230
177.01912526221608 94.961304906922507
179.5939277295025 95.022997908870366
182.20618156107355 95.062945305542812
184.85643149956664 95.084908879396693
187.54523021108326 95.095108552506588
190.27313840043846 95.101928670561477
193.04072492808663 95.112095479654812
195.84856692874806 95.126082261415235
198.69724993176072 95.136676149904474
201.58736798318304 95.128975792100903
204.5195237696723 95.106064524188113
207.49432874416505 95.077056712558345
210.5124032533856 95.046371833048340
213.57437666720915 95.014862639161095
216.68088750990657 94.984026235839679
219.83258359329807 94.953132309965355
223.03012215184378 94.921577543750544
226.2741699796992 94.889637328532956
229.5654035697641 94.858128666087239
232.90450925475412 94.830279841086167
236.2921833503241 94.809564285304106
239.72913230027333 94.786794498510687
243.21607282386276 94.763838608571746
246.75373206527502 94.744823690149147
250.34284774524843 94.734242864191060
253.9841683149166 94.731511873763807
257.67845311188546 94.731499999999997
261.42647251858085 94.733641545324105
265.22900812289896 94.738814886168996
269.08685288119375 94.744086852881196
273.0008112836349 94.748000811283646
276.97169952197106 94.751242924880486
281.00034565973334 94.749999308680543
285.0875898049141 94.741632122819368
289.23428428515797 94.724216006002337
293.44129382550057 94.699663978281890
297.7094957286928 94.669136882889063
302.0397800581479 94.633906896998468
306.4330498235497 94.594697043284128
310.89022116916016 94.551570343600702
315.41222356486645 94.503924318429981
320.00000000000654 94.452999999999918
324.6545071800142 94.402731322455850
329.3767157259242 94.353482156450383
334.16761037677935 94.301573046893111
339.02819019498156 94.246578631777211
343.95946877463007 94.191153949724153
348.9624744528898 94.136705275908781
354.03825052443415 94.082694544440997
359.187855459007 94.030202659864031
364.4123631221491 93.981847495588440
369.71286299913527 93.936911950807257
375.0904604221685 93.900689849981134
380.54627680087896 93.881984193825559
386.08144985617537 93.878224434956849
391.6971338574982 93.904040665350152
397.3944998635236 93.947860598526063
403.1747359663683 94.023621039495538
409.0390475393468 94.123995157209208
414.9886574883323 94.245752355161926
421.0248065067734 94.380422376832911
427.1487533344206 94.518809761690846
433.3617750198154 94.653506831661161
439.6651671865984 94.779067069291102
446.06024430368984 94.895180779112110
452.54833995940066 94.999725099391014
459.13080713953053 95.094036242300604
465.8090185095106 95.181930149578022
472.58436670065066 95.260910398000149
479.45826460054917 95.332901093476949
486.432145647728 95.400605383653414
493.50746413055253 95.462243082842633
500.6856954904994 95.517971292306129
507.9683366298358 95.570770440566321
515.3569062237735 95.621319890454529
522.8529450371643 95.670097451806384
530.4580162458005 95.719833975520885
538.1737057623901 95.767542234574336
546.0016225672724 95.814223557527271
553.9433990439449 95.858702844980712
562.0006913194694 95.899603145503590
570.1751796098309 95.936700718439312
578.4685685703187 95.969874274281281
586.8825876510039 95.998024280483222
595.4189914573883 96.021818428216335
604.0795601162986 96.041914092739859
612.8660996471021 96.057646728016863
621.780442338323 96.070202028887721
630.8244471297356 96.081989336555694
640.0000000000159 96.093000000000018
649.3090143600314 96.101843563642035
658.7534314518515 96.110815759879259
668.3352207535618 96.120751981791244
678.0563803899662 96.132167656467956
687.9189375492632 96.144398671936585
697.9249489057827 96.156509938686938
708.0765010488715 96.167884151153757
718.3757109180171 96.179213282009826
728.8247262443015 96.190707198868722
739.425725998274 96.201897012298190
750.1809208443404 96.212165844107318
761.0925536017613 96.222168174134936
772.1628997123541 96.232381138196018
783.3942677149998 96.243071411264424
794.7889997270506 96.254854749704293
806.34947193274 96.268172278585396
818.0780950786972 96.282480732404551
829.9773149766683 96.297317361316544
842.0496130135506 96.313236951769198
854.2975066688449 96.330946260003259
866.7235500396347 96.350312025065548
879.3303343732008 96.371794601871756
892.1204886073838 96.396715676455273
905.0966799188055 96.425104614807168
918.2616142790653 96.457635698334514
931.6180370190256 96.493835951515678
945.1687334013056 96.534103594654027
958.9165292011028 96.579464808103779
972.8642912954606 96.629696448964182
987.0149282611097 96.682787037291874
1001.3713909810035 96.740168416054814
1015.9366732596762 96.800496472574622
1030.7138124475518 96.863661169410591
1045.7058900743334 96.930176505334501
1060.916032491606 96.998713749461388
1076.3474115247852 97.069787920449002
1092.0032451345498 97.142827610157752
1107.8867980878947 97.216894905271502
1124.0013826389438 97.293228866570473
1140.350359219667 97.371860069561734
1156.9371371406426 97.451924388041277
1173.765175302013 97.533105229597311
1190.837982914782 97.616856223580470
1208.1591202326028 97.702295601163001
1225.73219929421 97.790570439277786
1243.5608846766518 97.880946694754186
1261.648894259477 97.973685953673964
1280.0000000000375 98.068000000000197
1298.6180287200684 98.164015833827776
1317.5068629037087 98.261034314518540
1336.6704415071292 98.357685729611006
1356.112760779938 98.454660984880178
1375.8378750985323 98.550813694227884
1395.8498978115715 98.646287014604951
1416.153002097749 98.741111459754535
1436.7514218360407 98.836050183808084
1457.6494524886093 98.930575525248514
1478.8514519965543 99.026485592064361
1500.3618416886875 99.124164471767969
1522.1851072035295 99.224551493136232
1544.3257994247153 99.327558225319180
1566.788535430007 99.433913428646832
1589.5779994541087 99.544140637336056
1612.6989438654878 99.659002677082057
1636.156190157402 99.778565941212207
1659.9546299533442 99.902958631351794
1684.099226027109 100.032863758628565
1708.5950133376978 100.168475875224615
1733.4471000792773 100.309993180459799
1758.6606687464096 100.457964012478456
1784.2409772147755 100.613294058731611
1810.193359837619 100.776033635764009
1836.5232285581387 100.945631450199073
1863.2360740380593 101.122181696055009
1890.3374668026197 101.306521771602021
1917.833058402214 101.498901392319624
1945.7285825909298 101.699989509610162
1974.0298565222283 101.908820938264483
2002.7427819620161 102.126073708074827
2031.8733465193618 102.350205770176984
2061.4276248951132 102.582373411664406
2091.411780148677 102.821364830196842
2121.832064983222 103.066339726364106
2152.694823049581 103.317121493142196
2184.0064902691106 103.572753057949981
2215.7735961758003 103.831660468928391
2248.002765277899 104.092522122223187
2280.7007184393456 104.352322294441535
2313.874274281297 104.609175722442544
2347.530350604038 104.859971559409473
2381.6759658295764 105.099209416359727
2416.318240465218 105.326217032233188
2451.4643985884327 105.531700632095223
2487.1217693533167 105.718825944186136
2523.2977885189675 105.876147265858307
2560.0000000000887 106.007000000000275
2597.236057440151 106.109427481394334
2635.0137258074315 106.183770359947687
2673.340883014273 106.222046857072314
2712.225521559891 106.230907022484672
2751.6757501970797 106.200303984190242
2791.699795623158 106.132666635761282
2832.3060041955137 106.023958707916918
2873.502843672097 105.882279023425696
2915.2989049772345 105.708401124706540
2957.7029039931244 105.505405695956227
3000.723683377391 105.278429281002190
3044.370214407075 105.032079919532180
3088.6515988494466 104.773188711773884
3133.57707086003 104.508100568540073
3179.1559989082334 104.240728966375912
3225.3978877309914 103.974993976565287
3272.3123803148205 103.715013146299967
3319.9092599067053 103.463763681876742
3368.198452054235 103.223557352742375
3417.190026675413 102.997207683161690
3466.8942001585724 102.785754257364118
3517.3213374928373 102.590469971650862
3568.4819544295697 102.412618467648201
3620.386719675257 102.252601716122271
3673.0464571162966 102.111575250922755
3726.472148076138 101.989408489040102
3780.6749336052594 101.888071719539667
3835.6661168044484 101.801917353994440
3891.45716518188 101.741700160572108
3948.059713044477 101.696064356357880
4005.4855639240527 101.677637139098096
4063.746693038744 101.680779679193407
4122.855249790247 101.710093518559475
4182.823560297375 101.765912647840651
4243.664129966465 101.850220294382098
4305.389646099183 101.961009264899332
4368.012980538242 102.100512647715533
4431.5471923516225 102.272496287756923
4496.00553055582 102.474717697778630
4561.401436878714 102.714350064019413
4627.748548562617 102.983964471199471
4695.060701208099 103.282817107743256
4763.351931659176 103.600826304440659
4832.63648093046 103.928259636326644
4902.928797176889 104.246181090495952
4974.243538706657 104.541193712488294
5046.595577037959 104.782534065252804
5120.000000000202 104.958000000000368
5194.472114880326 105.038277321147604
5270.027451614888 105.007475293546605
5346.6817660285715 104.869922566719822
5424.451043119808 104.636373871433250
5503.351500394186 104.321518287616044
5583.399591246343 103.953814416032770
5664.612008391055 103.564893179597078
5747.005687344222 103.182974406951004
5830.597809954497 102.826698431675197
5915.405807986278 102.513205547001235
6001.447366754812 102.255870069392728
6088.740428814181 102.073513673122591
6177.303197698925 101.965327578885109
6267.154141720092 101.929168725985249
6358.3119978165005 101.963528118613482
6450.795775462017 102.053494719327517
6544.624760629676 102.187961483629522
6639.818519813445 102.348381502272588
6736.396904108505 102.512781000135234
6834.380053350861 102.659162667755595
6933.788400317181 102.769699662255334
7034.642674985712 102.834085655995423
7136.963908859177 102.852597345924153
7240.773439350552 102.837287304178602
7346.092914232631 102.805328409160921
7452.944296152315 102.764763395616029
7561.349867210557 102.706145084099973
7671.332233608935 102.617667766391065
7782.914330363799 102.492540156755723
7896.119426088994 102.326619361590559
8010.971127848146 102.116546370864882
8127.49338607753 101.859017196198423
8245.710499580537 101.551652701090603
8365.647120594791 101.197561807774676
8487.328259932974 100.817810383377235
8610.77929219841 100.432737872648289
8736.025961076528 100.067524712878068
8863.094384703289 99.744569215460245
8992.011061111683 99.479430584313633
9122.802873757471 99.291408624965584
9255.497097125279 99.196563428043760
9390.121402416245 99.205675396832319
9526.7038633184 99.326385408645763
9665.272961860968 99.543541007865002
9805.857594353829 99.834616977717886
9948.487077413367 100.182354224339420
10093.19115407597 100.528718380014226
10240.000000000457 100.741200000000418
10388.944229760706 100.677195921676770
10540.05490322983 100.211594431234019
10693.363532057198 99.394957313018892
10848.902086239672 98.292344144578493
11006.703000788428 97.036371224839087
11166.799182492743 95.765770694387243
11329.224016782166 94.617802795826947
11494.0113746885 93.632911538717082
11661.195619909053 92.992451949569769
11830.811615972614 92.608848215815968
12002.894733509682 92.605207996021903
12177.48085762842 92.823437459070220
12354.606395397908 93.275943168734926
12534.308283440243 93.772047252847074
12716.62399563306 94.252727509169986
12901.591550924093 94.689967689810658
13089.249521259411 95.115683199657070
13279.637039626952 95.573176265850591
13472.793808217073 96.093877765199281
13668.760106701786 96.701252961185531
13867.576800634426 97.399419828383856
14069.285349971487 98.166750962555653
14273.927817718419 98.963492303650369
14481.54687870117 99.701775677044353
14692.18582846533 100.271179985549963
14905.888592304698 100.641867583595797
15122.699734421185 100.793877356976225
15342.664467217943 100.676800601714149
15565.828660727671 100.175735637445655
15792.238852178061 99.117628914195606
16021.942255696367 97.376931353426244
16254.986772155136 95.104545876171727
16491.42099916115 92.854637771982496
16731.294241189662 90.802373065064074
16974.65651986603 88.937407701177108
17221.558584396902 87.291575686356310
17472.051922153143 85.875276455115895
17726.188769406665 84.698126762281873
17984.022122223458 83.743807961795525
18245.605747515034 83.021390847224311
18510.99419425065 83.075114294641480
18780.242804832582 84.813132707645678
19053.40772663689 87.030995388609753
19330.545923722028 87.883172276418563
19611.71518870775 86.943733070024052
19896.974154826825 86.145000000000010
20186.382308152035 86.145000000000010
