20 100.352499999999992
20.290906698750476 100.356863615026640
20.586044732869844 100.357953482597964
20.885475648548283 100.357048414504845
21.189261887185914 100.356035796923379
21.49746679841394 100.356852836618216
21.810154653305165 100.359677723044229
22.12739065777668 100.365229336511106
22.449240966187475 100.370574476023933
22.77577269513385 100.373373713420477
23.107053937445478 100.371572609409441
23.44315377638505 100.366136914015925
23.784142300054445 100.359317153998916
24.130090616010463 100.353048634255288
24.481070866093134 100.347783935588922
24.837156241469714 100.340842514702530
25.1984209978975 100.327323028847246
25.56494047120865 100.307691194777448
25.936791093020236 100.284108558410892
26.3140504066728 100.261107427680003
26.69679708340074 100.244612102080964
27.08511093873791 100.233180759160248
27.47907294916184 100.222476661403249
27.878765268980047 100.206804019482121
28.284271247461966 100.185865081389579
28.695675446220072 100.164411903135203
29.11306365684382 100.145203581039937
29.536522918790062 100.129002560329610
29.966141537533712 100.111388196961116
30.402009102982383 100.087356014766215
30.844216508158908 100.054823270175859
31.29285596815558 100.020294732428141
31.74802103936409 99.987882590362602
32.20980663898519 99.958411601660885
32.67830906482211 99.930658074240313
33.153626015361866 99.903857821185824
33.63585661014871 99.878978882712858
34.125101410453844 99.855995537940032
34.62146244024586 99.833912727748697
35.12504320746613 99.809622623589362
35.635948725613716 99.780163332835116
36.15428553564419 99.745391441433611
36.68016172818701 99.707348193842350
37.21368696608603 99.668828225407893
37.754972507267915 99.633201671418675
38.30413122794313 99.600668707235172
38.86127764614443 99.568722591105740
39.4265279456077 99.534454248865345
40.000000000000206 99.495999999999981
40.58181339750116 99.462060772015008
41.1720894657399 99.433349050743985
41.77095129709678 99.395839693982850
42.37852377437204 99.345238695819077
42.9949335968281 99.300766978775982
43.62030930661056 99.268351745921763
44.25478131555359 99.222891535774139
44.89848193237519 99.163398044586899
45.55154539026795 99.118290915001495
46.21410787489121 99.089171598186397
46.88630755277036 99.023149797437725
47.56828460010916 98.943122295963548
48.260181232021196 98.916259279071909
48.962141732186545 98.889034936680531
49.674312482939705 98.797123948484014
50.39684199579528 98.710969052128021
51.129880942417586 98.703735406758526
51.873582186040764 98.747813834916798
52.628100813345895 98.784729390245616
53.393594166801776 98.802967973293974
54.17022187747612 98.758193317357211
54.95814589832399 98.625198197836568
55.75753053796041 98.495809659546595
56.56854249492426 98.416722227890830
57.39135089244048 98.356692463867830
58.226127313687975 98.299510279012381
59.073045837580466 98.239012801648002
59.932283075067765 98.150940984805544
60.804018205965114 98.040511954258591
61.68843301631817 97.937695104564654
62.58571193631152 97.856902016887403
63.49604207872855 97.787288928252821
64.41961327797075 97.726791849794651
65.35661812964459 97.682944837981012
66.3072520307241 97.655625951262621
67.27171322029778 97.630441033560629
68.25020282090806 97.598742901268224
69.2429248804921 97.560718143296128
70.25008641493265 97.509995160763779
71.27189745122783 97.448423383511596
72.30857107128878 97.377794306793959
73.36032345637442 97.327991913590637
74.42737393217246 97.297041912373970
75.50994501453623 97.251927640771072
76.60826245588666 97.200727270572628
77.72255529228926 97.154696994794605
78.85305589121582 97.111935770513995
80.00000000000082 97.056499999999943
81.16362679500274 96.987651909175440
82.34417893148023 96.905407449625358
83.541902594194 96.836794758718270
84.75704754874454 96.772255035578496
85.98986719365665 96.703819831156395
87.24061861322157 96.626761180183763
88.50956263110764 96.550505930726104
89.79696386475084 96.483990200321216
91.10309078053635 96.406854765396162
92.42821574978288 96.332975733914168
93.77261510554118 96.259495796937841
95.13656920021877 96.180862731477134
96.52036246404286 96.099633505735682
97.92428346437356 96.021011721025673
99.34862496587989 95.936982448352836
100.79368399159105 95.841235804580208
102.25976188483567 95.746661032948253
103.74716437208203 95.667043431101263
105.25620162669229 95.585930646336806
106.78718833360406 95.487946401092529
108.34044375495276 95.388293226784512
109.9162917966485 95.301539986721735
111.51506107592134 95.223688181536275
113.13708498984903 95.143198276018879
114.78270178488147 95.064868985275766
116.45225462737648 94.994269269131436
118.14609167516147 94.915442559452273
119.86456615013608 94.826544484575251
121.60803641193078 94.735938072180659
123.3768660326369 94.653540969522737
125.17142387262359 94.584228729621671
126.99208415745765 94.518832465386794
128.83922655594208 94.445808285954115
130.71323625928977 94.377273073945986
132.61450406144883 94.316254764325521
134.5434264405962 94.261246210511075
136.50040564181674 94.205992698447304
138.48584976098482 94.153371425108048
140.50017282986593 94.030401774493214
142.5437949024563 93.854309672571674
144.61714214257822 93.842895701959463
146.7206469127495 93.888386620228133
148.8547478643456 93.863731866632421
151.01989002907314 93.763338972156760
153.216524911774 93.625362065434729
155.4451105845792 93.503303969982539
157.70611178243232 93.448896228398368
160.00000000000236 93.470000000000041
162.3272535900062 93.516545071800124
164.6883578629612 93.563767157259235
167.08380518838874 93.609175537541716
169.51409509748981 93.646405788423351
171.97973438731407 93.678840600157613
174.4812372264439 93.718388537958958
177.01912526221608 93.774247531135842
179.5939277295025 93.836173051053947
182.20618156107355 93.885270031787115
184.85643149956664 93.921604895794275
187.54523021108326 93.949671874802121
190.27313840043846 93.959218510720348
193.04072492808663 93.960459275071912
195.84856692874806 93.952220604727259
198.69724993176072 93.927069700736979
201.58736798318304 93.900036494803999
204.5195237696723 93.867733175147805
207.49432874416505 93.823590740093351
210.5124032533856 93.768999867723380
213.57437666720915 93.708299654989418
216.68088750990657 93.651408913882932
219.83258359329807 93.578020242980955
223.03012215184378 93.472369673182214
226.2741699796992 93.390347288776553
229.5654035697641 93.333881110145398
232.90450925475412 93.258744032513277
236.2921833503241 93.166184095378838
239.72913230027333 93.074245710967688
243.21607282386276 92.980990142991502
246.75373206527502 92.890779832335483
250.34284774524843 92.806043061540834
253.9841683149166 92.726844339150574
257.67845311188546 92.657069197513167
261.42647251858085 92.584183785887674
265.22900812289896 92.506648845664927
269.08685288119375 92.433480074579109
273.0008112836349 92.365486208178211
276.97169952197106 92.297859645686245
281.00034565973334 92.229694365746354
285.0875898049141 92.163159875984803
289.23428428515797 92.099715450437088
293.44129382550057 92.034659945704746
297.7094957286928 91.969044715351004
302.0397800581479 91.902383409098704
306.4330498235497 91.836315269254612
310.89022116916016 91.774023181277897
315.41222356486645 91.710605203022411
320.00000000000654 91.644999999999925
324.6545071800142 91.589145913839829
329.3767157259242 91.539482156450390
334.16761037677935 91.482988675478651
339.02819019498156 91.429898364913697
343.95946877463007 91.389012090435358
348.9624744528898 91.354055173720354
354.03825052443415 91.319539896433852
359.187855459007 91.282428655149246
364.4123631221491 91.245172221832746
369.71286299913527 91.203297096006906
375.0904604221685 91.159698779117946
380.54627680087896 91.111375834049355
386.08144985617537 91.058909936395111
391.6971338574982 91.006257940952054
397.3944998635236 90.952991701282883
403.1747359663683 90.898604569650018
409.0390475393468 90.844648572145871
414.9886574883323 90.794339794884038
421.0248065067734 90.751054815313609
427.1487533344206 90.714398107772155
433.3617750198154 90.686036972845656
439.6651671865984 90.668050403796315
446.06024430368984 90.660515061075927
452.54833995940066 90.668125683894431
459.13080713953053 90.698399669878711
465.8090185095106 90.746106984494332
472.58436670065066 90.806896574127506
479.45826460054917 90.875993330834291
486.432145647728 90.956128962337516
493.50746413055253 91.058287867625950
500.6856954904994 91.173628280102747
507.9683366298358 91.286509217762458
515.3569062237735 91.396149646943016
522.8529450371643 91.503408139872064
530.4580162458005 91.604324438857432
538.1737057623901 91.693724650069441
546.0016225672724 91.770085336290904
553.9433990439449 91.836075492829593
562.0006913194694 91.894704562708498
570.1751796098309 91.948551077658976
578.4685685703187 91.998311411421909
586.8825876510039 92.049827914053679
595.4189914573883 92.106391041055986
604.0795601162986 92.169361618394049
612.8660996471021 92.239471532815486
621.780442338323 92.317055346425150
630.8244471297356 92.402744471297353
640.0000000000159 92.494500000000158
649.3090143600314 92.585262890010313
658.7534314518515 92.672531569357034
668.3352207535618 92.757349942631350
678.0563803899662 92.839673595275713
687.9189375492632 92.920539341026497
697.9249489057827 93.000899591246267
708.0765010488715 93.079285233023853
718.3757109180171 93.150954834242526
728.8247262443015 93.212300939592524
739.425725998274 93.271312779290426
750.1809208443404 93.339819214489978
761.0925536017613 93.419383203346172
772.1628997123541 93.518638739685684
783.3942677149998 93.634899806161542
794.7889997270506 93.757198872077169
806.34947193274 93.877552964649524
818.0780950786972 93.993910767685833
829.9773149766683 94.107327316321289
842.0496130135506 94.219290186499776
854.2975066688449 94.331893811131081
866.7235500396347 94.445738650362813
879.3303343732008 94.561555592952104
892.1204886073838 94.681169942529650
905.0966799188055 94.803918459228640
918.2616142790653 94.929466998287978
931.6180370190256 95.058398590992823
945.1687334013056 95.191589939562959
958.9165292011028 95.329036814061084
972.8642912954606 95.470314342384683
987.0149282611097 95.615384070989080
1001.3713909810035 95.763216753169729
1015.9366732596762 95.914272624342630
1030.7138124475518 96.068469537397590
1045.7058900743334 96.225465154845324
1060.916032491606 96.385709944411019
1076.3474115247852 96.549237648445228
1092.0032451345498 96.714721878144132
1107.8867980878947 96.883080922506878
1124.0013826389438 97.054681414815406
1140.350359219667 97.229070498343120
1156.9371371406426 97.406574224261902
1173.765175302013 97.587696281409393
1190.837982914782 97.773050430075713
1208.1591202326028 97.961173211121746
1225.73219929421 98.154463635043044
1243.5608846766518 98.351954274185019
1261.648894259477 98.553967615706142
1280.0000000000375 98.761000000000422
1298.6180287200684 98.973777471086493
1317.5068629037087 99.190079609683011
1336.6704415071292 99.412793882520390
1356.112760779938 99.640422120144777
1375.8378750985323 99.874470713672537
1395.8498978115715 100.114991268629439
1416.153002097749 100.362605058995797
1436.7514218360407 100.616055201858700
1457.6494524886093 100.877383101356486
1478.8514519965543 101.145375614595821
1500.3618416886875 101.421203941952939
1522.1851072035295 101.704906393645871
1544.3257994247153 101.996214036417740
1566.788535430007 102.294623291927692
1589.5779994541087 102.599636752674144
1612.6989438654878 102.911189721061390
1636.156190157402 103.227885443321782
1659.9546299533442 103.548091133973884
1684.099226027109 103.870655737119463
1708.5950133376978 104.193063273123315
1733.4471000792773 104.512095576995733
1758.6606687464096 104.823928024956913
1784.2409772147755 105.124053403438381
1810.193359837619 105.407103207917743
1836.5232285581387 105.667666025590677
1863.2360740380593 105.899418035265995
1890.3374668026197 106.096454278241509
1917.833058402214 106.253731903691516
1945.7285825909298 106.366452040630989
1974.0298565222283 106.430540310174905
2002.7427819620161 106.438934383449379
2031.8733465193618 106.397723848231962
2061.4276248951132 106.304290162992970
2091.411780148677 106.161458730100506
2121.832064983222 105.975583941868280
2152.694823049581 105.746258786179595
2184.0064902691106 105.493743696915459
2215.7735961758003 105.210474425039223
2248.002765277899 104.912473729859954
2280.7007184393456 104.600951448289607
2313.874274281297 104.283038204804228
2347.530350604038 103.963130359301914
2381.6759658295764 103.645810164795023
2416.318240465218 103.332039630533984
2451.4643985884327 103.027516002033622
2487.1217693533167 102.730242942593023
2523.2977885189675 102.445524583690968
2560.0000000000887 102.171749999999349
2597.236057440151 101.910872062996987
2635.0137258074315 101.662663298649733
2673.340883014273 101.430580551253470
2712.225521559891 101.210259631420598
2751.6757501970797 101.007141514627278
2791.699795623158 100.819180940133478
2832.3060041955137 100.648868442840353
2873.502843672097 100.493769990274217
2915.2989049772345 100.354909263167841
2957.7029039931244 100.232858972336629
3000.723683377391 100.129097863456309
3044.370214407075 100.046226167669033
3088.6515988494466 99.984817516337515
3133.57707086003 99.942906623626470
3179.1559989082334 99.924877240229279
3225.3978877309914 99.929643239583157
3272.3123803148205 99.960143008905391
3319.9092599067053 100.018655723251669
3368.198452054235 100.107264532601491
3417.190026675413 100.228351077358695
3466.8942001585724 100.383812294566098
3517.3213374928373 100.574749617469905
3568.4819544295697 100.799974103084750
3620.386719675257 101.057234145491861
3673.0464571162966 101.343212482707088
3726.472148076138 101.653009281053016
3780.6749336052594 101.979897988323472
3835.6661168044484 102.312870056154509
3891.45716518188 102.630552439052025
3948.059713044477 102.928777113103081
4005.4855639240527 103.148476814567516
4063.746693038744 103.265938877900510
4122.855249790247 103.234267363104792
4182.823560297375 103.060888141093017
4243.664129966465 102.875324403602292
4305.389646099183 102.595668663333839
4368.012980538242 102.079922782415963
4431.5471923516225 101.352569551141272
4496.00553055582 100.511526581871493
4561.401436878714 99.596529524478328
4627.748548562617 98.652051751553046
4695.060701208099 97.707775969886242
4763.351931659176 96.781066549966908
4832.63648093046 95.883549447606470
4902.928797176889 95.028028959147974
4974.243538706657 94.207184543420766
5046.595577037959 93.433367442309816
5120.000000000202 92.695642857140896
5194.472114880326 91.998986096625600
5270.027451614888 91.342204675991226
5346.6817660285715 90.722715180826441
5424.451043119808 90.148620146005356
5503.351500394186 89.649153161926222
5583.399591246343 89.250333178806329
5664.612008391055 88.916459506813368
5747.005687344222 88.588712279059834
5830.597809954497 88.253231858734068
5915.405807986278 87.915421481410831
6001.447366754812 87.597350334300160
6088.740428814181 87.320651662589057
6177.303197698925 87.085057394044696
6267.154141720092 86.891549423645813
6358.3119978165005 86.743822283133312
6450.795775462017 86.640823590857281
6544.624760629676 86.587843809842582
6639.818519813445 86.587936481934705
6736.396904108505 86.643395074382539
6834.380053350861 86.755070080026286
6933.788400317181 86.921921510642292
7034.642674985712 87.143819181088787
7136.963908859177 87.421131004754713
7240.773439350552 87.753799303333423
7346.092914232631 88.140262365507255
7452.944296152315 88.572336600878202
7561.349867210557 89.033048804558689
7671.332233608935 89.493882704454819
7782.914330363799 89.926794878285179
7896.119426088994 90.298455279715071
8010.971127848146 90.561705379731066
8127.49338607753 90.679714438412162
8245.710499580537 90.627880780953149
8365.647120594791 90.393371368957389
8487.328259932974 90.017919160633113
8610.77929219841 89.538960215432127
8736.025961076528 89.012959694996340
8863.094384703289 88.502300597385528
8992.011061111683 88.052381396720222
9122.802873757471 87.713468173902712
9255.497097125279 87.529654292749967
9390.121402416245 87.520958782496791
9526.7038633184 87.685793670790758
9665.272961860968 87.966515910634399
9805.857594353829 88.243079271248433
9948.487077413367 88.350865929436111
10093.19115407597 88.133956080247543
10240.000000000457 87.652499999998213
10388.944229760706 87.049652078346796
10540.05490322983 86.510507520349705
10693.363532057198 86.089616311289205
10848.902086239672 85.659431130247384
11006.703000788428 84.931970689497419
11166.799182492743 83.757303934006714
11329.224016782166 82.149774715939344
11494.0113746885 80.412278859567465
11661.195619909053 78.807616415142093
11830.811615972614 77.377269974094546
12002.894733509682 76.203133625976250
12177.48085762842 75.185816560671014
12354.606395397908 74.424619680029139
12534.308283440243 73.826016510295403
12716.62399563306 73.442787366666863
12901.591550924093 73.317386700231452
13089.249521259411 73.320871776823395
13279.637039626952 73.566187876165301
13472.793808217073 74.125037372183414
13668.760106701786 75.049920950080633
13867.576800634426 76.418327719340283
14069.285349971487 78.269387794613621
14273.927817718419 80.444396155983924
14481.54687870117 82.635911835903840
14692.18582846533 84.268818740234536
14905.888592304698 85.001117874409630
15122.699734421185 84.713777813448758
15342.664467217943 83.772090821287719
15565.828660727671 82.722572883515426
15792.238852178061 81.829338373274908
16021.942255696367 81.065777648905112
16254.986772155136 79.343590956165585
16491.42099916115 76.645403557572962
16731.294241189662 73.545300749358191
16974.65651986603 70.097550087591245
17221.558584396902 66.610694608497298
17472.051922153143 63.392105211720917
17726.188769406665 60.531328434974156
17984.022122223458 57.958637742143367
18245.605747515034 55.561566794157926
18510.99419425065 53.229696591299842
18780.242804832582 50.956712271993396
19053.40772663689 49.664365873469620
19330.545923722028 50.470771123332966
19611.71518870775 51.953237640501293
19896.974154826825 52.554500000000004
20186.382308152035 52.554500000000004
