20 96.844499999999996
20.290906698750476 96.912378455969971
20.586044732869844 96.982197264454982
20.885475648548283 97.052586777408834
21.189261887185914 97.123012113824359
21.49746679841394 97.192077247850136
21.810154653305165 97.259581898518064
22.12739065777668 97.322704224977571
22.449240966187475 97.383035072355597
22.77577269513385 97.438623511633125
23.107053937445478 97.490379720320149
23.44315377638505 97.539518782885921
23.784142300054445 97.588240277757762
24.130090616010463 97.638296839031014
24.481070866093134 97.691565998914442
24.837156241469714 97.746530540460498
25.1984209978975 97.799278939705644
25.56494047120865 97.848323786549557
25.936791093020236 97.894414969087592
26.3140504066728 97.940256223354851
26.69679708340074 97.990559598967607
27.08511093873791 98.044106927835657
27.47907294916184 98.093488717621213
27.878765268980047 98.129952764932170
28.284271247461966 98.150870849898482
28.695675446220072 98.168501070526133
29.11306365684382 98.194258620311757
29.536522918790062 98.239832346143345
29.966141537533712 98.302556664479908
30.402009102982383 98.362707606616169
30.844216508158908 98.404135920316520
31.29285596815558 98.434571358089329
31.74802103936409 98.464857514834222
32.20980663898519 98.501043370952729
32.67830906482211 98.536698543889315
33.153626015361866 98.557843512184334
33.63585661014871 98.559554581017323
34.125101410453844 98.551748985895458
34.62146244024586 98.550307786364669
35.12504320746613 98.562001555468782
35.635948725613716 98.580802000298945
36.15428553564419 98.601325706961404
36.68016172818701 98.624508086409350
37.21368696608603 98.653962278863418
37.754972507267915 98.689119558174326
38.30413122794313 98.724206511397156
38.86127764614443 98.745612768477400
39.4265279456077 98.751265278537673
40.000000000000206 98.749500000000012
40.58181339750116 98.776166536273934
41.1720894657399 98.846604113644446
41.77095129709678 98.923272199034756
42.37852377437204 98.953033577655916
42.9949335968281 98.940352374290882
43.62030930661056 98.918722785910205
44.25478131555359 98.918773897615054
44.89848193237519 98.924900217268117
45.55154539026795 98.920763638333824
46.21410787489121 98.911417709622157
46.88630755277036 98.907383511218057
47.56828460010916 98.902609802842505
48.260181232021196 98.900384145336488
48.962141732186545 98.924917719673516
49.674312482939705 98.963401348358843
50.39684199579528 98.990669088853622
51.129880942417586 99.006419481311895
51.873582186040764 99.019971633047049
52.628100813345895 99.033724193380451
53.393594166801776 99.044919933234937
54.17022187747612 99.051057778138812
54.95814589832399 99.041855355315164
55.75753053796041 99.018728723763417
56.56854249492426 98.995933623884497
57.39135089244048 98.968650288856168
58.226127313687975 98.940495026637848
59.073045837580466 98.930107008426774
59.932283075067765 98.949010227651499
60.804018205965114 98.965043062859536
61.68843301631817 98.971961620722482
62.58571193631152 98.963267910904051
63.49604207872855 98.947315305700982
64.41961327797075 98.933754834025365
65.35661812964459 98.917584546758889
66.3072520307241 98.893050569155093
67.27171322029778 98.868565735594046
68.25020282090806 98.850497160507288
69.2429248804921 98.836477589232871
70.25008641493265 98.819873055664004
71.27189745122783 98.795114973914394
72.30857107128878 98.767520007502938
73.36032345637442 98.746514177785258
74.42737393217246 98.725811460458289
75.50994501453623 98.705425850417811
76.60826245588666 98.687276858603099
77.72255529228926 98.664994552622574
78.85305589121582 98.631643144165309
80.00000000000082 98.591499999999968
81.16362679500274 98.552712343197442
82.34417893148023 98.518494828142309
83.541902594194 98.484746648516904
84.75704754874454 98.450383669994750
85.98986719365665 98.413391464254943
87.24061861322157 98.374580709171070
88.50956263110764 98.335697183348259
89.79696386475084 98.294929477616222
91.10309078053635 98.246214747699639
92.42821574978288 98.198567661486237
93.77261510554118 98.155374303843942
95.13656920021877 98.105809602431549
96.52036246404286 98.048315759404943
97.92428346437356 97.991355071732102
99.34862496587989 97.934597880387940
100.79368399159105 97.875458956344772
102.25976188483567 97.814843254798518
103.74716437208203 97.750377651288233
105.25620162669229 97.680865592330790
106.78718833360406 97.607952563875813
108.34044375495276 97.532318256007315
109.9162917966485 97.453899011354878
111.51506107592134 97.371132449369227
113.13708498984903 97.282960429790933
114.78270178488147 97.189994678606013
116.45225462737648 97.090694661856361
118.14609167516147 96.987644506682543
119.86456615013608 96.877595960459331
121.60803641193078 96.762817517602485
123.3768660326369 96.642741890388905
125.17142387262359 96.524371719897346
126.99208415745765 96.412146894447574
128.83922655594208 96.303283975819284
130.71323625928977 96.196733138400390
132.61450406144883 96.099729951373064
134.5434264405962 96.022974497290775
136.50040564181674 95.966367191395022
138.48584976098482 95.933613201912124
140.50017282986593 95.925334658362317
142.5437949024563 95.941002427585502
144.61714214257822 95.976034271780264
146.7206469127495 96.029957466644234
148.8547478643456 96.104106116282338
151.01989002907314 96.200810413476916
153.216524911774 96.318704884741720
155.4451105845792 96.454822409166809
157.70611178243232 96.606886602413766
160.00000000000236 96.767000000000166
162.3272535900062 96.924787793402430
164.6883578629612 97.054233653027310
167.08380518838874 97.139348810179143
169.51409509748981 97.196504454105778
171.97973438731407 97.235508175177330
174.4812372264439 97.254491175913373
177.01912526221608 97.250634974108465
179.5939277295025 97.228060722704981
182.20618156107355 97.194437167081617
184.85643149956664 97.151854523407110
187.54523021108326 97.099977797229528
190.27313840043846 97.037944678389465
193.04072492808663 96.970765586826602
195.84856692874806 96.897409839380799
198.69724993176072 96.816779751978942
201.58736798318304 96.732701767157153
204.5195237696723 96.648446826525955
207.49432874416505 96.565156904744768
210.5124032533856 96.479892372860718
213.57437666720915 96.391343076650941
216.68088750990657 96.302594705967664
219.83258359329807 96.212313221692682
223.03012215184378 96.122656579748366
226.2741699796992 96.034476438878073
229.5654035697641 95.949154641709384
232.90450925475412 95.863935014003772
236.2921833503241 95.780597168348592
239.72913230027333 95.699399249406042
243.21607282386276 95.621354434286957
246.75373206527502 95.545294760596590
250.34284774524843 95.470771612999499
253.9841683149166 95.399310696819768
257.67845311188546 95.331408424069110
261.42647251858085 95.262110258406267
265.22900812289896 95.190620219649560
269.08685288119375 95.116864270737523
273.0008112836349 95.042859484200477
276.97169952197106 94.967645021283786
281.00034565973334 94.893893743558834
285.0875898049141 94.819923383511536
289.23428428515797 94.745282882867158
293.44129382550057 94.670244969906094
297.7094957286928 94.592374329019179
302.0397800581479 94.513538931460602
306.4330498235497 94.436732644695724
310.89022116916016 94.362325073062721
315.41222356486645 94.289528090031595
320.00000000000654 94.217499999999916
324.6545071800142 94.153733251633810
329.3767157259242 94.094291053425948
334.16761037677935 94.035655153403297
339.02819019498156 93.974744803543231
343.95946877463007 93.911026905929816
348.9624744528898 93.840440367878386
354.03825052443415 93.763714766976165
359.187855459007 93.683669454839503
364.4123631221491 93.599960953733401
369.71286299913527 93.510852615314604
375.0904604221685 93.415942788446955
380.54627680087896 93.322024806499158
386.08144985617537 93.227615352445014
391.6971338574982 93.131561582690352
397.3944998635236 93.038603602074446
403.1747359663683 92.949527031190769
409.0390475393468 92.856368731447219
414.9886574883323 92.762922973302935
421.0248065067734 92.675732996943310
427.1487533344206 92.596431211098434
433.3617750198154 92.527094991461922
439.6651671865984 92.459612053693149
446.06024430368984 92.396749976899486
452.54833995940066 92.370519335983772
459.13080713953053 92.388023228558126
465.8090185095106 92.421719274638804
472.58436670065066 92.471829843133861
479.45826460054917 92.540222463134569
486.432145647728 92.629163609938644
493.50746413055253 92.744373158154119
500.6856954904994 92.864785391242961
507.9683366298358 92.989955785825302
515.3569062237735 93.105563301003968
522.8529450371643 93.199455922890223
530.4580162458005 93.278164129966399
538.1737057623901 93.339517419465423
546.0016225672724 93.384150390490902
553.9433990439449 93.417708734691587
562.0006913194694 93.439601417204898
570.1751796098309 93.456210215531797
578.4685685703187 93.466162282284387
586.8825876510039 93.474194328885901
595.4189914573883 93.486212285477563
604.0795601162986 93.504198900290760
612.8660996471021 93.529293456033741
621.780442338323 93.560215865494001
630.8244471297356 93.602374901509762
640.0000000000159 93.645500000000055
649.3090143600314 93.681339705286121
658.7534314518515 93.718138382662218
668.3352207535618 93.753423555750501
678.0563803899662 93.793336797637863
687.9189375492632 93.835947378339284
697.9249489057827 93.880266022630735
708.0765010488715 93.926248079772364
718.3757109180171 93.975622197952376
728.8247262443015 94.026741158597076
739.425725998274 94.079628629991362
750.1809208443404 94.132412142590226
761.0925536017613 94.187424957742209
772.1628997123541 94.244768902352604
783.3942677149998 94.303408477278452
794.7889997270506 94.364273748521526
806.34947193274 94.426628411638490
818.0780950786972 94.488325566944056
829.9773149766683 94.547546528543478
842.0496130135506 94.604735661814374
854.2975066688449 94.666673475012260
866.7235500396347 94.741066425260669
879.3303343732008 94.826028857331067
892.1204886073838 94.917267517973158
905.0966799188055 95.010526206084776
918.2616142790653 95.105276287864001
931.6180370190256 95.202871657986648
945.1687334013056 95.303765500509797
958.9165292011028 95.407617013108364
972.8642912954606 95.515407186218582
987.0149282611097 95.626733088212589
1001.3713909810035 95.741516840880735
1015.9366732596762 95.858711943171329
1030.7138124475518 95.980465432597413
1045.7058900743334 96.106106683761482
1060.916032491606 96.236500017093363
1076.3474115247852 96.371447048853099
1092.0032451345498 96.510591807621410
1107.8867980878947 96.654250725375036
1124.0013826389438 96.801790490374742
1140.350359219667 96.952240822781917
1156.9371371406426 97.106141505174179
1173.765175302013 97.263158841912741
1190.837982914782 97.424543992193719
1208.1591202326028 97.588511642209738
1225.73219929421 97.755455893294993
1243.5608846766518 97.924970675799102
1261.648894259477 98.097941088415666
1280.0000000000375 98.274500000000359
1298.6180287200684 98.455094878584660
1317.5068629037087 98.638316570165969
1336.6704415071292 98.825453565732190
1356.112760779938 99.016307874662886
1375.8378750985323 99.211690910352928
1395.8498978115715 99.410706483225141
1416.153002097749 99.614876104485631
1436.7514218360407 99.823364502727614
1457.6494524886093 100.036830393483356
1478.8514519965543 100.254246984604436
1500.3618416886875 100.476277627229905
1522.1851072035295 100.704112519204841
1544.3257994247153 100.936034377971026
1566.788535430007 101.172115392723668
1589.5779994541087 101.412152114246311
1612.6989438654878 101.655592889464927
1636.156190157402 101.902139996652721
1659.9546299533442 102.150430873717582
1684.099226027109 102.398448136435434
1708.5950133376978 102.644574931242943
1733.4471000792773 102.884895914740440
1758.6606687464096 103.114328177968986
1784.2409772147755 103.326470705009484
1810.193359837619 103.511718166977005
1836.5232285581387 103.656624063940455
1863.2360740380593 103.743207426595347
1890.3374668026197 103.746868042492650
1917.833058402214 103.638558145796082
1945.7285825909298 103.386495599313420
1974.0298565222283 102.963308864079238
2002.7427819620161 102.358633206598313
2031.8733465193618 101.681029101259242
2061.4276248951132 101.185547918783215
2091.411780148677 101.198382592304483
2121.832064983222 101.679011530531483
2152.694823049581 102.293471120246991
2184.0064902691106 102.877200761427943
2215.7735961758003 103.310051075256865
2248.002765277899 103.656855225116686
2280.7007184393456 103.887713807728531
2313.874274281297 104.034860153509527
2347.530350604038 104.115340733476529
2381.6759658295764 104.138480445301568
2416.318240465218 104.125225700883618
2451.4643985884327 104.073900692505532
2487.1217693533167 104.000193116374589
2523.2977885189675 103.904266192146892
2560.0000000000887 103.795499999999720
2597.236057440151 103.677051911883510
2635.0137258074315 103.552454247308560
2673.340883014273 103.424891563977539
2712.225521559891 103.296896629571023
2751.6757501970797 103.171325440001738
2791.699795623158 103.051089355466402
2832.3060041955137 102.938304608546247
2873.502843672097 102.833828203623682
2915.2989049772345 102.739443222896213
2957.7029039931244 102.656444266491206
3000.723683377391 102.586586349736052
3044.370214407075 102.532921133220071
3088.6515988494466 102.497109605733471
3133.57707086003 102.477016305513501
3179.1559989082334 102.477456519814396
3225.3978877309914 102.497254648147830
3272.3123803148205 102.538436113558902
3319.9092599067053 102.603049371445138
3368.198452054235 102.692490640957686
3417.190026675413 102.807741171756859
3466.8942001585724 102.949554614502674
3517.3213374928373 103.117203241724070
3568.4819544295697 103.309427817718273
3620.386719675257 103.521939691423086
3673.0464571162966 103.747752088455883
3726.472148076138 103.977241907842824
3780.6749336052594 104.194879387711637
3835.6661168044484 104.394564962093781
3891.45716518188 104.540025219174538
3948.059713044477 104.642971103099640
4005.4855639240527 104.655968723043259
4063.746693038744 104.592476273336871
4122.855249790247 104.455172850685187
4182.823560297375 104.257165422234834
4243.664129966465 104.012933992563191
4305.389646099183 103.740554494474480
4368.012980538242 103.448305874479232
4431.5471923516225 103.135660266266996
4496.00553055582 102.799037539072685
4561.401436878714 102.422985336012587
4627.748548562617 102.005051584822127
4695.060701208099 101.540961444985300
4763.351931659176 101.061137428823940
4832.63648093046 100.609845693887081
4902.928797176889 100.248555618398115
4974.243538706657 99.958437897833477
5046.595577037959 99.704162814506077
5120.000000000202 99.433071428570656
5194.472114880326 99.115740167111667
5270.027451614888 98.740669923175176
5346.6817660285715 98.324457393353043
5424.451043119808 97.919102351458662
5503.351500394186 97.637518484565504
5583.399591246343 97.620303548177873
5664.612008391055 97.616223718405706
5747.005687344222 97.530530445261718
5830.597809954497 97.414726916289823
5915.405807986278 97.332354839779285
6001.447366754812 97.211428456332172
6088.740428814181 97.091196045701622
6177.303197698925 97.028699086371731
6267.154141720092 97.032414522830535
6358.3119978165005 97.103561357750991
6450.795775462017 97.237170459199689
6544.624760629676 97.436561901574180
6639.818519813445 97.701224707808620
6736.396904108505 98.026668545201460
6834.380053350861 98.399520213403434
6933.788400317181 98.798505137281410
7034.642674985712 99.195043964321769
7136.963908859177 99.547543531134565
7240.773439350552 99.810765667569285
7346.092914232631 99.964714087380528
7452.944296152315 100.032030503653303
7561.349867210557 100.077641186925007
7671.332233608935 100.165519226988906
7782.914330363799 100.311175677208666
7896.119426088994 100.490253761089576
8010.971127848146 100.628388451139259
8127.49338607753 100.666927554039830
8245.710499580537 100.586903661822419
8365.647120594791 100.401633386754355
8487.328259932974 100.159871469303511
8610.77929219841 99.903209807919978
8736.025961076528 99.676492031151597
8863.094384703289 99.508722859421539
8992.011061111683 99.412465074369948
9122.802873757471 99.387340862127246
9255.497097125279 99.430827955675269
9390.121402416245 99.573007980134520
9526.7038633184 99.903301504529196
9665.272961860968 100.473785119702043
9805.857594353829 101.257609964711435
9948.487077413367 102.182146321250002
10093.19115407597 103.113929810416835
10240.000000000457 103.851800000001930
10388.944229760706 104.178426015662296
10540.05490322983 103.895759579220822
10693.363532057198 103.102728547739844
10848.902086239672 101.943338205770630
11006.703000788428 100.622023471401192
11166.799182492743 99.300900919201752
11329.224016782166 98.084575121468461
11494.0113746885 96.936747604723664
11661.195619909053 95.805731443524223
11830.811615972614 94.665857608053031
12002.894733509682 93.559230790660806
12177.48085762842 92.515226345161992
12354.606395397908 91.583019185791812
12534.308283440243 90.752327996313468
12716.62399563306 90.133224331586945
12901.591550924093 89.782398207178261
13089.249521259411 89.543000253593348
13279.637039626952 89.349123034732003
13472.793808217073 89.202509359042239
13668.760106701786 89.145017317872544
13867.576800634426 89.226805468561480
14069.285349971487 89.421715067551361
14273.927817718419 89.651255702207493
14481.54687870117 89.790789728810964
14692.18582846533 89.809303061481671
14905.888592304698 89.778763395616011
15122.699734421185 89.722680878611328
15342.664467217943 89.558049679911420
15565.828660727671 89.033631923865755
15792.238852178061 87.759360745351017
16021.942255696367 85.522445789502143
16254.986772155136 83.250513438487502
16491.42099916115 83.725273366315577
16731.294241189662 84.189360473978425
16974.65651986603 83.276101547046153
17221.558584396902 81.924726990027011
17472.051922153143 80.788415646370467
17726.188769406665 79.972005232999166
17984.022122223458 79.295222924663477
18245.605747515034 78.619354748421145
18510.99419425065 78.113593759303356
18780.242804832582 77.827567141780889
19053.40772663689 77.234228801012563
19330.545923722028 75.696429231462602
19611.71518870775 73.299074175027002
19896.974154826825 72.057000000000002
20186.382308152035 72.057000000000002
