20 104.287999999999997
20.290906698750476 104.318060459072413
20.586044732869844 104.345697512742817
20.885475648548283 104.372692808369351
21.189261887185914 104.398587178453539
21.49746679841394 104.424297363366520
21.810154653305165 104.449236281183204
22.12739065777668 104.471439631077715
22.449240966187475 104.492290312116239
22.77577269513385 104.510414883964856
23.107053937445478 104.528066410009941
23.44315377638505 104.547589257952239
23.784142300054445 104.568969249503539
24.130090616010463 104.591022281394913
24.481070866093134 104.610553548036904
24.837156241469714 104.626071856621849
25.1984209978975 104.636956577442177
25.56494047120865 104.646623522089016
25.936791093020236 104.656945720794539
26.3140504066728 104.669871908495480
26.69679708340074 104.684133894273273
27.08511093873791 104.697053309651096
27.47907294916184 104.705383771319759
27.878765268980047 104.710636109276024
28.284271247461966 104.714842712474621
28.695675446220072 104.718565403569755
29.11306365684382 104.721113063656844
29.536522918790062 104.721463477081215
29.966141537533712 104.721033858462462
30.402009102982383 104.726043530419517
30.844216508158908 104.736646206225089
31.29285596815558 104.748098189323315
31.74802103936409 104.751011873763815
32.20980663898519 104.743205800830452
32.67830906482211 104.728259182731222
33.153626015361866 104.713159349615964
33.63585661014871 104.702326294237622
34.125101410453844 104.693997971790935
34.62146244024586 104.683584901434102
35.12504320746613 104.671999135850683
35.635948725613716 104.662460769115796
36.15428553564419 104.654222860358402
36.68016172818701 104.643495956795334
37.21368696608603 104.629089391017416
37.754972507267915 104.613943573465150
38.30413122794313 104.600521525669080
38.86127764614443 104.589472068955672
39.4265279456077 104.577107203198835
40.000000000000206 104.559999999999988
40.58181339750116 104.539636463209007
41.1720894657399 104.520407120327846
41.77095129709678 104.499992466490752
42.37852377437204 104.475445810692264
42.9949335968281 104.449877698057833
43.62030930661056 104.429457148260440
44.25478131555359 104.412337969748990
44.89848193237519 104.390637742882362
45.55154539026795 104.360570006501646
46.21410787489121 104.329388700050387
46.88630755277036 104.300609311699290
47.56828460010916 104.273671070608231
48.260181232021196 104.244671529095001
48.962141732186545 104.210892982114984
49.674312482939705 104.176427394289902
50.39684199579528 104.145130247211256
51.129880942417586 104.114597852286892
51.873582186040764 104.082989357756304
52.628100813345895 104.052411111496724
53.393594166801776 104.022256213648191
54.17022187747612 103.989604438848289
54.95814589832399 103.953401724219404
55.75753053796041 103.914820401049923
56.56854249492426 103.875994231491092
57.39135089244048 103.835736779931750
58.226127313687975 103.793015252374545
59.073045837580466 103.747836387257905
59.932283075067765 103.698859864721129
60.804018205965114 103.645770331415804
61.68843301631817 103.595905388546697
62.58571193631152 103.548250150531345
63.49604207872855 103.500457790866761
64.41961327797075 103.451340882989570
65.35661812964459 103.401277548193661
66.3072520307241 103.350908390340891
67.27171322029778 103.298555772883617
68.25020282090806 103.245489453312786
69.2429248804921 103.195446917937602
70.25008641493265 103.151371673025096
71.27189745122783 103.113527384109489
72.30857107128878 103.080088582325686
73.36032345637442 103.041344150637656
74.42737393217246 102.989058677323555
75.50994501453623 102.942089491768016
76.60826245588666 102.902995866084069
77.72255529228926 102.861088291187812
78.85305589121582 102.798524192220412
80.00000000000082 102.744999999999948
81.16362679500274 102.680030674855686
82.34417893148023 102.655556483136763
83.541902594194 102.605614491458596
84.75704754874454 102.526607944545773
85.98986719365665 102.515274239731923
87.24061861322157 102.476876422320203
88.50956263110764 102.370244552142509
89.79696386475084 102.268539854684690
91.10309078053635 102.204239657700668
92.42821574978288 102.157484833696358
93.77261510554118 102.104584979468996
95.13656920021877 102.041683658699029
96.52036246404286 101.978699673395823
97.92428346437356 101.917570473734543
99.34862496587989 101.851983205357158
100.79368399159105 101.783990536386810
102.25976188483567 101.710979366142098
103.74716437208203 101.630939706315971
105.25620162669229 101.552422402435042
106.78718833360406 101.472754226096583
108.34044375495276 101.389396185150872
109.9162917966485 101.313625842242473
111.51506107592134 101.243629451507076
113.13708498984903 101.164066563188484
114.78270178488147 101.082912232171680
116.45225462737648 101.009788919211815
118.14609167516147 100.934976356368281
119.86456615013608 100.852357327672166
121.60803641193078 100.767678191018831
123.3768660326369 100.682279237267693
125.17142387262359 100.596157371532314
126.99208415745765 100.507715932389544
128.83922655594208 100.417038672202892
130.71323625928977 100.323338187035517
132.61450406144883 100.225238536773929
134.5434264405962 100.123834255258544
136.50040564181674 100.019352588289621
138.48584976098482 99.908928026064103
140.50017282986593 99.795907305048928
142.5437949024563 99.685211109450279
144.61714214257822 99.572770038765128
146.7206469127495 99.455987902268575
148.8547478643456 99.332298926430752
151.01989002907314 99.200654884180011
153.216524911774 99.064578590346485
155.4451105845792 98.929526298574501
157.70611178243232 98.792221069489187
160.00000000000236 98.649999999999864
162.3272535900062 98.508968432445627
164.6883578629612 98.373763601811206
167.08380518838874 98.235556060111122
169.51409509748981 98.101933226696559
171.97973438731407 97.981264643163854
174.4812372264439 97.875665521161096
177.01912526221608 97.792310941923745
179.5939277295025 97.740646871960763
182.20618156107355 97.705260876018258
184.85643149956664 97.704799004099385
187.54523021108326 97.728850327968360
190.27313840043846 97.784996865456051
193.04072492808663 97.896456161016005
195.84856692874806 98.070000226742096
198.69724993176072 98.299702944117769
201.58736798318304 98.535550141357746
204.5195237696723 98.718437140944275
207.49432874416505 98.837318519813280
210.5124032533856 98.904657107876218
213.57437666720915 98.912085769162729
216.68088750990657 98.882191124900928
219.83258359329807 98.862127811525141
223.03012215184378 98.825896064715835
226.2741699796992 98.757645750507521
229.5654035697641 98.676220045279152
232.90450925475412 98.595791777885893
236.2921833503241 98.501551884896315
239.72913230027333 98.396295323304130
243.21607282386276 98.262830077942510
246.75373206527502 98.120881500880841
250.34284774524843 97.995400263133035
253.9841683149166 97.893443287182322
257.67845311188546 97.807935771787641
261.42647251858085 97.698134133507395
265.22900812289896 97.578057236005776
269.08685288119375 97.452590428480008
273.0008112836349 97.325100762901400
276.97169952197106 97.209385575347028
281.00034565973334 97.100490494357331
285.0875898049141 96.988476675506490
289.23428428515797 96.892688033012860
293.44129382550057 96.790000042510144
297.7094957286928 96.683762606782679
302.0397800581479 96.581624838720757
306.4330498235497 96.489027986921158
310.89022116916016 96.396777910739928
315.41222356486645 96.302832641693485
320.00000000000654 96.217499999999887
324.6545071800142 96.139304279375779
329.3767157259242 96.059533504231879
334.16761037677935 95.977733862557074
339.02819019498156 95.898646137860794
343.95946877463007 95.821232287115777
348.9624744528898 95.756657811674756
354.03825052443415 95.685041542343271
359.187855459007 95.598131315013276
364.4123631221491 95.538111423529642
369.71286299913527 95.527758423300781
375.0904604221685 95.485280310403311
380.54627680087896 95.472030470626436
386.08144985617537 95.475030319769886
391.6971338574982 95.441271496068765
397.3944998635236 95.401654100846159
403.1747359663683 95.387616490644248
409.0390475393468 95.397097618848363
414.9886574883323 95.411722588930132
421.0248065067734 95.430018937988962
427.1487533344206 95.457392520006522
433.3617750198154 95.497426054308676
439.6651671865984 95.543488753899481
446.06024430368984 95.597460878163446
452.54833995940066 95.670354249492505
459.13080713953053 95.754700492813896
465.8090185095106 95.837390803905009
472.58436670065066 95.927353679044771
479.45826460054917 96.020549677164482
486.432145647728 96.126300759493205
493.50746413055253 96.276340116539814
500.6856954904994 96.438285309013892
507.9683366298358 96.595317258580849
515.3569062237735 96.772559988136805
522.8529450371643 96.973955988522022
530.4580162458005 97.183095446759523
538.1737057623901 97.395128017812254
546.0016225672724 97.602112108650914
553.9433990439449 97.799141577054684
562.0006913194694 97.985514172049136
570.1751796098309 98.152609438074492
578.4685685703187 98.299817092123163
586.8825876510039 98.430582944147602
595.4189914573883 98.538734603468498
604.0795601162986 98.626451123524873
612.8660996471021 98.695410276075933
621.780442338323 98.749729702100296
630.8244471297356 98.790885564954081
640.0000000000159 98.823000000000036
649.3090143600314 98.847203437336077
658.7534314518515 98.863880833468144
668.3352207535618 98.874751981791235
678.0563803899662 98.878916914116985
687.9189375492632 98.876332424980291
697.9249489057827 98.866386308758351
708.0765010488715 98.849058473059586
718.3757109180171 98.822885580521358
728.8247262443015 98.785407276583868
739.425725998274 98.738112946707844
750.1809208443404 98.688738624780058
761.0925536017613 98.642818836925926
772.1628997123541 98.591703428261738
783.3942677149998 98.529748675962878
794.7889997270506 98.459720126740052
806.34947193274 98.395546324327881
818.0780950786972 98.348596850325691
829.9773149766683 98.312333795835627
842.0496130135506 98.277013693208218
854.2975066688449 98.238174977770512
866.7235500396347 98.195240874855187
879.3303343732008 98.147462145788538
892.1204886073838 98.093407199747759
905.0966799188055 98.035427855375531
918.2616142790653 97.973636916515233
931.6180370190256 97.909427974446260
945.1687334013056 97.844149819118741
958.9165292011028 97.777903442194656
972.8642912954606 97.710349972952770
987.0149282611097 97.640849583945311
1001.3713909810035 97.568597332062296
1015.9366732596762 97.495222966375650
1030.7138124475518 97.419777977952052
1045.7058900743334 97.341330840850461
1060.916032491606 97.259461821296156
1076.3474115247852 97.174454495461191
1092.0032451345498 97.086481340476354
1107.8867980878947 96.995016139702614
1124.0013826389438 96.900714003201841
1140.350359219667 96.803397844681996
1156.9371371406426 96.703246528325167
1173.765175302013 96.600577977818801
1190.837982914782 96.494054184034255
1208.1591202326028 96.385351275672477
1225.73219929421 96.274741994878980
1243.5608846766518 96.163423335085469
1261.648894259477 96.050776855591238
1280.0000000000375 95.937499999999773
1298.6180287200684 95.823664052968724
1317.5068629037087 95.708208136287368
1336.6704415071292 95.592977350957227
1356.112760779938 95.477531892378863
1375.8378750985323 95.362640324428511
1395.8498978115715 95.249344324809911
1416.153002097749 95.138504571970529
1436.7514218360407 95.028730177544389
1457.6494524886093 94.923170671855587
1478.8514519965543 94.820783320815849
1500.3618416886875 94.721944080738638
1522.1851072035295 94.628104039024819
1544.3257994247153 94.539856350266632
1566.788535430007 94.457061272451966
1589.5779994541087 94.380267281768681
1612.6989438654878 94.310688978299325
1636.156190157402 94.249448267425379
1659.9546299533442 94.197984388286784
1684.099226027109 94.157079099041511
1708.5950133376978 94.126936388262834
1733.4471000792773 94.109290101969876
1758.6606687464096 94.104905347124216
1784.2409772147755 94.115523142683230
1810.193359837619 94.141362969379173
1836.5232285581387 94.184085527973963
1863.2360740380593 94.244649071018188
1890.3374668026197 94.324386643104447
1917.833058402214 94.423978944264491
1945.7285825909298 94.545607764962824
1974.0298565222283 94.689474656785137
2002.7427819620161 94.859239500047408
2031.8733465193618 95.054518876453230
2061.4276248951132 95.276920667874194
2091.411780148677 95.528464847698672
2121.832064983222 95.809229046583056
2152.694823049581 96.127580144799822
2184.0064902691106 96.470375936148599
2215.7735961758003 96.856838821671687
2248.002765277899 97.272371125464616
2280.7007184393456 97.729052143907126
2313.874274281297 98.225088775550716
2347.530350604038 98.761413404886099
2381.6759658295764 99.342119906288886
2416.318240465218 99.959939712536737
2451.4643985884327 100.623653062862616
2487.1217693533167 101.322720749888887
2523.2977885189675 102.059851998777759
2560.0000000000887 102.820250000001863
2597.236057440151 103.592924586139119
2635.0137258074315 104.362774058621710
2673.340883014273 105.097890990291546
2712.225521559891 105.782759187565517
2751.6757501970797 106.366067280940769
2791.699795623158 106.829339029956543
2832.3060041955137 107.130458207396714
2873.502843672097 107.287835061736331
2915.2989049772345 107.299047573303483
2957.7029039931244 107.175596202277404
3000.723683377391 106.940271387598358
3044.370214407075 106.621611121650190
3088.6515988494466 106.263124309492071
3133.57707086003 105.894846872490760
3179.1559989082334 105.537665048362925
3225.3978877309914 105.204532426797329
3272.3123803148205 104.905303203748844
3319.9092599067053 104.644546441259010
3368.198452054235 104.422614284659801
3417.190026675413 104.235913410637366
3466.8942001585724 104.076162109532220
3517.3213374928373 103.926709200896426
3568.4819544295697 103.762834603142139
3620.386719675257 103.552755347149031
3673.0464571162966 103.263772209884536
3726.472148076138 102.877899207987070
3780.6749336052594 102.409138997523542
3835.6661168044484 101.917994668330238
3891.45716518188 101.505669338569533
3948.059713044477 101.186926240918297
4005.4855639240527 101.088079833349155
4063.746693038744 101.161707092961564
4122.855249790247 101.374561773930267
4182.823560297375 101.683586746995076
4243.664129966465 102.062536580933980
4305.389646099183 102.494343326535883
4368.012980538242 102.972733067135493
4431.5471923516225 103.492247354480781
4496.00553055582 104.042680850025420
4561.401436878714 104.620961421229637
4627.748548562617 105.212928942398932
4695.060701208099 105.793959867720403
4763.351931659176 106.336249634435504
4832.63648093046 106.807417954205974
4902.928797176889 107.182323020754950
4974.243538706657 107.508388667728838
5046.595577037959 107.824438094254049
5120.000000000202 108.131857142857953
5194.472114880326 108.367492182761993
5270.027451614888 108.445694191331128
5346.6817660285715 108.343881371908225
5424.451043119808 108.074225499683109
5503.351500394186 107.667899172812270
5583.399591246343 107.164195151789357
5664.612008391055 106.586770698997043
5747.005687344222 105.971786719310472
5830.597809954497 105.340393326789226
5915.405807986278 104.713541734257490
6001.447366754812 104.102748366489465
6088.740428814181 103.517623687223633
6177.303197698925 102.960230585399387
6267.154141720092 102.431337252038219
6358.3119978165005 101.938236691430617
6450.795775462017 101.492942883684776
6544.624760629676 101.120383318646503
6639.818519813445 100.849969312179638
6736.396904108505 100.718218789452322
6834.380053350861 100.751163476291737
6933.788400317181 100.927781580777093
7034.642674985712 101.190290544083638
7136.963908859177 101.492794380653379
7240.773439350552 101.810562857215942
7346.092914232631 102.118025049568573
7452.944296152315 102.366329441208634
7561.349867210557 102.472115589036193
7671.332233608935 102.381189467759867
7782.914330363799 102.065840893169877
7896.119426088994 101.508081931290391
8010.971127848146 100.702331152636745
8127.49338607753 99.692574864273610
8245.710499580537 98.526317571445873
8365.647120594791 97.233676707723248
8487.328259932974 95.835280989109719
8610.77929219841 94.289449855610926
8736.025961076528 92.429040554280505
8863.094384703289 89.935763162185694
8992.011061111683 86.748513199115479
9122.802873757471 85.280660156300783
9255.497097125279 86.402218081635979
9390.121402416245 88.743508869909178
9526.7038633184 91.689792500332075
9665.272961860968 93.715538027361063
9805.857594353829 94.881372854578714
9948.487077413367 95.524860983689678
10093.19115407597 95.921280044142833
10240.000000000457 96.275200000001107
10388.944229760706 96.690962242806719
10540.05490322983 97.253285715943775
10693.363532057198 97.986536119753239
10848.902086239672 98.899659997273147
11006.703000788428 99.957585174214785
11166.799182492743 101.083367067439667
11329.224016782166 102.136918772953720
11494.0113746885 102.998153840192231
11661.195619909053 103.369407045988353
11830.811615972614 103.400263158957401
12002.894733509682 102.991234825734679
12177.48085762842 102.401939974655988
12354.606395397908 101.666757470724491
12534.308283440243 100.910604682937375
12716.62399563306 100.129964819141762
12901.591550924093 99.258428945610987
13089.249521259411 98.323624170526330
13279.637039626952 97.302625318881610
13472.793808217073 96.241189156997564
13668.760106701786 95.245594412106072
13867.576800634426 94.421820789900053
14069.285349971487 93.893429045037067
14273.927817718419 93.627393836966064
14481.54687870117 93.738283635764191
14692.18582846533 94.171196362740559
14905.888592304698 94.641513788993379
15122.699734421185 94.868395759100849
15342.664467217943 94.583504560721849
15565.828660727671 93.645328228664368
15792.238852178061 92.150208608664542
16021.942255696367 90.453895442647067
16254.986772155136 88.998622726189637
16491.42099916115 88.056195897343656
16731.294241189662 87.036686532532045
16974.65651986603 85.642759358783735
17221.558584396902 84.150082509879596
17472.051922153143 82.666061347763545
17726.188769406665 80.946178399098585
17984.022122223458 78.722169235944676
18245.605747515034 76.157371272026609
18510.99419425065 73.638892600089122
18780.242804832582 71.219460439406305
19053.40772663689 68.945490478731955
19330.545923722028 66.830825586604746
19611.71518870775 65.342809712551272
19896.974154826825 64.905000000000001
20186.382308152035 64.905000000000001
