20 65.342999999999989
20.290906698750476 65.412977556400463
20.586044732869844 65.489012043464967
20.885475648548283 65.569625170670605
21.189261887185914 65.649563771230333
21.49746679841394 65.724601413073955
21.810154653305165 65.792530491582255
22.12739065777668 65.855072793374546
22.449240966187475 65.915045319328840
22.77577269513385 65.976457250002241
23.107053937445478 66.039010113271019
23.44315377638505 66.102027508385589
23.784142300054445 66.163023236858606
24.130090616010463 66.219514070007321
24.481070866093134 66.274010649820184
24.837156241469714 66.327524020502949
25.1984209978975 66.383065960161048
25.56494047120865 66.440490673282014
25.936791093020236 66.497467990059548
26.3140504066728 66.551506646310656
26.69679708340074 66.601973244678163
27.08511093873791 66.650013656164447
27.47907294916184 66.698509118645234
27.878765268980047 66.748470658622509
28.284271247461966 66.799031930829869
28.695675446220072 66.847461794033194
29.11306365684382 66.893006455764819
29.536522918790062 66.935951616764086
29.966141537533712 66.978513958976947
30.402009102982383 67.021500875286762
30.844216508158908 67.064020011333170
31.29285596815558 67.105486687479868
31.74802103936409 67.146001798820095
32.20980663898519 67.185483468051771
32.67830906482211 67.224024348594185
33.153626015361866 67.261470536924520
33.63585661014871 67.298988844150571
34.125101410453844 67.334006849294767
34.62146244024586 67.367529361285449
35.12504320746613 67.399502663473925
35.635948725613716 67.430996839250156
36.15428553564419 67.463516556724613
36.68016172818701 67.494008480129651
37.21368696608603 67.521983586236729
37.754972507267915 67.548498653313487
38.30413122794313 67.575506950133445
38.86127764614443 67.605013489874494
39.4265279456077 67.632477064495077
40.000000000000206 67.656500000000008
40.58181339750116 67.677993106608710
41.1720894657399 67.699003435245444
41.77095129709678 67.721998129938612
42.37852377437204 67.745481593252862
42.9949335968281 67.766497736255502
43.62030930661056 67.784007550003878
44.25478131555359 67.799494662033197
44.89848193237519 67.813008842795881
45.55154539026795 67.824991658537030
46.21410787489121 67.838002167129517
46.88630755277036 67.851506538878553
47.56828460010916 67.866005140897926
48.260181232021196 67.878502452570075
48.962141732186545 67.888002090151645
49.674312482939705 67.898506483048550
50.39684199579528 67.913496721904465
51.129880942417586 67.928997482411276
51.873582186040764 67.944491295542520
52.628100813345895 67.958001710931455
53.393594166801776 67.970993112491414
54.17022187747612 67.981503378844820
54.95814589832399 67.993501641356147
55.75753053796041 68.002494718552057
56.56854249492426 68.004498871750741
57.39135089244048 68.004501470806645
58.226127313687975 68.008000000000010
59.073045837580466 68.007999919957655
59.932283075067765 68.006500162313671
60.804018205965114 68.007000020594987
61.68843301631817 68.007999035598402
62.58571193631152 68.006000641567226
63.49604207872855 68.000999749531374
64.41961327797075 67.995502301916844
65.35661812964459 67.988003056593030
66.3072520307241 67.979496735353308
67.27171322029778 67.967003714762981
68.25020282090806 67.952497242616062
69.2429248804921 67.939001021262186
70.25008641493265 67.921498224350700
71.27189745122783 67.900502107166545
72.30857107128878 67.880508272492023
73.36032345637442 67.858492724505169
74.42737393217246 67.834492058688852
75.50994501453623 67.811501167743003
76.60826245588666 67.793496822282989
77.72255529228926 67.780005384353444
78.85305589121582 67.768499317805563
80.00000000000082 67.754499999999993
81.16362679500274 67.745502885605646
82.34417893148023 67.732996415396059
83.541902594194 67.709001951368407
84.75704754874454 67.682498765969314
85.98986719365665 67.650503446717750
87.24061861322157 67.615010822726333
88.50956263110764 67.575013786253507
89.79696386475084 67.530001263470254
91.10309078053635 67.480996231751334
92.42821574978288 67.425990375474385
93.77261510554118 67.366017170013038
95.13656920021877 67.302020213479466
96.52036246404286 67.234482186596182
97.92428346437356 67.165485578128369
99.34862496587989 67.093019080683305
100.79368399159105 67.016016839202422
102.25976188483567 66.943011857030712
103.74716437208203 66.859490033104365
105.25620162669229 66.767986896240444
106.78718833360406 66.668488176093746
108.34044375495276 66.570974517878682
109.9162917966485 66.480486678451939
111.51506107592134 66.407498286711217
113.13708498984903 66.361999380389918
114.78270178488147 66.350002174107800
116.45225462737648 66.377009544768839
118.14609167516147 66.440503866462592
119.86456615013608 66.512981702085440
121.60803641193078 66.619001698125658
123.3768660326369 66.701493752228686
125.17142387262359 66.756009194381448
126.99208415745765 66.795501298585577
128.83922655594208 66.824003082804978
130.71323625928977 66.849504906541512
132.61450406144883 66.888989700540080
134.5434264405962 66.941515471273547
136.50040564181674 67.012517157055697
138.48584976098482 67.096493645479711
140.50017282986593 67.179506595268862
142.5437949024563 67.257492173381408
144.61714214257822 67.324003445471234
146.7206469127495 67.374991441326159
148.8547478643456 67.407996100995035
151.01989002907314 67.430498857115083
153.216524911774 67.437498486291503
155.4451105845792 67.428999046263016
157.70611178243232 67.409498489426596
160.00000000000236 67.378499999999974
162.3272535900062 67.344495757388700
164.6883578629612 67.304993054829851
167.08380518838874 67.258503780776266
169.51409509748981 67.207997917573209
171.97973438731407 67.154005816336195
174.4812372264439 67.096994718954264
177.01912526221608 67.040497178559789
179.5939277295025 66.982501627840335
182.20618156107355 66.922495820669624
184.85643149956664 66.861488927679403
187.54523021108326 66.792494135018231
190.27313840043846 66.722996624989307
193.04072492808663 66.655506707859161
195.84856692874806 66.588510333252813
198.69724993176072 66.519994248975053
201.58736798318304 66.453491719437409
204.5195237696723 66.387510716400158
207.49432874416505 66.324493083083340
210.5124032533856 66.260992098235420
213.57437666720915 66.200992119932863
216.68088750990657 66.136002353349227
219.83258359329807 66.070008719175860
223.03012215184378 66.021998211401794
226.2741699796992 65.974497417506853
229.5654035697641 65.924494743926729
232.90450925475412 65.881006391442583
236.2921833503241 65.838997599428410
239.72913230027333 65.793998387507429
243.21607282386276 65.751499022291270
246.75373206527502 65.704003597201648
250.34284774524843 65.647002418088832
253.9841683149166 65.586496924402581
257.67845311188546 65.518991235162304
261.42647251858085 65.446490494958866
265.22900812289896 65.369999841037099
269.08685288119375 65.294502879074614
273.0008112836349 65.213003929581959
276.97169952197106 65.129006356120485
281.00034565973334 65.038492136410184
285.0875898049141 64.945509331737526
289.23428428515797 64.848493242568154
293.44129382550057 64.748492945159569
297.7094957286928 64.646012107708827
302.0397800581479 64.541505308065496
306.4330498235497 64.431998781519653
310.89022116916016 64.322994693309624
315.41222356486645 64.214494469352147
320.00000000000654 64.100999999999843
324.6545071800142 63.986512121995347
329.3767157259242 63.872506863033593
334.16761037677935 63.755009555568442
339.02819019498156 63.636495410017687
343.95946877463007 63.517488709305830
348.9624744528898 63.396988456475199
354.03825052443415 63.273494162537460
359.187855459007 63.153503367945461
364.4123631221491 63.034992053920149
369.71286299913527 62.919002997943849
375.0904604221685 62.806991139236125
380.54627680087896 62.701994774039420
386.08144985617537 62.597491268817109
391.6971338574982 62.488497733020608
397.3944998635236 62.392008470194796
403.1747359663683 62.314503540243336
409.0390475393468 62.267999832214073
414.9886574883323 62.247001208864710
421.0248065067734 62.241000192339186
427.1487533344206 62.250999597214928
433.3617750198154 62.269499330092799
439.6651671865984 62.289500666654931
446.06024430368984 62.315000922540136
452.54833995940066 62.339501394334476
459.13080713953053 62.366499208987904
465.8090185095106 62.396000081960928
472.58436670065066 62.426001493689000
479.45826460054917 62.454000872643050
486.432145647728 62.477000391138773
493.50746413055253 62.496000905115999
500.6856954904994 62.509999406166173
507.9683366298358 62.512999658313198
515.3569062237735 62.505500095184964
522.8529450371643 62.494500080655172
530.4580162458005 62.486499995789060
538.1737057623901 62.484500076266876
546.0016225672724 62.489999734813495
553.9433990439449 62.503500965668522
562.0006913194694 62.522999253006901
570.1751796098309 62.547000519729437
578.4685685703187 62.570998751590025
586.8825876510039 62.591998970842774
595.4189914573883 62.606999984988377
604.0795601162986 62.616499517504309
612.8660996471021 62.616999927338327
621.780442338323 62.610499437539730
630.8244471297356 62.598999342169634
640.0000000000159 62.585499999999982
649.3090143600314 62.573499974911002
658.7534314518515 62.556999189508105
668.3352207535618 62.538999500403420
678.0563803899662 62.516998939397340
687.9189375492632 62.489500174125041
697.9249489057827 62.460500148084378
708.0765010488715 62.430998710893682
718.3757109180171 62.404500743754610
728.8247262443015 62.379500654980617
739.425725998274 62.358000555705793
750.1809208443404 62.338000147197874
761.0925536017613 62.320500715906263
772.1628997123541 62.306500126831708
783.3942677149998 62.297999929517772
794.7889997270506 62.295000000071866
806.34947193274 62.295000301773001
818.0780950786972 62.302500139833363
829.9773149766683 62.320000756591021
842.0496130135506 62.348999070437586
854.2975066688449 62.391002283210376
866.7235500396347 62.446997972336007
879.3303343732008 62.518002222183114
892.1204886073838 62.603003821657509
905.0966799188055 62.704497496475213
918.2616142790653 62.824496484123650
931.6180370190256 62.965000424799534
945.1687334013056 63.120496940735222
958.9165292011028 63.294994024264795
972.8642912954606 63.485504199298560
987.0149282611097 63.689498965816291
1001.3713909810035 63.902505757615359
1015.9366732596762 64.116995188397681
1030.7138124475518 64.326497340986805
1045.7058900743334 64.527998522543911
1060.916032491606 64.721000386378705
1076.3474115247852 64.904504494809544
1092.0032451345498 65.075502469247553
1107.8867980878947 65.235497966133423
1124.0013826389438 65.385003288321712
1140.350359219667 65.525502869512621
1156.9371371406426 65.658001051292061
1173.765175302013 65.787001309143477
1190.837982914782 65.914499872408754
1208.1591202326028 66.038000838132007
1225.73219929421 66.160501369316336
1243.5608846766518 66.282999207633054
1261.648894259477 66.404499289723930
1280.0000000000375 66.524000000000242
1298.6180287200684 66.643000182455836
1317.5068629037087 66.762999129040452
1336.6704415071292 66.878002588685519
1356.112760779938 66.991998597382747
1375.8378750985323 67.109999252807441
1395.8498978115715 67.226499405109337
1416.153002097749 67.344000012322923
1436.7514218360407 67.465002573647979
1457.6494524886093 67.592502795774351
1478.8514519965543 67.723502794641888
1500.3618416886875 67.856499021179644
1522.1851072035295 67.995500697227243
1544.3257994247153 68.139498695504230
1566.788535430007 68.285996970150734
1589.5779994541087 68.435499996418855
1612.6989438654878 68.589499626109813
1636.156190157402 68.747501306388301
1659.9546299533442 68.910997457765944
1684.099226027109 69.079501582448117
1708.5950133376978 69.251000094993259
1733.4471000792773 69.428000728347229
1758.6606687464096 69.611497589234801
1784.2409772147755 69.800999831204052
1810.193359837619 69.995002740123169
1836.5232285581387 70.195501775383292
1863.2360740380593 70.403000577782052
1890.3374668026197 70.614495839006494
1917.833058402214 70.832000468959563
1945.7285825909298 71.055996648278182
1974.0298565222283 71.284498841572002
2002.7427819620161 71.517498230667286
2031.8733465193618 71.754002819756607
2061.4276248951132 71.994496947632371
2091.411780148677 72.237998214587876
2121.832064983222 72.483000515856844
2152.694823049581 72.727998595313068
2184.0064902691106 72.969996060460034
2215.7735961758003 73.208996961816240
2248.002765277899 73.443498292148917
2280.7007184393456 73.671498036704705
2313.874274281297 73.889501678807562
2347.530350604038 74.095501986817823
2381.6759658295764 74.288999806361602
2416.318240465218 74.468001115228788
2451.4643985884327 74.631001609645367
2487.1217693533167 74.774999068564625
2523.2977885189675 74.900499266340404
2560.0000000000887 75.005500000000211
2597.236057440151 75.092000101110969
2635.0137258074315 75.158499517343273
2673.340883014273 75.204999858067765
2712.225521559891 75.230999680096630
2751.6757501970797 75.236999962007161
2791.699795623158 75.225000061276290
2832.3060041955137 75.197999995722711
2873.502843672097 75.156000159375012
2915.2989049772345 75.103000120494940
2957.7029039931244 75.044500132449826
3000.723683377391 74.978000489421532
3044.370214407075 74.910999682858431
3088.6515988494466 74.845500593364363
3133.57707086003 74.784999917602804
3179.1559989082334 74.732000001269526
3225.3978877309914 74.688500105611823
3272.3123803148205 74.656999836198622
3319.9092599067053 74.636499967706101
3368.198452054235 74.630500092271035
3417.190026675413 74.640500013953812
3466.8942001585724 74.666500182586603
3517.3213374928373 74.712500445276021
3568.4819544295697 74.779999939875992
3620.386719675257 74.869999513934559
3673.0464571162966 74.982501155068690
3726.472148076138 75.117500426173407
3780.6749336052594 75.273499808911325
3835.6661168044484 75.450500410347047
3891.45716518188 75.646500612833137
3948.059713044477 75.856498935380458
4005.4855639240527 76.073998348369756
4063.746693038744 76.287498875126971
4122.855249790247 76.487500720600849
4182.823560297375 76.660498731535398
4243.664129966465 76.791000145282140
4305.389646099183 76.859999604394318
4368.012980538242 76.859500000155393
4431.5471923516225 76.783999524029852
4496.00553055582 76.624497996096295
4561.401436878714 76.377497817186736
4627.748548562617 76.046002255553930
4695.060701208099 75.641001797758491
4763.351931659176 75.174500466840357
4832.63648093046 74.661503843294710
4902.928797176889 74.118001568234803
4974.243538706657 73.558503619065050
5046.595577037959 72.999003270777052
5120.000000000202 72.451999999998577
5194.472114880326 71.926499243558169
5270.027451614888 71.428997248657566
5346.6817660285715 70.962001425408090
5424.451043119808 70.530999786043211
5503.351500394186 70.139502479001237
5583.399591246343 69.790497772260835
5664.612008391055 69.484499973368685
5747.005687344222 69.223000992299035
5830.597809954497 69.006000493347145
5915.405807986278 68.834500388293009
6001.447366754812 68.715999708001107
6088.740428814181 68.646499920108454
6177.303197698925 68.630000108914714
6267.154141720092 68.679500170235741
6358.3119978165005 68.788999997377161
6450.795775462017 68.960999582408490
6544.624760629676 69.199499391554610
6639.818519813445 69.502501959143217
6736.396904108505 69.866499638591165
6834.380053350861 70.270000224064063
6933.788400317181 70.687497481439536
7034.642674985712 71.093498691615594
7136.963908859177 71.460999672655149
7240.773439350552 71.747500629908217
7346.092914232631 71.898499877033117
7452.944296152315 71.858999281515239
7561.349867210557 71.596000322155817
7671.332233608935 71.122498671617819
7782.914330363799 70.488003807785859
7896.119426088994 69.764503667899930
8010.971127848146 69.029499233055958
8127.49338607753 68.330497888653809
8245.710499580537 67.684002736649092
8365.647120594791 67.097999488110645
8487.328259932974 66.581499079872088
8610.77929219841 66.144499184624436
8736.025961076528 65.795000108615397
8863.094384703289 65.540001234767416
8992.011061111683 65.386499980843013
9122.802873757471 65.345500039573864
9255.497097125279 65.429000157638114
9390.121402416245 65.647501072457885
9526.7038633184 66.011499635737223
9665.272961860968 66.530499857153060
9805.857594353829 67.217003504533210
9948.487077413367 68.058000489504309
10093.19115407597 68.973000862163815
10240.000000000457 69.794500000001648
10388.944229760706 70.330000306375993
10540.05490322983 70.531499870961156
10693.363532057198 70.526999394530478
10848.902086239672 70.349999723193179
11006.703000788428 69.843499995560364
11166.799182492743 68.941998719713837
11329.224016782166 67.802499885174342
11494.0113746885 66.675004278459085
11661.195619909053 65.713497317407771
11830.811615972614 64.979501661838739
12002.894733509682 64.495000750303973
12177.48085762842 64.258999975790445
12354.606395397908 64.254000511566389
12534.308283440243 64.486499072913958
12716.62399563306 64.961499988622450
12901.591550924093 65.659998304141681
13089.249521259411 66.503497848118997
13279.637039626952 67.297000084420915
13472.793808217073 67.708499591427312
13668.760106701786 67.427499470025126
13867.576800634426 66.440000990224704
14069.285349971487 65.065497634854026
14273.927817718419 63.682501231879058
14481.54687870117 62.543000665738759
14692.18582846533 61.756000640896445
14905.888592304698 61.354500765968012
15122.699734421185 61.304500061246621
15342.664467217943 61.503500571552436
15565.828660727671 61.776499584964739
15792.238852178061 61.909999912838529
16021.942255696367 61.758499508453454
16254.986772155136 61.310498068273176
16491.42099916115 60.719002503832655
16731.294241189662 59.992502298198254
16974.65651986603 59.218499478876964
17221.558584396902 58.971000416608007
17472.051922153143 59.431998016370052
17726.188769406665 59.866499605751237
17984.022122223458 60.240003041686158
18245.605747515034 60.949002518109040
18510.99419425065 61.843000321769480
18780.242804832582 62.288998294084678
19053.40772663689 61.710000579417787
19330.545923722028 60.288005522381454
19611.71518870775 58.676999023583264
19896.974154826825 57.201004373117868
20186.382308152035 57.201000000000001
