20 98.538499999999999
20.290906698750476 98.528318231604516
20.586044732869844 98.513697761030642
20.885475648548283 98.497298839329844
21.189261887185914 98.483001156927472
21.49746679841394 98.472806991553171
21.810154653305165 98.465873054968412
22.12739065777668 98.462226093422231
22.449240966187475 98.458351047952135
22.77577269513385 98.449216548932696
23.107053937445478 98.432719894694770
23.44315377638505 98.409286246562345
23.784142300054445 98.382959149620845
24.130090616010463 98.358694537021165
24.481070866093134 98.342162516374160
24.837156241469714 98.331071107533603
25.1984209978975 98.321047370063070
25.56494047120865 98.304897370881903
25.936791093020236 98.277846794661656
26.3140504066728 98.243045436206444
26.69679708340074 98.212962193224698
27.08511093873791 98.194563724754573
27.47907294916184 98.192895363234214
27.878765268980047 98.194545369758686
28.284271247461966 98.180217895131975
28.695675446220072 98.143170841098950
29.11306365684382 98.083779178336556
29.536522918790062 98.012521562181490
29.966141537533712 97.948078769369943
30.402009102982383 97.901339272297164
30.844216508158908 97.867585159026973
31.29285596815558 97.836500082229108
31.74802103936409 97.803646443087061
32.20980663898519 97.769264502076112
32.67830906482211 97.734661747332808
33.153626015361866 97.699824422832506
33.63585661014871 97.661952188137349
34.125101410453844 97.619115366006895
34.62146244024586 97.571475218415657
35.12504320746613 97.522245938498173
35.635948725613716 97.475444358322846
36.15428553564419 97.432311442684096
36.68016172818701 97.390587061745038
37.21368696608603 97.347691355747031
37.754972507267915 97.306105581110558
38.30413122794313 97.267543925867528
38.86127764614443 97.232416206867015
39.4265279456077 97.195321609596505
40.000000000000206 97.157499999999999
40.58181339750116 97.127924387041645
41.1720894657399 97.104593196292541
41.77095129709678 97.063533345981043
42.37852377437204 96.988771275119973
42.9949335968281 96.901734389241227
43.62030930661056 96.822762183629294
44.25478131555359 96.758314589874587
44.89848193237519 96.692074833960362
45.55154539026795 96.617777743920882
46.21410787489121 96.538065796272036
46.88630755277036 96.472396761058718
47.56828460010916 96.425098028425140
48.260181232021196 96.384606843062443
48.962141732186545 96.332090500721904
49.674312482939705 96.279941166343690
50.39684199579528 96.223032202291051
51.129880942417586 96.142701631015882
51.873582186040764 96.071652477008428
52.628100813345895 96.097415411153904
53.393594166801776 96.158139699557211
54.17022187747612 96.105368863074347
54.95814589832399 95.876012931645548
55.75753053796041 95.677600127438183
56.56854249492426 95.634753967444169
57.39135089244048 95.623845964302376
58.226127313687975 95.593394562530420
59.073045837580466 95.566218057968086
59.932283075067765 95.492323655544169
60.804018205965114 95.343164109695607
61.68843301631817 95.284192431083738
62.58571193631152 95.261268011258267
63.49604207872855 95.204029033449643
64.41961327797075 95.165143093776237
65.35661812964459 95.141777548193659
66.3072520307241 95.090640260264081
67.27171322029778 95.045386452543312
68.25020282090806 95.023870842171391
69.2429248804921 95.004613201912122
70.25008641493265 94.981371154535495
71.27189745122783 94.933453486359312
72.30857107128878 94.879071446435560
73.36032345637442 94.821439298792029
74.42737393217246 94.757208120696603
75.50994501453623 94.711551521800288
76.60826245588666 94.668132228427638
77.72255529228926 94.602561115286107
78.85305589121582 94.534736821674571
80.00000000000082 94.474999999999952
81.16362679500274 94.405667063465415
82.34417893148023 94.336609518368419
83.541902594194 94.270996951244982
84.75704754874454 94.190405483663568
85.98986719365665 94.122769179498050
87.24061861322157 94.046761180183765
88.50956263110764 93.965970867745369
89.79696386475084 93.894734666150455
91.10309078053635 93.806743074628713
92.42821574978288 93.711190541499064
93.77261510554118 93.666353236281438
95.13656920021877 93.593574436668575
96.52036246404286 93.489401333717439
97.92428346437356 93.413865515018330
99.34862496587989 93.345811192810970
100.79368399159105 93.246150893978012
102.25976188483567 93.143628493332130
103.74716437208203 93.063678183400427
105.25620162669229 92.993527778741822
106.78718833360406 92.906857550538149
108.34044375495276 92.809732930947888
109.9162917966485 92.725976085254302
111.51506107592134 92.656570721477863
113.13708498984903 92.584883691492436
114.78270178488147 92.498813596307372
116.45225462737648 92.399034545216466
118.14609167516147 92.295678303598550
119.86456615013608 92.191908803556245
121.60803641193078 92.080537544010966
123.3768660326369 91.988607062825764
125.17142387262359 91.908000219277568
126.99208415745765 91.822872044599492
128.83922655594208 91.720470715831794
130.71323625928977 91.597589222426564
132.61450406144883 91.486735674973659
134.5434264405962 91.382905568140956
136.50040564181674 91.257475661490986
138.48584976098482 91.145150910994701
140.50017282986593 91.042738679643776
142.5437949024563 90.908881433889121
144.61714214257822 90.746798629844236
146.7206469127495 90.604002080053831
148.8547478643456 90.496058690551749
151.01989002907314 90.411599870976630
153.216524911774 90.343163232011548
155.4451105845792 90.299918358609432
157.70611178243232 90.289566449546484
160.00000000000236 90.307000000000073
162.3272535900062 90.370301297648169
164.6883578629612 90.483542550002880
167.08380518838874 90.649033973563974
169.51409509748981 90.911829393269812
171.97973438731407 91.220614107821277
174.4812372264439 91.506917332135274
177.01912526221608 91.797103230207284
179.5939277295025 92.044303780022432
182.20618156107355 92.206811112668973
184.85643149956664 92.301733525785608
187.54523021108326 92.348635690633245
190.27313840043846 92.353596382076148
193.04072492808663 92.323618081380744
195.84856692874806 92.260882418909048
198.69724993176072 92.170096252388376
201.58736798318304 92.069206681919127
204.5195237696723 91.967576429946305
207.49432874416505 91.860711726884503
210.5124032533856 91.744508004282380
213.57437666720915 91.624099309978845
216.68088750990657 91.507972051194713
219.83258359329807 91.393485136539596
223.03012215184378 91.281445724685454
226.2741699796992 91.169799192360273
229.5654035697641 91.062479518505910
232.90450925475412 90.956523873599451
236.2921833503241 90.848650132789629
239.72913230027333 90.738667766391245
243.21607282386276 90.631760897210967
246.75373206527502 90.529610986615182
250.34284774524843 90.429100271355949
253.9841683149166 90.323957139906781
257.67845311188546 90.222342539423153
261.42647251858085 90.125696641711372
265.22900812289896 90.025431284743178
269.08685288119375 89.923256300569165
273.0008112836349 89.822229109446397
276.97169952197106 89.720221662189743
281.00034565973334 89.619291807864315
285.0875898049141 89.522476675506482
289.23428428515797 89.426688033012852
293.44129382550057 89.327441336335639
297.7094957286928 89.228723497385801
302.0397800581479 89.132134783735296
306.4330498235497 89.035972903881913
310.89022116916016 88.937915134278484
315.41222356486645 88.841631861633203
320.00000000000654 88.748499999999893
324.6545071800142 88.668907927221767
329.3767157259242 88.585532131651149
334.16761037677935 88.501983579444044
339.02819019498156 88.426271509036283
343.95946877463007 88.353691755890395
348.9624744528898 88.281440367878389
354.03825052443415 88.213195093077474
359.187855459007 88.156527517680431
364.4123631221491 88.114907276583892
369.71286299913527 88.088349543904059
375.0904604221685 88.080258458349050
380.54627680087896 88.095846505145374
386.08144985617537 88.139181918619272
391.6971338574982 88.219044149594652
397.3944998635236 88.310185397652603
403.1747359663683 88.435955767142389
409.0390475393468 88.614113409915518
414.9886574883323 88.825091669579962
421.0248065067734 89.038071882091316
427.1487533344206 89.247841362258825
433.3617750198154 89.453470429804071
439.6651671865984 89.653310551869311
446.06024430368984 89.837445863288565
452.54833995940066 89.979653957240799
459.13080713953053 90.095133606066383
465.8090185095106 90.191747567787132
472.58436670065066 90.274184945643469
479.45826460054917 90.352040910606036
486.432145647728 90.425207885606824
493.50746413055253 90.495145003572588
500.6856954904994 90.560342724401650
507.9683366298358 90.611776377448223
515.3569062237735 90.661753276583397
522.8529450371643 90.718810688065673
530.4580162458005 90.770505731613071
538.1737057623901 90.821091864792166
546.0016225672724 90.870009735403642
553.9433990439449 90.917174544502686
562.0006913194694 90.962303560295268
570.1751796098309 91.004340862127179
578.4685685703187 91.044149129137537
586.8825876510039 91.081439256281868
595.4189914573883 91.117759764121033
604.0795601162986 91.154083157987003
612.8660996471021 91.190659555680853
621.780442338323 91.226621769353301
630.8244471297356 91.263003900301385
640.0000000000159 91.302000000000064
649.3090143600314 91.342028761748139
658.7534314518515 91.383952769960743
668.3352207535618 91.425758210277991
678.0563803899662 91.467642435676851
687.9189375492632 91.508863590829435
697.9249489057827 91.549596043068419
708.0765010488715 91.591113654300372
718.3757109180171 91.635015556947465
728.8247262443015 91.683034977036002
739.425725998274 91.737042488891120
750.1809208443404 91.795070448329028
761.0925536017613 91.859630942143752
772.1628997123541 91.927931802064961
783.3942677149998 91.997802744993464
794.7889997270506 92.069779873259947
806.34947193274 92.144271567562811
818.0780950786972 92.222377801112671
829.9773149766683 92.304532640028100
842.0496130135506 92.389684758845988
854.2975066688449 92.477873174460598
866.7235500396347 92.572606725315552
879.3303343732008 92.674008741860249
892.1204886073838 92.779600055441279
905.0966799188055 92.888746502636423
918.2616142790653 93.002668709282602
931.6180370190256 93.120298713515183
945.1687334013056 93.241817297836803
958.9165292011028 93.367606373060141
972.8642912954606 93.498375052591840
987.0149282611097 93.633103931105978
1001.3713909810035 93.773168196777334
1015.9366732596762 93.918429177480746
1030.7138124475518 94.067342070889097
1045.7058900743334 94.221591991391563
1060.916032491606 94.378587806745486
1076.3474115247852 94.540147821010237
1092.0032451345498 94.704534073912782
1107.8867980878947 94.871311379922901
1124.0013826389438 95.040625667226664
1140.350359219667 95.212580840172350
1156.9371371406426 95.385709291145787
1173.765175302013 95.560813693758391
1190.837982914782 95.737839861366680
1208.1591202326028 95.917439428131686
1225.73219929421 96.100005687911320
1243.5608846766518 96.285104746362990
1261.648894259477 96.473536796773871
1280.0000000000375 96.664500000000388
1298.6180287200684 96.856265695816717
1317.5068629037087 97.050570001617828
1336.6704415071292 97.245204981297377
1356.112760779938 97.440933245838380
1375.8378750985323 97.636794963475467
1395.8498978115715 97.832932751108103
1416.153002097749 98.029376470243278
1436.7514218360407 98.227982435171896
1457.6494524886093 98.429393711039978
1478.8514519965543 98.634590171486366
1500.3618416886875 98.844560522216682
1522.1851072035295 99.059301454882728
1544.3257994247153 99.279871478258656
1566.788535430007 99.505392666425863
1589.5779994541087 99.735529354475574
1612.6989438654878 99.970275248550678
1636.156190157402 100.209962511014936
1659.9546299533442 100.454532688519436
1684.099226027109 100.703767981640851
1708.5950133376978 100.958231939245564
1733.4471000792773 101.218532434835595
1758.6606687464096 101.485149515461799
1784.2409772147755 101.758617734375278
1810.193359837619 102.040015356623542
1836.5232285581387 102.329216443281851
1863.2360740380593 102.625449864783974
1890.3374668026197 102.929199876197501
1917.833058402214 103.239870221113065
1945.7285825909298 103.556062126581139
1974.0298565222283 103.876517975831632
2002.7427819620161 104.197716314614880
2031.8733465193618 104.517951140431194
2061.4276248951132 104.832014186433639
2091.411780148677 105.135958970750721
2121.832064983222 105.424759576726103
2152.694823049581 105.687082528532287
2184.0064902691106 105.932345107370310
2215.7735961758003 106.134789687867453
2248.002765277899 106.310078787801473
2280.7007184393456 106.440028917776615
2313.874274281297 106.527092359039159
2347.530350604038 106.570563417932888
2381.6759658295764 106.568120117939472
2416.318240465218 106.532662785930057
2451.4643985884327 106.459217138405407
2487.1217693533167 106.362849329117495
2523.2977885189675 106.244787519035498
2560.0000000000887 106.114249999999672
2597.236057440151 105.972417573111414
2635.0137258074315 105.818691665318426
2673.340883014273 105.648798982285058
2712.225521559891 105.465206220434524
2751.6757501970797 105.265161780239964
2791.699795623158 105.052906093416112
2832.3060041955137 104.833078397218358
2873.502843672097 104.610084644170684
2915.2989049772345 104.386833737919289
2957.7029039931244 104.166485480034382
3000.723683377391 103.951562503957391
3044.370214407075 103.745188361354593
3088.6515988494466 103.547865545004896
3133.57707086003 103.357744582702381
3179.1559989082334 103.175125364301550
3225.3978877309914 102.999027815395337
3272.3123803148205 102.830129792701285
3319.9092599067053 102.668396720105079
3368.198452054235 102.513948767672957
3417.190026675413 102.365461321574287
3466.8942001585724 102.220344703543319
3517.3213374928373 102.075287761395558
3568.4819544295697 101.928087151698548
3620.386719675257 101.778693981728765
3673.0464571162966 101.630391778359026
3726.472148076138 101.489290186848137
3780.6749336052594 101.363391572742870
3835.6661168044484 101.249800989751989
3891.45716518188 101.155680144944796
3948.059713044477 101.070422557226749
4005.4855639240527 100.991503062637122
4063.746693038744 100.911567295093818
4122.855249790247 100.825407806587350
4182.823560297375 100.728236076874182
4243.664129966465 100.614811871991094
4305.389646099183 100.480681198197630
4368.012980538242 100.323533782636460
4431.5471923516225 100.136935782562716
4496.00553055582 99.924848185392648
4561.401436878714 99.682475691319993
4627.748548562617 99.415116669942734
4695.060701208099 99.120828350879947
4763.351931659176 98.804029244274261
4832.63648093046 98.467696689775607
4902.928797176889 98.115709574256712
4974.243538706657 97.754714041063721
5046.595577037959 97.389274780671286
5120.000000000202 97.023571428570420
5194.472114880326 96.663939796355010
5270.027451614888 96.315813109870035
5346.6817660285715 95.981894255416250
5424.451043119808 95.664918379676749
5503.351500394186 95.368123777124197
5583.399591246343 95.095007616770033
5664.612008391055 94.848571515204426
5747.005687344222 94.626250753202726
5830.597809954497 94.430774489593290
5915.405807986278 94.263619620102162
6001.447366754812 94.125245067809800
6088.740428814181 94.022508203873571
6177.303197698925 93.956153378309835
6267.154141720092 93.928311018899237
6358.3119978165005 93.942659839301285
6450.795775462017 93.996382641492303
6544.624760629676 94.091057826983942
6639.818519813445 94.226696020687513
6736.396904108505 94.402295637942984
6834.380053350861 94.615684028308820
6933.788400317181 94.865235506861154
7034.642674985712 95.146503037708143
7136.963908859177 95.445934613868801
7240.773439350552 95.733972270343912
7346.092914232631 95.974420253611299
7452.944296152315 96.141738990940496
7561.349867210557 96.190086891045397
7671.332233608935 96.086258482813932
7782.914330363799 95.821913688678450
7896.119426088994 95.403268547454132
8010.971127848146 94.851978788064102
8127.49338607753 94.211519587868025
8245.710499580537 93.517676067846537
8365.647120594791 92.804399632460999
8487.328259932974 92.093812885890429
8610.77929219841 91.401020704841386
8736.025961076528 90.742148719134036
8863.094384703289 90.131261569113008
8992.011061111683 89.582506249867933
9122.802873757471 89.113979468940158
9255.497097125279 88.738308097268146
9390.121402416245 88.458908311516581
9526.7038633184 88.279470707636762
9665.272961860968 88.200602069931961
9805.857594353829 88.222725535204134
9948.487077413367 88.351108846766707
10093.19115407597 88.603124856872952
10240.000000000457 88.980000000001326
10388.944229760706 89.497752942542149
10540.05490322983 90.185707040543946
10693.363532057198 91.043293310078425
10848.902086239672 92.080941013506489
11006.703000788428 93.269448937375103
11166.799182492743 94.510812238667000
11329.224016782166 95.586777728555887
11494.0113746885 96.322741328034880
11661.195619909053 96.277823629946710
11830.811615972614 95.775759349390086
12002.894733509682 94.774698906025407
12177.48085762842 93.695657405076474
12354.606395397908 92.712840028803271
12534.308283440243 91.923314546218435
12716.62399563306 91.437910567904169
12901.591550924093 91.309495271990329
13089.249521259411 91.351048108278860
13279.637039626952 91.600274079253893
13472.793808217073 91.979308235612436
13668.760106701786 92.252629649082820
13867.576800634426 92.174974384704186
14069.285349971487 91.546525691813983
14273.927817718419 90.489206275121518
14481.54687870117 89.100464935371662
14692.18582846533 87.648839641873877
14905.888592304698 86.336057517540638
15122.699734421185 85.230869597229287
15342.664467217943 84.343794100803350
15565.828660727671 83.621755170497025
15792.238852178061 82.951547908786452
16021.942255696367 82.177507303209410
16254.986772155136 81.157443097070711
16491.42099916115 79.850907558635484
16731.294241189662 78.288985308690087
16974.65651986603 76.615471386844945
17221.558584396902 75.054429496012986
17472.051922153143 73.817312331329504
17726.188769406665 72.977386284373580
17984.022122223458 72.152257031907141
18245.605747515034 70.371444325999136
18510.99419425065 66.597649569246585
18780.242804832582 61.494566683202251
19053.40772663689 59.223659799879997
19330.545923722028 60.810871026584515
19611.71518870775 63.338291837246558
19896.974154826825 66.000208347630803
20186.382308152035 66.963500000000010
