20 106.216999999999999
20.290906698750476 106.172879003619528
20.586044732869844 106.128116541792934
20.885475648548283 106.083178652717763
21.189261887185914 106.038575064629185
21.49746679841394 105.993989112700774
21.810154653305165 105.949078215646210
22.12739065777668 105.904665307911273
22.449240966187475 105.859606287712793
22.77577269513385 105.813891927321009
23.107053937445478 105.766977127327493
23.44315377638505 105.717288264620720
23.784142300054445 105.663576876241152
24.130090616010463 105.606818158392116
24.481070866093134 105.547944275375414
24.837156241469714 105.489512273877324
25.1984209978975 105.435973034046981
25.56494047120865 105.387088565659354
25.936791093020236 105.341927009435068
26.3140504066728 105.297504108557419
26.69679708340074 105.250408371866399
27.08511093873791 105.199510106570017
27.47907294916184 105.144929829441907
27.878765268980047 105.087927492584114
28.284271247461966 105.028712126623077
28.695675446220072 104.968235709405647
29.11306365684382 104.907105769757649
29.536522918790062 104.845996360125767
29.966141537533712 104.787138609357868
30.402009102982383 104.728228772001472
30.844216508158908 104.667809778382207
31.29285596815558 104.604759094498021
31.74802103936409 104.541025075528381
32.20980663898519 104.477676103736997
32.67830906482211 104.415141512508313
33.153626015361866 104.352414113941506
33.63585661014871 104.287659357629920
34.125101410453844 104.221861512409646
34.62146244024586 104.155724033007061
35.12504320746613 104.087493950954752
35.635948725613716 104.015015537334790
36.15428553564419 103.938665740724659
36.68016172818701 103.862817843238389
37.21368696608603 103.793571251035758
37.754972507267915 103.732545802023395
38.30413122794313 103.673941544698309
38.86127764614443 103.610243586151796
39.4265279456077 103.541000337913488
40.000000000000206 103.465499999999963
40.58181339750116 103.389379160090797
41.1720894657399 103.315488924337885
41.77095129709678 103.247292083969313
42.37852377437204 103.187387299383175
42.9949335968281 103.130543381766046
43.62030930661056 103.070269901255955
44.25478131555359 103.000285439205157
44.89848193237519 102.926674616692253
45.55154539026795 102.854440469420439
46.21410787489121 102.782924727052887
46.88630755277036 102.708314317148989
47.56828460010916 102.637293366571782
48.260181232021196 102.580347563990529
48.962141732186545 102.531650174960973
49.674312482939705 102.481112423694952
50.39684199579528 102.433441423931697
51.129880942417586 102.391092148708537
51.873582186040764 102.349385632971021
52.628100813345895 102.304546416373924
53.393594166801776 102.256416347178316
54.17022187747612 102.196944433161875
54.95814589832399 102.118740256192297
55.75753053796041 102.039337714893463
56.56854249492426 101.973359312880675
57.39135089244048 101.908126525035001
58.226127313687975 101.836648541768085
59.073045837580466 101.760937195480821
59.932283075067765 101.689620504769380
60.804018205965114 101.616141142837193
61.68843301631817 101.536771863119682
62.58571193631152 101.454080624156774
63.49604207872855 101.370856212914433
64.41961327797075 101.290672097928422
65.35661812964459 101.211474222720923
66.3072520307241 101.127232813173379
67.27171322029778 101.037958957292005
68.25020282090806 100.945730732013743
69.2429248804921 100.852879685636196
70.25008641493265 100.764617784353121
71.27189745122783 100.679296562822472
72.30857107128878 100.592425744476103
73.36032345637442 100.503372506208180
74.42737393217246 100.412673215765352
75.50994501453623 100.320229610159657
76.60826245588666 100.226611565958237
77.72255529228926 100.132754039794008
78.85305589121582 100.037667336385709
80.00000000000082 99.943999999999932
81.16362679500274 99.848485395123674
82.34417893148023 99.753085518798486
83.541902594194 99.660754562395397
84.75704754874454 99.565632553367749
85.98986719365665 99.471022437789770
87.24061861322157 99.378954749907450
88.50956263110764 99.285276427579532
89.79696386475084 99.187863067567179
91.10309078053635 99.088848740014512
92.42821574978288 98.987966634131993
93.77261510554118 98.883627823812986
95.13656920021877 98.775346820765861
96.52036246404286 98.662254736011704
97.92428346437356 98.547404658894180
99.34862496587989 98.431652946890409
100.79368399159105 98.316828087325376
102.25976188483567 98.204771112598934
103.74716437208203 98.097198568670592
105.25620162669229 97.995311829263102
106.78718833360406 97.895332758315732
108.34044375495276 97.795491747601346
109.9162917966485 97.701672180467284
111.51506107592134 97.615286064918280
113.13708498984903 97.537251978662042
114.78270178488147 97.467601409185306
116.45225462737648 97.418402826647650
118.14609167516147 97.384528094574534
119.86456615013608 97.384858570689318
121.60803641193078 97.408040845071497
123.3768660326369 97.474041647106048
125.17142387262359 97.562456856230028
126.99208415745765 97.676469638549662
128.83922655594208 97.801906632360001
130.71323625928977 97.931213301890992
132.61450406144883 98.058021007901999
134.5434264405962 98.177790446774878
136.50040564181674 98.289646600426750
138.48584976098482 98.391241776804065
140.50017282986593 98.475255616970642
142.5437949024563 98.541673334329829
144.61714214257822 98.585608558566406
146.7206469127495 98.601791493328847
148.8547478643456 98.597058664095329
151.01989002907314 98.573181759534833
153.216524911774 98.533593146958623
155.4451105845792 98.482516146917860
157.70611178243232 98.423481535952973
160.00000000000236 98.356499999999926
162.3272535900062 98.288544195171824
164.6883578629612 98.221350636691909
167.08380518838874 98.152903171612081
169.51409509748981 98.084202518250791
171.97973438731407 98.014671490277749
174.4812372264439 97.943732862768996
177.01912526221608 97.870849192448176
179.5939277295025 97.795019739206722
182.20618156107355 97.716373316855567
184.85643149956664 97.633979337213532
187.54523021108326 97.548025495118679
190.27313840043846 97.459041060465609
193.04072492808663 97.368372367344378
195.84856692874806 97.276667004737064
198.69724993176072 97.183469652224602
201.58736798318304 97.088881417885489
204.5195237696723 96.993115477485645
207.49432874416505 96.898177699349503
210.5124032533856 96.805375835189523
213.57437666720915 96.714843076650936
216.68088750990657 96.631121370048731
219.83258359329807 96.551559847862521
223.03012215184378 96.483488669542297
226.2741699796992 96.426613280324801
229.5654035697641 96.386780560732603
232.90450925475412 96.362152520092508
236.2921833503241 96.352646091675155
239.72913230027333 96.354364566150139
243.21607282386276 96.361243081926844
246.75373206527502 96.365222948573432
250.34284774524843 96.361000041114536
253.9841683149166 96.345069263622250
257.67845311188546 96.315572375104921
261.42647251858085 96.274452184165966
265.22900812289896 96.224064878156526
269.08685288119375 96.166081402940506
273.0008112836349 96.101486208178216
276.97169952197106 96.033616720805753
281.00034565973334 95.963393916388696
285.0875898049141 95.891502214335972
289.23428428515797 95.820593738723801
293.44129382550057 95.749342134349050
297.7094957286928 95.678022370903705
302.0397800581479 95.607108546562358
306.4330498235497 95.536976711127124
310.89022116916016 95.467701571878024
315.41222356486645 95.398857868883496
320.00000000000654 95.330499999999915
324.6545071800142 95.263009645889781
329.3767157259242 95.195412965119289
334.16761037677935 95.127319932649726
339.02819019498156 95.059910975309251
343.95946877463007 94.993839065297422
348.9624744528898 94.928091584667143
354.03825052443415 94.863618043392137
359.187855459007 94.801245734491914
364.4123631221491 94.741640296719709
369.71286299913527 94.685986224809000
375.0904604221685 94.634789239540112
380.54627680087896 94.591922110850234
386.08144985617537 94.556011300862949
391.6971338574982 94.533472889766557
397.3944998635236 94.516711000272949
403.1747359663683 94.511764561330523
409.0390475393468 94.518837856963529
414.9886574883323 94.537205575162631
421.0248065067734 94.565420378179624
427.1487533344206 94.601145959451600
433.3617750198154 94.644213312648617
439.6651671865984 94.694153921086084
446.06024430368984 94.750057259809125
452.54833995940066 94.811473731602121
459.13080713953053 94.877693244353765
465.8090185095106 94.948264367186368
472.58436670065066 95.023410398000152
479.45826460054917 95.100496253020452
486.432145647728 95.178640031254560
493.50746413055253 95.256117286569605
500.6856954904994 95.333871226522859
507.9683366298358 95.412159618770744
515.3569062237735 95.490298501953021
522.8529450371643 95.569849304760581
530.4580162458005 95.648551536442639
538.1737057623901 95.725125389633803
546.0016225672724 95.797585336290908
553.9433990439449 95.864547192351552
562.0006913194694 95.927505012066149
570.1751796098309 95.986673703385861
578.4685685703187 96.042239409421143
586.8825876510039 96.094827914053667
595.4189914573883 96.144617301734229
604.0795601162986 96.191917690610566
612.8660996471021 96.237178076781731
621.780442338323 96.280933577071863
630.8244471297356 96.323251234440292
640.0000000000159 96.365000000000066
649.3090143600314 96.406425113902145
658.7534314518515 96.448015098388140
668.3352207535618 96.489758210277984
678.0563803899662 96.532448073715841
687.9189375492632 96.576635218971688
697.9249489057827 96.623643507302461
708.0765010488715 96.673074855139475
718.3757109180171 96.724378554590089
728.8247262443015 96.778388576470363
739.425725998274 96.834927634090775
750.1809208443404 96.892987526275363
761.0925536017613 96.952546855076278
772.1628997123541 97.014568590692448
783.3942677149998 97.077959898234809
794.7889997270506 97.143319623419160
806.34947193274 97.211067708935374
818.0780950786972 97.281436116247477
829.9773149766683 97.354321065817061
842.0496130135506 97.429985016836952
854.2975066688449 97.508933793347495
866.7235500396347 97.590429775263715
879.3303343732008 97.674729757019108
892.1204886073838 97.761656672150451
905.0966799188055 97.850752036105064
918.2616142790653 97.942090468635030
931.6180370190256 98.035835338903880
945.1687334013056 98.131479831034198
958.9165292011028 98.229401792607902
972.8642912954606 98.330475040570846
987.0149282611097 98.434725624082034
1001.3713909810035 98.541876858422938
1015.9366732596762 98.652181161657523
1030.7138124475518 98.765532046468522
1045.7058900743334 98.881773957140908
1060.916032491606 99.000114519018155
1076.3474115247852 99.119919982458342
1092.0032451345498 99.240899946971865
1107.8867980878947 99.362853142597203
1124.0013826389438 99.485010369792093
1140.350359219667 99.607235967610890
1156.9371371406426 99.727978919854181
1173.765175302013 99.848966550570481
1190.837982914782 99.967823766661667
1208.1591202326028 100.086919838696303
1225.73219929421 100.203122814476785
1243.5608846766518 100.318361207656380
1261.648894259477 100.432888033834701
1280.0000000000375 100.547000000000224
1298.6180287200684 100.661101918870131
1317.5068629037087 100.776541177422246
1336.6704415071292 100.890689126967416
1356.112760779938 101.004759650562633
1375.8378750985323 101.118963728694027
1395.8498978115715 101.232948170080661
1416.153002097749 101.346149161642501
1436.7514218360407 101.459964034552328
1457.6494524886093 101.573195087239412
1478.8514519965543 101.685527550382091
1500.3618416886875 101.797316445277204
1522.1851072035295 101.906869238161718
1544.3257994247153 102.014923385204114
1566.788535430007 102.120734575103825
1589.5779994541087 102.224017877565331
1612.6989438654878 102.325867395253539
1636.156190157402 102.426132874857942
1659.9546299533442 102.524216705011511
1684.099226027109 102.620304996985183
1708.5950133376978 102.714489150416497
1733.4471000792773 102.807078502286970
1758.6606687464096 102.897139127237494
1784.2409772147755 102.984680044353041
1810.193359837619 103.069618751480391
1836.5232285581387 103.152030614816738
1863.2360740380593 103.231384614710379
1890.3374668026197 103.307524659039188
1917.833058402214 103.380365951845761
1945.7285825909298 103.449992313173681
1974.0298565222283 103.515768670001137
2002.7427819620161 103.576394137858642
2031.8733465193618 103.633340801292860
2061.4276248951132 103.685784199832185
2091.411780148677 103.733500021877290
2121.832064983222 103.776290081229035
2152.694823049581 103.812488249490173
2184.0064902691106 103.845105841242201
2215.7735961758003 103.870541517323062
2248.002765277899 103.891768141481549
2280.7007184393456 103.907423596761092
2313.874274281297 103.918199806475002
2347.530350604038 103.925713897610734
2381.6759658295764 103.930980445301572
2416.318240465218 103.935403794720941
2451.4643985884327 103.940219659788269
2487.1217693533167 103.946424353870668
2523.2977885189675 103.955406891842713
2560.0000000000887 103.967750000000024
2597.236057440151 103.984764380874083
2635.0137258074315 104.008510523119043
2673.340883014273 104.044799688202659
2712.225521559891 104.093615730183842
2751.6757501970797 104.161912297232206
2791.699795623158 104.250305777378557
2832.3060041955137 104.365125772418722
2873.502843672097 104.503520407839872
2915.2989049772345 104.665673335203024
2957.7029039931244 104.849549590687815
3000.723683377391 105.051000818338139
3044.370214407075 105.261977029153968
3088.6515988494466 105.471963079635543
3133.57707086003 105.674649685012625
3179.1559989082334 105.860499955731200
3225.3978877309914 106.025559050634968
3272.3123803148205 106.165404684031131
3319.9092599067053 106.278119427214335
3368.198452054235 106.362385925752676
3417.190026675413 106.417720619739811
3466.8942001585724 106.444534130023783
3517.3213374928373 106.442398251627935
3568.4819544295697 106.411626962836209
3620.386719675257 106.352643123667633
3673.0464571162966 106.265059408623216
3726.472148076138 106.148702123136502
3780.6749336052594 106.003042692544739
3835.6661168044484 105.836831831041195
3891.45716518188 105.643242596109431
3948.059713044477 105.434166934941970
4005.4855639240527 105.204006344551686
4063.746693038744 104.959014550629533
4122.855249790247 104.698437232209614
4182.823560297375 104.423668761738824
4243.664129966465 104.136414357801186
4305.389646099183 103.842937600644717
4368.012980538242 103.552689965010615
4431.5471923516225 103.285441414925685
4496.00553055582 103.064248323656528
4561.401436878714 102.951373093201511
4627.748548562617 102.986763923970699
4695.060701208099 103.258179404978236
4763.351931659176 103.723795097724405
4832.63648093046 104.281768147741232
4902.928797176889 104.726320014355053
4974.243538706657 104.979204174832859
5046.595577037959 104.995509429003960
5120.000000000202 104.878642857142381
5194.472114880326 104.684160420371654
5270.027451614888 104.477738552212401
5346.6817660285715 104.295175397850173
5424.451043119808 104.153600883164302
5503.351500394186 104.065221485353888
5583.399591246343 104.035735091969570
5664.612008391055 104.067859664657036
5747.005687344222 104.153307962281900
5830.597809954497 104.294968170949659
5915.405807986278 104.494140394918901
6001.447366754812 104.752773842612839
6088.740428814181 105.074835758138136
6177.303197698925 105.446524115556684
6267.154141720092 105.849551344826423
6358.3119978165005 106.254698110425352
6450.795775462017 106.625952326964082
6544.624760629676 106.921177520589936
6639.818519813445 107.096239390034896
6736.396904108505 107.113831033973668
6834.380053350861 106.956267252218112
6933.788400317181 106.632250834664674
7034.642674985712 106.176129504073145
7136.963908859177 105.638198501274530
7240.773439350552 105.068061552358984
7346.092914232631 104.503125452276834
7452.944296152315 103.964425999218989
7561.349867210557 103.460959344232762
7671.332233608935 102.985076367187474
7782.914330363799 102.522165090460163
7896.119426088994 102.050574525208418
8010.971127848146 101.540975725426989
8127.49338607753 100.980754910288923
8245.710499580537 100.377392950217796
8365.647120594791 99.759027735701480
8487.328259932974 99.159538727411473
8610.77929219841 98.611917435863631
8736.025961076528 98.141311436623951
8863.094384703289 97.752029828763099
8992.011061111683 97.442200083128256
9122.802873757471 97.214003081136241
9255.497097125279 97.076139444049915
9390.121402416245 97.037584663355759
9526.7038633184 97.098196888946205
9665.272961860968 97.222058990283188
9805.857594353829 97.413832691245062
9948.487077413367 97.752178329659657
10093.19115407597 98.269998686797550
10240.000000000457 98.917600000002153
10388.944229760706 99.671769101804870
10540.05490322983 100.501994786514445
10693.363532057198 101.353177908729251
10848.902086239672 102.149960875332795
11006.703000788428 102.804804509241094
11166.799182492743 103.277049361445933
11329.224016782166 103.494172528406068
11494.0113746885 103.492344597022964
11661.195619909053 103.141097648787479
11830.811615972614 102.589825819633617
12002.894733509682 101.798574408035293
12177.48085762842 100.956567627196975
12354.606395397908 100.155292877687913
12534.308283440243 99.421008753468769
12716.62399563306 98.902357288137068
12901.591550924093 98.695768832176853
13089.249521259411 98.601135598564895
13279.637039626952 98.521878036480217
13472.793808217073 98.544043913423266
13668.760106701786 98.715325335511267
13867.576800634426 98.988433460999232
14069.285349971487 99.309819644870231
14273.927817718419 99.643045796518152
14481.54687870117 99.965989927593313
14692.18582846533 100.283163114354920
14905.888592304698 100.597285567580258
15122.699734421185 100.859408329640772
15342.664467217943 100.968243159343189
15565.828660727671 100.771324809252832
15792.238852178061 100.093866917890935
16021.942255696367 98.818992820013932
16254.986772155136 97.039482171873729
16491.42099916115 95.213264202479280
16731.294241189662 93.514062657200981
16974.65651986603 91.838609708520380
17221.558584396902 90.246081942691035
17472.051922153143 88.765884463092732
17726.188769406665 87.473365663121939
17984.022122223458 86.647753190885169
18245.605747515034 86.246810146568421
18510.99419425065 85.608571989356321
18780.242804832582 84.486177576056349
19053.40772663689 83.337624768374155
19330.545923722028 82.456158850072740
19611.71518870775 81.208822336424987
19896.974154826825 79.359418697447154
20186.382308152035 78.670999999999992
