20 100.601500000000001
20.290906698750476 100.613621152851778
20.586044732869844 100.618290671690801
20.885475648548283 100.621354756485488
21.189261887185914 100.628731523074578
21.49746679841394 100.646919197169126
21.810154653305165 100.672515560252720
22.12739065777668 100.704398304099897
22.449240966187475 100.736021332167525
22.77577269513385 100.760793743703402
23.107053937445478 100.777425324124067
23.44315377638505 100.787363085984083
23.784142300054445 100.793952668126025
24.130090616010463 100.801252276241186
24.481070866093134 100.810932128822145
24.837156241469714 100.821843263790754
25.1984209978975 100.832704603689550
25.56494047120865 100.842623522089013
25.936791093020236 100.851406817442594
26.3140504066728 100.859471078714833
26.69679708340074 100.867189945313768
27.08511093873791 100.874393689231226
27.47907294916184 100.879639567276996
27.878765268980047 100.883439196103581
28.284271247461966 100.887058441227154
28.695675446220072 100.891543780800859
29.11306365684382 100.896743700225286
29.536522918790062 100.901109568756368
29.966141537533712 100.902398424612599
30.402009102982383 100.902496651506198
30.844216508158908 100.901639460328255
31.29285596815558 100.900276790119420
31.74802103936409 100.897019789606361
32.20980663898519 100.891352900415228
32.67830906482211 100.884503673092496
33.153626015361866 100.878924617892466
33.63585661014871 100.876092430169550
34.125101410453844 100.874374492947737
34.62146244024586 100.871406838037785
35.12504320746613 100.865999308680543
35.635948725613716 100.856601281859653
36.15428553564419 100.842717148395025
36.68016172818701 100.825514177785266
37.21368696608603 100.808016764949599
37.754972507267915 100.794354188261650
38.30413122794313 100.781584353617589
38.86127764614443 100.766064886687133
39.4265279456077 100.750520484021393
40.000000000000206 100.742999999999995
40.58181339750116 100.735727308288944
41.1720894657399 100.713093196292547
41.77095129709678 100.680121835484883
42.37852377437204 100.662383975736816
42.9949335968281 100.656525323766942
43.62030930661056 100.646894597661316
44.25478131555359 100.628064072133924
44.89848193237519 100.615607374761964
45.55154539026795 100.608064094750972
46.21410787489121 100.589282898136020
46.88630755277036 100.555061280769991
47.56828460010916 100.520573521318852
48.260181232021196 100.490791889559048
48.962141732186545 100.458454711452902
49.674312482939705 100.426298951276465
50.39684199579528 100.399606565900115
51.129880942417586 100.373747259642698
51.873582186040764 100.340520385270182
52.628100813345895 100.301827419858625
53.393594166801776 100.270208173589168
54.17022187747612 100.242191106056524
54.95814589832399 100.195948093123633
55.75753053796041 100.135291406797336
56.56854249492426 100.090631316480938
57.39135089244048 100.047323271007343
58.226127313687975 99.998741379688227
59.073045837580466 99.956418193628963
59.932283075067765 99.931929932360575
60.804018205965114 99.869738751985480
61.68843301631817 99.821942698431826
62.58571193631152 99.805839353811791
63.49604207872855 99.747387876284606
64.41961327797075 99.662123064733493
65.35661812964459 99.609290436833192
66.3072520307241 99.599966601646685
67.27171322029778 99.573115931189307
68.25020282090806 99.496979312267371
69.2429248804921 99.396328974391025
70.25008641493265 99.300492913975518
71.27189745122783 99.224453486359309
72.30857107128878 99.166831450187033
73.36032345637442 99.095273314849109
74.42737393217246 99.016216503171393
75.50994501453623 98.939566863986087
76.60826245588666 98.840004126805624
77.72255529228926 98.724028492006994
78.85305589121582 98.617658911573841
80.00000000000082 98.512999999999948
81.16362679500274 98.433970149264766
82.34417893148023 98.398494828142304
83.541902594194 98.393198538315531
84.75704754874454 98.383030761027484
85.98986719365665 98.371838640402103
87.24061861322157 98.390011907919089
88.50956263110764 98.437908005593926
89.79696386475084 98.492837124896027
91.10309078053635 98.543785252300353
92.42821574978288 98.589070384830222
93.77261510554118 98.618420642031111
95.13656920021877 98.627276159027375
96.52036246404286 98.659786064218750
97.92428346437356 98.728172351118047
99.34862496587989 98.796116189039395
100.79368399159105 98.830317891890672
102.25976188483567 98.841272777731291
103.74716437208203 98.841665779813013
105.25620162669229 98.835683871079695
106.78718833360406 98.832287188333595
108.34044375495276 98.839723550039622
109.9162917966485 98.847863415443783
111.51506107592134 98.849673192225467
113.13708498984903 98.850447569245588
114.78270178488147 98.850590541149316
116.45225462737648 98.844228891921176
118.14609167516147 98.830808623186911
119.86456615013608 98.805031486233730
121.60803641193078 98.773119234153953
123.3768660326369 98.730906141959593
125.17142387262359 98.684928696730040
126.99208415745765 98.636541783853616
128.83922655594208 98.589139225609443
130.71323625928977 98.542556698697666
132.61450406144883 98.496559154555953
134.5434264405962 98.449463342714040
136.50040564181674 98.395362729335034
138.48584976098482 98.335303044730210
140.50017282986593 98.273994642274147
142.5437949024563 98.210642358023847
144.61714214257822 98.143538594830574
146.7206469127495 98.073186263731614
148.8547478643456 98.001209522185121
151.01989002907314 97.926395892970817
153.216524911774 97.847918493211438
155.4451105845792 97.767065041072073
157.70611178243232 97.686698311179740
160.00000000000236 97.610999999999933
162.3272535900062 97.538855138709806
164.6883578629612 97.469599950401530
167.08380518838874 97.404654020951185
169.51409509748981 97.348787088835735
171.97973438731407 97.305928302925508
174.4812372264439 97.274121400727964
177.01912526221608 97.249020222535165
179.5939277295025 97.228586149255790
182.20618156107355 97.210939201696917
184.85643149956664 97.189677261703551
187.54523021108326 97.159830592875963
190.27313840043846 97.118528881112013
193.04072492808663 97.066752921495805
195.84856692874806 97.006652674024537
198.69724993176072 96.939308201692342
201.58736798318304 96.867844923081492
204.5195237696723 96.794252143873365
207.49432874416505 96.716651233488932
210.5124032533856 96.636169246576372
213.57437666720915 96.553598235818555
216.68088750990657 96.469951148171262
219.83258359329807 96.385478388879278
223.03012215184378 96.301080528245123
226.2741699796992 96.215234495537970
229.5654035697641 96.128871939924494
232.90450925475412 96.041498674500602
236.2921833503241 95.952903232891572
239.72913230027333 95.863542560192883
243.21607282386276 95.774679206712364
246.75373206527502 95.687564347892589
250.34284774524843 95.601228798145883
253.9841683149166 95.513381939402649
257.67845311188546 95.425636738592715
261.42647251858085 95.338334513943011
265.22900812289896 95.250404569265498
269.08685288119375 95.164632663054334
273.0008112836349 95.081358267275036
276.97169952197106 95.000430396881313
281.00034565973334 94.921793363333109
285.0875898049141 94.843370829628597
289.23428428515797 94.766242312296072
293.44129382550057 94.691433228671201
297.7094957286928 94.614416228164913
302.0397800581479 94.535528986446067
306.4330498235497 94.456610611480031
310.89022116916016 94.377934851893542
315.41222356486645 94.298038753475907
320.00000000000654 94.214999999999890
324.6545071800142 94.128426166451732
329.3767157259242 94.041468430642993
334.16761037677935 93.955399774255653
339.02819019498156 93.869201033548833
343.95946877463007 93.779937668301727
348.9624744528898 93.686505480285675
354.03825052443415 93.591484715193076
359.187855459007 93.497699816191982
364.4123631221491 93.405783645362391
369.71286299913527 93.312553611215222
375.0904604221685 93.216371712400957
380.54627680087896 93.118167017584170
386.08144985617537 93.021799062473775
391.6971338574982 92.929084433083460
397.3944998635236 92.835251302265505
403.1747359663683 92.741204224538109
409.0390475393468 92.651174048794644
414.9886574883323 92.568149343070289
421.0248065067734 92.492850494741589
427.1487533344206 92.423617152766440
433.3617750198154 92.363031283161604
439.6651671865984 92.316270473219447
446.06024430368984 92.285662641139538
452.54833995940066 92.271696826044661
459.13080713953053 92.274606095403641
465.8090185095106 92.294053492247173
472.58436670065066 92.332470928789903
479.45826460054917 92.386850591519078
486.432145647728 92.458640031254561
493.50746413055253 92.550061852563658
500.6856954904994 92.653628280102737
507.9683366298358 92.766509217762447
515.3569062237735 92.883930073261695
522.8529450371643 92.996887921455482
530.4580162458005 93.102110699011064
538.1737057623901 93.196311502950635
546.0016225672724 93.276228425229107
553.9433990439449 93.342346718188111
562.0006913194694 93.396803905955011
570.1751796098309 93.442805826205216
578.4685685703187 93.480955415423466
586.8825876510039 93.516218609369119
595.4189914573883 93.549592167538080
604.0795601162986 93.582298350436119
612.8660996471021 93.615074084403531
621.780442338323 93.648184500113771
630.8244471297356 93.682174121449478
640.0000000000159 93.717500000000058
649.3090143600314 93.753805156004120
658.7534314518515 93.791513725807405
668.3352207535618 93.829840883014242
678.0563803899662 93.867919883520869
687.9189375492632 93.905987909564658
697.9249489057827 93.944907300732552
708.0765010488715 93.984498354090604
718.3757109180171 94.025084058126168
728.8247262443015 94.067240141289432
739.425725998274 94.110645476592921
750.1809208443404 94.156291528693984
761.0925536017613 94.204029922007692
772.1628997123541 94.252951287189262
783.3942677149998 94.304565630519804
794.7889997270506 94.359379248658001
806.34947193274 94.418599288977418
818.0780950786972 94.482163295820470
829.9773149766683 94.549598149094365
842.0496130135506 94.621135145832426
854.2975066688449 94.696896605013876
866.7235500396347 94.777611450265255
879.3303343732008 94.863312340612410
892.1204886073838 94.954742217213663
905.0966799188055 95.050225099391042
918.2616142790653 95.150647926321966
931.6180370190256 95.255689756266861
945.1687334013056 95.365642050560780
958.9165292011028 95.480547454109285
972.8642912954606 95.599682190726440
987.0149282611097 95.724748016473711
1001.3713909810035 95.854753936123331
1015.9366732596762 95.990398395966935
1030.7138124475518 96.130908684760243
1045.7058900743334 96.276345664484040
1060.916032491606 96.426751928165231
1076.3474115247852 96.582788511270309
1092.0032451345498 96.743158465450051
1107.8867980878947 96.907041837338909
1124.0013826389438 97.074181069155657
1140.350359219667 97.244384976904044
1156.9371371406426 97.416393966730297
1173.765175302013 97.590703370302009
1190.837982914782 97.766089324876503
1208.1591202326028 97.943322536636657
1225.73219929421 98.120731435748837
1243.5608846766518 98.299966575395587
1261.648894259477 98.479324053168824
1280.0000000000375 98.660000000000366
1298.6180287200684 98.840860850423525
1317.5068629037087 99.024567256456351
1336.6704415071292 99.209452999506112
1356.112760779938 99.396182503487410
1375.8378750985323 99.585147654068450
1395.8498978115715 99.776366524100496
1416.153002097749 99.969991953331871
1436.7514218360407 100.165800936350578
1457.6494524886093 100.363057842442700
1478.8514519965543 100.562703648767609
1500.3618416886875 100.764879601372343
1522.1851072035295 100.968708901280962
1544.3257994247153 101.174729934649861
1566.788535430007 101.383969150207662
1589.5779994541087 101.596658514901378
1612.6989438654878 101.812862114580966
1636.156190157402 102.033091311282732
1659.9546299533442 102.257869891957711
1684.099226027109 102.487124631778073
1708.5950133376978 102.720668327508392
1733.4471000792773 102.958761102762651
1758.6606687464096 103.201315633340471
1784.2409772147755 103.447583020350436
1810.193359837619 103.697560121637892
1836.5232285581387 103.950392529586964
1863.2360740380593 104.205242703361563
1890.3374668026197 104.460865438608579
1917.833058402214 104.716277459636444
1945.7285825909298 104.970300958273810
1974.0298565222283 105.220943334526055
2002.7427819620161 105.464853672990444
2031.8733465193618 105.701362323315095
2061.4276248951132 105.927112343007053
2091.411780148677 106.138629511628110
2121.832064983222 106.334263381776424
2152.694823049581 106.505584912264737
2184.0064902691106 106.661627745900446
2215.7735961758003 106.784024566902119
2248.002765277899 106.886073257245670
2280.7007184393456 106.954551077659019
2313.874274281297 106.992055802473459
2347.530350604038 106.997909584859059
2381.6759658295764 106.969801689723113
2416.318240465218 106.915863519069575
2451.4643985884327 106.830009513846520
2487.1217693533167 106.722142072666401
2523.2977885189675 106.588721069488997
2560.0000000000887 106.436749999999620
2597.236057440151 106.268490530031286
2635.0137258074315 106.087932743543575
2673.340883014273 105.897212062853271
2712.225521559891 105.701631541481873
2751.6757501970797 105.503329355259666
2791.699795623158 105.305378506555940
2832.3060041955137 105.112015660197173
2873.502843672097 104.924147374095895
2915.2989049772345 104.743468511493802
2957.7029039931244 104.571460051945920
3000.723683377391 104.409503292348006
3044.370214407075 104.259869640083792
3088.6515988494466 104.121977783394129
3133.57707086003 103.995931335449427
3179.1559989082334 103.884066522543819
3225.3978877309914 103.786736055556503
3272.3123803148205 103.706254553330922
3319.9092599067053 103.644493462296097
3368.198452054235 103.603308866849630
3417.190026675413 103.584296698132732
3466.8942001585724 103.589264506068190
3517.3213374928373 103.620301697368063
3568.4819544295697 103.680092570732938
3620.386719675257 103.768977306547271
3673.0464571162966 103.884272426221429
3726.472148076138 104.022298407209377
3780.6749336052594 104.179463014152986
3835.6661168044484 104.345624995085529
3891.45716518188 104.510884706203584
3948.059713044477 104.671494435763705
4005.4855639240527 104.825993874725739
4063.746693038744 104.985990299580322
4122.855249790247 105.160041624335790
4182.823560297375 105.350438758708378
4243.664129966465 105.553820091602176
4305.389646099183 105.755016349822341
4368.012980538242 105.940171409578852
4431.5471923516225 106.084920805593669
4496.00553055582 106.177273902477197
4561.401436878714 106.187994390304624
4627.748548562617 106.115920053353904
4695.060701208099 105.937952676218430
4763.351931659176 105.665691261359470
4832.63648093046 105.301675655180020
4902.928797176889 104.853260207667759
4974.243538706657 104.353092893086512
5046.595577037959 103.816324394571808
5120.000000000202 103.268285714284218
5194.472114880326 102.725436088788513
5270.027451614888 102.200249971155785
5346.6817660285715 101.695277892228745
5424.451043119808 101.213341218928591
5503.351500394186 100.759969433501226
5583.399591246343 100.341973342307796
5664.612008391055 99.966569022282215
5747.005687344222 99.629348444965402
5830.597809954497 99.333340811041523
5915.405807986278 99.079601712353764
6001.447366754812 98.868750003165857
6088.740428814181 98.706888809853822
6177.303197698925 98.590611733778957
6267.154141720092 98.519296941739441
6358.3119978165005 98.495918160152854
6450.795775462017 98.518143908853702
6544.624760629676 98.590471617676911
6639.818519813445 98.715899650291249
6736.396904108505 98.896119142600341
6834.380053350861 99.129482343513814
6933.788400317181 99.406689432945200
7034.642674985712 99.708794091831777
7136.963908859177 100.008890027539920
7240.773439350552 100.272589964980966
7346.092914232631 100.461690323931265
7452.944296152315 100.543941909595787
7561.349867210557 100.494417006129581
7671.332233608935 100.308366847645402
7782.914330363799 99.977177839086750
7896.119426088994 99.492656591945547
8010.971127848146 98.865298998570395
8127.49338607753 98.143965914790158
8245.710499580537 97.378282764255303
8365.647120594791 96.615251190987735
8487.328259932974 95.883160847983532
8610.77929219841 95.205137598671143
8736.025961076528 94.599860401618457
8863.094384703289 94.072280724824651
8992.011061111683 93.627088468960977
9122.802873757471 93.268861911634005
9255.497097125279 93.006022915187145
9390.121402416245 92.842644091221402
9526.7038633184 92.789729506566516
9665.272961860968 92.852054074426263
9805.857594353829 93.034613996034167
9948.487077413367 93.346993215387528
10093.19115407597 93.815313694411714
10240.000000000457 94.440600000002149
10388.944229760706 95.235017610941213
10540.05490322983 96.205808611519132
10693.363532057198 97.289752878055822
10848.902086239672 98.367111040392984
11006.703000788428 99.214504784970387
11166.799182492743 99.628868753301447
11329.224016782166 99.375105649357565
11494.0113746885 98.644589050627445
11661.195619909053 97.477169940686025
11830.811615972614 96.282687151559998
12002.894733509682 95.180693341178397
12177.48085762842 94.242700393552980
12354.606395397908 93.605865813786181
12534.308283440243 93.181673142706117
12716.62399563306 93.043555840029114
12901.591550924093 93.217882598376463
13089.249521259411 93.540922390167992
13279.637039626952 94.031180267249141
13472.793808217073 94.599407251227177
13668.760106701786 95.017417114704415
13867.576800634426 95.067102377141936
14069.285349971487 94.598502712702469
14273.927817718419 93.743438268299869
14481.54687870117 92.570635290811140
14692.18582846533 91.275175951741190
14905.888592304698 90.023511257355651
15122.699734421185 88.760798564259233
15342.664467217943 87.105853484215132
15565.828660727671 84.803675990380100
15792.238852178061 82.545836290284200
16021.942255696367 82.062928707605749
16254.986772155136 83.025094654947807
16491.42099916115 83.835591185124414
16731.294241189662 84.348867552568777
16974.65651986603 84.711056075567356
17221.558584396902 84.993430028680564
17472.051922153143 85.225290833782140
17726.188769406665 85.368118160091456
17984.022122223458 85.251319788532655
18245.605747515034 84.559716021908216
18510.99419425065 82.834459654235886
18780.242804832582 79.751708485329146
19053.40772663689 75.490016235289801
19330.545923722028 71.123641553020178
19611.71518870775 68.186051729245037
19896.974154826825 67.092543117588491
20186.382308152035 66.968500000000006
