20 102.974999999999994
20.290906698750476 102.927969926935106
20.586044732869844 102.881686317895998
20.885475648548283 102.837630238212924
21.189261887185914 102.795003470782405
21.49746679841394 102.750892608477358
21.810154653305165 102.702197380551439
22.12739065777668 102.642544153477999
22.449240966187475 102.576167023548678
22.77577269513385 102.505087890981528
23.107053937445478 102.438908650851062
23.44315377638505 102.385889941103471
23.784142300054445 102.350768615995648
24.130090616010463 102.326995447517646
24.481070866093134 102.308767435860318
24.837156241469714 102.286256136938661
25.1984209978975 102.249689480252300
25.56494047120865 102.199521810839173
25.936791093020236 102.137706557107293
26.3140504066728 102.067950374544509
26.69679708340074 101.993624568736863
27.08511093873791 101.918212004470661
27.47907294916184 101.843325037908301
27.878765268980047 101.773806817445831
28.284271247461966 101.715407652840099
28.695675446220072 101.666541104485546
29.11306365684382 101.625663461854586
29.536522918790062 101.588420753958587
29.966141537533712 101.546318129321691
30.402009102982383 101.496742165976713
30.844216508158908 101.438309778382205
31.29285596815558 101.374294814657247
31.74802103936409 101.306052780977296
32.20980663898519 101.235819197513223
32.67830906482211 101.167393349054549
33.153626015361866 101.104104000110482
33.63585661014871 101.044517923731405
34.125101410453844 100.981360701126007
34.62146244024586 100.910402096403374
35.12504320746613 100.837494296614466
35.635948725613716 100.772637794005647
36.15428553564419 100.712368593580123
36.68016172818701 100.641755093859203
37.21368696608603 100.560019581154933
37.754972507267915 100.493370384168713
38.30413122794313 100.447272837463117
38.86127764614443 100.404534009793736
39.4265279456077 100.331051379010219
40.000000000000206 100.217499999999973
40.58181339750116 100.113742931588746
41.1720894657399 100.049477215435004
41.77095129709678 99.995114301975633
42.37852377437204 99.931341754078161
42.9949335968281 99.880554964426381
43.62030930661056 99.845183792983974
44.25478131555359 99.787899674226054
44.89848193237519 99.695073747619759
45.55154539026795 99.589078200338008
46.21410787489121 99.500507017430735
46.88630755277036 99.429807508174548
47.56828460010916 99.361415422967440
48.260181232021196 99.294722697725973
48.962141732186545 99.226847693567905
49.674312482939705 99.155883081775613
50.39684199579528 99.081079564913324
51.129880942417586 99.006247482506410
51.873582186040764 98.933742898989095
52.628100813345895 98.860760216024048
53.393594166801776 98.784156547473501
54.17022187747612 98.706271098745404
54.95814589832399 98.631130695041549
55.75753053796041 98.554837714893466
56.56854249492426 98.475498564249961
57.39135089244048 98.395821665218165
58.226127313687975 98.316857096170168
59.073045837580466 98.237779782942596
59.932283075067765 98.158729957093755
60.804018205965114 98.079635401122601
61.68843301631817 97.999002673480916
62.58571193631152 97.914857415247184
63.49604207872855 97.829120065638875
64.41961327797075 97.744024998343647
65.35661812964459 97.659226059267169
66.3072520307241 97.573500943250195
67.27171322029778 97.486230670512299
68.25020282090806 97.395981746118281
69.2429248804921 97.307851385158173
70.25008641493265 97.221367352278463
71.27189745122783 97.132976306450530
72.30857107128878 97.050857169653341
73.36032345637442 96.971074932130989
74.42737393217246 96.886882711494025
75.50994501453623 96.800554207330180
76.60826245588666 96.714152888526925
77.72255529228926 96.625524421720272
78.85305589121582 96.534388390651742
80.00000000000082 96.445499999999939
81.16362679500274 96.352409623673836
82.34417893148023 96.262806415253806
83.541902594194 96.175261870817735
84.75704754874454 96.087114096751264
85.98986719365665 95.999384231826568
87.24061861322157 95.913257607808049
88.50956263110764 95.827400741783919
89.79696386475084 95.746723597808938
91.10309078053635 95.669193254626634
92.42821574978288 95.596892906124296
93.77261510554118 95.556290033593939
95.13656920021877 95.540418824461995
96.52036246404286 95.532123217201828
97.92428346437356 95.532499999999999
99.34862496587989 95.526556580511084
100.79368399159105 95.522410174635837
102.25976188483567 95.534623650541249
103.74716437208203 95.542132091738239
105.25620162669229 95.521235484318780
106.78718833360406 95.478260388879875
108.34044375495276 95.423123433148447
109.9162917966485 95.362134623863795
111.51506107592134 95.297090298154259
113.13708498984903 95.226462973568431
114.78270178488147 95.153187902977123
116.45225462737648 95.082109152491569
118.14609167516147 95.009678720731443
119.86456615013608 94.935321594904963
121.60803641193078 94.862098481512149
123.3768660326369 94.794203561823252
125.17142387262359 94.729285870912548
126.99208415745765 94.671221643591196
128.83922655594208 94.625735910849187
130.71323625928977 94.587184854094602
132.61450406144883 94.561620227662047
134.5434264405962 94.556717132202976
136.50040564181674 94.570129969112259
138.48584976098482 94.596152133735501
140.50017282986593 94.627836041001245
142.5437949024563 94.659852786805146
144.61714214257822 94.689235704460444
146.7206469127495 94.712394727892587
148.8547478643456 94.728628487186072
151.01989002907314 94.736723868034886
153.216524911774 94.735777205335253
155.4451105845792 94.725439115323354
157.70611178243232 94.706526658610812
160.00000000000236 94.678999999999959
162.3272535900062 94.640833041123898
164.6883578629612 94.596421200603743
167.08380518838874 94.547573613119198
169.51409509748981 94.493481450796736
171.97973438731407 94.433798534072082
174.4812372264439 94.367902842331304
177.01912526221608 94.299483617920174
179.5939277295025 94.228288809119817
182.20618156107355 94.156109388914359
184.85643149956664 94.082962490611962
187.54523021108326 94.007751646174114
190.27313840043846 93.932406752467813
193.04072492808663 93.855251557027970
195.84856692874806 93.776070412609300
198.69724993176072 93.696216451897044
201.58736798318304 93.615289135140344
204.5195237696723 93.533713096334026
207.49432874416505 93.453898397861010
210.5124032533856 93.376689918665363
213.57437666720915 93.300927771653377
216.68088750990657 93.230850252904588
219.83258359329807 93.165764619930684
223.03012215184378 93.110230392880680
226.2741699796992 93.062040648614158
229.5654035697641 93.024208127994228
232.90450925475412 92.997232095713542
236.2921833503241 92.981415633299349
239.72913230027333 92.974541735399455
243.21607282386276 92.973662054617904
246.75373206527502 92.976315299048963
250.34284774524843 92.977114296286601
253.9841683149166 92.973017810645715
257.67845311188546 92.961964640664348
261.42647251858085 92.944724255536741
265.22900812289896 92.918438926893913
269.08685288119375 92.883616995707854
273.0008112836349 92.842490670238192
276.97169952197106 92.795853755975358
281.00034565973334 92.745095540989439
285.0875898049141 92.692326296614155
289.23428428515797 92.636760590578888
293.44129382550057 92.579698403973197
297.7094957286928 92.521650858089771
302.0397800581479 92.463217941722277
306.4330498235497 92.404559335686002
310.89022116916016 92.346427124800925
315.41222356486645 92.287682316013218
320.00000000000654 92.228499999999912
324.6545071800142 92.169853209531823
329.3767157259242 92.110791053425942
334.16761037677935 92.051738392365621
339.02819019498156 91.992758898640716
343.95946877463007 91.935070162214288
348.9624744528898 91.878620286127642
354.03825052443415 91.823386894336124
359.187855459007 91.770702659864028
364.4123631221491 91.720582550339586
369.71286299913527 91.673526805607608
375.0904604221685 91.630366777044827
380.54627680087896 91.592176062393847
386.08144985617537 91.559143880805408
391.6971338574982 91.531688614176886
397.3944998635236 91.506422000545911
403.1747359663683 91.487269476092479
409.0390475393468 91.475194682652585
414.9886574883323 91.470003780837217
421.0248065067734 91.471160576076272
427.1487533344206 91.478476569446713
433.3617750198154 91.493978954229419
439.6651671865984 91.517493252339690
446.06024430368984 91.548331343670299
452.54833995940066 91.586309375740171
459.13080713953053 91.632390938240832
465.8090185095106 91.686194075539959
472.58436670065066 91.748878938420518
479.45826460054917 91.818174883362829
486.432145647728 91.894140031254551
493.50746413055253 91.976730294100761
500.6856954904994 92.067542609280963
507.9683366298358 92.163582439305969
515.3569062237735 92.266047673736239
522.8529450371643 92.372207775844416
530.4580162458005 92.481055357518017
538.1737057623901 92.591456695782369
546.0016225672724 92.701593449127273
553.9433990439449 92.808264187571297
562.0006913194694 92.910808226701675
570.1751796098309 93.007874421825193
578.4685685703187 93.096613683702401
586.8825876510039 93.177352194536880
595.4189914573883 93.249580982086229
604.0795601162986 93.313537030785014
612.8660996471021 93.368849019336395
621.780442338323 93.417339480931133
630.8244471297356 93.458880233231923
640.0000000000159 93.496500000000054
649.3090143600314 93.530943353132130
658.7534314518515 93.563699338508883
668.3352207535618 93.596339750562123
678.0563803899662 93.628988874306387
687.9189375492632 93.662820334544961
697.9249489057827 93.698133568615532
708.0765010488715 93.734979228828379
718.3757109180171 93.773827701488472
728.8247262443015 93.814857668664985
739.425725998274 93.859088049192749
750.1809208443404 93.905321682168051
761.0925536017613 93.954878680941334
772.1628997123541 94.007469214012772
783.3942677149998 94.062971338574997
794.7889997270506 94.121925123555656
806.34947193274 94.183892972969005
818.0780950786972 94.248864614483409
829.9773149766683 94.316906713902966
842.0496130135506 94.387628944205744
854.2975066688449 94.461322228346688
866.7235500396347 94.537749675245436
879.3303343732008 94.616281106551156
892.1204886073838 94.698045826327743
905.0966799188055 94.782128419472230
918.2616142790653 94.868663818087626
931.6180370190256 94.958299019821098
945.1687334013056 95.050486344908933
958.9165292011028 95.146287226457758
972.8642912954606 95.245303611140770
987.0149282611097 95.347839286205755
1001.3713909810035 95.453648293259420
1015.9366732596762 95.561493827005577
1030.7138124475518 95.671802606753232
1045.7058900743334 95.783240866492676
1060.916032491606 95.896809174854269
1076.3474115247852 96.011381017848436
1092.0032451345498 96.126086128635933
1107.8867980878947 96.241544514845245
1124.0013826389438 96.356843127025854
1140.350359219667 96.472452514537679
1156.9371371406426 96.587929311153530
1173.765175302013 96.704025256744970
1190.837982914782 96.819031116429699
1208.1591202326028 96.934765615822556
1225.73219929421 97.050259295412360
1243.5608846766518 97.166003479027296
1261.648894259477 97.281276330310021
1280.0000000000375 97.396000000000228
1298.6180287200684 97.509835947031277
1317.5068629037087 97.624790491131876
1336.6704415071292 97.738272365929731
1356.112760779938 97.851454012523646
1375.8378750985323 97.963879941184175
1395.8498978115715 98.076259427744802
1416.153002097749 98.187533861432740
1436.7514218360407 98.298782535731021
1457.6494524886093 98.408777152940758
1478.8514519965543 98.518642405182419
1500.3618416886875 98.628287497942125
1522.1851072035295 98.736094429585435
1544.3257994247153 98.843150353227131
1566.788535430007 98.949406116521033
1589.5779994541087 99.055058797488897
1612.6989438654878 99.159637289640074
1636.156190157402 99.262917865283129
1659.9546299533442 99.364809445804042
1684.099226027109 99.465124842190605
1708.5950133376978 99.563692452283775
1733.4471000792773 99.660267922302836
1758.6606687464096 99.755198047611856
1784.2409772147755 99.847713059340307
1810.193359837619 99.938565157841410
1836.5232285581387 100.027296189670693
1863.2360740380593 100.113061272479513
1890.3374668026197 100.195705651071805
1917.833058402214 100.275859208198369
1945.7285825909298 100.352881744647334
1974.0298565222283 100.426497029827345
2002.7427819620161 100.495671259414536
2031.8733465193618 100.560871582806683
2061.4276248951132 100.621664899804216
2091.411780148677 100.677400026252755
2121.832064983222 100.728839700723995
2152.694823049581 100.774455381693173
2184.0064902691106 100.816907950579662
2215.7735961758003 100.853456615888987
2248.002765277899 100.886835868171403
2280.7007184393456 100.915917265366119
2313.874274281297 100.942174467806282
2347.530350604038 100.965686900402687
2381.6759658295764 100.986463680352003
2416.318240465218 101.005431090907024
2451.4643985884327 101.022695589329516
2487.1217693533167 101.039204796208992
2523.2977885189675 101.055484004833531
2560.0000000000887 101.072750000000042
2597.236057440151 101.092195282310087
2635.0137258074315 101.115759836828659
2673.340883014273 101.146631511599821
2712.225521559891 101.185077648356554
2751.6757501970797 101.234282528378742
2791.699795623158 101.295719672997052
2832.3060041955137 101.370381407971479
2873.502843672097 101.455471227641880
2915.2989049772345 101.549758404796052
2957.7029039931244 101.650795085743226
3000.723683377391 101.755727794063517
3044.370214407075 101.859551493136280
3088.6515988494466 101.958600937526313
3133.57707086003 102.049591148019800
3179.1559989082334 102.127941158242251
3225.3978877309914 102.192485423031812
3272.3123803148205 102.241019275661301
3319.9092599067053 102.272162796561759
3368.198452054235 102.284863969041083
3417.190026675413 102.278967789863344
3466.8942001585724 102.253829349881073
3517.3213374928373 102.209080461883246
3568.4819544295697 102.143592248811345
3620.386719675257 102.057469099813758
3673.0464571162966 101.949875936059499
3726.472148076138 101.821731300925080
3780.6749336052594 101.672323585876143
3835.6661168044484 101.508025087393804
3891.45716518188 101.324338672840128
3948.059713044477 101.128706116790028
4005.4855639240527 100.918609144055893
4063.746693038744 100.696356674706919
4122.855249790247 100.465126588335522
4182.823560297375 100.226165422234828
4243.664129966465 99.981933992563199
4305.389646099183 99.734941415603259
4368.012980538242 99.486381843864976
4431.5471923516225 99.238026327026176
4496.00553055582 98.990312132869349
4561.401436878714 98.745547633062387
4627.748548562617 98.505961221173038
4695.060701208099 98.279989096943297
4763.351931659176 98.074357203328674
4832.63648093046 97.906754334325171
4902.928797176889 97.817390664752665
4974.243538706657 97.828170352819427
5046.595577037959 98.004397068877950
5120.000000000202 98.316071428572457
5194.472114880326 98.716955553512676
5270.027451614888 99.084123532267000
5346.6817660285715 99.339205547523576
5424.451043119808 99.472308610177521
5503.351500394186 99.516648696555279
5583.399591246343 99.533887423358692
5664.612008391055 99.571567424489217
5747.005687344222 99.646671796376353
5830.597809954497 99.769512740361492
5915.405807986278 99.945710536363293
6001.447366754812 100.176758218206444
6088.740428814181 100.467901471321966
6177.303197698925 100.811223201928414
6267.154141720092 101.196451790497164
6358.3119978165005 101.608485830021408
6450.795775462017 102.020469581014396
6544.624760629676 102.399219119117220
6639.818519813445 102.702745392132684
6736.396904108505 102.887167136300377
6834.380053350861 102.915917453318002
6933.788400317181 102.770988043178505
7034.642674985712 102.461622153556874
7136.963908859177 102.021300944311520
7240.773439350552 101.499531709016111
7346.092914232631 100.948316845990320
7452.944296152315 100.410955442180523
7561.349867210557 99.915628077634068
7671.332233608935 99.461094015596075
7782.914330363799 99.034223351967228
7896.119426088994 98.616253644992383
8010.971127848146 98.185624018686539
8127.49338607753 97.735074049287846
8245.710499580537 97.270844538185656
8365.647120594791 96.805200212768682
8487.328259932974 96.347466226334404
8610.77929219841 95.905348771543174
8736.025961076528 95.489614328447459
8863.094384703289 95.110629191567483
8992.011061111683 94.777164721924450
9122.802873757471 94.505155545675919
9255.497097125279 94.302185762655952
9390.121402416245 94.165607988832164
9526.7038633184 94.116505579497755
9665.272961860968 94.167066623041563
9805.857594353829 94.321649597445713
9948.487077413367 94.590095924180076
10093.19115407597 94.987747922489689
10240.000000000457 95.506300000001758
10388.944229760706 96.146643456899241
10540.05490322983 96.905224884093627
10693.363532057198 97.752416979820126
10848.902086239672 98.656884919847670
11006.703000788428 99.554203357537730
11166.799182492743 100.385351635508442
11329.224016782166 101.115278206615457
11494.0113746885 101.758367038952912
11661.195619909053 102.167369487781727
11830.811615972614 102.371368549062268
12002.894733509682 102.270104252973141
12177.48085762842 101.981398709149715
12354.606395397908 101.487086337067922
12534.308283440243 100.964851693925738
12716.62399563306 100.480771210699004
12901.591550924093 100.070994805559266
13089.249521259411 99.691389539852395
13279.637039626952 99.279923012645895
13472.793808217073 98.843759885073212
13668.760106701786 98.418057482061613
13867.576800634426 98.036133090931003
14069.285349971487 97.750643185025666
14273.927817718419 97.566464964053409
14481.54687870117 97.596102462020099
14692.18582846533 97.910919183829179
14905.888592304698 98.432693628837910
15122.699734421185 99.010519309495081
15342.664467217943 99.405623811314825
15565.828660727671 99.342687195500773
15792.238852178061 98.585335518233691
16021.942255696367 97.010826314028776
16254.986772155136 94.739703416043298
16491.42099916115 92.355027802460654
16731.294241189662 90.219233023059587
16974.65651986603 88.140774389860638
17221.558584396902 86.095812327219193
17472.051922153143 83.987769984716081
17726.188769406665 81.871466571152979
17984.022122223458 81.009813261374276
18245.605747515034 81.893380937101853
18510.99419425065 82.055213426037326
18780.242804832582 81.097572073164258
19053.40772663689 79.674843392366739
19330.545923722028 78.526521756299559
19611.71518870775 78.435660997974082
19896.974154826825 78.496985479420928
20186.382308152035 78.371499999999997
