20 107.606500000000011
20.290906698750476 107.554136619680321
20.586044732869844 107.500535198411328
20.885475648548283 107.445187005018568
21.189261887185914 107.388022526171568
21.49746679841394 107.327262923978481
21.810154653305165 107.263841934462974
22.12739065777668 107.195155578644687
22.449240966187475 107.123256683531565
22.77577269513385 107.048698738606902
23.107053937445478 106.973412783784056
23.44315377638505 106.898983235172452
23.784142300054445 106.826099939113490
24.130090616010463 106.753614516406230
24.481070866093134 106.680248759544028
24.837156241469714 106.604282931958011
25.1984209978975 106.524355275473056
25.56494047120865 106.440857420676565
25.936791093020236 106.354525008131475
26.3140504066728 106.266768549027091
26.69679708340074 106.178736670817841
27.08511093873791 106.088499074399678
27.47907294916184 105.995569087183242
27.878765268980047 105.899050965686115
28.284271247461966 105.799285001876896
28.695675446220072 105.697863840229871
29.11306365684382 105.595977786014330
29.536522918790062 105.494953637003121
29.966141537533712 105.394422880217121
30.402009102982383 105.293034559360549
30.844216508158908 105.190289540691708
31.29285596815558 105.085419917443630
31.74802103936409 104.977722971591987
32.20980663898519 104.866726793365586
32.67830906482211 104.753527515377868
33.153626015361866 104.639744260374599
33.63585661014871 104.527160549496244
34.125101410453844 104.416352182647898
34.62146244024586 104.303942176303210
35.12504320746613 104.186489630208129
35.635948725613716 104.064280152029539
36.15428553564419 103.944211467693918
36.68016172818701 103.832107330906240
37.21368696608603 103.722412050155839
37.754972507267915 103.598985456081707
38.30413122794313 103.461301359367127
38.86127764614443 103.319611911228549
39.4265279456077 103.192077152993704
40.000000000000206 103.086999999999961
40.58181339750116 102.979849008790239
41.1720894657399 102.853500949861171
41.77095129709678 102.723793689941317
42.37852377437204 102.609233375462708
42.9949335968281 102.494936979376732
43.62030930661056 102.367969534286146
44.25478131555359 102.235392571255474
44.89848193237519 102.101149667920723
45.55154539026795 101.950450945342510
46.21410787489121 101.776649606045368
46.88630755277036 101.622211078207712
47.56828460010916 101.500916141671112
48.260181232021196 101.368672598978435
48.962141732186545 101.164808493945117
49.674312482939705 100.926291460394083
50.39684199579528 100.721269642611958
51.129880942417586 100.556552446523824
51.873582186040764 100.389405119024019
52.628100813345895 100.198531722986431
53.393594166801776 100.036088908004842
54.17022187747612 99.932622210488347
54.95814589832399 99.882037957233081
55.75753053796041 99.868015436032039
56.56854249492426 99.830966094067236
57.39135089244048 99.734730892038030
58.226127313687975 99.582339855546621
59.073045837580466 99.419748380683004
59.932283075067765 99.305040209478449
60.804018205965114 99.218428699396810
61.68843301631817 99.084505346961834
62.58571193631152 98.926821894501757
63.49604207872855 98.796998698080202
64.41961327797075 98.668250135275542
65.35661812964459 98.521476026451325
66.3072520307241 98.374794829529634
67.27171322029778 98.233514730175642
68.25020282090806 98.089971605072876
69.2429248804921 97.950747591850615
70.25008641493265 97.809488074739306
71.27189745122783 97.669021946633023
72.30857107128878 97.526800050019574
73.36032345637442 97.381176171661266
74.42737393217246 97.237231893088889
75.50994501453623 97.086557788036714
76.60826245588666 96.936252059847646
77.72255529228926 96.799879024547650
78.85305589121582 96.664456793725364
80.00000000000082 96.522999999999911
81.16362679500274 96.398394652521745
82.34417893148023 96.274801243396126
83.541902594194 96.139482939856435
84.75704754874454 96.013896536304912
85.98986719365665 95.898349501374540
87.24061861322157 95.770535459078545
88.50956263110764 95.648664863549925
89.79696386475084 95.536231822478413
91.10309078053635 95.429792894630765
92.42821574978288 95.327994243395295
93.77261510554118 95.230969817094177
95.13656920021877 95.127302052571324
96.52036246404286 95.022313772479166
97.92428346437356 94.937723216019577
99.34862496587989 94.870511495612703
100.79368399159105 94.788143521835067
102.25976188483567 94.718395318184307
103.74716437208203 94.649071798054194
105.25620162669229 94.540560754348803
106.78718833360406 94.420772855535716
108.34044375495276 94.307988049643399
109.9162917966485 94.188055589271968
111.51506107592134 94.074520985035136
113.13708498984903 93.980460429790924
114.78270178488147 93.878486583891032
116.45225462737648 93.743858771542648
118.14609167516147 93.618425869560710
119.86456615013608 93.541094458701153
121.60803641193078 93.477398877639416
123.3768660326369 93.437962653121218
125.17142387262359 93.398428696730036
126.99208415745765 93.351025952168527
128.83922655594208 93.311513811501030
130.71323625928977 93.278049352512681
132.61450406144883 93.257692747969287
134.5434264405962 93.263656973897298
136.50040564181674 93.287504867701813
138.48584976098482 93.310358497609855
140.50017282986593 93.332585781756435
142.5437949024563 93.361537094451450
144.61714214257822 93.383767135890139
146.7206469127495 93.407115374805343
148.8547478643456 93.451765343618717
151.01989002907314 93.512188744860566
153.216524911774 93.571620243076666
155.4451105845792 93.615663282781114
157.70611178243232 93.640530558912161
160.00000000000236 93.652000000000001
162.3272535900062 93.648741844973983
164.6883578629612 93.622239705644461
167.08380518838874 93.579324462458288
169.51409509748981 93.525578631777236
171.97973438731407 93.458275543400276
174.4812372264439 93.382081645980236
177.01912526221608 93.304618592028632
179.5939277295025 93.228019739206729
182.20618156107355 93.153785679977716
184.85643149956664 93.082818922111528
187.54523021108326 93.013423520976204
190.27313840043846 92.948936327510268
193.04072492808663 92.887712196567719
195.84856692874806 92.826161814181788
198.69724993176072 92.764357751433025
201.58736798318304 92.705252640336340
204.5195237696723 92.648129048376219
207.49432874416505 92.592354918232957
210.5124032533856 92.536268472603467
213.57437666720915 92.478980437489838
216.68088750990657 92.419392915434301
219.83258359329807 92.359180911727336
223.03012215184378 92.299185209652933
226.2741699796992 92.239306883705524
229.5654035697641 92.181105437529126
232.90450925475412 92.125091512420767
236.2921833503241 92.072872910176670
239.72913230027333 92.024326006258633
243.21607282386276 91.981677217143471
246.75373206527502 91.943647380298302
250.34284774524843 91.912771489655881
253.9841683149166 91.889102905953052
257.67845311188546 91.871987154357527
261.42647251858085 91.858507346184965
265.22900812289896 91.846784349615945
269.08685288119375 91.834724965876219
273.0008112836349 91.821746957686372
276.97169952197106 91.805520039949897
281.00034565973334 91.783597787777722
285.0875898049141 91.757308040541176
289.23428428515797 91.724549154147269
293.44129382550057 91.686840096805398
297.7094957286928 91.645405042713065
302.0397800581479 91.601847226911246
306.4330498235497 91.556452976852725
310.89022116916016 91.509166400077675
315.41222356486645 91.461130430212421
320.00000000000654 91.412499999999937
324.6545071800142 91.364093125327855
329.3767157259242 91.315857499595580
334.16761037677935 91.268240657269899
339.02819019498156 91.220120917069693
343.95946877463007 91.171301259131155
348.9624744528898 91.123356492697553
354.03825052443415 91.075540445070317
359.187855459007 91.026296587593521
364.4123631221491 90.976582550339572
369.71286299913527 90.926699087808132
375.0904604221685 90.877179394741759
380.54627680087896 90.827687346163458
386.08144985617537 90.778991386251278
391.6971338574982 90.731955074809548
397.3944998635236 90.685822901064512
403.1747359663683 90.643012286904892
409.0390475393468 90.604005952879078
414.9886574883323 90.570307657767643
421.0248065067734 90.542900773972917
427.1487533344206 90.522165304997557
433.3617750198154 90.511728668735145
439.6651671865984 90.512236274440880
446.06024430368984 90.524024106961690
452.54833995940066 90.548986865801055
459.13080713953053 90.589620592323897
465.8090185095106 90.643463748376476
472.58436670065066 90.711135850356840
479.45826460054917 90.787770042906317
486.432145647728 90.870185747772737
493.50746413055253 90.952765475234287
500.6856954904994 91.029142675064207
507.9683366298358 91.099693261101535
515.3569062237735 91.162702289980004
522.8529450371643 91.218810688065687
530.4580162458005 91.270391227551613
538.1737057623901 91.319029827019889
546.0016225672724 91.365080468589085
553.9433990439449 91.407974070339236
562.0006913194694 91.446102972673714
570.1751796098309 91.481130646595389
578.4685685703187 91.510986846853143
586.8825876510039 91.539900798013406
595.4189914573883 91.569195520527984
604.0795601162986 91.599788405421577
612.8660996471021 91.632074084403527
621.780442338323 91.665184500113767
630.8244471297356 91.700756566162454
640.0000000000159 91.737000000000052
649.3090143600314 91.773305156004128
658.7534314518515 91.809263039517035
668.3352207535618 91.848174405089594
678.0563803899662 91.889239616657363
687.9189375492632 91.933135218971685
697.9249489057827 91.980936002193047
708.0765010488715 92.031786330296796
718.3757109180171 92.084216125681891
728.8247262443015 92.137506103845936
739.425725998274 92.192042488891104
750.1809208443404 92.246381989116159
761.0925536017613 92.299576198808580
772.1628997123541 92.352078333254610
783.3942677149998 92.404565630519812
794.7889997270506 92.458530623692127
806.34947193274 92.513395430349988
818.0780950786972 92.568987838067642
829.9773149766683 92.626695139691932
842.0496130135506 92.687254266694453
854.2975066688449 92.750382847233567
866.7235500396347 92.815389475208846
879.3303343732008 92.881734255459293
892.1204886073838 92.949238589619128
905.0966799188055 93.019031739553441
918.2616142790653 93.091920541171703
931.6180370190256 93.166917363146027
945.1687334013056 93.244518914282565
958.9165292011028 93.324513087006437
972.8642912954606 93.408521462487798
987.0149282611097 93.497286470570074
1001.3713909810035 93.591371171703514
1015.9366732596762 93.691368937237627
1030.7138124475518 93.800083033071928
1045.7058900743334 93.918286829372533
1060.916032491606 94.046244292424461
1076.3474115247852 94.185755495767978
1092.0032451345498 94.334844647114124
1107.8867980878947 94.492772294754928
1124.0013826389438 94.658181069155660
1140.350359219667 94.828972566708956
1156.9371371406426 95.005128251015464
1173.765175302013 95.183754987583882
1190.837982914782 95.364424088850285
1208.1591202326028 95.546939428131694
1225.73219929421 95.728686802297872
1243.5608846766518 95.910751118137455
1261.648894259477 96.091212349644138
1280.0000000000375 96.270000000000351
1298.6180287200684 96.444477526290939
1317.5068629037087 96.620812452423749
1336.6704415071292 96.791866929413445
1356.112760779938 96.960069742707461
1375.8378750985323 97.124954363317812
1395.8498978115715 97.285110440156700
1416.153002097749 97.439685949136376
1436.7514218360407 97.592272666127698
1457.6494524886093 97.739628233121636
1478.8514519965543 97.884111467017533
1500.3618416886875 98.024236181636098
1522.1851072035295 98.159103962517804
1544.3257994247153 98.290135700617327
1566.788535430007 98.416508486282225
1589.5779994541087 98.538971837117685
1612.6989438654878 98.657748698204742
1636.156190157402 98.772603465149231
1659.9546299533442 98.883694019988184
1684.099226027109 98.991672625478202
1708.5950133376978 99.096755255484823
1733.4471000792773 99.198788400317113
1758.6606687464096 99.298603394736062
1784.2409772147755 99.396746074327552
1810.193359837619 99.493307697005690
1836.5232285581387 99.588292229095799
1863.2360740380593 99.682326259133220
1890.3374668026197 99.775647387128913
1917.833058402214 99.868775737399488
1945.7285825909298 99.962233465853700
1974.0298565222283 100.055798526523347
2002.7427819620161 100.151051180474667
2031.8733465193618 100.247182043513902
2061.4276248951132 100.344711162153871
2091.411780148677 100.443705933828923
2121.832064983222 100.545091616069215
2152.694823049581 100.648186342504218
2184.0064902691106 100.753521904658243
2215.7735961758003 100.861721736854321
2248.002765277899 100.972609540208751
2280.7007184393456 101.085952514537695
2313.874274281297 101.202522435793924
2347.530350604038 101.322317089664466
2381.6759658295764 101.445575376132211
2416.318240465218 101.571833548372467
2451.4643985884327 101.701954884741909
2487.1217693533167 101.835777360720044
2523.2977885189675 101.973322818728562
2560.0000000000887 102.114250000000339
2597.236057440151 102.258720624016590
2635.0137258074315 102.406804216939349
2673.340883014273 102.558780009981731
2712.225521559891 102.714272511598892
2751.6757501970797 102.873390841420701
2791.699795623158 103.036969162054945
2832.3060041955137 103.205716037495293
2873.502843672097 103.380092170916583
2915.2989049772345 103.560662192850060
2957.7029039931244 103.747277922769399
3000.723683377391 103.938675160818292
3044.370214407075 104.129500574323288
3088.6515988494466 104.313072685369022
3133.57707086003 104.486529875567868
3179.1559989082334 104.643714796397177
3225.3978877309914 104.783614085646775
3272.3123803148205 104.902702855708341
3319.9092599067053 104.998248464044195
3368.198452054235 105.067062421095329
3417.190026675413 105.105688409603147
3466.8942001585724 105.112093855949269
3517.3213374928373 105.084178662507156
3568.4819544295697 105.020450316558325
3620.386719675257 104.919795075959897
3673.0464571162966 104.782743416078091
3726.472148076138 104.610582760252754
3780.6749336052594 104.402670985555659
3835.6661168044484 104.169935862699532
3891.45716518188 103.904177744961061
3948.059713044477 103.619749941951511
4005.4855639240527 103.311372268090707
4063.746693038744 102.985456515027224
4122.855249790247 102.645296788727052
4182.823560297375 102.294340994245488
4243.664129966465 101.935381633197849
4305.389646099183 101.573047409551464
4368.012980538242 101.209041271373707
4431.5471923516225 100.846681003595748
4496.00553055582 100.487669305415196
4561.401436878714 100.135061017551905
4627.748548562617 99.788063543472845
4695.060701208099 99.455360162945141
4763.351931659176 99.146855240886680
4832.63648093046 98.883695085069050
4902.928797176889 98.684618829834264
4974.243538706657 98.519947117425801
5046.595577037959 98.360451174021080
5120.000000000202 98.188928571428079
5194.472114880326 98.010402240214077
5270.027451614888 97.841002964310206
5346.6817660285715 97.689346971809456
5424.451043119808 97.558600883164303
5503.351500394186 97.451548460215918
5583.399591246343 97.369874140870678
5664.612008391055 97.315555855007318
5747.005687344222 97.286038976278036
5830.597809954497 97.283078529140212
5915.405807986278 97.307243484791769
6001.447366754812 97.359365952374844
6088.740428814181 97.444363104383342
6177.303197698925 97.562039865070503
6267.154141720092 97.713940448796421
6358.3119978165005 97.904535755130794
6450.795775462017 98.134140635992821
6544.624760629676 98.406175500770885
6639.818519813445 98.719063911946122
6736.396904108505 99.067034343968515
6834.380053350861 99.440410307801613
6933.788400317181 99.826592167225911
7034.642674985712 100.210331470697270
7136.963908859177 100.574589816501060
7240.773439350552 100.898869497378286
7346.092914232631 101.160873261603868
7452.944296152315 101.337062598344289
7561.349867210557 101.403969353421729
7671.332233608935 101.361575471387880
7782.914330363799 101.214905403489183
7896.119426088994 100.973074563907488
8010.971127848146 100.656218068834249
8127.49338607753 100.296636447414642
8245.710499580537 99.920160409028128
8365.647120594791 99.552441892332865
8487.328259932974 99.211558480852105
8610.77929219841 98.914783922181257
8736.025961076528 98.677459464615524
8863.094384703289 98.505873675829463
8992.011061111683 98.406178112740292
9122.802873757471 98.385325974892964
9255.497097125279 98.451652520244068
9390.121402416245 98.608459419168014
9526.7038633184 98.858306224660723
9665.272961860968 99.190888743471845
9805.857594353829 99.584424414047874
9948.487077413367 100.005180789901772
10093.19115407597 100.386371513387388
10240.000000000457 100.638100000000563
10388.944229760706 100.648968407313788
10540.05490322983 100.295763696963064
10693.363532057198 99.595612691420655
10848.902086239672 98.595333764426300
11006.703000788428 97.439894728474115
11166.799182492743 96.277385845176894
11329.224016782166 95.214043159400660
11494.0113746885 94.245335733009966
11661.195619909053 93.421641462445649
11830.811615972614 92.672515693210329
12002.894733509682 92.027534931518517
12177.48085762842 91.441337426012822
12354.606395397908 90.955875726612760
12534.308283440243 90.534883433119518
12716.62399563306 90.185575527729483
12901.591550924093 89.873857079864067
13089.249521259411 89.570655416365156
13279.637039626952 89.262187088403408
13472.793808217073 88.951939829455398
13668.760106701786 88.642734233545212
13867.576800634426 88.332749133011873
14069.285349971487 88.013333928379893
14273.927817718419 87.679084564393264
14481.54687870117 87.341940189307351
14692.18582846533 87.167091885337143
14905.888592304698 87.382898617595018
15122.699734421185 88.004777392925135
15342.664467217943 88.821092081984602
15565.828660727671 89.463202959836821
15792.238852178061 89.561208532232314
16021.942255696367 88.861596177679957
16254.986772155136 87.365361775289102
16491.42099916115 85.367492557088298
16731.294241189662 83.103718358969147
16974.65651986603 80.754071452895516
17221.558584396902 78.468888554873331
17472.051922153143 76.306679650213397
17726.188769406665 74.273370681066353
17984.022122223458 72.356948693746432
18245.605747515034 70.549723668591596
18510.99419425065 68.842770030480466
18780.242804832582 67.191712918788838
19053.40772663689 65.920587689708952
19330.545923722028 66.182973550555019
19611.71518870775 68.170588925924093
19896.974154826825 71.055251719018585
20186.382308152035 72.180499999999995
