20 106.640000000000001
20.290906698750476 106.608000156471306
20.586044732869844 106.575058332968425
20.885475648548283 106.541621885912107
21.189261887185914 106.508181298471882
21.49746679841394 106.472913123963224
21.810154653305165 106.437357494715698
22.12739065777668 106.400872359389027
22.449240966187475 106.362591103753829
22.77577269513385 106.323533652854678
23.107053937445478 106.284153484684822
23.44315377638505 106.244060074594188
23.784142300054445 106.204093457618669
24.130090616010463 106.164256347706640
24.481070866093134 106.124855855617852
24.837156241469714 106.085184280316810
25.1984209978975 106.044181585241788
25.56494047120865 106.001207093972695
25.936791093020236 105.955901073867096
26.3140504066728 105.908553693667074
26.69679708340074 105.860892357283404
27.08511093873791 105.815020830206933
27.47907294916184 105.773743894507106
27.878765268980047 105.735365756033119
28.284271247461966 105.695857146501268
28.695675446220072 105.650823271007368
29.11306365684382 105.597831897071330
29.536522918790062 105.537094608019061
29.966141537533712 105.473511052445019
30.402009102982383 105.411738817482899
30.844216508158908 105.355333556084432
31.29285596815558 105.300134073940740
31.74802103936409 105.242505285922022
32.20980663898519 105.182305523653952
32.67830906482211 105.121889675962052
33.153626015361866 105.065254764325559
33.63585661014871 105.013914338985131
34.125101410453844 104.964739656133702
34.62146244024586 104.912045969610745
35.12504320746613 104.849744037369675
35.635948725613716 104.778831229688464
36.15428553564419 104.708214308044475
36.68016172818701 104.645902856812171
37.21368696608603 104.589990242493144
37.754972507267915 104.530085465796660
38.30413122794313 104.463671330823274
38.86127764614443 104.395561940838064
39.4265279456077 104.334444175811399
40.000000000000206 104.280499999999975
40.58181339750116 104.218439697398864
41.1720894657399 104.139744778789350
41.77095129709678 104.059873039963890
42.37852377437204 103.996907911034981
42.9949335968281 103.943255396115646
43.62030930661056 103.885070673018632
44.25478131555359 103.815285439205155
44.89848193237519 103.744582425990473
45.55154539026795 103.677014105587034
46.21410787489121 103.606283657833757
46.88630755277036 103.524273095194118
47.56828460010916 103.440098507560919
48.260181232021196 103.360560715173733
48.962141732186545 103.287473207342615
49.674312482939705 103.220683531228559
50.39684199579528 103.163484839668769
51.129880942417586 103.106638223062816
51.873582186040764 103.041276587063891
52.628100813345895 102.970633155048603
53.393594166801776 102.902544454002410
54.17022187747612 102.835208877696573
54.95814589832399 102.760185475616936
55.75753053796041 102.675717043354339
56.56854249492426 102.597762632961889
57.39135089244048 102.528953007620743
58.226127313687975 102.462196287140699
59.073045837580466 102.383914553754693
59.932283075067765 102.300568541718434
60.804018205965114 102.220138271979891
61.68843301631817 102.140541052758437
62.58571193631152 102.060509181249031
63.49604207872855 101.984068612662355
64.41961327797075 101.911609390874219
65.35661812964459 101.837900695239497
66.3072520307241 101.758076325357735
67.27171322029778 101.675811946105128
68.25020282090806 101.595233977148268
69.2429248804921 101.517294784202107
70.25008641493265 101.440118475672591
71.27189745122783 101.363923383511604
72.30857107128878 101.289282882867212
73.36032345637442 101.212295579043740
74.42737393217246 101.131946955087059
75.50994501453623 101.052241371638942
76.60826245588666 100.969681814088005
77.72255529228926 100.879682029753042
78.85305589121582 100.787065234064585
80.00000000000082 100.701999999999941
81.16362679500274 100.620061075004571
82.34417893148023 100.531686553170005
83.541902594194 100.447467717555611
84.75704754874454 100.367291948811470
85.98986719365665 100.285508688777952
87.24061861322157 100.203459513075103
88.50956263110764 100.118891179152811
89.79696386475084 100.036926633944191
91.10309078053635 99.959193254626626
92.42821574978288 99.882641389493926
93.77261510554118 99.806548465844088
95.13656920021877 99.738899138820614
96.52036246404286 99.669633505735675
97.92428346437356 99.589706236455640
99.34862496587989 99.506639937269100
100.79368399159105 99.428728432437254
102.25976188483567 99.352492381988554
103.74716437208203 99.274773926502945
105.25620162669229 99.196352151563872
106.78718833360406 99.118378187208606
108.34044375495276 99.042158699762268
109.9162917966485 98.968694134520575
111.51506107592134 98.893380950438143
113.13708498984903 98.816936122246830
114.78270178488147 98.742597361827805
116.45225462737648 98.670949035851692
118.14609167516147 98.599903477327672
119.86456615013608 98.528190160419442
121.60803641193078 98.455018441899426
123.3768660326369 98.378180097313134
125.17142387262359 98.297843067022811
126.99208415745765 98.217668437334297
128.83922655594208 98.139033147602490
130.71323625928977 98.058718446030440
132.61450406144883 97.977537203403784
134.5434264405962 97.896311946105101
136.50040564181674 97.814357861633255
138.48584976098482 97.730108460277648
140.50017282986593 97.643325844039140
142.5437949024563 97.554768887560215
144.61714214257822 97.463441460190921
146.7206469127495 97.372856312134317
148.8547478643456 97.282600589697481
151.01989002907314 97.191460640773101
153.216524911774 97.099765783599622
155.4451105845792 97.010174819902915
157.70611178243232 96.925533421753798
160.00000000000236 96.847999999999928
162.3272535900062 96.785164153069829
164.6883578629612 96.736295171168194
167.08380518838874 96.706244620852374
169.51409509748981 96.699083085883018
171.97973438731407 96.717505450118210
174.4812372264439 96.762124744528876
177.01912526221608 96.828227857237152
179.5939277295025 96.911437186165386
182.20618156107355 97.006628717759725
184.85643149956664 97.106573110683627
187.54523021108326 97.205510689050186
190.27313840043846 97.295366385932624
193.04072492808663 97.372044818331602
195.84856692874806 97.432095351174468
198.69724993176072 97.473669749249368
201.58736798318304 97.495936839915913
204.5195237696723 97.500973968307107
207.49432874416505 97.489784972744303
210.5124032533856 97.464619765839444
213.57437666720915 97.428139509159479
216.68088750990657 97.380276021718970
219.83258359329807 97.327887933015603
223.03012215184378 97.270457801266815
226.2741699796992 97.210169798715668
229.5654035697641 97.147757332174479
232.90450925475412 97.084314324159664
236.2921833503241 97.021813745531745
239.72913230027333 96.960807901670151
243.21607282386276 96.902650871230122
246.75373206527502 96.847817152988227
250.34284774524843 96.797128691248076
253.9841683149166 96.750701853984822
257.67845311188546 96.707737982574329
261.42647251858085 96.668878656684541
265.22900812289896 96.633024804939993
269.08685288119375 96.599834127910839
273.0008112836349 96.570744523835458
276.97169952197106 96.544912727748667
281.00034565973334 96.522998444531197
285.0875898049141 96.504675917721812
289.23428428515797 96.489333148144908
293.44129382550057 96.475487859758402
297.7094957286928 96.461558664095321
302.0397800581479 96.446605797289209
306.4330498235497 96.430984325617572
310.89022116916016 96.414411670615650
315.41222356486645 96.395727438671088
320.00000000000654 96.375999999999976
324.6545071800142 96.356451069843942
329.3767157259242 96.336617793951120
334.16761037677935 96.316496036417519
339.02819019498156 96.296484420200571
343.95946877463007 96.277849965533875
348.9624744528898 96.258942597079027
354.03825052443415 96.240866123164480
359.187855459007 96.223261291439371
364.4123631221491 96.207262910633546
369.71286299913527 96.193717842502167
375.0904604221685 96.180312617696941
380.54627680087896 96.169011283769606
386.08144985617537 96.159469680230103
391.6971338574982 96.154183578740785
397.3944998635236 96.150781650040940
403.1747359663683 96.151058245322133
409.0390475393468 96.155039047539347
414.9886574883323 96.163977314976663
421.0248065067734 96.179722592343197
427.1487533344206 96.202348452782758
433.3617750198154 96.234170650118898
439.6651671865984 96.275227277560461
446.06024430368984 96.324527137657299
452.54833995940066 96.383718897606201
459.13080713953053 96.451758647923555
465.8090185095106 96.527890803904995
472.58436670065066 96.612286948051121
479.45826460054917 96.702549677164484
486.432145647728 96.798550039068189
493.50746413055253 96.900393411026556
500.6856954904994 97.006871144293797
507.9683366298358 97.117021091526254
515.3569062237735 97.231583033071885
522.8529450371643 97.348880575270499
530.4580162458005 97.468099251809917
538.1737057623901 97.587630401544772
546.0016225672724 97.705738160632720
553.9433990439449 97.821329049055478
562.0006913194694 97.933109194548948
570.1751796098309 98.041637191239943
578.4685685703187 98.142816536557888
586.8825876510039 98.237208464161029
595.4189914573883 98.324877065855276
604.0795601162986 98.405951123524886
612.8660996471021 98.479081218630597
621.780442338323 98.544431730988023
630.8244471297356 98.603240570995979
640.0000000000159 98.656000000000091
649.3090143600314 98.703941423954163
658.7534314518515 98.747328113105922
668.3352207535618 98.788841449240323
678.0563803899662 98.833059349793842
687.9189375492632 98.878031165849137
697.9249489057827 98.923558517521315
708.0765010488715 98.968132779562595
718.3757109180171 99.006652559304854
728.8247262443015 99.041180360293978
739.425725998274 99.074691036894563
750.1809208443404 99.107550300901536
761.0925536017613 99.140739850538694
772.1628997123541 99.174379579895231
783.3942677149998 99.207537090243846
794.7889997270506 99.240518374215270
806.34947193274 99.273490170476094
818.0780950786972 99.306799193685521
829.9773149766683 99.340666204164364
842.0496130135506 99.374636435787266
854.2975066688449 99.408676268895050
866.7235500396347 99.443398925108227
879.3303343732008 99.477691902807649
892.1204886073838 99.511038571138698
905.0966799188055 99.543316976470436
918.2616142790653 99.574209047787107
931.6180370190256 99.603245153808743
945.1687334013056 99.630240072352507
958.9165292011028 99.655475448151975
972.8642912954606 99.679385723730775
987.0149282611097 99.701484505017078
1001.3713909810035 99.723557086471516
1015.9366732596762 99.745342565005529
1030.7138124475518 99.766443252162844
1045.7058900743334 99.786185671657734
1060.916032491606 99.805629773406309
1076.3474115247852 99.824527066394751
1092.0032451345498 99.842065846545012
1107.8867980878947 99.858252026795896
1124.0013826389438 99.873167934085700
1140.350359219667 99.887958632683052
1156.9371371406426 99.901518177270972
1173.765175302013 99.914823881476508
1190.837982914782 99.927003218940996
1208.1591202326028 99.938965117300697
1225.73219929421 99.950412023389404
1243.5608846766518 99.961064985080185
1261.648894259477 99.970824447129729
1280.0000000000375 99.981000000000023
1298.6180287200684 99.990840958037751
1317.5068629037087 100.000753431451855
1336.6704415071292 100.010335220753575
1356.112760779938 100.020459199409473
1375.8378750985323 100.031210831304207
1395.8498978115715 100.043406186132231
1416.153002097749 100.055961017960271
1436.7514218360407 100.069225995285223
1457.6494524886093 100.084160594841563
1478.8514519965543 100.100004132557302
1500.3618416886875 100.116789473350948
1522.1851072035295 100.134248085762835
1544.3257994247153 100.153506703493747
1566.788535430007 100.172938140469796
1589.5779994541087 100.193411759497778
1612.6989438654878 100.214683028356248
1636.156190157402 100.236709942551101
1659.9546299533442 100.259755537354280
1684.099226027109 100.283599226027121
1708.5950133376978 100.308782614404720
1733.4471000792773 100.335791810087215
1758.6606687464096 100.364046375745829
1784.2409772147755 100.394273992202017
1810.193359837619 100.426547500592150
1836.5232285581387 100.461171590839072
1863.2360740380593 100.497765782172522
1890.3374668026197 100.535779202859715
1917.833058402214 100.575892926435273
1945.7285825909298 100.617592873886395
1974.0298565222283 100.661005979044234
2002.7427819620161 100.705842738106526
2031.8733465193618 100.751966131988993
2061.4276248951132 100.798784199832170
2091.411780148677 100.846711788899597
2121.832064983222 100.894293899099409
2152.694823049581 100.941042234574368
2184.0064902691106 100.987809410890208
2215.7735961758003 101.032688694741722
2248.002765277899 101.076136836018662
2280.7007184393456 101.116662516819900
2313.874274281297 101.153836750090676
2347.530350604038 101.186861660563778
2381.6759658295764 101.214756974372193
2416.318240465218 101.237747002930291
2451.4643985884327 101.253012539505960
2487.1217693533167 101.261497539757883
2523.2977885189675 101.259214109365672
2560.0000000000887 101.246499999999955
2597.236057440151 101.221849351175877
2635.0137258074315 101.184983986557995
2673.340883014273 101.133072197553943
2712.225521559891 101.068864486551519
2751.6757501970797 100.989272818341050
2791.699795623158 100.896712985394998
2832.3060041955137 100.790742968797986
2873.502843672097 100.675106724914201
2915.2989049772345 100.550420405520796
2957.7029039931244 100.416618242583098
3000.723683377391 100.271939970052486
3044.370214407075 100.116975880507397
3088.6515988494466 99.953522794285817
3133.57707086003 99.783817703960395
3179.1559989082334 99.608749404203309
3225.3978877309914 99.429702216726440
3272.3123803148205 99.247204840575350
3319.9092599067053 99.062650256760122
3368.198452054235 98.876981913152832
3417.190026675413 98.691209300233965
3466.8942001585724 98.506498285418047
3517.3213374928373 98.323509251900433
3568.4819544295697 98.144661354939473
3620.386719675257 97.971650895448917
3673.0464571162966 97.806860628651123
3726.472148076138 97.653995757232906
3780.6749336052594 97.519228546039287
3835.6661168044484 97.400300989751997
3891.45716518188 97.313556045476076
3948.059713044477 97.247755583585786
4005.4855639240527 97.225462817046420
4063.746693038744 97.244058917458631
4122.855249790247 97.309068730951111
4182.823560297375 97.389652931910788
4243.664129966465 97.371400761010065
4305.389646099183 97.329804086962255
4368.012980538242 97.533412963919730
4431.5471923516225 97.936160522260437
4496.00553055582 98.425943000071499
4561.401436878714 98.928823295040374
4627.748548562617 99.401959859946032
4695.060701208099 99.786545862320423
4763.351931659176 100.049657572722580
4832.63648093046 100.172560051609395
4902.928797176889 100.170183544470348
4974.243538706657 100.115897912583563
5046.595577037959 100.055470872508550
5120.000000000202 100.020285714285663
5194.472114880326 100.025706318537232
5270.027451614888 100.068957230848213
5346.6817660285715 100.136306482915529
5424.451043119808 100.216308610177506
5503.351500394186 100.297613664685542
5583.399591246343 100.371559632121702
5664.612008391055 100.437543486628925
5747.005687344222 100.487592673051779
5830.597809954497 100.514182879547491
5915.405807986278 100.514918838402735
6001.447366754812 100.497620066226858
6088.740428814181 100.474814892796459
6177.303197698925 100.453454291938101
6267.154141720092 100.433979744884482
6358.3119978165005 100.416503840393034
6450.795775462017 100.401380633680702
6544.624760629676 100.390430019149633
6639.818519813445 100.386199092599071
6736.396904108505 100.392869458218996
6834.380053350861 100.417752021340348
6933.788400317181 100.463090446179208
7034.642674985712 100.522324885241005
7136.963908859177 100.584754247594020
7240.773439350552 100.638124844527226
7346.092914232631 100.669222543421398
7452.944296152315 100.662999204481153
7561.349867210557 100.602942604018395
7671.332233608935 100.483752851273408
7782.914330363799 100.303266061284276
7896.119426088994 100.060022327893250
8010.971127848146 99.756312338259363
8127.49338607753 99.401310694493233
8245.710499580537 99.003919320640819
8365.647120594791 98.581176704976855
8487.328259932974 98.152167883736269
8610.77929219841 97.733619888830361
8736.025961076528 97.339249491091181
8863.094384703289 96.973780007975407
8992.011061111683 96.636877760294794
9122.802873757471 96.325312117166206
9255.497097125279 96.032956096036912
9390.121402416245 95.750751125046691
9526.7038633184 95.470645814100124
9665.272961860968 95.185493921079456
9805.857594353829 94.895991931574656
9948.487077413367 94.608452659286044
10093.19115407597 94.343104843186794
10240.000000000457 94.128299999999413
10388.944229760706 93.991780302874957
10540.05490322983 93.953435269556280
10693.363532057198 93.992079954105165
10848.902086239672 94.066121369499029
11006.703000788428 94.122844006481600
11166.799182492743 94.147654215642234
11329.224016782166 94.137936553923950
11494.0113746885 94.099746682382516
11661.195619909053 94.028759154175418
11830.811615972614 93.965778423697827
12002.894733509682 93.931030871118239
12177.48085762842 93.919919574491530
12354.606395397908 93.937669302331187
12534.308283440243 93.970335041252866
12716.62399563306 94.035035357932983
12901.591550924093 94.172027888887129
13089.249521259411 94.352179540409026
13279.637039626952 94.604627430011519
13472.793808217073 94.916975582325222
13668.760106701786 95.214371629375918
13867.576800634426 95.375696246020624
14069.285349971487 95.239235263974592
14273.927817718419 94.823469983668758
14481.54687870117 94.073359985787505
14692.18582846533 93.127285737168890
14905.888592304698 92.197732156489707
15122.699734421185 91.405314844540626
15342.664467217943 90.834259945811013
15565.828660727671 90.504471706954618
15792.238852178061 90.336779663509631
16021.942255696367 90.109388980303379
16254.986772155136 89.498559525301886
16491.42099916115 88.434605503774833
16731.294241189662 86.920805329692342
16974.65651986603 84.902703094092317
17221.558584396902 82.630220750952788
17472.051922153143 80.358206519891269
17726.188769406665 78.201442939134694
17984.022122223458 76.078742288056517
18245.605747515034 73.792555171303093
18510.99419425065 71.219125982180074
18780.242804832582 68.304707313228349
19053.40772663689 64.943543518630833
19330.545923722028 61.603246996158290
19611.71518870775 61.029204497572607
19896.974154826825 63.765845436559481
20186.382308152035 64.956000000000003
