20 68.298499999999990
20.290906698750476 68.310496152525786
20.586044732869844 68.322001870103264
20.885475648548283 68.334525816450807
21.189261887185914 68.351020831935244
21.49746679841394 68.375550706536984
21.810154653305165 68.409519270679993
22.12739065777668 68.449050955362182
22.449240966187475 68.491028370636741
22.77577269513385 68.529473237806272
23.107053937445478 68.564005056635523
23.44315377638505 68.595515783499934
23.784142300054445 68.630517890324768
24.130090616010463 68.674013682759409
24.481070866093134 68.727011645130474
24.837156241469714 68.785524453304816
25.1984209978975 68.842056783095160
25.56494047120865 68.891491970912341
25.936791093020236 68.934975571361235
26.3140504066728 68.978006251480309
26.69679708340074 69.025474834103221
27.08511093873791 69.079516331083255
27.47907294916184 69.137510577628461
27.878765268980047 69.195465964002111
28.284271247461966 69.250034893484184
28.695675446220072 69.302958249149668
29.11306365684382 69.358508632708777
29.536522918790062 69.415935301486854
29.966141537533712 69.475018666073822
30.402009102982383 69.532501132724050
30.844216508158908 69.587526762144364
31.29285596815558 69.642982196509223
31.74802103936409 69.697502504686199
32.20980663898519 69.752476980831574
32.67830906482211 69.804532789440174
33.153626015361866 69.854960323058350
33.63585661014871 69.903985423023414
34.125101410453844 69.953009813914889
34.62146244024586 70.001042665617916
35.12504320746613 70.047503678130681
35.635948725613716 70.090995635154982
36.15428553564419 70.132021442315477
36.68016172818701 70.171511205885622
37.21368696608603 70.208478310384237
37.754972507267915 70.243498221357441
38.30413122794313 70.278007892524414
38.86127764614443 70.311515942578950
39.4265279456077 70.343972894403265
40.000000000000206 70.373000000000019
40.58181339750116 70.399991343183046
41.1720894657399 70.426003808641667
41.77095129709678 70.451497926671067
42.37852377437204 70.473482768151626
42.9949335968281 70.491498059647569
43.62030930661056 70.508507793552383
44.25478131555359 70.524494489840720
44.89848193237519 70.540008842795871
45.55154539026795 70.551991658537020
46.21410787489121 70.561500963168669
46.88630755277036 70.567502254785694
47.56828460010916 70.572501850723256
48.260181232021196 70.577000516330543
48.962141732186545 70.578999303282785
49.674312482939705 70.575497622882210
50.39684199579528 70.570001201968353
51.129880942417586 70.562501218188089
51.873582186040764 70.549507300512715
52.628100813345895 70.536498749703924
53.393594166801776 70.527005033179350
54.17022187747612 70.516995213303176
54.95814589832399 70.499996352541899
55.75753053796041 70.480011736550992
56.56854249492426 70.459511564554930
57.39135089244048 70.436488863892606
58.226127313687975 70.409995716127384
59.073045837580466 70.381498319110847
59.932283075067765 70.349988962669372
60.804018205965114 70.315999289473083
61.68843301631817 70.281482158570412
62.58571193631152 70.244511868993840
63.49604207872855 70.206498201179897
64.41961327797075 70.167016531948221
65.35661812964459 70.125516913148090
66.3072520307241 70.080987333170853
67.27171322029778 70.032514413280367
68.25020282090806 69.983989787466868
69.2429248804921 69.934003782452564
70.25008641493265 69.876495180380459
71.27189745122783 69.819505719452067
72.30857107128878 69.763023369789948
73.36032345637442 69.702981811262930
74.42737393217246 69.642978765624548
75.50994501453623 69.581503122443237
76.60826245588666 69.515484464494605
77.72255529228926 69.449526323505751
78.85305589121582 69.381996491571471
80.00000000000082 69.309999999999945
81.16362679500274 69.235523886402319
82.34417893148023 69.160487976640937
83.541902594194 69.080006545214843
84.75704754874454 69.000996857078121
85.98986719365665 68.919508778359273
87.24061861322157 68.838024846540719
88.50956263110764 68.756028261819679
89.79696386475084 68.666502512901943
91.10309078053635 68.582493936545305
92.42821574978288 68.493985322598405
93.77261510554118 68.402526184269874
95.13656920021877 68.312528425205500
96.52036246404286 68.221474828885903
97.92428346437356 68.123981002913908
99.34862496587989 68.028525133865600
100.79368399159105 67.931021322366703
102.25976188483567 67.831016242507786
103.74716437208203 67.728988453650970
105.25620162669229 67.622985776823796
106.78718833360406 67.514986357031262
108.34044375495276 67.402466915477817
109.9162917966485 67.284979196486603
111.51506107592134 67.170995745019042
113.13708498984903 67.057993881350484
114.78270178488147 66.939521469314428
116.45225462737648 66.817481361396290
118.14609167516147 66.693493413680955
119.86456615013608 66.570031169551015
121.60803641193078 66.435497406498996
123.3768660326369 66.309509542050733
125.17142387262359 66.193473115163073
126.99208415745765 66.077994851222130
128.83922655594208 65.964987306097157
130.71323625928977 65.859987392051579
132.61450406144883 65.758526465700811
134.5434264405962 65.675483112342249
136.50040564181674 65.597985498202917
138.48584976098482 65.527005371082623
140.50017282986593 65.458492643738595
142.5437949024563 65.371508729689964
144.61714214257822 65.288494021094024
146.7206469127495 65.200014851816377
148.8547478643456 65.105011224408230
151.01989002907314 65.005005079488541
153.216524911774 64.905521516285148
155.4451105845792 64.814995695956227
157.70611178243232 64.726995687556553
160.00000000000236 64.638499999999908
162.3272535900062 64.551490440698615
164.6883578629612 64.462487229848421
167.08380518838874 64.377006951749905
169.51409509748981 64.293996953486740
171.97973438731407 64.215008509084427
174.4812372264439 64.139493176701961
177.01912526221608 64.066496521845266
179.5939277295025 63.995002006734197
182.20618156107355 63.923995443844760
184.85643149956664 63.857489007913600
187.54523021108326 63.788994556959359
190.27313840043846 63.724496974990416
193.04072492808663 63.664006012229322
195.84856692874806 63.605509022317747
198.69724993176072 63.551995762402669
201.58736798318304 63.502994416893401
204.5195237696723 63.458507225451612
207.49432874416505 63.417496514309711
210.5124032533856 63.385496180813789
213.57437666720915 63.356496969204947
216.68088750990657 63.331500905134320
219.83258359329807 63.311002708228870
223.03012215184378 63.294499529316262
226.2741699796992 63.281999612626024
229.5654035697641 63.274499516682916
232.90450925475412 63.270500587718857
236.2921833503241 63.267000026673017
239.72913230027333 63.267500132793501
243.21607282386276 63.271000041166680
246.75373206527502 63.272999848538873
250.34284774524843 63.284499512139973
253.9841683149166 63.300500956852531
257.67845311188546 63.321503445487920
261.42647251858085 63.350003851716011
265.22900812289896 63.381000084218755
269.08685288119375 63.420998474662454
273.0008112836349 63.462497999047230
276.97169952197106 63.502996935441914
281.00034565973334 63.547503678130724
285.0875898049141 63.590995635155025
289.23428428515797 63.634503074631496
293.44129382550057 63.680002477797615
297.7094957286928 63.715995747536411
302.0397800581479 63.754498044396925
306.4330498235497 63.794000307414763
310.89022116916016 63.821501124920538
315.41222356486645 63.844500974563502
320.00000000000654 63.864500000000007
324.6545071800142 63.870499364786269
329.3767157259242 63.870999969898975
334.16761037677935 63.872499878014018
339.02819019498156 63.857499382859515
343.95946877463007 63.841496907942677
348.9624744528898 63.808496962230322
354.03825052443415 63.775997956888105
359.187855459007 63.734001178780915
364.4123631221491 63.681995718706972
369.71286299913527 63.619501615271467
375.0904604221685 63.557494008435860
380.54627680087896 63.486493323772834
386.08144985617537 63.352988865739249
391.6971338574982 63.213997157466252
397.3944998635236 63.093010620658760
403.1747359663683 62.938007080486670
409.0390475393468 62.780998689671790
414.9886574883323 62.617009440657732
421.0248065067734 62.447505433582158
427.1487533344206 62.283006625814465
433.3617750198154 62.121505848108775
439.6651671865984 61.955995699422132
446.06024430368984 61.791493824629299
452.54833995940066 61.627491504888127
459.13080713953053 61.463004819314477
465.8090185095106 61.286499549214874
472.58436670065066 61.121491971421605
479.45826460054917 60.970993853557644
486.432145647728 60.808996984114188
493.50746413055253 60.662491821630461
500.6856954904994 60.536005365712747
507.9683366298358 60.423995785862793
515.3569062237735 60.331501173947892
522.8529450371643 60.263500498595633
530.4580162458005 60.222999977892577
538.1737057623901 60.212500400401098
546.0016225672724 60.222999493734847
553.9433990439449 60.254502500833858
562.0006913194694 60.304998065479424
570.1751796098309 60.367501559188312
578.4685685703187 60.439496254770063
586.8825876510039 60.524495834363599
595.4189914573883 60.636999887412863
604.0795601162986 60.726495454382722
612.8660996471021 60.809001212891019
621.780442338323 60.917506382701362
630.8244471297356 61.048006821944533
640.0000000000159 61.188000000000279
649.3090143600314 61.353500279020096
658.7534314518515 61.537008330055578
668.3352207535618 61.722004632622841
678.0563803899662 61.926007694190233
687.9189375492632 62.125498736801987
697.9249489057827 62.315999027238817
708.0765010488715 62.503508610257306
718.3757109180171 62.680495032280490
728.8247262443015 62.846495650928702
739.425725998274 63.005495890361807
750.1809208443404 63.149498940175270
761.0925536017613 63.283994497748978
772.1628997123541 63.409498863044305
783.3942677149998 63.529502443383933
794.7889997270506 63.633499997508835
806.34947193274 63.727003741985236
818.0780950786972 63.820000627252519
829.9773149766683 63.898501943656242
842.0496130135506 63.972997611986216
854.2975066688449 64.042502711312324
866.7235500396347 64.108997592149009
879.3303343732008 64.175501673173173
892.1204886073838 64.239502428540973
905.0966799188055 64.303998409090156
918.2616142790653 64.369998066268010
931.6180370190256 64.437000202155417
945.1687334013056 64.510998544144087
958.9165292011028 64.612496524142557
972.8642912954606 64.653501111579033
987.0149282611097 64.707499726245487
1001.3713909810035 64.782501932626133
1015.9366732596762 64.854498384916695
1030.7138124475518 64.927999067124247
1045.7058900743334 65.005499431747666
1060.916032491606 65.080500155814832
1076.3474115247852 65.154502102834869
1092.0032451345498 65.234501234623764
1107.8867980878947 65.314498983066699
1124.0013826389438 65.394501989376124
1140.350359219667 65.479501894961174
1156.9371371406426 65.567000737534357
1173.765175302013 65.657500985708026
1190.837982914782 65.753499903931299
1208.1591202326028 65.856500749187390
1225.73219929421 65.966001257535396
1243.5608846766518 66.078499272316094
1261.648894259477 66.197999301415706
1280.0000000000375 66.330000000000297
1298.6180287200684 66.471000222748160
1317.5068629037087 66.617498936703555
1336.6704415071292 66.773503735427795
1356.112760779938 66.937997976047924
1375.8378750985323 67.111498901373665
1395.8498978115715 67.286499106387424
1416.153002097749 67.467000018738986
1436.7514218360407 67.651003885703787
1457.6494524886093 67.843504012256318
1478.8514519965543 68.031503719185082
1500.3618416886875 68.208498697359374
1522.1851072035295 68.377500968371180
1544.3257994247153 68.577498188200309
1566.788535430007 68.768496049821096
1589.5779994541087 68.945999995748139
1612.6989438654878 69.115999587264099
1636.156190157402 69.286001318373522
1659.9546299533442 69.450997434442698
1684.099226027109 69.618501453268692
1708.5950133376978 69.776000078892707
1733.4471000792773 69.923000591410016
1758.6606687464096 70.071998042484935
1784.2409772147755 70.214499873069016
1810.193359837619 70.354501947469075
1836.5232285581387 70.497001056673909
1863.2360740380593 70.620500341478760
1890.3374668026197 70.745497540783987
1917.833058402214 70.870500249134764
1945.7285825909298 70.989498219397788
1974.0298565222283 71.108999394170041
2002.7427819620161 71.231999065974577
2031.8733465193618 71.342501324875258
2061.4276248951132 71.455498565831419
2091.411780148677 71.569499164119165
2121.832064983222 71.682500236873040
2152.694823049581 71.794999354990694
2184.0064902691106 71.914998046509112
2215.7735961758003 72.032998499976216
2248.002765277899 72.132999271705302
2280.7007184393456 72.243499048490662
2313.874274281297 72.351500843478547
2347.530350604038 72.455001001109750
2381.6759658295764 72.552499902430270
2416.318240465218 72.646500673926596
2451.4643985884327 72.745000944548849
2487.1217693533167 72.829499453428554
2523.2977885189675 72.931499403718902
2560.0000000000887 73.042000000000272
2597.236057440151 73.155500164210295
2635.0137258074315 73.263499216136438
2673.340883014273 73.371499670350971
2712.225521559891 73.476998701930512
2751.6757501970797 73.585999309796748
2791.699795623158 73.680499517449249
2832.3060041955137 73.776000009471147
2873.502843672097 73.868999647098207
2915.2989049772345 73.956999799932930
2957.7029039931244 74.037499817739985
3000.723683377391 74.107499484819442
3044.370214407075 74.168500234830020
3088.6515988494466 74.216999560638584
3133.57707086003 74.261500027206608
3179.1559989082334 74.278999999580805
3225.3978877309914 74.276500006069654
3272.3123803148205 74.264499772276139
3319.9092599067053 74.235999752413420
3368.198452054235 74.189999367943443
3417.190026675413 74.121499953308373
3466.8942001585724 74.034499607041894
3517.3213374928373 73.935499234784913
3568.4819544295697 73.819500103324202
3620.386719675257 73.690500696693803
3673.0464571162966 73.558998660975917
3726.472148076138 73.402499576558455
3780.6749336052594 73.247500189863743
3835.6661168044484 73.093999674444063
3891.45716518188 72.938499546211645
3948.059713044477 72.783000788325424
4005.4855639240527 72.641001078305720
4063.746693038744 72.500500740256030
4122.855249790247 72.376999533483840
4182.823560297375 72.265000821202520
4243.664129966465 72.175999865245544
4305.389646099183 72.112000366938616
4368.012980538242 72.079000010255626
4431.5471923516225 72.072500041777943
4496.00553055582 72.086500421874462
4561.401436878714 72.138500500433807
4627.748548562617 72.214499482889593
4695.060701208099 72.325499507281009
4763.351931659176 72.478499846888369
4832.63648093046 72.674498531606702
4902.928797176889 72.880499405600062
4974.243538706657 73.070498771005603
5046.595577037959 73.279998775285435
5120.000000000202 73.496500000000552
5194.472114880326 73.699000291933316
5270.027451614888 73.891000922023750
5346.6817660285715 74.047499522320408
5424.451043119808 74.164000044266928
5503.351500394186 74.244999487103200
5583.399591246343 74.206498962572454
5664.612008391055 74.063999974794456
5747.005687344222 73.816500939174034
5830.597809954497 73.479000767302580
5915.405807986278 73.084000894319175
6001.447366754812 72.670498283718729
6088.740428814181 72.261998140706112
6177.303197698925 71.877999259599903
6267.154141720092 71.541499567025980
6358.3119978165005 71.263000006670893
6450.795775462017 71.052500511064025
6544.624760629676 70.913000355883156
6639.818519813445 70.842999973088695
6736.396904108505 70.838000004964414
6834.380053350861 70.901000066548363
6933.788400317181 71.024999251972460
7034.642674985712 71.202999426373339
7136.963908859177 71.423499803593089
7240.773439350552 71.667001017864933
7346.092914232631 71.910999801298544
7452.944296152315 72.072000192597628
7561.349867210557 72.142499913642638
7671.332233608935 72.067499482883534
7782.914330363799 71.820501482305929
7896.119426088994 71.410002081095968
8010.971127848146 70.870499313700279
8127.49338607753 70.244997779249189
8245.710499580537 69.565002878455346
8365.647120594791 68.863999314177278
8487.328259932974 68.171998614544265
8610.77929219841 67.513998572217886
8736.025961076528 66.902000190193490
8863.094384703289 66.342502709224988
8992.011061111683 65.824999784367222
9122.802873757471 65.363500445447173
9255.497097125279 64.950499739915145
9390.121402416245 64.589999098428279
9526.7038633184 64.284000306220904
9665.272961860968 64.032000069359214
9805.857594353829 63.825499268673511
9948.487077413367 63.649999921358329
10093.19115407597 63.502999878258066
10240.000000000457 63.386999999999787
10388.944229760706 63.315999990116907
10540.05490322983 63.309500004162544
10693.363532057198 63.390500590076229
10848.902086239672 63.563000155481816
11006.703000788428 63.847500001787679
11166.799182492743 64.210500549416352
11329.224016782166 64.699500064668996
11494.0113746885 65.334497590402194
11661.195619909053 66.151503802775494
11830.811615972614 67.191997644219072
12002.894733509682 68.487997992994934
12177.48085762842 69.994006841620973
12354.606395397908 71.407001624910848
12534.308283440243 72.145497055255731
12716.62399563306 71.763500009149936
12901.591550924093 70.369503384433074
13089.249521259411 68.462504865011368
13279.637039626952 66.535499651443175
13472.793808217073 64.836501686913721
13668.760106701786 63.430999386034173
13867.576800634426 62.287001147156509
14069.285349971487 61.381498842224282
14273.927817718419 60.704500603023952
14481.54687870117 60.253000263783285
14692.18582846533 60.019000190558785
14905.888592304698 59.996000043878610
15122.699734421185 60.216499729902409
15342.664467217943 60.726001817243628
15565.828660727671 61.593998680400688
15792.238852178061 62.918999134914230
16021.942255696367 64.748502060545562
16254.986772155136 66.626504399046553
16491.42099916115 67.973494298119022
16731.294241189662 68.177999353088040
16974.65651986603 66.785494871938710
17221.558584396902 64.350004099591118
17472.051922153143 61.936010387164217
17726.188769406665 60.143501626446280
17984.022122223458 59.039998268941659
18245.605747515034 58.636500839369674
18510.99419425065 58.934500350627729
18780.242804832582 59.420498000926514
19053.40772663689 58.742000678989584
19330.545923722028 56.240009716595225
19611.71518870775 52.794497816954461
19896.974154826825 49.494509777296059
20186.382308152035 49.494500000000002
