20 61.604500000000002
20.290906698750476 61.660981884808947
20.586044732869844 61.711006956784104
20.885475648548283 61.757573537768977
21.189261887185914 61.804543364436633
21.49746679841394 61.855579788227303
21.810154653305165 61.909025856861746
22.12739065777668 61.962057628088175
22.449240966187475 62.009529107536409
22.77577269513385 62.048972542684361
23.107053937445478 62.083005538219851
23.44315377638505 62.117518714721349
23.784142300054445 62.159022003043098
24.130090616010463 62.212516393494766
24.481070866093134 62.276013237626941
24.837156241469714 62.342527050115947
25.1984209978975 62.405061371628108
25.56494047120865 62.458491322097174
25.936791093020236 62.502975009783341
26.3140504066728 62.543005132794363
26.69679708340074 62.581979337474223
27.08511093873791 62.623012248312435
27.47907294916184 62.666508024407804
27.878765268980047 62.710474179587806
28.284271247461966 62.755028638991732
28.695675446220072 62.798465732792657
29.11306365684382 62.842506605898883
29.536522918790062 62.886450491572560
29.966141537533712 62.928513147408523
30.402009102982383 62.969000792906840
30.844216508158908 63.007517841429575
31.29285596815558 63.044488131006133
31.74802103936409 63.079501571121341
32.20980663898519 63.113985560703441
32.67830906482211 63.148022400706651
33.153626015361866 63.182472893970555
33.63585661014871 63.216989736618530
34.125101410453844 63.250506235925087
34.62146244024586 63.281027526205108
35.12504320746613 63.311002578919215
35.635948725613716 63.341496939591430
36.15428553564419 63.374016285302901
36.68016172818701 63.404008025837001
37.21368696608603 63.430484465545462
37.754972507267915 63.455998704131844
38.30413122794313 63.482006596736809
38.86127764614443 63.510013489874510
39.4265279456077 63.537477064495071
40.000000000000206 63.562000000000012
40.58181339750116 63.585492465363025
41.1720894657399 63.608003360566187
41.77095129709678 63.630498170592119
42.37852377437204 63.649984726316205
42.9949335968281 63.668997951850216
43.62030930661056 63.687007793552397
44.25478131555359 63.702994489840719
44.89848193237519 63.717008842795877
45.55154539026795 63.728991658537026
46.21410787489121 63.742001846073293
46.88630755277036 63.753504735049987
47.56828460010916 63.764005963441591
48.260181232021196 63.778504905140174
48.962141732186545 63.797503184992955
49.674312482939705 63.813505618642068
50.39684199579528 63.826497158983877
51.129880942417586 63.840997644836371
51.873582186040764 63.850994384220982
52.628100813345895 63.855000987075840
53.393594166801776 63.862496026437356
54.17022187747612 63.861495635658784
54.95814589832399 63.846000455932256
55.75753053796041 63.848498532931117
56.56854249492426 63.862492102255160
57.39135089244048 63.848993066197281
58.226127313687975 63.832501127334893
59.073045837580466 63.840000400211700
59.932283075067765 63.847502272391601
60.804018205965114 63.854500175057353
61.68843301631817 63.863000482200803
62.58571193631152 63.863999679216377
63.49604207872855 63.864500045539756
64.41961327797075 63.865499581469663
65.35661812964459 63.859002649047284
66.3072520307241 63.849498171797855
67.27171322029778 63.842502080267266
68.25020282090806 63.831997140490721
69.2429248804921 63.818001059086711
70.25008641493265 63.804498773956439
71.27189745122783 63.790001454948339
72.30857107128878 63.777505170307521
73.36032345637442 63.768998181126292
74.42737393217246 63.763001208460388
75.50994501453623 63.766499822299977
76.60826245588666 63.774502706944119
77.72255529228926 63.785995413328550
78.85305589121582 63.793500024364093
80.00000000000082 63.794000000000004
81.16362679500274 63.792000641245700
82.34417893148023 63.782997684943282
83.541902594194 63.767501260258761
84.75704754874454 63.744498573152029
85.98986719365665 63.707503985267394
87.24061861322157 63.665512804352275
88.50956263110764 63.627513096940831
89.79696386475084 63.579501347701594
91.10309078053635 63.527496094724100
92.42821574978288 63.470490856700650
93.77261510554118 63.413516311512382
95.13656920021877 63.357017844712345
96.52036246404286 63.290481283017726
97.92428346437356 63.217986274356655
99.34862496587989 63.149018159546870
100.79368399159105 63.076515855093177
102.25976188483567 63.007511207330381
103.74716437208203 62.937491830413414
105.25620162669229 62.862489135073737
106.78718833360406 62.779992299302094
108.34044375495276 62.716481557138707
109.9162917966485 62.650989142025900
111.51506107592134 62.591498023128317
113.13708498984903 62.538995404558591
114.78270178488147 62.450016124632775
116.45225462737648 62.383992334122667
118.14609167516147 62.332996720173107
119.86456615013608 62.271515521679248
121.60803641193078 62.315000638083575
123.3768660326369 62.345997652352594
125.17142387262359 62.374007099459099
126.99208415745765 62.404500956852523
128.83922655594208 62.425499637317060
130.71323625928977 62.422499627351286
132.61450406144883 62.419500782237463
134.5434264405962 62.423501089526312
136.50040564181674 62.428504902015909
138.48584976098482 62.452498184422780
140.50017282986593 62.497005961108385
142.5437949024563 62.567492925940890
144.61714214257822 62.673006890942489
146.7206469127495 62.774982882652310
148.8547478643456 62.867989011895105
151.01989002907314 62.945996037998938
153.216524911774 63.007486700989574
155.4451105845792 63.063002054202705
157.70611178243232 63.105001583665668
160.00000000000236 63.137500000000031
162.3272535900062 63.165500483335464
164.6883578629612 63.169997983660281
167.08380518838874 63.156501097644721
169.51409509748981 63.133498129672248
171.97973438731407 63.085005223931574
174.4812372264439 63.030493971195575
177.01912526221608 62.965996132681099
179.5939277295025 62.886502231263904
182.20618156107355 62.807494073572506
184.85643149956664 62.720985638076897
187.54523021108326 62.631492067506656
190.27313840043846 62.537495324985187
193.04072492808663 62.444009291627133
195.84856692874806 62.346015114310077
198.69724993176072 62.246491438323766
201.58736798318304 62.147488520129130
204.5195237696723 62.056014856827474
207.49432874416505 61.963990577743445
210.5124032533856 61.877489003377633
213.57437666720915 61.793990786383034
216.68088750990657 61.718002751608338
219.83258359329807 61.638510502643655
223.03012215184378 61.564498474984688
226.2741699796992 61.523998631278630
229.5654035697641 61.497497764658490
232.90450925475412 61.479002718199709
236.2921833503241 61.461999333174560
239.72913230027333 61.449499298091467
243.21607282386276 61.430999392791421
246.75373206527502 61.401502234051549
250.34284774524843 61.356001930228807
253.9841683149166 61.301497038313592
257.67845311188546 61.236490751585052
261.42647251858085 61.159989687340996
265.22900812289896 61.076999815771472
269.08685288119375 60.989503336675881
273.0008112836349 60.899004363523517
276.97169952197106 60.807506923631237
281.00034565973334 60.711991713636536
285.0875898049141 60.614009833443845
289.23428428515797 60.511493039845192
293.44129382550057 60.408492945159566
297.7094957286928 60.306012107708831
302.0397800581479 60.202005282668040
306.4330498235497 60.095998803877087
310.89022116916016 59.988994742219212
315.41222356486645 59.881494980997985
320.00000000000654 59.778499999999852
324.6545071800142 59.675010957436847
329.3767157259242 59.575006020204910
334.16761037677935 59.474508173060670
339.02819019498156 59.374996027158161
343.95946877463007 59.271990021087731
348.9624744528898 59.165489484643395
354.03825052443415 59.052994332796786
359.187855459007 58.936503269713725
364.4123631221491 58.820492670426347
369.71286299913527 58.713502765344757
375.0904604221685 58.614992658224217
380.54627680087896 58.527996899430079
386.08144985617537 58.465997316563062
391.6971338574982 58.432499835555902
397.3944998635236 58.425500614418276
403.1747359663683 58.451998789465179
409.0390475393468 58.509500619209987
414.9886574883323 58.586995538713573
421.0248065067734 58.679497034770790
427.1487533344206 58.770496334655824
433.3617750198154 58.854996940153612
439.6651671865984 58.925501450954840
446.06024430368984 58.981001713288819
452.54833995940066 59.026502065680702
459.13080713953053 59.066498828130221
465.8090185095106 59.098500076496876
472.58436670065066 59.126501280304865
479.45826460054917 59.150500815731547
486.432145647728 59.172000339673147
493.50746413055253 59.188501228371706
500.6856954904994 59.207499194082672
507.9683366298358 59.214500227791198
515.3569062237735 59.219499936543357
522.8529450371643 59.225999952340132
530.4580162458005 59.230000017896486
538.1737057623901 59.238499675865768
546.0016225672724 59.252499324979794
553.9433990439449 59.271500916147055
562.0006913194694 59.289999291314246
570.1751796098309 59.313000584695615
578.4685685703187 59.339998595538773
586.8825876510039 59.366498701301595
595.4189914573883 59.392999973479476
604.0795601162986 59.415998831852541
612.8660996471021 59.435500173270142
621.780442338323 59.451000489095890
630.8244471297356 59.461000389825401
640.0000000000159 59.469000000000023
649.3090143600314 59.479000024328727
658.7534314518515 59.495000878032883
668.3352207535618 59.514500579077847
678.0563803899662 59.540001079886352
687.9189375492632 59.567999822709048
697.9249489057827 59.598499844256082
708.0765010488715 59.630001702593248
718.3757109180171 59.664999017682590
728.8247262443015 59.703498991329852
739.425725998274 59.746498888588420
750.1809208443404 59.793999650405041
761.0925536017613 59.843997954553529
772.1628997123541 59.895499533440486
783.3942677149998 59.951001362656427
794.7889997270506 60.008999998610697
806.34947193274 60.068002514775017
818.0780950786972 60.130500515385833
829.9773149766683 60.195001787120162
842.0496130135506 60.263497804309466
854.2975066688449 60.338003282114911
866.7235500396347 60.418497085233000
879.3303343732008 60.505502470544762
892.1204886073838 60.600003784005708
905.0966799188055 60.700497521140477
918.2616142790653 60.810996762463859
931.6180370190256 60.929500331917318
945.1687334013056 61.050997609641996
958.9165292011028 61.178995616652685
972.8642912954606 61.314002943625951
987.0149282611097 61.456999275057498
1001.3713909810035 61.604504039725455
1015.9366732596762 61.754996624027271
1030.7138124475518 61.911498013672727
1045.7058900743334 62.073498812169291
1060.916032491606 62.239500352689006
1076.3474115247852 62.407004429095956
1092.0032451345498 62.575502600426319
1107.8867980878947 62.743997858084256
1124.0013826389438 62.909003697899145
1140.350359219667 63.067003118564664
1156.9371371406426 63.211000965721780
1173.765175302013 63.329500898431803
1190.837982914782 63.416999912437383
1208.1591202326028 63.460499948685793
1225.73219929421 63.452999429917284
1243.5608846766518 63.402000329883379
1261.648894259477 63.325500447210857
1280.0000000000375 63.258999999999958
1298.6180287200684 63.237000058537916
1317.5068629037087 63.275499720567140
1336.6704415071292 63.376003519704007
1356.112760779938 63.530998092932691
1375.8378750985323 63.724998771564785
1395.8498978115715 63.941498894473582
1416.153002097749 64.172000024594936
1436.7514218360407 64.413504995904873
1457.6494524886093 64.661005314105452
1478.8514519965543 64.910005211061574
1500.3618416886875 65.157998174831221
1522.1851072035295 65.402001137836123
1544.3257994247153 65.636997871135350
1566.788535430007 65.859995388011015
1589.5779994541087 66.062499995149281
1612.6989438654878 66.241999564199432
1636.156190157402 66.389000818989615
1659.9546299533442 66.491498406244716
1684.099226027109 66.543999884661218
1708.5950133376978 66.531499958406897
1733.4471000792773 66.453999474081684
1758.6606687464096 66.321501740743258
1784.2409772147755 66.157000146527338
1810.193359837619 65.981997827034519
1836.5232285581387 65.822999024608691
1863.2360740380593 65.708999892092720
1890.3374668026197 65.669500777112262
1917.833058402214 65.720500306707919
1945.7285825909298 65.866997807914089
1974.0298565222283 66.106498785805229
2002.7427819620161 66.426997566218304
2031.8733465193618 66.811005023973834
2061.4276248951132 67.239494561582006
2091.411780148677 67.698496634479810
2121.832064983222 68.177501027502601
2152.694823049581 68.665497202092979
2184.0064902691106 69.155992015105994
2215.7735961758003 69.642993809223867
2248.002765277899 70.120996518751298
2280.7007184393456 70.585496000216409
2313.874274281297 71.032003475783611
2347.530350604038 71.458504158455895
2381.6759658295764 71.863499594710305
2416.318240465218 72.242502425451534
2451.4643985884327 72.597003688770627
2487.1217693533167 72.926997865460606
2523.2977885189675 73.222998269615601
2560.0000000000887 73.498500000000618
2597.236057440151 73.758000374794790
2635.0137258074315 74.004498210904018
2673.340883014273 74.230999308652713
2712.225521559891 74.436997465380927
2751.6757501970797 74.623498819055897
2791.699795623158 74.788999154897880
2832.3060041955137 74.934000012577272
2873.502843672097 75.057499531361600
2915.2989049772345 75.162999760146874
2957.7029039931244 75.255999789438746
3000.723683377391 75.338999389143055
3044.370214407075 75.416500372822924
3088.6515988494466 75.493499302457138
3133.57707086003 75.577500151579741
3179.1559989082334 75.674999997664543
3225.3978877309914 75.791499717154551
3272.3123803148205 75.932501362347978
3319.9092599067053 76.103001081845719
3368.198452054235 76.304002094552402
3417.190026675413 76.531000133097990
3466.8942001585724 76.779001022088011
3517.3213374928373 77.036501596397002
3568.4819544295697 77.278499784444321
3620.386719675257 77.475498936056738
3673.0464571162966 77.587999922995422
3726.472148076138 77.578999586120048
3780.6749336052594 77.427500185576505
3835.6661168044484 77.124499055783076
3891.45716518188 76.673498259262033
3948.059713044477 76.077003024026453
4005.4855639240527 75.342005581371183
4063.746693038744 74.490504486320333
4122.855249790247 73.547995838842439
4182.823560297375 72.549007324833212
4243.664129966465 71.527997861825725
4305.389646099183 70.512505822283643
4368.012980538242 69.519500308601081
4431.5471923516225 68.559997253100164
4496.00553055582 67.639492884924863
4561.401436878714 66.762494544613034
4627.748548562617 65.934005637183816
4695.060701208099 65.151503473446979
4763.351931659176 64.411500740539893
4832.63648093046 63.712005240515893
4902.928797176889 63.051001907273601
4974.243538706657 62.427504033042126
5046.595577037959 61.838503443230898
5120.000000000202 61.283999999998585
5194.472114880326 60.762999257242541
5270.027451614888 60.274497310518605
5346.6817660285715 59.818001393359296
5424.451043119808 59.394499786316459
5503.351500394186 59.003502475835205
5583.399591246343 58.642997557495136
5664.612008391055 58.307499968633095
5747.005687344222 57.999501168749902
5830.597809954497 57.720000635440208
5915.405807986278 57.473000559232489
6001.447366754812 57.260499260549565
6088.740428814181 57.084499360867724
6177.303197698925 56.952499848179471
6267.154141720092 56.883500023319968
6358.3119978165005 56.898499999640705
6450.795775462017 57.032499674667079
6544.624760629676 57.339499216801954
6639.818519813445 57.870503974800201
6736.396904108505 58.608999266757067
6834.380053350861 59.404500360917567
6933.788400317181 60.076995943157101
7034.642674985712 60.481498696449520
7136.963908859177 60.557999931858824
7240.773439350552 60.245996266438055
7346.092914232631 59.351000728843474
7452.944296152315 57.927003595155668
7561.349867210557 59.242998387995982
7671.332233608935 61.920003404175617
7782.914330363799 63.545990241986125
7896.119426088994 64.254496408144973
8010.971127848146 64.409500129469805
8127.49338607753 64.527501244273623
8245.710499580537 64.908498387218401
8365.647120594791 65.301000188303931
8487.328259932974 65.491000068430566
8610.77929219841 65.523499997667017
8736.025961076528 65.522500000310771
8863.094384703289 65.585499694939813
8992.011061111683 65.793000194606833
9122.802873757471 66.209499597987531
9255.497097125279 66.892000730474109
9390.121402416245 67.904504070331171
9526.7038633184 69.285998617502685
9665.272961860968 70.884499560036943
9805.857594353829 72.066499462443772
9948.487077413367 71.937499216793100
10093.19115407597 70.473498108801934
10240.000000000457 68.671499999996087
10388.944229760706 67.395499248884676
10540.05490322983 66.901500316353307
10693.363532057198 67.029000490875006
10848.902086239672 67.172499867198297
11006.703000788428 66.929499998387158
11166.799182492743 66.601999929216305
11329.224016782166 66.539000002342334
11494.0113746885 66.561999912723223
11661.195619909053 66.177496400063575
11830.811615972614 65.192502230124191
12002.894733509682 64.094501700379283
12177.48085762842 63.304498951726153
12354.606395397908 63.088002136477243
12534.308283440243 64.058996128169682
12716.62399563306 66.717999936309724
12901.591550924093 69.482993286974590
13089.249521259411 71.104995862061656
13279.637039626952 72.163000148326432
13472.793808217073 72.885999282143260
13668.760106701786 72.887499461169853
13867.576800634426 71.883501006770217
14069.285349971487 70.157496992690398
14273.927817718419 68.399001566348034
14481.54687870117 67.121500746363552
14692.18582846533 66.411000578598376
14905.888592304698 65.739501281064818
15122.699734421185 64.460001567300992
15342.664467217943 65.150002310286112
15565.828660727671 66.253498322375762
15792.238852178061 66.125000083896992
16021.942255696367 65.643499225923904
16254.986772155136 64.937994415464303
16491.42099916115 63.228007238468052
16731.294241189662 60.495508643945939
16974.65651986603 57.713995303575992
17221.558584396902 55.483503754521863
17472.051922153143 53.656007863522206
17726.188769406665 51.801501682702721
17984.022122223458 50.495498120932950
18245.605747515034 50.057500102808703
18510.99419425065 50.094000285335945
18780.242804832582 50.489500822021370
19053.40772663689 50.768499720798687
19330.545923722028 49.287505751509798
19611.71518870775 46.389497895676399
19896.974154826825 43.208509424720837
20186.382308152035 43.208500000000001
