20 104.430000000000007
20.290906698750476 104.397030464243159
20.586044732869844 104.364058332968426
20.885475648548283 104.332525056902426
21.189261887185914 104.303520212316627
21.49746679841394 104.276215301423065
21.810154653305165 104.249585995772563
22.12739065777668 104.219920172544562
22.449240966187475 104.187583511774335
22.77577269513385 104.151286226013696
23.107053937445478 104.112831908508639
23.44315377638505 104.073775846090200
23.784142300054445 104.036204702744143
24.130090616010463 103.999340439787034
24.481070866093134 103.961582194318794
24.837156241469714 103.921498501823535
25.1984209978975 103.877697375262812
25.56494047120865 103.831882389554892
25.936791093020236 103.786939977219063
26.3140504066728 103.745214855359990
26.69679708340074 103.707058280722677
27.08511093873791 103.668988967829648
27.47907294916184 103.625755486421554
27.878765268980047 103.576805884791270
28.284271247461966 103.523976195335024
28.695675446220072 103.471823271007366
29.11306365684382 103.423015252374555
29.536522918790062 103.378128570608254
29.966141537533712 103.332588997021418
30.402009102982383 103.282245514470517
30.844216508158908 103.225391397397445
31.29285596815558 103.165705514259187
31.74802103936409 103.105509243843301
32.20980663898519 103.045434943570910
32.67830906482211 102.985354748767591
33.153626015361866 102.926064878156581
33.63585661014871 102.869148203053200
34.125101410453844 102.813488236387357
34.62146244024586 102.754331345208286
35.12504320746613 102.687868907747273
35.635948725613716 102.616918819493378
36.15428553564419 102.551220020007847
36.68016172818701 102.495024312365857
37.21368696608603 102.443272364289655
37.754972507267915 102.387817310186179
38.30413122794313 102.327212633102704
38.86127764614443 102.258727625555039
39.4265279456077 102.182418739741394
40.000000000000206 102.090499999999963
40.58181339750116 101.994985315527941
41.1720894657399 101.920012183833478
41.77095129709678 101.865590095475852
42.37852377437204 101.809279919122702
42.9949335968281 101.741907338717283
43.62030930661056 101.675367585967962
44.25478131555359 101.617069842928970
44.89848193237519 101.551659432632050
45.55154539026795 101.472645924753976
46.21410787489121 101.397730377027699
46.88630755277036 101.336492454809132
47.56828460010916 101.267854634337510
48.260181232021196 101.185158011693403
48.962141732186545 101.100417643301256
49.674312482939705 101.016497003647032
50.39684199579528 100.932863113437435
51.129880942417586 100.850448667794836
51.873582186040764 100.767304954016836
52.628100813345895 100.681303585361391
53.393594166801776 100.599886530782243
54.17022187747612 100.523006654210704
54.95814589832399 100.441085762986830
55.75753053796041 100.354368586957548
56.56854249492426 100.270861479260105
57.39135089244048 100.190713016110607
58.226127313687975 100.112922414454403
59.073045837580466 100.034939755810427
59.932283075067765 99.946008701730491
60.804018205965114 99.852121046836075
61.68843301631817 99.770079432035942
62.58571193631152 99.688616345610654
63.49604207872855 99.600139855245232
64.41961327797075 99.509377898758856
65.35661812964459 99.414698478257662
66.3072520307241 99.318386439188743
67.27171322029778 99.232176089494985
68.25020282090806 99.147230732013725
69.2429248804921 99.052922136353260
70.25008641493265 98.958242136241125
71.27189745122783 98.865937075566336
72.30857107128878 98.775734315547396
73.36032345637442 98.689534446946425
74.42737393217246 98.603955337561871
75.50994501453623 98.514716953503751
76.60826245588666 98.422797516332281
77.72255529228926 98.326713275941458
78.85305589121582 98.223769438706853
80.00000000000082 98.121499999999926
81.16362679500274 98.010955178112681
82.34417893148023 97.898362898390587
83.541902594194 97.791331906286132
84.75704754874454 97.697917788074562
85.98986719365665 97.605347329180063
87.24061861322157 97.507050939373357
88.50956263110764 97.407776427579520
89.79696386475084 97.310363067567181
91.10309078053635 97.208591006168831
92.42821574978288 97.098018819397851
93.77261510554118 96.975017573719327
95.13656920021877 96.850915860522690
96.52036246404286 96.748292378901027
97.92428346437356 96.656963411603044
99.34862496587989 96.555767621921206
100.79368399159105 96.453235804580217
102.25976188483567 96.351823175984720
103.74716437208203 96.247931724633190
105.25620162669229 96.142601076649584
106.78718833360406 96.035634420536525
108.34044375495276 95.928629972581533
109.9162917966485 95.823868275680297
111.51506107592134 95.717560138387938
113.13708498984903 95.606983465446262
114.78270178488147 95.493120371936271
116.45225462737648 95.382613145537974
118.14609167516147 95.277290681896659
119.86456615013608 95.174843086313501
121.60803641193078 95.065477596827947
123.3768660326369 94.954437529340936
125.17142387262359 94.848743110878331
126.99208415745765 94.752723848232080
128.83922655594208 94.675425413161889
130.71323625928977 94.613850808623340
132.61450406144883 94.558793886279432
134.5434264405962 94.501659357629876
136.50040564181674 94.443617799857748
138.48584976098482 94.421251185408607
140.50017282986593 94.438418020500620
142.5437949024563 94.454426393402571
144.61714214257822 94.424040015005858
146.7206469127495 94.387437261248351
148.8547478643456 94.377480445301558
151.01989002907314 94.374084637831373
153.216524911774 94.357761530952843
155.4451105845792 94.331556274880569
157.70611178243232 94.294635761934586
160.00000000000236 94.240499999999926
162.3272535900062 94.168355138709813
164.6883578629612 94.093847891530430
167.08380518838874 94.023986410574409
169.51409509748981 93.968495545894228
171.97973438731407 93.926324249802974
174.4812372264439 93.896206390509121
177.01912526221608 93.871520222535167
179.5939277295025 93.854855219168883
182.20618156107355 93.849852582126715
184.85643149956664 93.853741576699221
187.54523021108326 93.863735197097640
190.27313840043846 93.877210159841141
193.04072492808663 93.882026695129440
195.84856692874806 93.874936018899263
198.69724993176072 93.857703650586856
201.58736798318304 93.826922461540732
204.5195237696723 93.788986429109428
207.49432874416505 93.745339794884046
210.5124032533856 93.695789144692441
213.57437666720915 93.642161219990228
216.68088750990657 93.583898248250506
219.83258359329807 93.523722765829007
223.03012215184378 93.467094097073755
226.2741699796992 93.415129393644605
229.5654035697641 93.365091379191909
232.90450925475412 93.316384615806072
236.2921833503241 93.270628570608210
239.72913230027333 93.225088997021373
243.21607282386276 93.182069180731546
246.75373206527502 93.142270514265647
250.34284774524843 93.103314386738575
253.9841683149166 93.064170190614647
257.67845311188546 93.024916435686208
261.42647251858085 92.986378656684536
265.22900812289896 92.948881674863188
269.08685288119375 92.913174897628664
273.0008112836349 92.875491887163662
276.97169952197106 92.835661542340034
281.00034565973334 92.795696785364484
285.0875898049141 92.757650378892336
289.23428428515797 92.717427442433973
293.44129382550057 92.673178156067138
297.7094957286928 92.628863143567344
302.0397800581479 92.583317391867638
306.4330498235497 92.535641960244874
310.89022116916016 92.488166400077674
315.41222356486645 92.441754097281887
320.00000000000654 92.394499999999937
324.6545071800142 92.347954928199854
329.3767157259242 92.302483529031122
334.16761037677935 92.257741223495941
339.02819019498156 92.213343469225663
343.95946877463007 92.171636409170560
348.9624744528898 92.134073936493905
354.03825052443415 92.097424596224073
359.187855459007 92.059509869603346
364.4123631221491 92.023495930769386
369.71286299913527 91.988395104205708
375.0904604221685 91.954989544760622
380.54627680087896 91.924203152337896
386.08144985617537 91.894776460747892
391.6971338574982 91.866807901578596
397.3944998635236 91.844753200327546
403.1747359663683 91.835589825364167
409.0390475393468 91.833506507923232
414.9886574883323 91.840724479348751
421.0248065067734 91.862191917318597
427.1487533344206 91.896720336118804
433.3617750198154 91.945649604348318
439.6651671865984 92.008887946306857
446.06024430368984 92.084111488922659
452.54833995940066 92.169912257443798
459.13080713953053 92.262216472911888
465.8090185095106 92.357278513760519
472.58436670065066 92.452681133809108
479.45826460054917 92.547323467050347
486.432145647728 92.642277180809117
493.50746413055253 92.737850765762460
500.6856954904994 92.831356913790472
507.9683366298358 92.920114102676123
515.3569062237735 93.010486821098866
522.8529450371643 93.104981667353485
530.4580162458005 93.202782455103232
538.1737057623901 93.300208544693248
546.0016225672724 93.399591826559998
553.9433990439449 93.499292488049321
562.0006913194694 93.599508468663515
570.1751796098309 93.699567119396008
578.4685685703187 93.797429109129766
586.8825876510039 93.891552593543594
595.4189914573883 93.981815612011104
604.0795601162986 94.067245876090297
612.8660996471021 94.147099739731473
621.780442338323 94.223149442565870
630.8244471297356 94.293188685195176
640.0000000000159 94.356500000000096
649.3090143600314 94.413284987596199
658.7534314518515 94.463455515122220
668.3352207535618 94.509175537541751
678.0563803899662 94.552850892735350
687.9189375492632 94.595155484584367
697.9249489057827 94.637284785404290
708.0765010488715 94.680325129457700
718.3757109180171 94.724096771401577
728.8247262443015 94.770270031787135
739.425725998274 94.816973194392403
750.1809208443404 94.864283990325475
761.0925536017613 94.911567732274307
772.1628997123541 94.959278644914761
783.3942677149998 95.006691353112871
794.7889997270506 95.054853248839962
806.34947193274 95.105043501036278
818.0780950786972 95.157818973629418
829.9773149766683 95.212855093352061
842.0496130135506 95.270748065067750
854.2975066688449 95.332882847233577
866.7235500396347 95.398616175214954
879.3303343732008 95.467749872489918
892.1204886073838 95.540561484302586
905.0966799188055 95.616367717849556
918.2616142790653 95.695069685674383
931.6180370190256 95.775971841770200
945.1687334013056 95.858908492083003
958.9165292011028 95.944228307506904
972.8642912954606 96.031610749275387
987.0149282611097 96.121710695820923
1001.3713909810035 96.213368328343819
1015.9366732596762 96.307619598629884
1030.7138124475518 96.404165274210783
1045.7058900743334 96.502088285483168
1060.916032491606 96.600923676779047
1076.3474115247852 96.700668347476125
1092.0032451345498 96.801208086322305
1107.8867980878947 96.901657716757342
1124.0013826389438 97.000730594869168
1140.350359219667 97.099406292049707
1156.9371371406426 97.196073214143212
1173.765175302013 97.291708464161076
1190.837982914782 97.383733101296059
1208.1591202326028 97.475604046910533
1225.73219929421 97.565160996471050
1243.5608846766518 97.654019880641414
1261.648894259477 97.741026395970181
1280.0000000000375 97.827500000000171
1298.6180287200684 97.911547101079165
1317.5068629037087 97.996530196776320
1336.6704415071292 98.080016420556007
1356.112760779938 98.162173595275732
1375.8378750985323 98.243435287903978
1395.8498978115715 98.324295838691569
1416.153002097749 98.403996708181225
1436.7514218360407 98.483317831885159
1457.6494524886093 98.561149985158082
1478.8514519965543 98.638634140067808
1500.3618416886875 98.714759209076632
1522.1851072035295 98.790704173068278
1544.3257994247153 98.865821202055542
1566.788535430007 98.940402166919029
1589.5779994541087 99.014732718231329
1612.6989438654878 99.088374683737641
1636.156190157402 99.161807313291092
1659.9546299533442 99.235660260256296
1684.099226027109 99.309843631642948
1708.5950133376978 99.384972641080111
1733.4471000792773 99.461348126242598
1758.6606687464096 99.538848073113869
1784.2409772147755 99.618331848910088
1810.193359837619 99.699914884283629
1836.5232285581387 99.784104795957205
1863.2360740380593 99.870914322844840
1890.3374668026197 99.961033888456797
1917.833058402214 100.054489059735573
1945.7285825909298 100.151550039068255
1974.0298565222283 100.253007483480019
2002.7427819620161 100.359422571455653
2031.8733465193618 100.470399718751480
2061.4276248951132 100.587329468321713
2091.411780148677 100.709976535962738
2121.832064983222 100.839015284301595
2152.694823049581 100.976737500739944
2184.0064902691106 101.121130991035002
2215.7735961758003 101.275973640974598
2248.002765277899 101.438247758866368
2280.7007184393456 101.611318915494437
2313.874274281297 101.795583363403395
2347.530350604038 101.991805586094017
2381.6759658295764 102.201474786434844
2416.318240465218 102.422884475047169
2451.4643985884327 102.660336045277830
2487.1217693533167 102.911276739343876
2523.2977885189675 103.179607080961716
2560.0000000000887 103.464250000000703
2597.236057440151 103.766059276753253
2635.0137258074315 104.084118041943910
2673.340883014273 104.420733858827035
2712.225521559891 104.771622671554340
2751.6757501970797 105.138668264342698
2791.699795623158 105.518440553310569
2832.3060041955137 105.908929880444759
2873.502843672097 106.304187185505242
2915.2989049772345 106.699626827238518
2957.7029039931244 107.089477438979770
3000.723683377391 107.465825651187998
3044.370214407075 107.814193912798771
3088.6515988494466 108.124701682492642
3133.57707086003 108.392495036187171
3179.1559989082334 108.602705835480094
3225.3978877309914 108.755796444732511
3272.3123803148205 108.846828608771489
3319.9092599067053 108.877309981410264
3368.198452054235 108.852343842055461
3417.190026675413 108.779948046382430
3466.8942001585724 108.670581905592456
3517.3213374928373 108.534055627646268
3568.4819544295697 108.378042565369668
3620.386719675257 108.210631559465156
3673.0464571162966 108.039520872656681
3726.472148076138 107.875701327617676
3780.6749336052594 107.737981399388161
3835.6661168044484 107.630857321002708
3891.45716518188 107.598582866072746
3948.059713044477 107.621223885217802
4005.4855639240527 107.744368109066471
4063.746693038744 107.922959077138330
4122.855249790247 108.091188030979069
4182.823560297375 108.159917591464733
4243.664129966465 108.050404566060365
4305.389646099183 107.741280652216886
4368.012980538242 107.235959144541567
4431.5471923516225 106.595235620433542
4496.00553055582 105.929376045992626
4561.401436878714 105.339002460299014
4627.748548562617 104.879808675278127
4695.060701208099 104.611840715397790
4763.351931659176 104.499141661536186
4832.63648093046 104.506999197646721
4902.928797176889 104.585453876188794
4974.243538706657 104.685438493947203
5046.595577037959 104.786486473714220
5120.000000000202 104.880000000000251
5194.472114880326 104.963966352478081
5270.027451614888 105.041527451614883
5346.6817660285715 105.116722960840178
5424.451043119808 105.192181013316386
5503.351500394186 105.270351500394185
5583.399591246343 105.353173323363364
5664.612008391055 105.440604029104293
5747.005687344222 105.529531113895047
5830.597809954497 105.615720908506546
5915.405807986278 105.693015152710188
6001.447366754812 105.754160361081887
6088.740428814181 105.792309970472317
6177.303197698925 105.810840274088491
6267.154141720092 105.810079299213754
6358.3119978165005 105.790089520633217
6450.795775462017 105.756665774305958
6544.624760629676 105.717034476732380
6639.818519813445 105.679961703263430
6736.396904108505 105.651674665616667
6834.380053350861 105.635937196798949
6933.788400317181 105.636561434042818
7034.642674985712 105.656932082745286
7136.963908859177 105.699014969416851
7240.773439350552 105.764580079512911
7346.092914232631 105.851635945665180
7452.944296152315 105.956297346517644
7561.349867210557 106.067627989444105
7671.332233608935 106.165012016868062
7782.914330363799 106.223639342204905
7896.119426088994 106.210007438331189
8010.971127848146 106.073483597673942
8127.49338607753 105.774104192788030
8245.710499580537 105.286685940191006
8365.647120594791 104.595133124226507
8487.328259932974 103.737394925233417
8610.77929219841 102.759304082028564
8736.025961076528 101.783175025781773
8863.094384703289 100.925619633633445
8992.011061111683 100.237634303867310
9122.802873757471 99.621183783269529
9255.497097125279 98.942513384004783
9390.121402416245 98.236109920589925
9526.7038633184 97.577670597982006
9665.272961860968 97.002686548219970
9805.857594353829 96.529801997782073
9948.487077413367 96.181808747753720
10093.19115407597 96.002840704936688
10240.000000000457 95.999300000000218
10388.944229760706 96.174305005214876
10540.05490322983 96.513140003236074
10693.363532057198 96.953870890509691
10848.902086239672 97.434107446480581
11006.703000788428 97.871095036437225
11166.799182492743 98.198161420665826
11329.224016782166 98.322547830799778
11494.0113746885 98.250165189331170
11661.195619909053 97.871319244756293
11830.811615972614 97.359767311300644
12002.894733509682 96.727361854351926
12177.48085762842 96.097086359486866
12354.606395397908 95.554889476597680
12534.308283440243 95.139752989011640
12716.62399563306 94.946460801673993
12901.591550924093 95.057018432867807
13089.249521259411 95.320275756966765
13279.637039626952 95.758970099941479
13472.793808217073 96.267743774378715
13668.760106701786 96.584753638412636
13867.576800634426 96.469308852472622
14069.285349971487 95.782479316068120
14273.927817718419 94.695486741552344
14481.54687870117 93.374675952458631
14692.18582846533 92.120219240397631
14905.888592304698 91.133621227858555
15122.699734421185 90.482404166214039
15342.664467217943 90.133347176471361
15565.828660727671 89.926192012127544
15792.238852178061 89.583207914978317
16021.942255696367 88.812256438783919
16254.986772155136 87.531073361878327
16491.42099916115 86.041064863286437
16731.294241189662 84.679262360313658
16974.65651986603 83.699586137721155
17221.558584396902 83.335129698723719
17472.051922153143 83.555027398943196
17726.188769406665 83.985996989233342
17984.022122223458 84.060295052866834
18245.605747515034 83.495150723240272
18510.99419425065 82.579417491352302
18780.242804832582 79.733209657429967
19053.40772663689 74.601324540678533
19330.545923722028 70.410322457841119
19611.71518870775 70.189192919175809
19896.974154826825 71.865690884866041
20186.382308152035 72.635500000000008
