20 98.268000000000001
20.290906698750476 98.243272848182372
20.586044732869844 98.220569900246971
20.885475648548283 98.199516704601621
21.189261887185914 98.180662243082722
21.49746679841394 98.158689971843899
21.810154653305165 98.135136773785206
22.12739065777668 98.107057125833450
22.449240966187475 98.076904191808524
22.77577269513385 98.046806811285876
23.107053937445478 98.018435656456546
23.44315377638505 97.992502018058374
23.784142300054445 97.966959149620848
24.130090616010463 97.939659079196048
24.481070866093134 97.908071920028931
24.837156241469714 97.873055837303369
25.1984209978975 97.836409873962879
25.56494047120865 97.801155320479523
25.936791093020236 97.769398665797596
26.3140504066728 97.740256183009024
26.69679708340074 97.710010236973687
27.08511093873791 97.676223036641005
27.47907294916184 97.636546212889982
27.878765268980047 97.594729646757088
28.284271247461966 97.555847045233492
28.695675446220072 97.520737315194836
29.11306365684382 97.487954907452490
29.536522918790062 97.453566845633731
29.966141537533712 97.413182695471832
30.402009102982383 97.370822529828118
30.844216508158908 97.333864079683480
31.29285596815558 97.301982222149491
31.74802103936409 97.268654358929609
32.20980663898519 97.228648756018430
32.67830906482211 97.183560638841897
33.153626015361866 97.143321561032195
33.63585661014871 97.116201592204192
34.125101410453844 97.095870030887767
34.62146244024586 97.067175692579099
35.12504320746613 97.021120203971265
35.635948725613716 96.964953486359335
36.15428553564419 96.911960016256387
36.68016172818701 96.864465606191345
37.21368696608603 96.815699738221824
37.754972507267915 96.764824015290827
38.30413122794313 96.715377842220434
38.86127764614443 96.672807428538817
39.4265279456077 96.631826730601858
40.000000000000206 96.587499999999977
40.58181339750116 96.541439619163214
41.1720894657399 96.494709652080658
41.77095129709678 96.447299617478564
42.37852377437204 96.401610703906812
42.9949335968281 96.356617194620611
43.62030930661056 96.311277618882642
44.25478131555359 96.267061704477072
44.89848193237519 96.226260301704542
45.55154539026795 96.185097283169313
46.21410787489121 96.134742132795978
46.88630755277036 96.075903570033176
47.56828460010916 96.025878422740121
48.260181232021196 95.994592790719153
48.962141732186545 95.961271578537975
49.674312482939705 95.914883830863857
50.39684199579528 95.868429583276125
51.129880942417586 95.825471482108242
51.873582186040764 95.763773926502978
52.628100813345895 95.681606273514774
53.393594166801776 95.619336280413251
54.17022187747612 95.589273330354729
54.95814589832399 95.561865203835822
55.75753053796041 95.520835837081975
56.56854249492426 95.481347045233491
57.39135089244048 95.443106508055308
58.226127313687975 95.401836870433470
59.073045837580466 95.354263341420335
59.932283075067765 95.304427581646067
60.804018205965114 95.258790427416926
61.68843301631817 95.212405388546699
62.58571193631152 95.164268011258272
63.49604207872855 95.115461748788022
64.41961327797075 95.069197789213348
65.35661812964459 95.026987111360455
66.3072520307241 94.980872130187265
67.27171322029778 94.923561350171980
68.25020282090806 94.868365974469583
69.2429248804921 94.824675692579092
70.25008641493265 94.780620895290696
71.27189745122783 94.731948922341076
72.30857107128878 94.682805730720716
73.36032345637442 94.635145767919511
74.42737393217246 94.589691355747021
75.50994501453623 94.546102148423927
76.60826245588666 94.504367766832161
77.72255529228926 94.463399436966625
78.85305589121582 94.411781032527756
80.00000000000082 94.352999999999952
81.16362679500274 94.296757897636269
82.34417893148023 94.246152345650614
83.541902594194 94.199026184934340
84.75704754874454 94.153110739698931
85.98986719365665 94.107704778827866
87.24061861322157 94.061176898636973
88.50956263110764 94.014130244930499
89.79696386475084 93.964350730562956
91.10309078053635 93.913755125392029
92.42821574978288 93.867484833696366
93.77261510554118 93.819969107875210
95.13656920021877 93.775459817726400
96.52036246404286 93.733649755046869
97.92428346437356 93.683886401590826
99.34862496587989 93.621583356758009
100.79368399159105 93.554961413725749
102.25976188483567 93.488570477067242
103.74716437208203 93.424779247624784
105.25620162669229 93.364857348429041
106.78718833360406 93.307898823879057
108.34044375495276 93.247261658128622
109.9162917966485 93.180198525331235
111.51506107592134 93.108341797085345
113.13708498984903 93.041780101872376
114.78270178488147 92.988156798153682
116.45225462737648 92.942062943287524
118.14609167516147 92.888465368818203
119.86456615013608 92.823361574205677
121.60803641193078 92.758058626758810
123.3768660326369 92.696948770752527
125.17142387262359 92.642600120602665
126.99208415745765 92.595377755801138
128.83922655594208 92.546200551513550
130.71323625928977 92.496405436538865
132.61450406144883 92.450712780571308
134.5434264405962 92.406137048476438
136.50040564181674 92.367620639350463
138.48584976098482 92.352836086842714
140.50017282986593 92.367586991565503
142.5437949024563 92.410843658768655
144.61714214257822 92.471844263026867
146.7206469127495 92.540781348120731
148.8547478643456 92.614729023970710
151.01989002907314 92.693847865093147
153.216524911774 92.774578371912099
155.4451105845792 92.849017985783632
157.70611178243232 92.906932119032703
160.00000000000236 92.934000000000054
162.3272535900062 92.977752367492116
164.6883578629612 93.039210319154762
167.08380518838874 93.116265571216829
169.51409509748981 93.202507423509644
171.97973438731407 93.291666384820758
174.4812372264439 93.370333364238604
177.01912526221608 93.442939332394502
179.5939277295025 93.509266978783472
182.20618156107355 93.563623631221475
184.85643149956664 93.599191036894538
187.54523021108326 93.611918585620046
190.27313840043846 93.605861169597375
193.04072492808663 93.589688230373952
195.84856692874806 93.575936018899256
198.69724993176072 93.564689900245668
201.58736798318304 93.555502457380982
204.5195237696723 93.545421904921312
207.49432874416505 93.532775520651256
210.5124032533856 93.521714857448742
213.57437666720915 93.513564058331980
216.68088750990657 93.497755118695522
219.83258359329807 93.471257872270371
223.03012215184378 93.446774083861172
226.2741699796992 93.425096923461908
229.5654035697641 93.398694069657012
232.90450925475412 93.370795756210384
236.2921833503241 93.335932074821599
239.72913230027333 93.299844110847133
243.21607282386276 93.267893289967333
246.75373206527502 93.233401112363566
250.34284774524843 93.194900098674893
253.9841683149166 93.156666232693382
257.67845311188546 93.116037015769251
261.42647251858085 93.073523875101131
265.22900812289896 93.031952284632752
269.08685288119375 92.989030142826664
273.0008112836349 92.945115771648659
276.97169952197106 92.899825455497336
281.00034565973334 92.853295955781121
285.0875898049141 92.805501476223981
289.23428428515797 92.758229159149195
293.44129382550057 92.708892732859084
297.7094957286928 92.657444152109946
302.0397800581479 92.606297501838569
306.4330498235497 92.557236451940952
310.89022116916016 92.507721289493105
315.41222356486645 92.458836541994856
320.00000000000654 92.412499999999937
324.6545071800142 92.367351280353859
329.3767157259242 92.324171886894092
334.16761037677935 92.280574745571300
339.02819019498156 92.231509640991689
343.95946877463007 92.179925577866385
348.9624744528898 92.125809028463493
354.03825052443415 92.068463944021460
359.187855459007 92.008502091129628
364.4123631221491 91.946934115158641
369.71286299913527 91.884859502910132
375.0904604221685 91.821998473897423
380.54627680087896 91.761594792561695
386.08144985617537 91.703461066481395
391.6971338574982 91.651138653550333
397.3944998635236 91.601844001091820
403.1747359663683 91.559305970896474
409.0390475393468 91.525058016264879
414.9886574883323 91.504273630232632
421.0248065067734 91.501024806506763
427.1487533344206 91.514848452782758
433.3617750198154 91.551591014743508
439.6651671865984 91.612030160815408
446.06024430368984 91.693918725631264
452.54833995940066 91.797831447301689
459.13080713953053 91.918780393303905
465.8090185095106 92.058568080045731
472.58436670065066 92.214905162700958
479.45826460054917 92.367989583854751
486.432145647728 92.512086127519339
493.50746413055253 92.651325188278719
500.6856954904994 92.781042568166427
507.9683366298358 92.893013175683720
515.3569062237735 92.991410341193770
522.8529450371643 93.082402613825394
530.4580162458005 93.161036268166114
538.1737057623901 93.228740755445642
546.0016225672724 93.283581279872720
553.9433990439449 93.329595532779479
562.0006913194694 93.367402730711902
570.1751796098309 93.399499261888025
578.4685685703187 93.423135420425410
586.8825876510039 93.443329951597306
595.4189914573883 93.461608932487650
604.0795601162986 93.479159120232595
612.8660996471021 93.497079777840426
621.780442338323 93.516998153916163
630.8244471297356 93.537190116615960
640.0000000000159 93.556000000000026
649.3090143600314 93.576014380874071
658.7534314518515 93.596757549194081
668.3352207535618 93.617837485657844
678.0563803899662 93.643655046072411
687.9189375492632 93.676320334544954
697.9249489057827 93.709652331389094
708.0765010488715 93.740325678094166
718.3757109180171 93.767776848386845
728.8247262443015 93.795385524547399
739.425725998274 93.827719750594653
750.1809208443404 93.863663376429244
761.0925536017613 93.903672696539786
772.1628997123541 93.948042479607579
783.3942677149998 93.994368496662304
794.7889997270506 94.039807373942324
806.34947193274 94.083545958417247
818.0780950786972 94.126942197213651
829.9773149766683 94.172409259906672
842.0496130135506 94.221710855307592
854.2975066688449 94.274838780009816
866.7235500396347 94.331482675184446
879.3303343732008 94.390352571554047
892.1204886073838 94.450466296454692
905.0966799188055 94.511921591277613
918.2616142790653 94.575344746121630
931.6180370190256 94.640835645209791
945.1687334013056 94.709239758681690
958.9165292011028 94.780440256255730
972.8642912954606 94.854582172694961
987.0149282611097 94.931157880185253
1001.3713909810035 95.009634076460912
1015.9366732596762 95.090839037580153
1030.7138124475518 95.175104421573423
1045.7058900743334 95.261362176992236
1060.916032491606 95.349343522867713
1076.3474115247852 95.439225159408764
1092.0032451345498 95.528956058113209
1107.8867980878947 95.619579546421406
1124.0013826389438 95.709618754031936
1140.350359219667 95.799633180805714
1156.9371371406426 95.888865943234833
1173.765175302013 95.979267170335561
1190.837982914782 96.068065719309160
1208.1591202326028 96.157295601163014
1225.73219929421 96.244751553664315
1243.5608846766518 96.332235337899562
1261.648894259477 96.418138099494854
1280.0000000000375 96.503000000000156
1298.6180287200684 96.584121410851722
1317.5068629037087 96.666279510485936
1336.6704415071292 96.744932049141568
1356.112760779938 96.820534129002766
1375.8378750985323 96.894100137864569
1395.8498978115715 96.965370889785788
1416.153002097749 97.033304906922581
1436.7514218360407 97.099929407691718
1457.6494524886093 97.163183412216966
1478.8514519965543 97.224284065590354
1500.3618416886875 97.284455262058145
1522.1851072035295 97.342068683017317
1544.3257994247153 97.398974046527272
1566.788535430007 97.454799797157818
1589.5779994541087 97.509404078711697
1612.6989438654878 97.563461549767936
1636.156190157402 97.617212989755728
1659.9546299533442 97.670201093298289
1684.099226027109 97.722654328218567
1708.5950133376978 97.775393328542663
1733.4471000792773 97.828407852168056
1758.6606687464096 97.881687404367455
1784.2409772147755 97.935775691239627
1810.193359837619 97.991721524446007
1836.5232285581387 98.049581567399059
1863.2360740380593 98.109942970287534
1890.3374668026197 98.172889672318121
1917.833058402214 98.239369323669450
1945.7285825909298 98.308406884825501
1974.0298565222283 98.381477626957803
2002.7427819620161 98.458542650395543
2031.8733465193618 98.538839037580175
2061.4276248951132 98.623187699692323
2091.411780148677 98.711282399784324
2121.832064983222 98.803679401447994
2152.694823049581 98.900782119046781
2184.0064902691106 99.002021904658250
2215.7735961758003 99.113967965946074
2248.002765277899 99.236478234745874
2280.7007184393456 99.379863448508871
2313.874274281297 99.550195935975268
2347.530350604038 99.754155106416192
2381.6759658295764 99.994589298420252
2416.318240465218 100.257870158326384
2451.4643985884327 100.536410273760396
2487.1217693533167 100.816693712488203
2523.2977885189675 101.091524636248749
2560.0000000000887 101.363750000000650
2597.236057440151 101.636323219313113
2635.0137258074315 101.911599740867331
2673.340883014273 102.189429640815803
2712.225521559891 102.471135031309217
2751.6757501970797 102.758732976438679
2791.699795623158 103.049719765713178
2832.3060041955137 103.338080389620330
2873.502843672097 103.617413682925672
2915.2989049772345 103.881151583166599
2957.7029039931244 104.122475316686106
3000.723683377391 104.333867595382912
3044.370214407075 104.503266175382294
3088.6515988494466 104.626665532368108
3133.57707086003 104.707329045661027
3179.1559989082334 104.739413039628801
3225.3978877309914 104.731261267361418
3272.3123803148205 104.686155162771854
3319.9092599067053 104.611070591375395
3368.198452054235 104.514827374521758
3417.190026675413 104.405791038379803
3466.8942001585724 104.292325933646381
3517.3213374928373 104.183510898264473
3568.4819544295697 104.085156579748258
3620.386719675257 104.000439256470884
3673.0464571162966 103.930766109745093
3726.472148076138 103.874880902289192
3780.6749336052594 103.830870226470495
3835.6661168044484 103.791847040572975
3891.45716518188 103.752138911548826
3948.059713044477 103.708979468803591
4005.4855639240527 103.655648731814352
4063.746693038744 103.593253747889420
4122.855249790247 103.525788175272680
4182.823560297375 103.446699947494466
4243.664129966465 103.343270979056996
4305.389646099183 103.201411170898595
4368.012980538242 103.012110084844906
4431.5471923516225 102.776956519891456
4496.00553055582 102.511210197174819
4561.401436878714 102.230091231127574
4627.748548562617 101.962332078696988
4695.060701208099 101.744525517668151
4763.351931659176 101.587498037557992
4832.63648093046 101.502302665106853
4902.928797176889 101.483676028470597
4974.243538706657 101.495558424434549
5046.595577037959 101.512819115407595
5120.000000000202 101.508071428571370
5194.472114880326 101.463604650132311
5270.027451614888 101.386406445360649
5346.6817660285715 101.293272509351254
5424.451043119808 101.193848658845965
5503.351500394186 101.093929542361593
5583.399591246343 100.997316737949674
5664.612008391055 100.907719030937670
5747.005687344222 100.824609568586268
5830.597809954497 100.749368762986634
5915.405807986278 100.683332166729059
6001.447366754812 100.626785362664805
6088.740428814181 100.585003281549433
6177.303197698925 100.559319451823043
6267.154141720092 100.551115859842753
6358.3119978165005 100.561287719596052
6450.795775462017 100.590588204571361
6544.624760629676 100.640729218212442
6639.818519813445 100.709850278846091
6736.396904108505 100.791529275615488
6834.380053350861 100.875863544014464
6933.788400317181 100.953820822223605
7034.642674985712 101.020246324741862
7136.963908859177 101.073394480809441
7240.773439350552 101.114159102182441
7346.092914232631 101.148519267983289
7452.944296152315 101.179530238480368
7561.349867210557 101.200946855634868
7671.332233608935 101.207328251655014
7782.914330363799 101.189948112806235
7896.119426088994 101.130298481374510
8010.971127848146 100.989594927257286
8127.49338607753 100.731176638748195
8245.710499580537 100.323782278368611
8365.647120594791 99.749445854968286
8487.328259932974 99.044080059897126
8610.77929219841 98.247088279173710
8736.025961076528 97.410072314483713
8863.094384703289 96.562950019938512
8992.011061111683 95.720694400737017
9122.802873757471 94.903732551922985
9255.497097125279 94.136893952267314
9390.121402416245 93.442863273985949
9526.7038633184 92.837409868669596
9665.272961860968 92.325733507833803
9805.857594353829 91.910637318904548
9948.487077413367 91.598581809365726
10093.19115407597 91.412430120284540
10240.000000000457 91.358100000000007
10388.944229760706 91.459562258480787
10540.05490322983 91.744624904847853
10693.363532057198 92.175095125980164
10848.902086239672 92.692074808560477
11006.703000788428 93.196445514934268
11166.799182492743 93.599391032349871
11329.224016782166 93.799852371964789
11494.0113746885 93.837148767742079
11661.195619909053 93.678967916907055
11830.811615972614 93.438083738697173
12002.894733509682 93.117413467748293
12177.48085762842 92.817156584913107
12354.606395397908 92.640854244141877
12534.308283440243 92.611943993684164
12716.62399563306 92.786716473726159
12901.591550924093 93.092267407404051
13089.249521259411 93.435413410302928
13279.637039626952 93.654610353205086
13472.793808217073 93.631967275344948
13668.760106701786 93.281376687897279
13867.576800634426 92.615704741354449
14069.285349971487 91.747905230879866
14273.927817718419 90.815758790292591
14481.54687870117 89.992144243442709
14692.18582846533 89.388145255151031
14905.888592304698 88.967977828035771
15122.699734421185 88.658361530380049
15342.664467217943 88.364895206796234
15565.828660727671 88.021748074262575
15792.238852178061 87.638705600758840
16021.942255696367 87.305913071842937
16254.986772155136 87.163938227218068
16491.42099916115 87.374364689253412
16731.294241189662 87.876044499181120
16974.65651986603 88.729705914954764
17221.558584396902 89.951891897592986
17472.051922153143 91.188163145460550
17726.188769406665 91.743044468324712
17984.022122223458 91.027832235507105
18245.605747515034 89.008206750909551
18510.99419425065 86.139775184131494
18780.242804832582 83.056571520477220
19053.40772663689 80.553352750522976
19330.545923722028 80.479344512589307
19611.71518870775 82.629176612086496
19896.974154826825 84.356680587216061
20186.382308152035 84.888499999999993
