20 70.479999999999990
20.290906698750476 70.469503366539939
20.586044732869844 70.460498503917393
20.885475648548283 70.450481224399411
21.189261887185914 70.438485970329324
21.49746679841394 70.421970918309668
21.810154653305165 70.402490974491656
22.12739065777668 70.383984834713630
22.449240966187475 70.371495947051898
22.77577269513385 70.366003823170530
23.107053937445478 70.366499839471885
23.44315377638505 70.365496617821435
23.784142300054445 70.357992597107000
24.130090616010463 70.339992900455030
24.481070866093134 70.312494227200290
24.837156241469714 70.283488747151750
25.1984209978975 70.257477057335279
25.56494047120865 70.237503244075810
25.936791093020236 70.219010389191197
26.3140504066728 70.197996446526986
26.69679708340074 70.171014304825533
27.08511093873791 70.139991130532366
27.47907294916184 70.108494984745121
27.878765268980047 70.081016137757615
28.284271247461966 70.056483211625533
28.695675446220072 70.031020087673269
29.11306365684382 69.999994670240667
29.536522918790062 69.964539944299418
29.966141537533712 69.925987664159905
30.402009102982383 69.887999248283137
30.844216508158908 69.851483122972013
31.29285596815558 69.816511227426616
31.74802103936409 69.779498178410023
32.20980663898519 69.739516741213407
32.67830906482211 69.699474352814121
33.153626015361866 69.660031034439498
33.63585661014871 69.622011304594082
34.125101410453844 69.581990697226516
34.62146244024586 69.536454122991486
35.12504320746613 69.486495856818323
35.635948725613716 69.437504916721977
36.15428553564419 69.395477743419363
36.68016172818701 69.354486068358426
37.21368696608603 69.308526965468246
37.754972507267915 69.255002718782180
38.30413122794313 69.202488691308304
38.86127764614443 69.154475227684998
39.4265279456077 69.104042117927236
40.000000000000206 69.044499999999971
40.58181339750116 68.980520519862409
41.1720894657399 68.923492606754380
41.77095129709678 68.874004024697342
42.37852377437204 68.826037596760102
42.9949335968281 68.778505120374462
43.62030930661056 68.735481246764564
44.25478131555359 68.697013258820760
44.89848193237519 68.663480103709276
45.55154539026795 68.636518768291694
46.21410787489121 68.609494220987969
46.88630755277036 68.573480834321501
47.56828460010916 68.530981287131553
48.260181232021196 68.485486059075299
48.962141732186545 68.431487260028177
49.674312482939705 68.367472122891272
50.39684199579528 68.303014095810795
51.129880942417586 68.240510151567406
51.873582186040764 68.177035660196793
52.628100813345895 68.115991774367998
53.393594166801776 68.053533113022041
54.17022187747612 67.997988737183960
54.95814589832399 67.957990060676678
55.75753053796041 67.903531982101441
56.56854249492426 67.823045412032798
57.39135089244048 67.754977937900449
58.226127313687975 67.702490755853830
59.073045837580466 67.640996584860119
59.932283075067765 67.576979710789288
60.804018205965114 67.514498506863731
61.68843301631817 67.441962629438024
62.58571193631152 67.364524860730342
63.49604207872855 67.292996743907906
64.41961327797075 67.221529924918940
65.35661812964459 67.150029139520171
66.3072520307241 67.081979759190546
67.27171322029778 67.004523031530482
68.25020282090806 66.927485906704263
69.2429248804921 66.858505219784547
70.25008641493265 66.782993404731172
71.27189745122783 66.705007826618626
72.30857107128878 66.625532883155785
73.36032345637442 66.548978931379551
74.42737393217246 66.479477211889758
75.50994501453623 66.413503350914695
76.60826245588666 66.350485406040377
77.72255529228926 66.288524728141766
78.85305589121582 66.224496930125014
80.00000000000082 66.161499999999961
81.16362679500274 66.102518916748139
82.34417893148023 66.043492382716607
83.541902594194 65.992504146657851
84.75704754874454 65.941497840446317
85.98986719365665 65.885506031756051
87.24061861322157 65.824018749230106
88.50956263110764 65.752524642928137
89.79696386475084 65.678502077706639
91.10309078053635 65.598494381883796
92.42821574978288 65.516486605868494
93.77261510554118 65.433023894934792
95.13656920021877 65.350026214356191
96.52036246404286 65.262974183472721
97.92428346437356 65.162984086210599
99.34862496587989 65.083021054547089
100.79368399159105 64.992019900875576
102.25976188483567 64.896515511594941
103.74716437208203 64.794989161681798
105.25620162669229 64.695486567000245
106.78718833360406 64.593487812281253
108.34044375495276 64.492971279819045
109.9162917966485 64.390981386330111
111.51506107592134 64.288996102738679
113.13708498984903 64.185494216972614
114.78270178488147 64.073520291672708
116.45225462737648 63.958481812330248
118.14609167516147 63.837493440346208
119.86456615013608 63.714531043358498
121.60803641193078 63.591997550582377
123.3768660326369 63.473009011936810
125.17142387262359 63.360976955854071
126.99208415745765 63.261996787709386
128.83922655594208 63.191494378414461
130.71323625928977 63.144998385188870
132.61450406144883 63.132003389695669
134.5434264405962 63.143508825163082
136.50040564181674 63.184013276293101
138.48584976098482 63.248995082811689
140.50017282986593 63.334508920523902
142.5437949024563 63.439989413996642
144.61714214257822 63.536506249139009
146.7206469127495 63.628984476915079
148.8547478643456 63.716989602653427
151.01989002907314 63.796495961806613
153.216524911774 63.869984106060713
155.4451105845792 63.929501883019149
157.70611178243232 63.968000925835312
160.00000000000236 63.986999999999995
162.3272535900062 63.986497905546329
164.6883578629612 63.966994548414817
167.08380518838874 63.930502967706097
169.51409509748981 63.876997454811701
171.97973438731407 63.811007108855335
174.4812372264439 63.733991961594100
177.01912526221608 63.647995427321050
179.5939277295025 63.554002638223992
182.20618156107355 63.451493011611511
184.85643149956664 63.349483311284885
187.54523021108326 63.245491308012618
190.27313840043846 63.142495149984640
193.04072492808663 63.045509639442052
195.84856692874806 62.954514034716496
198.69724993176072 62.866992692306646
201.58736798318304 62.782490276612108
204.5195237696723 62.705012583651694
207.49432874416505 62.632492810763786
210.5124032533856 62.566492690867761
213.57437666720915 62.510994302105303
216.68088750990657 62.464001701652521
219.83258359329807 62.423505350403374
223.03012215184378 62.386998606776132
226.2741699796992 62.349998114779993
229.5654035697641 62.313494925170630
232.90450925475412 62.271506171048003
236.2921833503241 62.219496719218817
239.72913230027333 62.157997438982378
243.21607282386276 62.090498507707736
246.75373206527502 62.018005490465676
250.34284774524843 61.940503287752364
253.9841683149166 61.860496240936484
257.67845311188546 61.777989905324858
261.42647251858085 61.694489625216534
265.22900812289896 61.610999821035143
269.08685288119375 61.526003241342281
273.0008112836349 61.444003953689815
276.97169952197106 61.361006280452386
281.00034565973334 61.272992939680108
285.0875898049141 61.189508378495518
289.23428428515797 61.107994121034295
293.44129382550057 61.020994252886084
297.7094957286928 60.937509863353043
302.0397800581479 60.856004139783131
306.4330498235497 60.771499060987622
310.89022116916016 60.687495818230161
315.41222356486645 60.601995931197393
320.00000000000654 60.518499999999882
324.6545071800142 60.435008840057748
329.3767157259242 60.350005117174177
334.16761037677935 60.270006505918943
339.02819019498156 60.188496798583763
343.95946877463007 60.105492129308630
348.9624744528898 60.021492756087682
354.03825052443415 59.943996205649341
359.187855459007 59.866002189164554
364.4123631221491 59.792995273452497
369.71286299913527 59.724001783259695
375.0904604221685 59.660495738394516
380.54627680087896 59.609998024636909
386.08144985617537 59.570498077537707
391.6971338574982 59.546499882539926
397.3944998635236 59.541500438870202
403.1747359663683 59.559499177749935
409.0390475393468 59.597000419464820
414.9886574883323 59.649496977838233
421.0248065067734 59.716497852212363
427.1487533344206 59.794996838137166
433.3617750198154 59.880996885836808
439.6651671865984 59.969002300613077
446.06024430368984 60.057002955893907
452.54833995940066 60.135503950614336
459.13080713953053 60.211997758799043
465.8090185095106 60.284000192608190
472.58436670065066 60.354504054298729
479.45826460054917 60.430502826604666
486.432145647728 60.505001605727600
493.50746413055253 60.583005333719264
500.6856954904994 60.665496500622119
507.9683366298358 60.738003553542725
515.3569062237735 60.815999010076375
522.8529450371643 60.887499475741365
530.4580162458005 60.965000168437541
538.1737057623901 61.044996949324940
546.0016225672724 61.125996094525945
553.9433990439449 61.208503689348959
562.0006913194694 61.282997146103313
570.1751796098309 61.358501429255952
578.4685685703187 61.424496566872563
586.8825876510039 61.481497206573238
595.4189914573883 61.526999954464756
604.0795601162986 61.564998070017246
612.8660996471021 61.598000368897729
621.780442338323 61.631001687380817
630.8244471297356 61.665502119675622
640.0000000000159 61.709000000000088
649.3090143600314 61.761500088951912
658.7534314518515 61.820002926776283
668.3352207535618 61.885001510144207
678.0563803899662 61.951502410460598
687.9189375492632 62.013999604261279
697.9249489057827 62.074499691065341
708.0765010488715 62.131001970143622
718.3757109180171 62.171498863318419
728.8247262443015 62.192999436716676
739.425725998274 62.237498849818245
750.1809208443404 62.307499484807423
761.0925536017613 62.382496931830289
772.1628997123541 62.453499356782032
783.3942677149998 62.514001010245281
794.7889997270506 62.556999998969999
806.34947193274 62.594002052056425
818.0780950786972 62.645000539357262
829.9773149766683 62.712501969745588
842.0496130135506 62.787997579932338
854.2975066688449 62.870003465587175
866.7235500396347 62.954996922295720
879.3303343732008 63.044002496688094
892.1204886073838 63.139503765179811
905.0966799188055 63.239497533473113
918.2616142790653 63.343996938257675
931.6180370190256 63.453500308696761
945.1687334013056 63.566497776868687
958.9165292011028 63.683495993346597
972.8642912954606 63.805502634853994
987.0149282611097 63.933499351100423
1001.3713909810035 64.066503637095011
1015.9366732596762 64.201996960502953
1030.7138124475518 64.338998261170374
1045.7058900743334 64.477498984478075
1060.916032491606 64.619000306365677
1076.3474115247852 64.764503890244526
1092.0032451345498 64.912502276337577
1107.8867980878947 65.059998125029239
1124.0013826389438 65.208003487259319
1140.350359219667 65.357003194363102
1156.9371371406426 65.504501157236234
1173.765175302013 65.646501298875677
1190.837982914782 65.772999873409475
1208.1591202326028 65.876000444723104
1225.73219929421 65.940999977643813
1243.5608846766518 65.939000012936603
1261.648894259477 65.964499850929712
1280.0000000000375 66.127500000000452
1298.6180287200684 66.354000336022821
1317.5068629037087 66.574998395982831
1336.6704415071292 66.780504371245314
1356.112760779938 66.972997631545439
1375.8378750985323 67.156498838052244
1395.8498978115715 67.334999088515161
1416.153002097749 67.510500017720574
1436.7514218360407 67.684503502179780
1457.6494524886093 67.858003724142179
1478.8514519965543 68.032503666654208
1500.3618416886875 68.206998715758260
1522.1851072035295 68.383500864271269
1544.3257994247153 68.561998382968767
1566.788535430007 68.743996235955180
1589.5779994541087 68.925499995652331
1612.6989438654878 69.106999559343706
1636.156190157402 69.290501474181298
1659.9546299533442 69.474997131240471
1684.099226027109 69.661001697786901
1708.5950133376978 69.845000099555079
1733.4471000792773 70.030500746208617
1758.6606687464096 70.218497530115201
1784.2409772147755 70.403999834767035
1810.193359837619 70.588002459960933
1836.5232285581387 70.768001501589239
1863.2360740380593 70.943500475338439
1890.3374668026197 71.117496576771302
1917.833058402214 71.287500345438957
1945.7285825909298 71.452497531097777
1974.0298565222283 71.611999191381770
2002.7427819620161 71.763998845757200
2031.8733465193618 71.907501565228714
2061.4276248951132 72.040998305650390
2091.411780148677 72.162999105460869
2121.832064983222 72.270000186340127
2152.694823049581 72.358499492592671
2184.0064902691106 72.428998852324099
2215.7735961758003 72.484999288124314
2248.002765277899 72.524499712323589
2280.7007184393456 72.545499819170175
2313.874274281297 72.551999930728812
2347.530350604038 72.543499784376365
2381.6759658295764 72.522500021015020
2416.318240465218 72.490499716061393
2451.4643985884327 72.448999435506309
2487.1217693533167 72.398500326649213
2523.2977885189675 72.343000324447075
2560.0000000000887 72.283499999999862
2597.236057440151 72.223499911812993
2635.0137258074315 72.165500420963767
2673.340883014273 72.111500164824520
2712.225521559891 72.064500578286868
2751.6757501970797 72.025500246953456
2791.699795623158 71.994000160850248
2832.3060041955137 71.970499998166872
2873.502843672097 71.952500068303564
2915.2989049772345 71.941500025008381
2957.7029039931244 71.936000012452553
3000.723683377391 71.939499974240974
3044.370214407075 71.952500111362696
3088.6515988494466 71.975499791643045
3133.57707086003 72.008000063741221
3179.1559989082334 72.048999999017923
3225.3978877309914 72.096999883462814
3272.3123803148205 72.150000491404114
3319.9092599067053 72.211500387526826
3368.198452054235 72.283500761236013
3417.190026675413 72.366000050985122
3466.8942001585724 72.461000430666218
3517.3213374928373 72.569500798198504
3568.4819544295697 72.690499892222164
3620.386719675257 72.826499265501113
3673.0464571162966 72.973501339024082
3726.472148076138 73.130000445296588
3780.6749336052594 73.292999800336844
3835.6661168044484 73.456500327649550
3891.45716518188 73.613000408555422
3948.059713044477 73.752999290253641
4005.4855639240527 73.863999157099045
4063.746693038744 73.928999657532813
4122.855249790247 73.934499720923355
4182.823560297375 73.867500491255072
4243.664129966465 73.720999526253848
4305.389646099183 73.496001290018540
4368.012980538242 73.195500093388347
4431.5471923516225 72.825998727264775
4496.00553055582 72.399496186903860
4561.401436878714 71.929496743887938
4627.748548562617 71.435003364619661
4695.060701208099 70.931502234991115
4763.351931659176 70.426500505368438
4832.63648093046 69.923503768376690
4902.928797176889 69.420501451374619
4974.243538706657 68.920003237429967
5046.595577037959 68.426502884948121
5120.000000000202 67.948499999998759
5194.472114880326 67.492999356074137
5270.027451614888 67.069497778894885
5346.6817660285715 66.692501150704175
5424.451043119808 66.396999877036322
5503.351500394186 66.172001424713343
5583.399591246343 65.973998744166636
5664.612008391055 65.801499988084657
5747.005687344222 65.684500443973178
5830.597809954497 65.634000114811201
5915.405807986278 65.630000009056403
6001.447366754812 65.662500321408857
6088.740428814181 65.739000617343692
6177.303197698925 65.866500404854719
6267.154141720092 66.050500370010113
6358.3119978165005 66.288499994299201
6450.795775462017 66.575999301990947
6544.624760629676 66.906999155574738
6639.818519813445 67.266501980672274
6736.396904108505 67.634499634619630
6834.380053350861 67.979000152148899
6933.788400317181 68.262498289791893
7034.642674985712 68.443999415094169
7136.963908859177 68.489499959471601
7240.773439350552 68.359498414800527
7346.092914232631 67.979500309453087
7452.944296152315 67.474998359505335
7561.349867210557 66.874500735568702
7671.332233608935 66.183998468539684
7782.914330363799 65.452504389905982
7896.119426088994 64.718003723666214
8010.971127848146 64.009499276395417
8127.49338607753 63.349998045412697
8245.710499580537 62.751502533464006
8365.647120594791 62.224499549557180
8487.328259932974 61.769999209363789
8610.77929219841 61.394499317604144
8736.025961076528 61.102000090901299
8863.094384703289 60.898000987813937
8992.011061111683 60.783499984347351
9122.802873757471 60.750000032334739
9255.497097125279 60.798500097035820
9390.121402416245 60.933000662920392
9526.7038633184 61.157999774837570
9665.272961860968 61.474499912888135
9805.857594353829 61.877501977290137
9948.487077413367 62.352000277118293
10093.19115407597 62.870000543640728
10240.000000000457 63.388000000001391
10388.944229760706 63.841500480470543
10540.05490322983 64.157499797636348
10693.363532057198 64.295000003420739
10848.902086239672 64.295999929773586
11006.703000788428 64.167499999056915
11166.799182492743 63.975999790457777
11329.224016782166 63.789499980752062
11494.0113746885 63.600500717187373
11661.195619909053 63.400499333006699
11830.811615972614 63.218000413195597
12002.894733509682 63.169500075107834
12177.48085762842 63.350501440468676
12354.606395397908 63.648000460959814
12534.308283440243 63.857499164625693
12716.62399563306 63.933999998167621
12901.591550924093 64.006499823980349
13089.249521259411 64.059499864789927
13279.637039626952 64.201500050878224
13472.793808217073 64.449499753764215
13668.760106701786 64.633499971287435
13867.576800634426 64.580000053647609
14069.285349971487 64.194998830253184
14273.927817718419 63.511000609259057
14481.54687870117 62.655000500107406
14692.18582846533 61.800000696272505
14905.888592304698 61.044501441317152
15122.699734421185 60.442000738021761
15342.664467217943 60.167500264840228
15565.828660727671 60.293999807685125
15792.238852178061 60.417999919041030
16021.942255696367 60.285499319734690
16254.986772155136 59.665497036277102
16491.42099916115 58.758003841467698
16731.294241189662 57.867502816993181
16974.65651986603 56.835997781805560
17221.558584396902 55.782501773319339
17472.051922153143 54.822504130769531
17726.188769406665 54.089500665096296
17984.022122223458 53.685999723288070
18245.605747515034 53.621500305609430
18510.99419425065 53.729999936872574
18780.242804832582 53.642498425195612
19053.40772663689 53.108000534885676
19330.545923722028 52.083003980619544
19611.71518870775 50.293998297886006
19896.974154826825 47.721007623328106
20186.382308152035 47.721000000000004
