20 63.999499999999998
20.290906698750476 64.071742070996606
20.586044732869844 64.139313557960079
20.885475648548283 64.203401471690299
21.189261887185914 64.265316387673181
21.49746679841394 64.327115242218909
21.810154653305165 64.390056509511751
22.12739065777668 64.454296608199769
22.449240966187475 64.519348160410289
22.77577269513385 64.584149243223351
23.107053937445478 64.647126620620398
23.44315377638505 64.707313411862032
23.784142300054445 64.764883479508981
24.130090616010463 64.821097749527496
24.481070866093134 64.876065998914441
24.837156241469714 64.930573354798312
25.1984209978975 64.983771044695132
25.56494047120865 65.035885547594063
25.936791093020236 65.086282883178214
26.3140504066728 65.134756223354842
26.69679708340074 65.182107642716588
27.08511093873791 65.229521755807255
27.47907294916184 65.276639876812666
27.878765268980047 65.323406462518932
28.284271247461966 65.367348480983509
28.695675446220072 65.408980518283357
29.11306365684382 65.449580238370686
29.536522918790062 65.491334906472957
29.966141537533712 65.536444861441041
30.402009102982383 65.582707606616168
30.844216508158908 65.626659698018742
31.29285596815558 65.664946337532058
31.74802103936409 65.698113451716125
32.20980663898519 65.730815884645921
32.67830906482211 65.766264725185778
33.153626015361866 65.803829203182858
33.63585661014871 65.838515539998781
34.125101410453844 65.865004056418158
34.62146244024586 65.884129722968368
35.12504320746613 65.902251814713566
35.635948725613716 65.924933385006298
36.15428553564419 65.951368562317853
36.68016172818701 65.977647762952984
37.21368696608603 66.002615913473875
37.754972507267915 66.027702238273193
38.30413122794313 66.053685860257445
38.86127764614443 66.076741497551566
39.4265279456077 66.095112155247449
40.000000000000206 66.111500000000007
40.58181339750116 66.131378690676939
41.1720894657399 66.153453322698624
41.77095129709678 66.169725392007223
42.37852377437204 66.180004322001366
42.9949335968281 66.193136043048781
43.62030930661056 66.211976442327114
44.25478131555359 66.227973216987408
44.89848193237519 66.237731019924752
45.55154539026795 66.249230449915501
46.21410787489121 66.271493742266998
46.88630755277036 66.293171328685702
47.56828460010916 66.301402450710626
48.260181232021196 66.300500000000000
48.962141732186545 66.302934160464361
49.674312482939705 66.309285928310928
50.39684199579528 66.312992106229615
51.129880942417586 66.314235629622260
51.873582186040764 66.315300532112190
52.628100813345895 66.315732437282207
53.393594166801776 66.315745996661747
54.17022187747612 66.314942221861173
54.95814589832399 66.306473328137059
55.75753053796041 66.290304026112153
56.56854249492426 66.279883117545694
57.39135089244048 66.273456219199133
58.226127313687975 66.266899535892577
59.073045837580466 66.255845147791376
59.932283075067765 66.230497649285496
60.804018205965114 66.244198089153869
61.68843301631817 66.275135129515576
62.58571193631152 66.241169827437233
63.49604207872855 66.214251978960647
64.41961327797075 66.221972652281437
65.35661812964459 66.239954053528066
66.3072520307241 66.251578243907829
67.27171322029778 66.258330679659679
68.25020282090806 66.298388284769473
69.2429248804921 66.337054230138847
70.25008641493265 66.296247148307216
71.27189745122783 66.271228102548775
72.30857107128878 66.266797147144530
73.36032345637442 66.256698382718128
74.42737393217246 66.249012573712179
75.50994501453623 66.241300179035335
76.60826245588666 66.238057851122136
77.72255529228926 66.233260864262135
78.85305589121582 66.219336837201894
80.00000000000082 66.204999999999984
81.16362679500274 66.184151634468634
82.34417893148023 66.162816758969186
83.541902594194 66.140764919572746
84.75704754874454 66.115263982937165
85.98986719365665 66.086490595377143
87.24061861322157 66.056284996021958
88.50956263110764 66.033346997902271
89.79696386475084 66.012748578163979
91.10309078053635 65.974568704621447
92.42821574978288 65.939377429903914
93.77261510554118 65.914984553937614
95.13656920021877 65.887699569410302
96.52036246404286 65.853005144266916
97.92428346437356 65.814403381154733
99.34862496587989 65.779613161022169
100.79368399159105 65.755182108109324
102.25976188483567 65.735869841535532
103.74716437208203 65.718261522915554
105.25620162669229 65.702402867594969
106.78718833360406 65.683479363329539
108.34044375495276 65.659212456165790
109.9162917966485 65.631105848881589
111.51506107592134 65.586146030321302
113.13708498984903 65.554786461316127
114.78270178488147 65.525208139764587
116.45225462737648 65.502016734083483
118.14609167516147 65.472038664991715
119.86456615013608 65.425441532807099
121.60803641193078 65.378138996477588
123.3768660326369 65.314392259590917
125.17142387262359 65.252914260653995
126.99208415745765 65.252946793743121
128.83922655594208 65.219557457737309
130.71323625928977 65.177258381576024
132.61450406144883 65.121416975741766
134.5434264405962 65.050936648138546
136.50040564181674 64.980110092663239
138.48584976098482 64.906416246642323
140.50017282986593 64.829159983911850
142.5437949024563 64.750139930438351
144.61714214257822 64.674282882867175
146.7206469127495 64.594771287932957
148.8547478643456 64.510539135853307
151.01989002907314 64.425132244877773
153.216524911774 64.339195698546689
155.4451105845792 64.245600559238710
157.70611178243232 64.131844736558662
160.00000000000236 63.990999999999872
162.3272535900062 63.870913714755673
164.6883578629612 63.760022523586009
167.08380518838874 63.655062854823925
169.51409509748981 63.552005186885935
171.97973438731407 63.485966109091777
174.4812372264439 63.470830020437688
177.01912526221608 63.466769399580457
179.5939277295025 63.455530361352487
182.20618156107355 63.464530907805369
184.85643149956664 63.517370206690551
187.54523021108326 63.622607727836481
190.27313840043846 63.749455111060001
193.04072492808663 63.871114967324822
195.84856692874806 63.975227262977924
198.69724993176072 64.087960647038415
201.58736798318304 64.226514012464463
204.5195237696723 64.380034759792636
207.49432874416505 64.545918231533662
210.5124032533856 64.721719388696357
213.57437666720915 64.890654775028480
216.68088750990657 65.026937719171030
219.83258359329807 65.139810091392235
223.03012215184378 65.207117504112801
226.2741699796992 65.244814331507641
229.5654035697641 65.249644865476739
232.90450925475412 65.235461538602024
236.2921833503241 65.208687735253136
239.72913230027333 65.175607101609870
243.21607282386276 65.130718725582398
246.75373206527502 65.068809688857684
250.34284774524843 65.002357324935815
253.9841683149166 64.931806738898487
257.67845311188546 64.856091711206346
261.42647251858085 64.776259149915319
265.22900812289896 64.691461821296230
269.08685288119375 64.606676089494925
273.0008112836349 64.524858267275036
276.97169952197106 64.443930396881314
281.00034565973334 64.365993605294932
285.0875898049141 64.290405865550568
289.23428428515797 64.214936026010122
293.44129382550057 64.141809746201403
297.7094957286928 64.073002816205275
302.0397800581479 64.006903299127785
306.4330498235497 63.939382219431053
310.89022116916016 63.876523181277904
315.41222356486645 63.826212874925389
320.00000000000654 63.778499999999937
324.6545071800142 63.731489477481858
329.3767157259242 63.687734215321498
334.16761037677935 63.645325028684340
339.02819019498156 63.602551926284164
343.95946877463007 63.557176940395941
348.9624744528898 63.508271502916386
354.03825052443415 63.453579244231221
359.187855459007 63.395677233313222
364.4123631221491 63.330462988348707
369.71286299913527 63.254663486512541
375.0904604221685 63.166839405107339
380.54627680087896 63.066686204441012
386.08144985617537 62.957146567919644
391.6971338574982 62.834575913402858
397.3944998635236 62.709539352961542
403.1747359663683 62.586859667367328
409.0390475393468 62.463673493750491
414.9886574883323 62.345958891256544
421.0248065067734 62.246208190436533
427.1487533344206 62.165617152766451
433.3617750198154 62.115856085335750
439.6651671865984 62.113373990509203
446.06024430368984 62.158909679745506
452.54833995940066 62.252350783285451
459.13080713953053 62.384902468805556
465.8090185095106 62.541273208110390
472.58436670065066 62.709781712751933
479.45826460054917 62.872221638341159
486.432145647728 63.023131844037515
493.50746413055253 63.152599173216416
500.6856954904994 63.257256930236281
507.9683366298358 63.339641808125016
515.3569062237735 63.405176796678305
522.8529450371643 63.461290469649086
530.4580162458005 63.517034357628432
538.1737057623901 63.568178717673362
546.0016225672724 63.621296724563635
553.9433990439449 63.674996481106376
562.0006913194694 63.729404804670310
570.1751796098309 63.786059836639481
578.4685685703187 63.836234839850434
586.8825876510039 63.879568808872477
595.4189914573883 63.917759764121030
604.0795601162986 63.952808295450652
612.8660996471021 63.984336191672412
621.780442338323 64.012809961634730
630.8244471297356 64.035896228398386
640.0000000000159 64.057000000000031
649.3090143600314 64.075618028720058
658.7534314518515 64.092756176613335
668.3352207535618 64.106252548017309
678.0563803899662 64.117362018428963
687.9189375492632 64.125835150039407
697.9249489057827 64.133839959124629
708.0765010488715 64.135096174947563
718.3757109180171 64.120761291439365
728.8247262443015 64.101674256448035
739.425725998274 64.098557427400166
750.1809208443404 64.109286458003538
761.0925536017613 64.126563209869460
772.1628997123541 64.142071707294036
783.3942677149998 64.152779985462118
794.7889997270506 64.159894499863526
806.34947193274 64.163558245322122
818.0780950786972 64.160525860910084
829.9773149766683 64.148151157152171
842.0496130135506 64.134993798373301
854.2975066688449 64.141699699448338
866.7235500396347 64.168580600109763
879.3303343732008 64.205357069994250
892.1204886073838 64.247472311644856
905.0966799188055 64.292050741379114
918.2616142790653 64.340583131842564
931.6180370190256 64.393735767732153
945.1687334013056 64.450765814180613
958.9165292011028 64.510881337304880
972.8642912954606 64.572971453472064
987.0149282611097 64.638877740302135
1001.3713909810035 64.706811241872316
1015.9366732596762 64.779277033624354
1030.7138124475518 64.854747515349644
1045.7058900743334 64.933989013538479
1060.916032491606 65.018751919618538
1076.3474115247852 65.107539555431231
1092.0032451345498 65.200831666575937
1107.8867980878947 65.294551245943381
1124.0013826389438 65.388507950173931
1140.350359219667 65.482024907342321
1156.9371371406426 65.573181267650313
1173.765175302013 65.664377493791932
1190.837982914782 65.753774142057523
1208.1591202326028 65.843295601163021
1225.73219929421 65.930751553664322
1243.5608846766518 66.018377609270487
1261.648894259477 66.104638099494849
1280.0000000000375 66.191500000000190
1298.6180287200684 66.278206819467755
1317.5068629037087 66.366282255647434
1336.6704415071292 66.454684030932796
1356.112760779938 66.542104604490220
1375.8378750985323 66.630770437943397
1395.8498978115715 66.720824540152080
1416.153002097749 66.811380859334975
1436.7514218360407 66.901524757257278
1457.6494524886093 66.989168733302847
1478.8514519965543 67.076636895106020
1500.3618416886875 67.163954603588536
1522.1851072035295 67.251684130958182
1544.3257994247153 67.340689713687368
1566.788535430007 67.431325683137231
1589.5779994541087 67.523686677783672
1612.6989438654878 67.616795775461952
1636.156190157402 67.711071008235905
1659.9546299533442 67.808212168006847
1684.099226027109 67.908170795752227
1708.5950133376978 68.010270956285083
1733.4471000792773 68.115146762334547
1758.6606687464096 68.222067662234636
1784.2409772147755 68.332105841112124
1810.193359837619 68.445554650482265
1836.5232285581387 68.562854528511622
1863.2360740380593 68.684915383536591
1890.3374668026197 68.811279344636262
1917.833058402214 68.939245390986287
1945.7285825909298 69.070338909829189
1974.0298565222283 69.204882117045813
2002.7427819620161 69.341711066450387
2031.8733465193618 69.482179397944876
2061.4276248951132 69.627090536979068
2091.411780148677 69.776035371074244
2121.832064983222 69.927706126540699
2152.694823049581 70.082632800536032
2184.0064902691106 70.239532451345553
2215.7735961758003 70.397579301070209
2248.002765277899 70.556846929283012
2280.7007184393456 70.716720139123510
2313.874274281297 70.875902802836151
2347.530350604038 71.034308302818843
2381.6759658295764 71.191396594097455
2416.318240465218 71.346800258046954
2451.4643985884327 71.497955389018472
2487.1217693533167 71.645843165880933
2523.2977885189675 71.787696485798023
2560.0000000000887 71.924500000000307
2597.236057440151 72.054525341706494
2635.0137258074315 72.178043465056859
2673.340883014273 72.293188560741385
2712.225521559891 72.398915930696376
2751.6757501970797 72.492646119208217
2791.699795623158 72.576588333582180
2832.3060041955137 72.648097147090425
2873.502843672097 72.709728838957332
2915.2989049772345 72.760798904977236
2957.7029039931244 72.800892032795190
3000.723683377391 72.830798519393170
3044.370214407075 72.848165390508541
3088.6515988494466 72.856398869913704
3133.57707086003 72.856231719685496
3179.1559989082334 72.848002560262017
3225.3978877309914 72.833348802662215
3272.3123803148205 72.812620686039438
3319.9092599067053 72.786156258857858
3368.198452054235 72.754397114520941
3417.190026675413 72.719810781860730
3466.8942001585724 72.686011943892169
3517.3213374928373 72.650682210255297
3568.4819544295697 72.613747451443601
3620.386719675257 72.579767968194858
3673.0464571162966 72.548863519443714
3726.472148076138 72.518675597077362
3780.6749336052594 72.492134493214849
3835.6661168044484 72.470456826126707
3891.45716518188 72.457549639787487
3948.059713044477 72.449766789456390
4005.4855639240527 72.442448600247886
4063.746693038744 72.430157875922617
4122.855249790247 72.402166887524473
4182.823560297375 72.395378990272974
4243.664129966465 72.392771537287146
4305.389646099183 72.411886376134703
4368.012980538242 72.412049675486543
4431.5471923516225 72.369356588156379
4496.00553055582 72.294426512314487
4561.401436878714 72.184464176728937
4627.748548562617 72.043934914879401
4695.060701208099 71.867786084310509
4763.351931659176 71.662533996465143
4832.63648093046 71.431266857506174
4902.928797176889 71.177398656139616
4974.243538706657 70.909233101624480
5046.595577037959 70.628777249551959
5120.000000000202 70.342499999999220
5194.472114880326 70.054917673637604
5270.027451614888 69.769397056444177
5346.6817660285715 69.488653881259467
5424.451043119808 69.215461408687517
5503.351500394186 68.955250870155908
5583.399591246343 68.712489968596842
5664.612008391055 68.490162877553928
5747.005687344222 68.287621947545006
5830.597809954497 68.108935084434862
5915.405807986278 67.957469694579629
6001.447366754812 67.834971218865235
6088.740428814181 67.745694404926923
6177.303197698925 67.690773743761127
6267.154141720092 67.670463439370991
6358.3119978165005 67.683161119432299
6450.795775462017 67.723969507522597
6544.624760629676 67.792716036960414
6639.818519813445 67.885601279195726
6736.396904108505 67.996086207532926
6834.380053350861 68.119209770156374
6933.788400317181 68.250269630420263
7034.642674985712 68.382169410606792
7136.963908859177 68.509856690631011
7240.773439350552 68.629943048892102
7346.092914232631 68.736444551951692
7452.944296152315 68.824149336191198
7561.349867210557 68.890197431392124
7671.332233608935 68.933530490069955
7782.914330363799 68.952613844951742
7896.119426088994 68.944291036593484
8010.971127848146 68.899545932310090
8127.49338607753 68.811363833128553
8245.710499580537 68.667229890896039
8365.647120594791 68.453390386311696
8487.328259932974 68.168570572911705
8610.77929219841 67.808893186093883
8736.025961076528 67.378532912107289
8863.094384703289 66.893987614512554
8992.011061111683 66.367148130256908
9122.802873757471 65.815130907665477
9255.497097125279 65.253856188380098
9390.121402416245 64.701315668026297
9526.7038633184 64.172585834499202
9665.272961860968 63.678313197436587
9805.857594353829 63.226571727642593
9948.487077413367 62.826933598725248
10093.19115407597 62.493260293097173
10240.000000000457 62.226599999999266
10388.944229760706 62.031843689299791
10540.05490322983 61.925785219957675
10693.363532057198 61.924631483164205
10848.902086239672 62.021451342612536
11006.703000788428 62.208549732329161
11166.799182492743 62.493954088030208
11329.224016782166 62.895982443633628
11494.0113746885 63.386660782874245
11661.195619909053 64.004854623116387
11830.811615972614 64.683719658282925
12002.894733509682 65.419374985753876
12177.48085762842 66.149367261191827
12354.606395397908 66.785094825753617
12534.308283440243 67.268207087835577
12716.62399563306 67.456996159606973
12901.591550924093 67.247964865744649
13089.249521259411 66.847985306115646
13279.637039626952 66.305656936189081
13472.793808217073 65.729278392745300
13668.760106701786 65.278358222875028
13867.576800634426 65.033300337744635
14069.285349971487 65.065220980464929
14273.927817718419 65.316931215793659
14481.54687870117 65.793789852817866
14692.18582846533 66.208381162310360
14905.888592304698 66.215989974709672
15122.699734421185 65.841351875632498
15342.664467217943 65.330873763023064
15565.828660727671 64.939086984091915
15792.238852178061 64.602952398874535
16021.942255696367 63.832433658560916
16254.986772155136 62.254244129594767
16491.42099916115 60.393033894603434
16731.294241189662 58.873897342293681
16974.65651986603 57.613896939961379
17221.558584396902 56.691820267859086
17472.051922153143 56.114808886592272
17726.188769406665 55.873144229397042
17984.022122223458 55.967266707156156
18245.605747515034 56.408248538616519
18510.99419425065 57.207904135547942
18780.242804832582 58.201389781323016
19053.40772663689 58.891856515313393
19330.545923722028 58.627975663229300
19611.71518870775 57.127049097517968
19896.974154826825 56.070000000000000
20186.382308152035 56.070000000000000
