20 71.654499999999999
20.290906698750476 71.709287610890044
20.586044732869844 71.761534577691748
20.885475648548283 71.810151896515308
21.189261887185914 71.857817544600636
21.49746679841394 71.905107391522648
21.810154653305165 71.953599507398025
22.12739065777668 72.003564028599826
22.449240966187475 72.054050256314554
22.77577269513385 72.103108072678992
23.107053937445478 72.147881786786641
23.44315377638505 72.187746972912464
23.784142300054445 72.223874585755595
24.130090616010463 72.259225923380797
24.481070866093134 72.295965128279363
24.837156241469714 72.334358534020993
25.1984209978975 72.372586178531861
25.56494047120865 72.408550855624924
25.936791093020236 72.441114301986374
26.3140504066728 72.472004148903238
26.69679708340074 72.504965741151807
27.08511093873791 72.540585480561830
27.47907294916184 72.578011901450125
27.878765268980047 72.610755851759734
28.284271247461966 72.634497833620557
28.695675446220072 72.653914044187459
29.11306365684382 72.674462201351687
29.536522918790062 72.703360108528685
29.966141537533712 72.742885021453105
30.402009102982383 72.780620545777126
30.844216508158908 72.801925126881599
31.29285596815558 72.806312510278644
31.74802103936409 72.798795516094629
32.20980663898519 72.790901933610144
32.67830906482211 72.790318017842679
33.153626015361866 72.800491414599122
33.63585661014871 72.822694823049517
34.125101410453844 72.855632808604952
34.62146244024586 72.893002370817214
35.12504320746613 72.924876857921049
35.635948725613716 72.943311128335438
36.15428553564419 72.950579998749504
36.68016172818701 72.955342102466432
37.21368696608603 72.962918991457371
37.754972507267915 72.970778213267423
38.30413122794313 72.977228911595603
38.86127764614443 72.981915162566906
39.4265279456077 72.988627518263485
40.000000000000206 72.995499999999993
40.58181339750116 72.998893922798501
41.1720894657399 72.999476740504406
41.77095129709678 73.001878967501113
42.37852377437204 73.006132313913639
42.9949335968281 73.004525323766927
43.62030930661056 72.995328188248891
44.25478131555359 72.989244746945616
44.89848193237519 72.990077006641599
45.55154539026795 72.985843186251117
46.21410787489121 72.964506257733007
46.88630755277036 72.943075266827080
47.56828460010916 72.936158577487205
48.260181232021196 72.931676034895531
48.962141732186545 72.914884761719563
49.674312482939705 72.899342514702525
50.39684199579528 72.890535521966711
51.129880942417586 72.877988592843295
51.873582186040764 72.856725174279845
52.628100813345895 72.831551613239100
53.393594166801776 72.805716180265676
54.17022187747612 72.780893329542380
54.95814589832399 72.756273902876870
55.75753053796041 72.721668857446730
56.56854249492426 72.683847045233478
57.39135089244048 72.647954613409951
58.226127313687975 72.610223806776631
59.073045837580466 72.562555524770659
59.932283075067765 72.516156713946344
60.804018205965114 72.469810523418033
61.68843301631817 72.428924310837346
62.58571193631152 72.387714429077462
63.49604207872855 72.342445917102935
64.41961327797075 72.294211463072628
65.35661812964459 72.246665420425288
66.3072520307241 72.204098276509882
67.27171322029778 72.154468920002429
68.25020282090806 72.123384633993126
69.2429248804921 72.165558971773279
70.25008641493265 72.185624870377609
71.27189745122783 72.202717129232269
72.30857107128878 72.273562831597147
73.36032345637442 72.348582965402585
74.42737393217246 72.421565618625124
75.50994501453623 72.479960239679002
76.60826245588666 72.515123967706074
77.72255529228926 72.526445648196614
78.85305589121582 72.515350517816614
80.00000000000082 72.490499999999969
81.16362679500274 72.450257806067327
82.34417893148023 72.397952000860101
83.541902594194 72.343713760616367
84.75704754874454 72.288932887638708
85.98986719365665 72.230156299364012
87.24061861322157 72.163966657826563
88.50956263110764 72.092438992308360
89.79696386475084 72.016911453267952
91.10309078053635 71.950764567701711
92.42821574978288 71.891675065278690
93.77261510554118 71.847384837625185
95.13656920021877 71.817654801215781
96.52036246404286 71.788723053899730
97.92428346437356 71.758208865724754
99.34862496587989 71.721541299876847
100.79368399159105 71.671046324327946
102.25976188483567 71.611336746875281
103.74716437208203 71.549046091662177
105.25620162669229 71.487216846686692
106.78718833360406 71.426824447211843
108.34044375495276 71.368683728985062
109.9162917966485 71.311570722396340
111.51506107592134 71.257914108066629
113.13708498984903 71.189751978662031
114.78270178488147 71.115187902977141
116.45225462737648 71.023645536655437
118.14609167516147 70.932453964135249
119.86456615013608 70.855453029390475
121.60803641193078 70.779298415490942
123.3768660326369 70.703163573987382
125.17142387262359 70.613857393460080
126.99208415745765 70.518559820179604
128.83922655594208 70.426059114170926
130.71323625928977 70.331287766315924
132.61450406144883 70.235774796927558
134.5434264405962 70.140958957291986
136.50040564181674 70.047980123550985
138.48584976098482 69.950328974390999
140.50017282986593 69.848991012846966
142.5437949024563 69.742722665072279
144.61714214257822 69.629652896622559
146.7206469127495 69.514896807946428
148.8547478643456 69.397988867460995
151.01989002907314 69.278294114383527
153.216524911774 69.155874604940664
155.4451105845792 69.031340873614312
157.70611178243232 68.905627961331902
160.00000000000236 68.773499999999856
162.3272535900062 68.631072080291631
164.6883578629612 68.482633454633444
167.08380518838874 68.323801813415628
169.51409509748981 68.157027438273204
171.97973438731407 67.986502380397866
174.4812372264439 67.813002136484783
177.01912526221608 67.636065056697305
179.5939277295025 67.460531699939736
182.20618156107355 67.288274489593590
184.85643149956664 67.125728964826351
187.54523021108326 66.976837995910216
190.27313840043846 66.850759571185961
193.04072492808663 66.773660170776665
195.84856692874806 66.764040510230984
198.69724993176072 66.834389997270421
201.58736798318304 66.995499268178577
204.5195237696723 67.229763647193735
207.49432874416505 67.506457449858459
210.5124032533856 67.798967586040689
213.57437666720915 68.101256884220504
216.68088750990657 68.384444764952860
219.83258359329807 68.638153040005733
223.03012215184378 68.803142403399136
226.2741699796992 68.909991334482328
229.5654035697641 68.943892421418582
232.90450925475412 68.919875331831420
236.2921833503241 68.859341507917065
239.72913230027333 68.775136258643300
243.21607282386276 68.670410442061808
246.75373206527502 68.546150161207208
250.34284774524843 68.409871802126389
253.9841683149166 68.265129309482063
257.67845311188546 68.111844195856747
261.42647251858085 67.953731536089961
265.22900812289896 67.794381658838233
269.08685288119375 67.632395605430460
273.0008112836349 67.471342447244155
276.97169952197106 67.312860793762638
281.00034565973334 67.156687106891937
285.0875898049141 67.004434356828000
289.23428428515797 66.859300050019471
293.44129382550057 66.722034468201429
297.7094957286928 66.592069876003563
302.0397800581479 66.466366268342782
306.4330498235497 66.344807654764153
310.89022116916016 66.228354249601836
315.41222356486645 66.109905854382930
320.00000000000654 65.991999999999834
324.6545071800142 65.868190109011636
329.3767157259242 65.736889631246726
334.16761037677935 65.600723104261789
339.02819019498156 65.458974027287042
343.95946877463007 65.313299724270948
348.9624744528898 65.163229518968009
354.03825052443415 65.011256309319421
359.187855459007 64.856864336229791
364.4123631221491 64.701011578959964
369.71286299913527 64.549183404524641
375.0904604221685 64.397038184225266
380.54627680087896 64.248562038490377
386.08144985617537 64.108188188552475
391.6971338574982 63.984805192929883
397.3944998635236 63.869222852552106
403.1747359663683 63.776318257801371
409.0390475393468 63.707622540452988
414.9886574883323 63.662064274232790
421.0248065067734 63.643055481531363
427.1487533344206 63.649274076115546
433.3617750198154 63.682910127233598
439.6651671865984 63.742482006239179
446.06024430368984 63.824030168352891
452.54833995940066 63.921528273346347
459.13080713953053 64.030928663719195
465.8090185095106 64.139809459733925
472.58436670065066 64.234096767108468
479.45826460054917 64.300847669332924
486.432145647728 64.334739651507959
493.50746413055253 64.332316630201788
500.6856954904994 64.308085794165379
507.9683366298358 64.277134569323209
515.3569062237735 64.250954774630387
522.8529450371643 64.229261019277430
530.4580162458005 64.209068699231878
538.1737057623901 64.184941660049461
546.0016225672724 64.159422776545455
553.9433990439449 64.131076640905945
562.0006913194694 64.101497234722117
570.1751796098309 64.068825558502155
578.4685685703187 64.036896011004274
586.8825876510039 64.007599201986594
595.4189914573883 63.977762580326271
604.0795601162986 63.946456622071146
612.8660996471021 63.913578337050254
621.780442338323 63.877893913336820
630.8244471297356 63.839372432629162
640.0000000000159 63.798999999999921
649.3090143600314 63.755247632507853
658.7534314518515 63.706044484877779
668.3352207535618 63.653239524817728
678.0563803899662 63.600092726874685
687.9189375492632 63.547133684111444
697.9249489057827 63.495186513135224
708.0765010488715 63.442906019598311
718.3757109180171 63.391959016501715
728.8247262443015 63.342082550339569
739.425725998274 63.295026805607591
750.1809208443404 63.250821546833720
761.0925536017613 63.209902923993397
772.1628997123541 63.173275135555770
783.3942677149998 63.138171483953847
794.7889997270506 63.104764500773356
806.34947193274 63.073332636176559
818.0780950786972 63.045174945404391
829.9773149766683 63.020811110812303
842.0496130135506 62.999081911101854
854.2975066688449 62.980128116663941
866.7235500396347 62.965776449960366
879.3303343732008 62.954901799376081
892.1204886073838 62.949363853417786
905.0966799188055 62.946787638336716
918.2616142790653 62.948908313184262
931.6180370190256 62.957608957248333
945.1687334013056 62.971266127851415
958.9165292011028 62.989874793801654
972.8642912954606 63.014557153160851
987.0149282611097 63.042529856522222
1001.3713909810035 63.073379921060109
1015.9366732596762 63.103654789425427
1030.7138124475518 63.129876638291705
1045.7058900743334 63.159178325472780
1060.916032491606 63.191770996150439
1076.3474115247852 63.220841462417212
1092.0032451345498 63.240814629619550
1107.8867980878947 63.250202156937988
1124.0013826389438 63.250944252411259
1140.350359219667 63.248412410195087
1156.9371371406426 63.244896364545809
1173.765175302013 63.242500000000000
1190.837982914782 63.245209495728695
1208.1591202326028 63.250002448679425
1225.73219929421 63.261914603972087
1243.5608846766518 63.282983598385904
1261.648894259477 63.315132899093008
1280.0000000000375 63.354500000000101
1298.6180287200684 63.405832564899619
1317.5068629037087 63.458771275001496
1336.6704415071292 63.526096828387992
1356.112760779938 63.602853862139249
1375.8378750985323 63.690958278575785
1395.8498978115715 63.795589448182483
1416.153002097749 63.923802163740262
1436.7514218360407 64.068848945780132
1457.6494524886093 64.248169798641797
1478.8514519965543 64.456059233321469
1500.3618416886875 64.697095389446332
1522.1851072035295 64.974250861484833
1544.3257994247153 65.278628612003530
1566.788535430007 65.602948387986686
1589.5779994541087 65.939920631877143
1612.6989438654878 66.279642643804195
1636.156190157402 66.612232300369016
1659.9546299533442 66.928826522610279
1684.099226027109 67.221821254106331
1708.5950133376978 67.486934432576717
1733.4471000792773 67.723320828688117
1758.6606687464096 67.932821082472714
1784.2409772147755 68.119284186427592
1810.193359837619 68.287679495009471
1836.5232285581387 68.442760544496736
1863.2360740380593 68.588651192401727
1890.3374668026197 68.729221080693350
1917.833058402214 68.868021953179124
1945.7285825909298 69.008057484606468
1974.0298565222283 69.151091074002466
2002.7427819620161 69.298945318333296
2031.8733465193618 69.452647293646550
2061.4276248951132 69.613018493160894
2091.411780148677 69.781664795193180
2121.832064983222 69.957809183401011
2152.694823049581 70.142279735314318
2184.0064902691106 70.333240077411759
2215.7735961758003 70.532162335716322
2248.002765277899 70.737884594885045
2280.7007184393456 70.951124741699687
2313.874274281297 71.171226399779997
2347.530350604038 71.398206384107453
2381.6759658295764 71.633106063369809
2416.318240465218 71.874499653930940
2451.4643985884327 72.122897229977866
2487.1217693533167 72.377491376521320
2523.2977885189675 72.638617744406019
2560.0000000000887 72.905250000000649
2597.236057440151 73.176392317877088
2635.0137258074315 73.450849512103872
2673.340883014273 73.726970835627412
2712.225521559891 74.004301203075229
2751.6757501970797 74.278854570114788
2791.699795623158 74.549681125565741
2832.3060041955137 74.812904546935201
2873.502843672097 75.067987118906018
2915.2989049772345 75.312714900723194
2957.7029039931244 75.544899665165275
3000.723683377391 75.761792759367125
3044.370214407075 75.958709226696143
3088.6515988494466 76.134744060728565
3133.57707086003 76.290625480295105
3179.1559989082334 76.422429637063146
3225.3978877309914 76.532343521989702
3272.3123803148205 76.619530437094255
3319.9092599067053 76.684900185897376
3368.198452054235 76.730556931917420
3417.190026675413 76.758860309869902
3466.8942001585724 76.772858362017445
3517.3213374928373 76.775807146500284
3568.4819544295697 76.771912526379850
3620.386719675257 76.764238124851957
3673.0464571162966 76.756964889717210
3726.472148076138 76.753470557038469
3780.6749336052594 76.758477666715237
3835.6661168044484 76.771923107889819
3891.45716518188 76.801556444756869
3948.059713044477 76.842593291957257
4005.4855639240527 76.905271215559083
4063.746693038744 76.989119157701779
4122.855249790247 77.094662580797277
4182.823560297375 77.225220247046153
4243.664129966465 77.380798275199965
4305.389646099183 77.558553134455948
4368.012980538242 77.757158096217893
4431.5471923516225 77.971441585587982
4496.00553055582 78.191818942153674
4561.401436878714 78.401401289278567
4627.748548562617 78.589031945312257
4695.060701208099 78.742185026546593
4763.351931659176 78.856444512850715
4832.63648093046 78.899060853962681
4902.928797176889 78.817759256893311
4974.243538706657 78.624720800413940
5046.595577037959 78.294988890036961
5120.000000000202 77.865428571427273
5194.472114880326 77.344947613593035
5270.027451614888 76.761970460669801
5346.6817660285715 76.144835367904818
5424.451043119808 75.513446550729554
5503.351500394186 74.884642064740262
5583.399591246343 74.271559353973089
5664.612008391055 73.687077800465460
5747.005687344222 73.133518401939938
5830.597809954497 72.616715581811405
5915.405807986278 72.139738495429711
6001.447366754812 71.703513987729991
6088.740428814181 71.316538284743274
6177.303197698925 70.975548762372341
6267.154141720092 70.682564007910969
6358.3119978165005 70.438094685425995
6450.795775462017 70.240019857640647
6544.624760629676 70.092942173016041
6639.818519813445 69.998317054720331
6736.396904108505 69.956224278630231
6834.380053350861 69.966142924274635
6933.788400317181 70.028605806306075
7034.642674985712 70.144117585728708
7136.963908859177 70.315797456806948
7240.773439350552 70.543414262392616
7346.092914232631 70.819521088993696
7452.944296152315 71.127450395130097
7561.349867210557 71.440324623763246
7671.332233608935 71.722787252290999
7782.914330363799 71.936319608351909
7896.119426088994 72.030156701592887
8010.971127848146 71.935066493660216
8127.49338607753 71.618520376209972
8245.710499580537 71.082451234594416
8365.647120594791 70.358886954224786
8487.328259932974 69.522885386967502
8610.77929219841 68.625349586567452
8736.025961076528 67.717704289588070
8863.094384703289 66.836953922765758
8992.011061111683 66.004581915422222
9122.802873757471 65.237338814191702
9255.497097125279 64.546776781267468
9390.121402416245 63.935056562845084
9526.7038633184 63.404205469842999
9665.272961860968 62.953253171261522
9805.857594353829 62.581027532986191
9948.487077413367 62.291218340171724
10093.19115407597 62.096193995894154
10240.000000000457 61.991199999999793
10388.944229760706 61.984012451696159
10540.05490322983 62.091177501213522
10693.363532057198 62.320288898985240
10848.902086239672 62.686590528535135
11006.703000788428 63.201795993431304
11166.799182492743 63.877436280341982
11329.224016782166 64.772614963303965
11494.0113746885 65.867830096764862
11661.195619909053 67.317164491069704
11830.811615972614 69.003889600612098
12002.894733509682 70.958025771874361
12177.48085762842 72.743546872046494
12354.606395397908 73.434890058289795
12534.308283440243 72.979751779718100
12716.62399563306 71.434131721908074
12901.591550924093 69.840424856495787
13089.249521259411 68.374548025362202
13279.637039626952 67.304164545105252
13472.793808217073 66.690018928496869
13668.760106701786 66.505380861887033
13867.576800634426 66.786257705922310
14069.285349971487 67.514180425115569
14273.927817718419 68.479069660542351
14481.54687870117 69.233783137880067
14692.18582846533 69.246494197971288
14905.888592304698 68.372365633585730
15122.699734421185 66.701358694847386
15342.664467217943 64.554947895278346
15565.828660727671 62.280738532901452
15792.238852178061 59.993624593417671
16021.942255696367 57.621109725770580
16254.986772155136 55.419022171372291
16491.42099916115 53.950292753210938
16731.294241189662 53.077293209223839
16974.65651986603 52.516306343255010
17221.558584396902 52.452967008130500
17472.051922153143 52.856578602163026
17726.188769406665 53.721327192325177
17984.022122223458 55.104418645606849
18245.605747515034 56.967747131543632
18510.99419425065 58.658566835705301
18780.242804832582 58.763514700041725
19053.40772663689 56.830550475668005
19330.545923722028 53.944340851478614
19611.71518870775 50.985980872910424
19896.974154826825 49.544499999999999
20186.382308152035 49.544499999999999
