20 61.308499999999995
20.290906698750476 61.324494870034393
20.586044732869844 61.345003815010642
20.885475648548283 61.370545374368092
21.189261887185914 61.399525083350596
21.49746679841394 61.429037284218367
21.810154653305165 61.454008293710373
22.12739065777668 61.471011525617641
22.449240966187475 61.480505526747422
22.77577269513385 61.487994786585645
23.107053937445478 61.497502809241951
23.44315377638505 61.515011273928522
23.784142300054445 61.540011926883182
24.130090616010463 61.569007357710248
24.481070866093134 61.597504578427362
24.837156241469714 61.620507574032466
25.1984209978975 61.638015486298684
25.56494047120865 61.651497810248813
25.936791093020236 61.666491576331460
26.3140504066728 61.684002961227520
26.69679708340074 61.706488079312052
27.08511093873791 61.730506335334013
27.47907294916184 61.753003465085186
27.878765268980047 61.771988850276550
28.284271247461966 61.785507242043892
28.695675446220072 61.796491334729176
29.11306365684382 61.806001651474716
29.536522918790062 61.816987622893137
29.966141537533712 61.831506330233729
30.402009102982383 61.851000442792127
30.844216508158908 61.872510126216781
31.29285596815558 61.893493263544023
31.74802103936409 61.912000660326356
32.20980663898519 61.926493931310148
32.67830906482211 61.940509090141830
33.153626015361866 61.954489000451815
33.63585661014871 61.971994793936936
34.125101410453844 61.990503271304959
34.62146244024586 62.006510551711955
35.12504320746613 62.018000803269921
35.635948725613716 62.027499046757981
36.15428553564419 62.042511671133745
36.68016172818701 62.064006662959017
37.21368696608603 62.085987103471709
37.754972507267915 62.098999339361342
38.30413122794313 62.108004005161639
38.86127764614443 62.125014470956287
39.4265279456077 62.154475396458352
40.000000000000206 62.182000000000002
40.58181339750116 62.191496954082922
41.1720894657399 62.196002389735952
41.77095129709678 62.211998699087729
42.37852377437204 62.236980418354122
42.9949335968281 62.249498652533035
43.62030930661056 62.250505114518759
44.25478131555359 62.260996383957973
44.89848193237519 62.282010316595191
45.55154539026795 62.295990268293195
46.21410787489121 62.304002969770067
46.88630755277036 62.322510372014250
47.56828460010916 62.345507608528933
48.260181232021196 62.364006712297083
48.962141732186545 62.390004777489438
49.674312482939705 62.414000864406475
50.39684199579528 62.415999562920597
51.129880942417586 62.413500406062695
51.873582186040764 62.429491014753566
52.628100813345895 62.444501250296071
53.393594166801776 62.453994966820645
54.17022187747612 62.467500703926000
54.95814589832399 62.469999999999999
55.75753053796041 62.469999999999999
56.56854249492426 62.487490127818958
57.39135089244048 62.487993906658218
58.226127313687975 62.473502029202820
59.073045837580466 62.487001040550425
59.932283075067765 62.506502921646344
60.804018205965114 62.515500236842300
61.68843301631817 62.527001928803202
62.58571193631152 62.530998716865525
63.49604207872855 62.529500091079498
64.41961327797075 62.531499162939326
65.35661812964459 62.529001018864342
66.3072520307241 62.528497388282652
67.27171322029778 62.518502971810385
68.25020282090806 62.506503165885270
69.2429248804921 62.521998827439702
70.25008641493265 62.528498858511163
71.27189745122783 62.515001354607065
72.30857107128878 62.515000000000001
73.36032345637442 62.525502879883376
74.42737393217246 62.535007941311143
75.50994501453623 62.557998832256999
76.60826245588666 62.570501647705115
77.72255529228926 62.577497208113030
78.85305589121582 62.575000389825391
80.00000000000082 62.582999999999998
81.16362679500274 62.578501442802825
82.34417893148023 62.565500373396247
83.541902594194 62.567999796732458
84.75704754874454 62.564499344421208
85.98986719365665 62.547501831068800
87.24061861322157 62.540502134058713
88.50956263110764 62.544498621374657
89.79696386475084 62.517000772120710
91.10309078053635 62.490999075066227
92.42821574978288 62.477497353255451
93.77261510554118 62.461004721753582
95.13656920021877 62.436507737972605
96.52036246404286 62.415994836694544
97.92428346437356 62.395995325324364
99.34862496587989 62.372506184773215
100.79368399159105 62.352004483164279
102.25976188483567 62.335002761226320
103.74716437208203 62.315497984835311
105.25620162669229 62.296995588181460
106.78718833360406 62.263495755520836
108.34044375495276 62.228489441109943
109.9162917966485 62.190992335547691
111.51506107592134 62.148997816027475
113.13708498984903 62.090996385607880
114.78270178488147 62.021012682295435
116.45225462737648 61.948489102429278
118.14609167516147 61.875995920215331
119.86456615013608 61.799519307454673
121.60803641193078 61.722998219540976
123.3768660326369 61.636506550693554
125.17142387262359 61.544980447391339
126.99208415745765 61.460995899203468
128.83922655594208 61.370990086666353
130.71323625928977 61.288990870106311
132.61450406144883 61.215519164817835
134.5434264405962 61.150993680747419
136.50040564181674 61.122003880762598
138.48584976098482 61.140998562668031
140.50017282986593 61.221512429545150
142.5437949024563 61.368485249834187
144.61714214257822 61.595020605269184
146.7206469127495 61.899948815774046
148.8547478643456 62.273455870352890
151.01989002907314 62.670479834430495
153.216524911774 63.048418259740814
155.4451105845792 63.420018047638095
157.70611178243232 63.789016494487072
160.00000000000236 64.127500000000339
162.3272535900062 64.460531470509025
164.6883578629612 64.753532037397818
167.08380518838874 64.967982559644980
169.51409509748981 65.101502236680631
171.97973438731407 65.159493752824091
174.4812372264439 65.156995139568522
177.01912526221608 65.104995792162441
179.5939277295025 65.018502427727384
182.20618156107355 64.910992497759423
184.85643149956664 64.801480503087632
187.54523021108326 64.679990801683260
190.27313840043846 64.570994849983691
193.04072492808663 64.468010235696198
195.84856692874806 64.363516116789810
198.69724993176072 64.264490919434294
201.58736798318304 64.159487955545330
204.5195237696723 64.063515587491125
207.49432874416505 63.982992211660765
210.5124032533856 63.911491768995226
213.57437666720915 63.848993271634981
216.68088750990657 63.793502009398196
219.83258359329807 63.736507530197343
223.03012215184378 63.670997307689014
226.2741699796992 63.599496281209859
229.5654035697641 63.527490333658349
232.90450925475412 63.447511754377146
236.2921833503241 63.373496319123547
239.72913230027333 63.304497666628386
243.21607282386276 63.242998950249572
246.75373206527502 63.192003862258616
250.34284774524843 63.146001951440113
253.9841683149166 63.086997243353423
257.67845311188546 63.026494136625814
261.42647251858085 62.977994905794944
265.22900812289896 62.936999915781243
269.08685288119375 62.897001525337544
273.0008112836349 62.861001735766258
276.97169952197106 62.827002572715429
281.00034565973334 62.788996490978732
285.0875898049141 62.747504164162436
289.23428428515797 62.699496655071229
293.44129382550057 62.649996317717438
297.7094957286928 62.596506319633392
302.0397800581479 62.541002819116116
306.4330498235497 62.482499351634310
310.89022116916016 62.424497187698648
315.41222356486645 62.366997149401769
320.00000000000654 62.308499999999910
324.6545071800142 62.248006405071784
329.3767157259242 62.188503582021916
334.16761037677935 62.127005001425189
339.02819019498156 62.064997512152438
343.95946877463007 62.000493909584051
348.9624744528898 61.935493644051121
354.03825052443415 61.867496497522474
359.187855459007 61.795502020767280
364.4123631221491 61.719494656946310
369.71286299913527 61.641502015858791
375.0904604221685 61.562493544300608
380.54627680087896 61.485996324324375
386.08144985617537 61.412494873433900
391.6971338574982 61.348498790161258
397.3944998635236 61.297004520363032
403.1747359663683 61.259001735861247
409.0390475393468 61.237500071908258
414.9886574883323 61.246499481915123
421.0248065067734 61.285998733766988
427.1487533344206 61.356497160365222
433.3617750198154 61.455996396985611
439.6651671865984 61.578003594707937
446.06024430368984 61.715505535240823
452.54833995940066 61.862507358987486
459.13080713953053 62.004995825213896
465.8090185095106 62.129000288229278
472.58436670065066 62.234504561086062
479.45826460054917 62.320002598958652
486.432145647728 62.388501080778191
493.50746413055253 62.441002715347992
500.6856954904994 62.482998218498530
507.9683366298358 62.522501753992245
515.3569062237735 62.560999511383855
522.8529450371643 62.603999684711589
530.4580162458005 62.649000105273458
538.1737057623901 62.698998093328086
546.0016225672724 62.756997203487714
553.9433990439449 62.821503392220180
562.0006913194694 62.889997375947345
570.1751796098309 62.963001710776055
578.4685685703187 63.041995890650497
586.8825876510039 63.119496201919752
595.4189914573883 63.193499925942682
604.0795601162986 63.265496343190563
612.8660996471021 63.329000626008273
621.780442338323 63.385002518843834
630.8244471297356 63.436502363316492
640.0000000000159 63.485000000000070
649.3090143600314 63.529000065383457
658.7534314518515 63.572001891147750
668.3352207535618 63.614000919711884
678.0563803899662 63.654501581262153
687.9189375492632 63.695499740395391
697.9249489057827 63.734999798298858
708.0765010488715 63.774501872852575
718.3757109180171 63.812998919450848
728.8247262443015 63.853998925831789
739.425725998274 63.895498927358588
750.1809208443404 63.938999679844613
761.0925536017613 63.984998118189239
772.1628997123541 64.032499569678123
783.3942677149998 64.082501256933085
794.7889997270506 64.135999998718489
806.34947193274 64.192502373947633
818.0780950786972 64.251500483423911
829.9773149766683 64.312001669718114
842.0496130135506 64.375997948551912
854.2975066688449 64.443002833627162
866.7235500396347 64.512497483524157
879.3303343732008 64.584501934606493
892.1204886073838 64.658502936840250
905.0966799188055 64.736498076109029
918.2616142790653 64.819997553536041
931.6180370190256 64.909000249962418
945.1687334013056 65.000498199853851
958.9165292011028 65.095496746734426
972.8642912954606 65.197002233450462
987.0149282611097 65.305499449956216
1001.3713909810035 65.416003073412384
1015.9366732596762 65.530497431568932
1030.7138124475518 65.649998483283653
1045.7058900743334 65.774499087130096
1060.916032491606 65.901000263200757
1076.3474115247852 66.026003233108611
1092.0032451345498 66.149001821070073
1107.8867980878947 66.266998500023391
1124.0013826389438 66.388002796828772
1140.350359219667 66.507502512177098
1156.9371371406426 66.623500969796567
1173.765175302013 66.742501216733359
1190.837982914782 66.860999881415182
1208.1591202326028 66.978000807343477
1225.73219929421 67.096001330192991
1243.5608846766518 67.214999230272113
1261.648894259477 67.332499313107519
1280.0000000000375 67.452000000000254
1298.6180287200684 67.573500186257007
1317.5068629037087 67.695999110895457
1336.6704415071292 67.817502781701563
1356.112760779938 67.939998492801635
1375.8378750985323 68.062999221146754
1395.8498978115715 68.185499374471192
1416.153002097749 68.307500012373850
1436.7514218360407 68.429002422256900
1457.6494524886093 68.549002550343772
1478.8514519965543 68.668502500469060
1500.3618416886875 68.787499124213369
1522.1851072035295 68.905500568918058
1544.3257994247153 69.022998935567671
1566.788535430007 69.139997580256903
1589.5779994541087 69.257499997185391
1612.6989438654878 69.374499715940573
1636.156190157402 69.491500946831891
1659.9546299533442 69.609998157463394
1684.099226027109 69.729501093411670
1708.5950133376978 69.848000063865527
1733.4471000792773 69.967000472334178
1758.6606687464096 70.085998436615483
1784.2409772147755 70.205499893556123
1810.193359837619 70.325501660473634
1836.5232285581387 70.447001035283762
1863.2360740380593 70.568000330551442
1890.3374668026197 70.688997619478897
1917.833058402214 70.810500255415462
1945.7285825909298 70.932498174508666
1974.0298565222283 71.052499391635195
2002.7427819620161 71.172499088755686
2031.8733465193618 71.291501371773478
2061.4276248951132 71.408498515064394
2091.411780148677 71.522999160453026
2121.832064983222 71.636000230556419
2152.694823049581 71.745499372190949
2184.0064902691106 71.852998249997739
2215.7735961758003 71.955498697013240
2248.002765277899 72.054999275346773
2280.7007184393456 72.148499194876706
2313.874274281297 72.236500664188441
2347.530350604038 72.318000775218323
2381.6759658295764 72.393499924446004
2416.318240465218 72.461000410513662
2451.4643985884327 72.521000575671778
2487.1217693533167 72.572499666882493
2523.2977885189675 72.615499748626604
2560.0000000000887 72.649000000000058
2597.236057440151 72.672000018245598
2635.0137258074315 72.683999912904056
2673.340883014273 72.686499992369235
2712.225521559891 72.678500098431812
2751.6757501970797 72.659500120310653
2791.699795623158 72.631000145531175
2832.3060041955137 72.591499994907991
2873.502843672097 72.541500189732147
2915.2989049772345 72.482000135272614
2957.7029039931244 72.413000156222864
3000.723683377391 72.334000581418053
3044.370214407075 72.246999530339949
3088.6515988494466 72.150000878722807
3133.57707086003 72.045999825877630
3179.1559989082334 71.934000002682765
3225.3978877309914 71.815500287701184
3272.3123803148205 71.689998949274127
3319.9092599067053 71.558499262622576
3368.198452054235 71.421498698978468
3417.190026675413 71.280499922717297
3466.8942001585724 71.136499420486018
3517.3213374928373 70.990499023691100
3568.4819544295697 70.842500131827450
3620.386719675257 70.695000796607260
3673.0464571162966 70.547498755092619
3726.472148076138 70.401999606609152
3780.6749336052594 70.258000176389544
3835.6661168044484 70.117499724690632
3891.45716518188 69.985999639595747
3948.059713044477 69.862500626097685
4005.4855639240527 69.749000861885207
4063.746693038744 69.648000532141339
4122.855249790247 69.561499700096746
4182.823560297375 69.489500527915908
4243.664129966465 69.427499904198015
4305.389646099183 69.382000260870413
4368.012980538242 69.368000004350876
4431.5471923516225 69.379500105936927
4496.00553055582 69.415000494891203
4561.401436878714 69.476000579449675
4627.748548562617 69.563999401240579
4695.060701208099 69.678999489525367
4763.351931659176 69.825499853393126
4832.63648093046 69.995998722647670
4902.928797176889 70.166499508033056
4974.243538706657 70.325998968291543
5046.595577037959 70.462999199112687
5120.000000000202 70.578500000000275
5194.472114880326 70.681500160411289
5270.027451614888 70.787000712874601
5346.6817660285715 70.907999630675846
5424.451043119808 71.053500093998906
5503.351500394186 71.225498910885790
5583.399591246343 71.423501616202913
5664.612008391055 71.645500024390827
5747.005687344222 71.884999091183104
5830.597809954497 72.135999429354229
5915.405807986278 72.390999422654716
6001.447366754812 72.639500964226556
6088.740428814181 72.869000968382238
6177.303197698925 73.069000360848776
6267.154141720092 73.233000181118399
6358.3119978165005 73.349499997209492
6450.795775462017 73.413999843403190
6544.624760629676 73.422999977039808
6639.818519813445 73.355499206116420
6736.396904108505 73.208000146450019
6834.380053350861 72.982499832824061
6933.788400317181 72.671001879117568
7034.642674985712 72.271501287437374
7136.963908859177 71.780500437350526
7240.773439350552 71.183997065295159
7346.092914232631 70.480500572895409
7452.944296152315 69.690997676535034
7561.349867210557 68.840501041800465
7671.332233608935 67.956998140893020
7782.914330363799 67.069005329099838
7896.119426088994 66.210504352304213
8010.971127848146 65.393499165029425
8127.49338607753 64.632497780882090
8245.710499580537 63.953002876338843
8365.647120594791 63.370999553025939
8487.328259932974 62.919999403074911
8610.77929219841 62.636499704878375
8736.025961076528 62.510000039312871
8863.094384703289 62.539999854733246
8992.011061111683 62.711000121716879
9122.802873757471 62.971499748561236
9255.497097125279 63.260500183249803
9390.121402416245 63.514500505292645
9526.7038633184 63.685999828376197
9665.272961860968 63.760499979494995
9805.857594353829 63.745999649963395
9948.487077413367 63.661999940082531
10093.19115407597 63.549999926010287
10240.000000000457 63.479500000000080
10388.944229760706 63.504500234913600
10540.05490322983 63.658999901059545
10693.363532057198 63.976501811277473
10848.902086239672 64.506000415073601
11006.703000788428 65.265500004870546
11166.799182492743 66.254501339834349
11329.224016782166 67.447000134990176
11494.0113746885 68.772494970201748
11661.195619909053 70.058003426335432
11830.811615972614 70.995497877419865
12002.894733509682 71.320999495925804
12177.48085762842 70.949496022369686
12354.606395397908 70.127998019743032
12534.308283440243 69.228003588720171
12716.62399563306 68.496500017521413
12901.591550924093 68.022001152018277
13089.249521259411 67.791000589311807
13279.637039626952 67.723999991896406
13472.793808217073 67.684500039219003
13668.760106701786 67.495499748295487
13867.576800634426 67.026500470294053
14069.285349971487 66.290498530975867
14273.927817718419 65.431500765136747
14481.54687870117 64.637500463884663
14692.18582846533 64.079000454816594
14905.888592304698 63.887000366291062
15122.699734421185 64.136999693766910
15342.664467217943 64.769001360839113
15565.828660727671 65.418999011820787
15792.238852178061 65.483999957561835
16021.942255696367 64.767998940651367
16254.986772155136 63.802497619224255
16491.42099916115 63.073503085873227
16731.294241189662 63.022000162914260
16974.65651986603 62.586497596517368
17221.558584396902 61.445001921446632
17472.051922153143 60.256005116130183
17726.188769406665 59.442000738592625
17984.022122223458 59.176501604500174
18245.605747515034 59.550502026598949
18510.99419425065 60.270000031383347
18780.242804832582 60.313495724899589
19053.40772663689 58.862501452046999
19330.545923722028 56.496009190376739
19611.71518870775 54.261498909138759
19896.974154826825 52.612504885685212
20186.382308152035 52.612499999999997
