20 101.158000000000001
20.290906698750476 101.185151382387986
20.586044732869844 101.212697512742807
20.885475648548283 101.238265430126603
21.189261887185914 101.260230366147098
21.49746679841394 101.277873352104081
21.810154653305165 101.293482391120037
22.12739065777668 101.308710294566609
22.449240966187475 101.324544108105997
22.77577269513385 101.341162310805828
23.107053937445478 101.355568476476435
23.44315377638505 101.364385904986733
23.784142300054445 101.366539644249855
24.130090616010463 101.364915907919610
24.481070866093134 101.363047322598149
24.837156241469714 101.364557335479830
25.1984209978975 101.372952629936918
25.56494047120865 101.384566754820185
25.936791093020236 101.395577806703926
26.3140504066728 101.402640497868390
26.69679708340074 101.404008007291509
27.08511093873791 101.402265931188651
27.47907294916184 101.399755795957233
27.878765268980047 101.395863890723973
28.284271247461966 101.387677490060909
28.695675446220072 101.374281631258754
29.11306365684382 101.356072944471492
29.536522918790062 101.335856468654441
29.966141537533712 101.316523630810977
30.402009102982383 101.299926333136199
30.844216508158908 101.283411635087930
31.29285596815558 101.265785761273776
31.74802103936409 101.248075200504161
32.20980663898519 101.231786187552473
32.67830906482211 101.216972418990508
33.153626015361866 101.201469463446969
33.63585661014871 101.182343026102714
34.125101410453844 101.157369219604135
34.62146244024586 101.128955178465731
35.12504320746613 101.100122623589357
35.635948725613716 101.072430666268076
36.15428553564419 101.045322866610860
36.68016172818701 101.016370458036960
37.21368696608603 100.984037721136588
37.754972507267915 100.949608933662873
38.30413122794313 100.914335665411642
38.86127764614443 100.878819398986380
39.4265279456077 100.843137929230920
40.000000000000206 100.803999999999988
40.58181339750116 100.758424465277301
41.1720894657399 100.711232911576246
41.77095129709678 100.665702791479475
42.37852377437204 100.620523935298166
42.9949335968281 100.570667842154492
43.62030930661056 100.519074531831976
44.25478131555359 100.470098993598413
44.89848193237519 100.424106288421370
45.55154539026795 100.377428645919082
46.21410787489121 100.331430225088155
46.88630755277036 100.278554103687327
47.56828460010916 100.211281352586525
48.260181232021196 100.139444860510224
48.962141732186545 100.086022606087397
49.674312482939705 100.041812723330239
50.39684199579528 99.997693397374292
51.129880942417586 99.949908297018908
51.873582186040764 99.881838642091623
52.628100813345895 99.793092832747845
53.393594166801776 99.724630317134029
54.17022187747612 99.682253327105343
54.95814589832399 99.626403161068907
55.75753053796041 99.560200668416542
56.56854249492426 99.503260466582461
57.39135089244048 99.436256261648396
58.226127313687975 99.359379642443940
59.073045837580466 99.298263341420338
59.932283075067765 99.248427581646069
60.804018205965114 99.180666980552928
61.68843301631817 99.108059975049102
62.58571193631152 99.032544902702895
63.49604207872855 98.946139855245235
64.41961327797075 98.871323203321765
65.35661812964459 98.818669093517769
66.3072520307241 98.766374991987561
67.27171322029778 98.699398798986323
68.25020282090806 98.617230326371924
69.2429248804921 98.524094310038663
70.25008641493265 98.439867870768040
71.27189745122783 98.352849485761425
72.30857107128878 98.264825738223649
73.36032345637442 98.205528355570522
74.42737393217246 98.159421807662682
75.50994501453623 98.091103938777195
76.60826245588666 98.008152888526922
77.72255529228926 97.923461929343460
78.85305589121582 97.852648399968160
80.00000000000082 97.790999999999940
81.16362679500274 97.711970149264772
82.34417893148023 97.655371518153402
83.541902594194 97.595103528825092
84.75704754874454 97.518595640134777
85.98986719365665 97.442695374205016
87.24061861322157 97.365161418342154
88.50956263110764 97.281983617920190
89.79696386475084 97.212463951303462
91.10309078053635 97.152320413085448
92.42821574978288 97.071000309916741
93.77261510554118 96.978885546844168
95.13656920021877 96.902204155331248
96.52036246404286 96.822524550919269
97.92428346437356 96.741164463310696
99.34862496587989 96.663282902555437
100.79368399159105 96.581437205826660
102.25976188483567 96.491628493332129
103.74716437208203 96.400470733829820
105.25620162669229 96.326681721251106
106.78718833360406 96.267923616101456
108.34044375495276 96.211683728985065
109.9162917966485 96.152279990041308
111.51506107592134 96.095606876968503
113.13708498984903 96.046650932819475
114.78270178488147 96.000885174705729
116.45225462737648 95.963644459605916
118.14609167516147 95.930078164249210
119.86456615013608 95.895708648311626
121.60803641193078 95.856879115315778
123.3768660326369 95.814717444191928
125.17142387262359 95.770985838020920
126.99208415745765 95.722057615538702
128.83922655594208 95.668443092829733
130.71323625928977 95.612490517401199
132.61450406144883 95.553028618002912
134.5434264405962 95.489523501019733
136.50040564181674 95.422360701125967
138.48584976098482 95.352373795925274
140.50017282986593 95.282327572337806
142.5437949024563 95.214206836584793
144.61714214257822 95.146442880366209
146.7206469127495 95.076530393114169
148.8547478643456 95.004980471757989
151.01989002907314 94.930191914964993
153.216524911774 94.852135018123192
155.4451105845792 94.773688195890486
157.70611178243232 94.696486867675134
160.00000000000236 94.623999999999938
162.3272535900062 94.564422308095828
164.6883578629612 94.523673259474847
167.08380518838874 94.507247451982707
169.51409509748981 94.520709941760416
171.97973438731407 94.570033890908221
174.4812372264439 94.653324540151985
177.01912526221608 94.761649161642396
179.5939277295025 94.883089745470215
182.20618156107355 95.010602896492600
184.85643149956664 95.136694853079462
187.54523021108326 95.253119241556789
190.27313840043846 95.348538619852093
193.04072492808663 95.420598208590491
195.84856692874806 95.469013089759230
198.69724993176072 95.496162399563275
201.58736798318304 95.508997542619028
204.5195237696723 95.513506507923211
207.49432874416505 95.511260397302365
210.5124032533856 95.502702454195358
213.57437666720915 95.490308899164376
216.68088750990657 95.476771117144153
219.83258359329807 95.463669665626810
223.03012215184378 95.455424694620405
226.2741699796992 95.448072631710659
229.5654035697641 95.436665952982565
232.90450925475412 95.419509283974648
236.2921833503241 95.399173854060479
239.72913230027333 95.377692923123277
243.21607282386276 95.355838608571730
246.75373206527502 95.336823690149146
250.34284774524843 95.322600024668731
253.9841683149166 95.313041558173353
257.67845311188546 95.309321546888128
261.42647251858085 95.308571690935167
265.22900812289896 95.311314886168987
269.08685288119375 95.316688181242597
273.0008112836349 95.325502028209087
276.97169952197106 95.335307786364680
281.00034565973334 95.344300622187518
285.0875898049141 95.351552553882954
289.23428428515797 95.354040570571101
293.44129382550057 95.349682188644294
297.7094957286928 95.338829613668182
302.0397800581479 95.322575962245594
306.4330498235497 95.301834750882250
310.89022116916016 95.278576338861910
315.41222356486645 95.251320546828367
320.00000000000654 95.221499999999949
324.6545071800142 95.188918449739901
329.3767157259242 95.154549975200752
334.16761037677935 95.117492639061112
339.02819019498156 95.077968840401155
343.95946877463007 95.036740462293096
348.9624744528898 94.994318967150434
354.03825052443415 94.950771045489859
359.187855459007 94.906484443052534
364.4123631221491 94.862877386086168
369.71286299913527 94.819825809706998
375.0904604221685 94.776808623916281
380.54627680087896 94.735110598736142
386.08144985617537 94.694613561035538
391.6971338574982 94.655413633863617
397.3944998635236 94.616217400928036
403.1747359663683 94.578393338879664
409.0390475393468 94.543531984571985
414.9886574883323 94.513052931721120
421.0248065067734 94.488197119618661
427.1487533344206 94.468807179441825
433.3617750198154 94.456941410395203
439.6651671865984 94.453571107254277
446.06024430368984 94.458105427531464
452.54833995940066 94.471880517890384
459.13080713953053 94.493842997946828
465.8090185095106 94.522275419711050
472.58436670065066 94.557059107324903
479.45826460054917 94.596431140131813
486.432145647728 94.638979303015915
493.50746413055253 94.686192973447987
500.6856954904994 94.736557004242442
507.9683366298358 94.790266482645038
515.3569062237735 94.849661169410567
522.8529450371643 94.916762905047534
530.4580162458005 94.990837796596267
538.1737057623901 95.072423170940752
546.0016225672724 95.159447115054547
553.9433990439449 95.250592013885864
562.0006913194694 95.343507777344030
570.1751796098309 95.435330626922735
578.4685685703187 95.521996541559830
586.8825876510039 95.600287418241578
595.4189914573883 95.668871486357546
604.0795601162986 95.727477360697790
612.8660996471021 95.774635341143068
621.780442338323 95.810184500113763
630.8244471297356 95.834442782477041
640.0000000000159 95.850500000000011
649.3090143600314 95.859809014360039
658.7534314518515 95.864001372580745
668.3352207535618 95.865333522075360
678.0563803899662 95.864291542941515
687.9189375492632 95.861624318735238
697.9249489057827 95.859415010218839
708.0765010488715 95.857788524842675
718.3757109180171 95.857500000000002
728.8247262443015 95.857058763687789
739.425725998274 95.857471286299912
750.1809208443404 95.858537691842571
761.0925536017613 95.860810948667037
772.1628997123541 95.862563523032662
783.3942677149998 95.863968569351727
794.7889997270506 95.865348624965890
806.34947193274 95.866000000000000
818.0780950786972 95.866000000000000
829.9773149766683 95.866000000000000
842.0496130135506 95.865831266124431
854.2975066688449 95.865320937222137
866.7235500396347 95.864818324998481
879.3303343732008 95.864716516718659
892.1204886073838 95.865237349620230
905.0966799188055 95.865712361663270
918.2616142790653 95.866963325273701
931.6180370190256 95.869272699426730
945.1687334013056 95.871993486125277
958.9165292011028 95.875229132300291
972.8642912954606 95.878925001502623
987.0149282611097 95.881810563127132
1001.3713909810035 95.884819991228895
1015.9366732596762 95.888218557093921
1030.7138124475518 95.891678453111894
1045.7058900743334 95.895426472518579
1060.916032491606 95.899244275331100
1076.3474115247852 95.903449137174931
1092.0032451345498 95.908751216925452
1107.8867980878947 95.914741242105961
1124.0013826389438 95.921722990354965
1140.350359219667 95.931066906146441
1156.9371371406426 95.943018177270972
1173.765175302013 95.956765175302010
1190.837982914782 95.975713787650037
1208.1591202326028 95.996584457475137
1225.73219929421 96.023736070168241
1243.5608846766518 96.056121769353297
1261.648894259477 96.095015863846172
1280.0000000000375 96.139000000000109
1298.6180287200684 96.192726311449348
1317.5068629037087 96.248021961291869
1336.6704415071292 96.313096262161906
1356.112760779938 96.383714395866264
1375.8378750985323 96.461747447271591
1395.8498978115715 96.546654560589758
1416.153002097749 96.639073026351269
1436.7514218360407 96.735913181450698
1457.6494524886093 96.839665196741677
1478.8514519965543 96.949143782701526
1500.3618416886875 97.064519076622872
1522.1851072035295 97.186292898195688
1544.3257994247153 97.312543572709359
1566.788535430007 97.444052359037045
1589.5779994541087 97.580259556713742
1612.6989438654878 97.721479473088721
1636.156190157402 97.867114626582179
1659.9546299533442 98.016612353904208
1684.099226027109 98.170235046573495
1708.5950133376978 98.327351885894771
1733.4471000792773 98.487737208513721
1758.6606687464096 98.651121133476735
1784.2409772147755 98.816881532351744
1810.193359837619 98.984645237354272
1836.5232285581387 99.153287733629767
1863.2360740380593 99.322122544959015
1890.3374668026197 99.491399043512288
1917.833058402214 99.660638317421544
1945.7285825909298 99.830115210501035
1974.0298565222283 100.000179139133365
2002.7427819620161 100.171910978739390
2031.8733465193618 100.346302524000151
2061.4276248951132 100.524732305608438
2091.411780148677 100.708300096260075
2121.832064983222 100.898179414268043
2152.694823049581 101.096516349822281
2184.0064902691106 101.300843484803039
2215.7735961758003 101.515260453995438
2248.002765277899 101.735485839260093
2280.7007184393456 101.963618410304704
2313.874274281297 102.199201061111268
2347.530350604038 102.441302869369210
2381.6759658295764 102.689463600983032
2416.318240465218 102.943483008768197
2451.4643985884327 103.203068244572052
2487.1217693533167 103.466986456037091
2523.2977885189675 103.734321190327393
2560.0000000000887 104.003000000000640
2597.236057440151 104.271522359979087
2635.0137258074315 104.537844936834745
2673.340883014273 104.797883916195630
2712.225521559891 105.051002487264640
2751.6757501970797 105.291346394937406
2791.699795623158 105.517433865708526
2832.3060041955137 105.722122480599978
2873.502843672097 105.906301772802479
2915.2989049772345 106.067251331673731
2957.7029039931244 106.202988347102604
3000.723683377391 106.311266445910434
3044.370214407075 106.384952909661337
3088.6515988494466 106.424025234381574
3133.57707086003 106.432552866142501
3179.1559989082334 106.407175200873411
3225.3978877309914 106.353165105035444
3272.3123803148205 106.271482744157765
3319.9092599067053 106.165425942832300
3368.198452054235 106.039908303289224
3417.190026675413 105.900961321574286
3466.8942001585724 105.753310573519528
3517.3213374928373 105.599650280522070
3568.4819544295697 105.441705941268339
3620.386719675257 105.279781833022938
3673.0464571162966 105.113442730941330
3726.472148076138 104.943818569117880
3780.6749336052594 104.772593065812032
3835.6661168044484 104.601061682578376
3891.45716518188 104.433640113690160
3948.059713044477 104.269138958964490
4005.4855639240527 104.112966098960968
4063.746693038744 103.964601604032993
4122.855249790247 103.824766037957971
4182.823560297375 103.694433552556603
4243.664129966465 103.574490715208967
4305.389646099183 103.464144958558109
4368.012980538242 103.363662672643301
4431.5471923516225 103.273015062300203
4496.00553055582 103.190993086805221
4561.401436878714 103.117272807781887
4627.748548562617 103.049897163817604
4695.060701208099 102.989305980410307
4763.351931659176 102.932699938434354
4832.63648093046 102.879649004111457
4902.928797176889 102.828009019199698
4974.243538706657 102.775602708792562
5046.595577037959 102.719223538369633
5120.000000000202 102.657357142856966
5194.472114880326 102.587480859009958
5270.027451614888 102.507469803223614
5346.6817660285715 102.416731314539646
5424.451043119808 102.315173584337401
5503.351500394186 102.201997077991408
5583.399591246343 102.078041891232303
5664.612008391055 101.944744066070854
5747.005687344222 101.804915189331226
5830.597809954497 101.660259810679179
5915.405807986278 101.513464184503192
6001.447366754812 101.368220397361171
6088.740428814181 101.231951241488218
6177.303197698925 101.109675980035632
6267.154141720092 101.007077577965404
6358.3119978165005 100.931015361572122
6450.795775462017 100.883221478588297
6544.624760629676 100.868677485637789
6639.818519813445 100.889719241316982
6736.396904108505 100.947073399451142
6834.380053350861 101.041412263487530
6933.788400317181 101.170182600475769
7034.642674985712 101.329778254475144
7136.963908859177 101.511328772756599
7240.773439350552 101.698353518863456
7346.092914232631 101.874596339916394
7452.944296152315 102.021974269459719
7561.349867210557 102.087980602315127
7671.332233608935 102.033439844653373
7782.914330363799 101.844112185077876
7896.119426088994 101.512955131368642
8010.971127848146 101.043378612642186
8127.49338607753 100.470208639475430
8245.710499580537 99.834564313793891
8365.647120594791 99.183002379229066
8487.328259932974 98.558073075424886
8610.77929219841 97.997301087027950
8736.025961076528 97.536521525338713
8863.094384703289 97.194168219840009
8992.011061111683 96.959539868776744
9122.802873757471 96.773086757023222
9255.497097125279 96.589093767580920
9390.121402416245 96.438053676080443
9526.7038633184 96.376059120234686
9665.272961860968 96.419825355277666
9805.857594353829 96.558044546462696
9948.487077413367 96.768003677732054
10093.19115407597 97.016705793993452
10240.000000000457 97.253000000000696
10388.944229760706 97.422779174930909
10540.05490322983 97.469563357862967
10693.363532057198 97.383360703413274
10848.902086239672 97.152476244768593
11006.703000788428 96.806080032495089
11166.799182492743 96.397507869001274
11329.224016782166 95.966838444322917
11494.0113746885 95.542221089333395
11661.195619909053 95.173468697244914
11830.811615972614 94.901494358107428
12002.894733509682 94.806517714389855
12177.48085762842 94.854299578899187
12354.606395397908 95.098464709375008
12534.308283440243 95.412813407198854
12716.62399563306 95.725715193595164
12901.591550924093 95.839582414352009
13089.249521259411 95.824033611095643
13279.637039626952 95.551963845687851
13472.793808217073 95.003988243980160
13668.760106701786 94.232594412106081
13867.576800634426 93.291912924802489
14069.285349971487 92.320914691541589
14273.927817718419 91.424239612030462
14481.54687870117 90.888357374216525
14692.18582846533 90.709048061789616
14905.888592304698 90.392700745989913
15122.699734421185 89.870670770178563
15342.664467217943 89.331553367122297
15565.828660727671 89.004029432849222
15792.238852178061 88.794218098703141
16021.942255696367 88.142841638089976
16254.986772155136 86.475062463638466
16491.42099916115 84.107410114400238
16731.294241189662 81.246431694206422
16974.65651986603 78.208401745197861
17221.558584396902 75.452083102958909
17472.051922153143 73.132982935268501
17726.188769406665 71.163274862664608
17984.022122223458 69.434209639369612
18245.605747515034 68.182994793589884
18510.99419425065 68.809238168446797
18780.242804832582 72.162259715622440
19053.40772663689 76.230218950216226
19330.545923722028 78.751098338869738
19611.71518870775 79.300502102977021
19896.974154826825 78.286790561975238
20186.382308152035 77.718500000000006
