20 107.797499999999999
20.290906698750476 107.733500312942596
20.586044732869844 107.668093407235830
20.885475648548283 107.601719564571795
21.189261887185914 107.535344698482078
21.49746679841394 107.470275588768075
21.810154653305165 107.405418101481928
22.12739065777668 107.340384915155781
22.449240966187475 107.274077363565766
22.77577269513385 107.204203884924937
23.107053937445478 107.130412783784038
23.44315377638505 107.054551692180411
23.784142300054445 106.978488693988027
24.130090616010463 106.903897697990146
24.481070866093134 106.833191162656036
24.837156241469714 106.764669010086578
25.1984209978975 106.697292115388962
25.56494047120865 106.629073584332332
25.936791093020236 106.559009632277991
26.3140504066728 106.487330540500636
26.69679708340074 106.415100546862362
27.08511093873791 106.343063107687698
27.47907294916184 106.270720401142512
27.878765268980047 106.197276881824905
28.284271247461966 106.122978361714459
28.695675446220072 106.047495717895501
29.11306365684382 105.970809350797595
29.536522918790062 105.893425874617790
29.966141537533712 105.816094523243933
30.402009102982383 105.736635014174823
30.844216508158908 105.656901683305989
31.29285596815558 105.577268065652390
31.74802103936409 105.498088402268735
32.20980663898519 105.419332871372518
32.67830906482211 105.339509149915415
33.153626015361866 105.258383577388486
33.63585661014871 105.176676089495018
34.125101410453844 105.094983368685561
34.62146244024586 105.013823084680169
35.12504320746613 104.932117957183010
35.635948725613716 104.849384152627408
36.15428553564419 104.767122885368224
36.68016172818701 104.684755093859195
37.21368696608603 104.602805894188833
37.754972507267915 104.519661440790898
38.30413122794313 104.435068075124690
38.86127764614443 104.350409270868766
39.4265279456077 104.265974901843492
40.000000000000206 104.182499999999976
40.58181339750116 104.099106468379716
41.1720894657399 104.014500633240772
41.77095129709678 103.927711930960726
42.37852377437204 103.842093415901331
42.9949335968281 103.756946403590817
43.62030930661056 103.672691915403504
44.25478131555359 103.587104764393459
44.89848193237519 103.501866590125900
45.55154539026795 103.416651836504641
46.21410787489121 103.328548542468525
46.88630755277036 103.235848362021201
47.56828460010916 103.144854634337491
48.260181232021196 103.062579273317567
48.962141732186545 102.981292129526537
49.674312482939705 102.897082632322679
50.39684199579528 102.813603246224460
51.129880942417586 102.731034890061295
51.873582186040764 102.641768605381117
52.628100813345895 102.544044266545342
53.393594166801776 102.447276647621095
54.17022187747612 102.355688874447196
54.95814589832399 102.264658803753974
55.75753053796041 102.171338653799197
56.56854249492426 102.076196256846401
57.39135089244048 101.980690322815576
58.226127313687975 101.886465186464861
59.073045837580466 101.794830187054060
59.932283075067765 101.704610277117879
60.804018205965114 101.616592338263047
61.68843301631817 101.526483751190256
62.58571193631152 101.434446718881858
63.49604207872855 101.344879960442057
64.41961327797075 101.256217125314805
65.35661812964459 101.165729732359651
66.3072520307241 101.073042927004394
67.27171322029778 100.979143817631112
68.25020282090806 100.885106036245091
69.2429248804921 100.792286523673994
70.25008641493265 100.697616747373928
71.27189745122783 100.600577588310188
72.30857107128878 100.504882889119656
73.36032345637442 100.411651859295432
74.42737393217246 100.317322659138398
75.50994501453623 100.220029789194996
76.60826245588666 100.122070243389544
77.72255529228926 100.023326049834964
78.85305589121582 99.925902071266478
80.00000000000082 99.826499999999925
81.16362679500274 99.720803635213002
82.34417893148023 99.618044415468844
83.541902594194 99.518743599761876
84.75704754874454 99.423727631603356
85.98986719365665 99.334059340436283
87.24061861322157 99.251759989391857
88.50956263110764 99.176474055289077
89.79696386475084 99.105666987438696
91.10309078053635 99.037966456163645
92.42821574978288 98.971116813491363
93.77261510554118 98.900932594250321
95.13656920021877 98.828204155331235
96.52036246404286 98.748278116515621
97.92428346437356 98.663716679741881
99.34862496587989 98.577354006696453
100.79368399159105 98.490908083165607
102.25976188483567 98.403920794833084
103.74716437208203 98.314369669605469
105.25620162669229 98.221790144594436
106.78718833360406 98.127456719427755
108.34044375495276 98.030271895519661
109.9162917966485 97.930086324946558
111.51506107592134 97.827674600584203
113.13708498984903 97.721957886013428
114.78270178488147 97.614214960443064
116.45225462737648 97.501642620658544
118.14609167516147 97.387251182639176
119.86456615013608 97.272575970808973
121.60803641193078 97.156897557215217
123.3768660326369 97.041831448202032
125.17142387262359 96.926086013442955
126.99208415745765 96.811482866395082
128.83922655594208 96.700365743691421
130.71323625928977 96.589531455522007
132.61450406144883 96.483853040835385
134.5434264405962 96.387366527122424
136.50040564181674 96.299983774327330
138.48584976098482 96.226153281811918
140.50017282986593 96.176331028935124
142.5437949024563 96.149082734633907
144.61714214257822 96.142191428928712
146.7206469127495 96.158862339744942
148.8547478643456 96.188717864975274
151.01989002907314 96.227285866564017
153.216524911774 96.270043888270777
155.4451105845792 96.313101012639351
157.70611178243232 96.354127567370810
160.00000000000236 96.394500000000050
162.3272535900062 96.437786916774115
164.6883578629612 96.488706201412555
167.08380518838874 96.548428651785073
169.51409509748981 96.619020033905201
171.97973438731407 96.696455553516586
174.4812372264439 96.772833364238608
177.01912526221608 96.841804906922505
179.5939277295025 96.898053696773644
182.20618156107355 96.939592723416098
184.85643149956664 96.964265310896280
187.54523021108326 96.969764802902375
190.27313840043846 96.953886222234999
193.04072492808663 96.919956546136234
195.84856692874806 96.873556081896780
198.69724993176072 96.818836651405718
201.58736798318304 96.756548781708915
204.5195237696723 96.688784683489473
207.49432874416505 96.616390836186568
210.5124032533856 96.540685784247557
213.57437666720915 96.462066206652565
216.68088750990657 96.379621370048739
219.83258359329807 96.294562097082633
223.03012215184378 96.206292875555306
226.2741699796992 96.116202268898377
229.5654035697641 96.025023834569851
232.90450925475412 95.932157825742678
236.2921833503241 95.840866709972786
239.72913230027333 95.751076418655359
243.21607282386276 95.663341261330288
246.75373206527502 95.578879646941559
250.34284774524843 95.497457349604531
253.9841683149166 95.417348297071840
257.67845311188546 95.337913258094460
261.42647251858085 95.259044077109806
265.22900812289896 95.180305333480575
269.08685288119375 95.101233991415711
273.0008112836349 95.021983774327310
276.97169952197106 94.942808934441075
281.00034565973334 94.863493259635192
285.0875898049141 94.783800757784661
289.23428428515797 94.703354884867935
293.44129382550057 94.621738899785285
297.7094957286928 94.538393883717617
302.0397800581479 94.453214343851585
306.4330498235497 94.366650020136859
310.89022116916016 94.280126964847540
315.41222356486645 94.194332641693478
320.00000000000654 94.108999999999895
324.6545071800142 94.025684321477740
329.3767157259242 93.945533504231875
334.16761037677935 93.867484711896168
339.02819019498156 93.791965870997288
343.95946877463007 93.719587702767868
348.9624744528898 93.651006594885985
354.03825052443415 93.584906568234800
359.187855459007 93.518895450124717
364.4123631221491 93.453786697285352
369.71286299913527 93.389945644010382
375.0904604221685 93.327498473897421
380.54627680087896 93.267094792561707
386.08144985617537 93.207328486538927
391.6971338574982 93.150235090558937
397.3944998635236 93.094731151269229
403.1747359663683 93.044308428277461
409.0390475393468 92.998966905339728
414.9886574883323 92.960066164651394
421.0248065067734 92.930184716365289
427.1487533344206 92.909881556109028
433.3617750198154 92.902106370830026
439.6651671865984 92.907591810712233
446.06024430368984 92.927286160442520
452.54833995940066 92.962819043732054
459.13080713953053 93.014997033644477
465.8090185095106 93.080312112558985
472.58436670065066 93.156875126586158
479.45826460054917 93.239772965092470
486.432145647728 93.328174678855689
493.50746413055253 93.420561852563651
500.6856954904994 93.516342601058057
507.9683366298358 93.615568586581503
515.3569062237735 93.717920207227735
522.8529450371643 93.821227994261008
530.4580162458005 93.925654593302937
538.1737057623901 94.029270582465529
546.0016225672724 94.130805648683634
553.9433990439449 94.226849089005356
562.0006913194694 94.317407224288445
570.1751796098309 94.402576616488474
578.4685685703187 94.477217117132867
586.8825876510039 94.542275277999977
595.4189914573883 94.599097747035813
604.0795601162986 94.648662718103296
612.8660996471021 94.690549869865748
621.780442338323 94.726153134733522
630.8244471297356 94.756473341389210
640.0000000000159 94.784000000000049
649.3090143600314 94.810996141644097
658.7534314518515 94.838384951210372
668.3352207535618 94.865338618109973
678.0563803899662 94.893363503130900
687.9189375492632 94.922360865770329
697.9249489057827 94.953859836498509
708.0765010488715 94.987152453461277
718.3757109180171 95.022396202667153
728.8247262443015 95.059769014479485
739.425725998274 95.099817758793449
750.1809208443404 95.141231221745869
761.0925536017613 95.185332404140453
772.1628997123541 95.231996883398423
783.3942677149998 95.280805635365766
794.7889997270506 95.332681998726230
806.34947193274 95.388218237002633
818.0780950786972 95.447559339831685
829.9773149766683 95.510875232371674
842.0496130135506 95.578960210330166
854.2975066688449 95.652322228346662
866.7235500396347 95.730384750259148
879.3303343732008 95.813729757019104
892.1204886073838 95.902080769871930
905.0966799188055 95.994663291074630
918.2616142790653 96.091239613137716
931.6180370190256 96.191653437184073
945.1687334013056 96.295758986635065
958.9165292011028 96.402846145408631
972.8642912954606 96.513496473006171
987.0149282611097 96.627543651339735
1001.3713909810035 96.744153979978819
1015.9366732596762 96.862649498287354
1030.7138124475518 96.983312472787219
1045.7058900743334 97.105307047789140
1060.916032491606 97.228328259932852
1076.3474115247852 97.351599637328320
1092.0032451345498 97.474462548382292
1107.8867980878947 97.596853142597197
1124.0013826389438 97.718788070756588
1140.350359219667 97.840235967610894
1156.9371371406426 97.960663595438689
1173.765175302013 98.081187197483217
1190.837982914782 98.201449034906744
1208.1591202326028 98.321805395880702
1225.73219929421 98.441897066639285
1243.5608846766518 98.562714835881934
1261.648894259477 98.682882702112551
1280.0000000000375 98.803500000000241
1298.6180287200684 98.923719271163861
1317.5068629037087 99.045293236293361
1336.6704415071292 99.166857303570268
1356.112760779938 99.289510392913598
1375.8378750985323 99.412590772488358
1395.8498978115715 99.536769366431741
1416.153002097749 99.662110179602792
1436.7514218360407 99.789190029837556
1457.6494524886093 99.917661660180528
1478.8514519965543 100.046993857178990
1500.3618416886875 100.178207234300999
1522.1851072035295 100.311329153941529
1544.3257994247153 100.446000860502267
1566.788535430007 100.583245836831637
1589.5779994541087 100.722425796670066
1612.6989438654878 100.863463557579479
1636.156190157402 101.006999007566449
1659.9546299533442 101.152922335314472
1684.099226027109 101.300687263285909
1708.5950133376978 101.450945282160220
1733.4471000792773 101.604034136488352
1758.6606687464096 101.759349719477882
1784.2409772147755 101.916924419643010
1810.193359837619 102.076791096599734
1836.5232285581387 102.238752623346983
1863.2360740380593 102.402504773112923
1890.3374668026197 102.568365296832042
1917.833058402214 102.735211672749372
1945.7285825909298 102.903700638849216
1974.0298565222283 103.072237347742032
2002.7427819620161 103.240953848412403
2031.8733465193618 103.410146852718384
2061.4276248951132 103.577947111916131
2091.411780148677 103.744647142472004
2121.832064983222 103.909164142786494
2152.694823049581 104.069902282840985
2184.0064902691106 104.229131802318648
2215.7735961758003 104.381635902026261
2248.002765277899 104.530978926065345
2280.7007184393456 104.673264672137918
2313.874274281297 104.808340907601746
2347.530350604038 104.935485779704749
2381.6759658295764 105.053072586383337
2416.318240465218 105.162954721395650
2451.4643985884327 105.260612351276990
2487.1217693533167 105.349165432335184
2523.2977885189675 105.424430687611988
2560.0000000000887 105.488250000000136
2597.236057440151 105.539752367492184
2635.0137258074315 105.579261666936318
2673.340883014273 105.604837485657839
2712.225521559891 105.618815529671309
2751.6757501970797 105.619312159367610
2791.699795623158 105.608301318977183
2832.3060041955137 105.584824157314870
2873.502843672097 105.551407326948237
2915.2989049772345 105.508447292126874
2957.7029039931244 105.457024050569345
3000.723683377391 105.398423520976138
3044.370214407075 105.333299004575821
3088.6515988494466 105.264623731812122
3133.57707086003 105.192392546466706
3179.1559989082334 105.117392601801413
3225.3978877309914 105.040839506366552
3272.3123803148205 104.964077067693140
3319.9092599067053 104.888839739743673
3368.198452054235 104.815748275480274
3417.190026675413 104.744246361587400
3466.8942001585724 104.672334467768479
3517.3213374928373 104.598017993760735
3568.4819544295697 104.519983331545575
3620.386719675257 104.437677381322828
3673.0464571162966 104.351512416615776
3726.472148076138 104.260967905309030
3780.6749336052594 104.166161546184966
3835.6661168044484 104.067361022743725
3891.45716518188 103.962060849742500
3948.059713044477 103.852747179182842
4005.4855639240527 103.735751750595981
4063.746693038744 103.610569940662828
4122.855249790247 103.477171194251667
4182.823560297375 103.333219248090344
4243.664129966465 103.176337493443611
4305.389646099183 102.994754222470775
4368.012980538242 102.752815609882916
4431.5471923516225 102.533981054794438
4496.00553055582 102.395789215416158
4561.401436878714 102.214445330144173
4627.748548562617 101.998042362315232
4695.060701208099 101.772546650952876
4763.351931659176 101.543580287060905
4832.63648093046 101.310035964836430
4902.928797176889 101.077863054728084
4974.243538706657 100.879313046861910
5046.595577037959 100.774151757100967
5120.000000000202 100.711999999999847
5194.472114880326 100.625333091386949
5270.027451614888 100.499388601810978
5346.6817660285715 100.369558608128216
5424.451043119808 100.255626106689974
5503.351500394186 100.167005253168796
5583.399591246343 100.106016533572841
5664.612008391055 100.075439457524652
5747.005687344222 100.070405654044578
5830.597809954497 100.091186948778159
5915.405807986278 100.136285443109500
6001.447366754812 100.202393090501502
6088.740428814181 100.287489608426824
6177.303197698925 100.386763837238703
6267.154141720092 100.499005670850366
6358.3119978165005 100.624303036899420
6450.795775462017 100.767059050635012
6544.624760629676 100.935464530834167
6639.818519813445 101.135781688169999
6736.396904108505 101.368949966161580
6834.380053350861 101.626138542980300
6933.788400317181 101.886133116789779
7034.642674985712 102.118726429597075
7136.963908859177 102.286605841112205
7240.773439350552 102.351738124851948
7346.092914232631 102.281087132647343
7452.944296152315 102.053108755965908
7561.349867210557 101.650083082060405
7671.332233608935 101.088362936697735
7782.914330363799 100.381984949814196
7896.119426088994 99.543992348823963
8010.971127848146 98.603611117552362
8127.49338607753 97.619601827762239
8245.710499580537 96.658860439947404
8365.647120594791 95.790895935099826
8487.328259932974 95.038611228488563
8610.77929219841 94.415950405538666
8736.025961076528 93.918891259194439
8863.094384703289 93.530343170060675
8992.011061111683 93.243288703924662
9122.802873757471 93.051311602412426
9255.497097125279 92.951217720793721
9390.121402416245 92.937548560966491
9526.7038633184 93.009427790387164
9665.272961860968 93.192322120430276
9805.857594353829 93.490140127575046
9948.487077413367 93.880102683530325
10093.19115407597 94.375647712377287
10240.000000000457 94.972400000001983
10388.944229760706 95.662744198412554
10540.05490322983 96.419029320181764
10693.363532057198 97.189884024965409
10848.902086239672 97.912284610145747
11006.703000788428 98.498288840151076
11166.799182492743 98.889191236726688
11329.224016782166 99.010638118336772
11494.0113746885 98.936540426303850
11661.195619909053 98.653437555656893
11830.811615972614 98.350711953454294
12002.894733509682 98.106155369108350
12177.48085762842 97.996468934575958
12354.606395397908 98.115053226783559
12534.308283440243 98.343494306731600
12716.62399563306 98.645484152692660
12901.591550924093 98.898202013886845
13089.249521259411 99.107306609403338
13279.637039626952 99.167108888111912
13472.793808217073 99.035822095756174
13668.760106701786 98.725447576459757
13867.576800634426 98.290680866499585
14069.285349971487 97.847128066470319
14273.927817718419 97.462059156326504
14481.54687870117 97.250969410759197
14692.18582846533 97.231040655087625
14905.888592304698 97.284561007306650
15122.699734421185 97.260567323228571
15342.664467217943 96.986518436054382
15565.828660727671 96.363056677983167
15792.238852178061 95.455500693686233
16021.942255696367 94.454262683665121
16254.986772155136 93.461878069988231
16491.42099916115 92.602676089048373
16731.294241189662 92.040911010710914
16974.65651986603 91.795809132120581
17221.558584396902 91.813766779529033
17472.051922153143 91.912261807304318
17726.188769406665 91.831262604543269
17984.022122223458 91.293078048019424
18245.605747515034 90.110021159104804
18510.99419425065 88.375512918921430
18780.242804832582 86.506216462472935
19053.40772663689 84.941751119003612
19330.545923722028 83.958447754200506
19611.71518870775 83.454173621847801
19896.974154826825 82.755587579370228
20186.382308152035 82.398499999999999
