20 104.366000000000000
20.290906698750476 104.386363536790981
20.586044732869844 104.413220771443832
20.885475648548283 104.443047564854822
21.189261887185914 104.470533483068465
21.49746679841394 104.488289512670249
21.810154653305165 104.498525389006318
22.12739065777668 104.496929901811114
22.449240966187475 104.491515183958967
22.77577269513385 104.485363420784395
23.107053937445478 104.481999999999999
23.44315377638505 104.482954361994700
23.784142300054445 104.486301778750686
24.130090616010463 104.490517728912550
24.481070866093134 104.493858032205537
24.837156241469714 104.496185778493270
25.1984209978975 104.497248026247377
25.56494047120865 104.495644415059928
25.936791093020236 104.489409225512091
26.3140504066728 104.477938008526451
26.69679708340074 104.461644131246970
27.08511093873791 104.443553001117664
27.47907294916184 104.426488253317700
27.878765268980047 104.411394758999478
28.284271247461966 104.398471862576145
28.695675446220072 104.386716762952062
29.11306365684382 104.374881962980993
29.536522918790062 104.360929514492028
29.966141537533712 104.342455913886042
30.402009102982383 104.321402893679533
30.844216508158908 104.300870825580319
31.29285596815558 104.282767901194177
31.74802103936409 104.266319263622250
32.20980663898519 104.248897927801607
32.67830906482211 104.229332710212645
33.153626015361866 104.209508585400883
33.63585661014871 104.191245018644793
34.125101410453844 104.173495943581841
34.62146244024586 104.152791265308437
35.12504320746613 104.129623142078955
35.635948725613716 104.109013692054745
36.15428553564419 104.092371433930680
36.68016172818701 104.075514177785266
37.21368696608603 104.052888277763529
37.754972507267915 104.021973179581465
38.30413122794313 103.987023274727818
38.86127764614443 103.950621793075896
39.4265279456077 103.916000168956742
40.000000000000206 103.884500000000003
40.58181339750116 103.857348617612004
41.1720894657399 103.828849050743983
41.77095129709678 103.794670248484437
42.37852377437204 103.757462100342707
42.9949335968281 103.721128777280967
43.62030930661056 103.687250202396427
44.25478131555359 103.654072210585838
44.89848193237519 103.620745117644333
45.55154539026795 103.584796826752168
46.21410787489121 103.543536027002517
46.88630755277036 103.497889952084279
47.56828460010916 103.454098028425150
48.260181232021196 103.414750267470851
48.962141732186545 103.374897092312693
49.674312482939705 103.329483980681502
50.39684199579528 103.280465105242826
51.129880942417586 103.232735852485987
51.873582186040764 103.188118788933622
52.628100813345895 103.140905914631560
53.393594166801776 103.089440367207843
54.17022187747612 103.036113324668321
54.95814589832399 102.983720559151010
55.75753053796041 102.940820401049933
56.56854249492426 102.901141417748704
57.39135089244048 102.842234638879489
58.226127313687975 102.765862069532346
59.073045837580466 102.703089487359847
59.932283075067765 102.674734658522766
60.804018205965114 102.634255977129300
61.68843301631817 102.580021061075399
62.58571193631152 102.521705548891106
63.49604207872855 102.461013201764558
64.41961327797075 102.401064363487848
65.35661812964459 102.342567985026847
66.3072520307241 102.283643122064376
67.27171322029778 102.222746210511104
68.25020282090806 102.160862323693237
69.2429248804921 102.099060119849725
70.25008641493265 102.036744555859229
71.27189745122783 101.971962614395807
72.30857107128878 101.904788594830592
73.36032345637442 101.835898813607486
74.42737393217246 101.766861755307048
75.50994501453623 101.697990924050629
76.60826245588666 101.627462806607042
77.72255529228926 101.554777145408991
78.85305589121582 101.480007342596650
80.00000000000082 101.404499999999942
81.16362679500274 101.327409532104895
82.34417893148023 101.249308139206363
83.541902594194 101.171276487662425
84.75704754874454 101.089899331458071
85.98986719365665 101.007508688777946
87.24061861322157 100.926259989391866
88.50956263110764 100.846423054589835
89.79696386475084 100.768749846826694
91.10309078053635 100.692152876934244
92.42821574978288 100.617058561704056
93.77261510554118 100.545943128031581
95.13656920021877 100.478671522917864
96.52036246404286 100.409358546561194
97.92428346437356 100.339438618022015
99.34862496587989 100.270940391471697
100.79368399159105 100.202432291064696
102.25976188483567 100.132278175566285
103.74716437208203 100.060209210914280
105.25620162669229 99.986492653306229
106.78718833360406 99.912477356098208
108.34044375495276 99.839839587272181
109.9162917966485 99.768553159153726
111.51506107592134 99.698783067056127
113.13708498984903 99.629989824890004
114.78270178488147 99.559416279529174
116.45225462737648 99.486628802571943
118.14609167516147 99.412650626156932
119.86456615013608 99.337963024215640
121.60803641193078 99.263878455103665
123.3768660326369 99.193736608474751
125.17142387262359 99.127228729621663
126.99208415745765 99.068229559433732
128.83922655594208 99.023414363961081
130.71323625928977 98.988611326613182
132.61450406144883 98.962776715477688
134.5434264405962 98.948418724407162
136.50040564181674 98.940749391537281
138.48584976098482 98.938500000000005
140.50017282986593 98.937583016478584
142.5437949024563 98.933836376012152
144.61714214257822 98.924914289287102
146.7206469127495 98.906825919020150
148.8547478643456 98.879720681180544
151.01989002907314 98.842398221412722
153.216524911774 98.794873487170349
155.4451105845792 98.738803969982527
157.70611178243232 98.676481535952973
160.00000000000236 98.609499999999940
162.3272535900062 98.536889687991817
164.6883578629612 98.461034876812647
167.08380518838874 98.385151756046923
169.51409509748981 98.311577147075297
171.97973438731407 98.238795809012970
174.4812372264439 98.166836615323703
177.01912526221608 98.095060667605509
179.5939277295025 98.020776095844425
182.20618156107355 97.945020734728871
184.85643149956664 97.870048631712223
187.54523021108326 97.794751646174092
190.27313840043846 97.719625263188163
193.04072492808663 97.645333006884130
195.84856692874806 97.573464680324292
198.69724993176072 97.506442151542217
201.58736798318304 97.443400711022633
204.5195237696723 97.383109524606567
207.49432874416505 97.324111534698091
210.5124032533856 97.266268472603471
213.57437666720915 97.209374031656637
216.68088750990657 97.151568470127984
219.83258359329807 97.091264619930683
223.03012215184378 97.029670148576997
226.2741699796992 96.965516600406005
229.5654035697641 96.897554092296588
232.90450925475412 96.825568966146989
236.2921833503241 96.749206737104970
239.72913230027333 96.669297674018651
243.21607282386276 96.584625188506408
246.75373206527502 96.496625914876290
250.34284774524843 96.406300238464326
253.9841683149166 96.313901729008990
257.67845311188546 96.220159252285910
261.42647251858085 96.125909877970656
265.22900812289896 96.031917927004343
269.08685288119375 95.937857628930558
273.0008112836349 95.841605224961398
276.97169952197106 95.744814824151959
281.00034565973334 95.647191773298346
285.0875898049141 95.549976675506485
289.23428428515797 95.454188033012855
293.44129382550057 95.357350242013496
297.7094957286928 95.259452547812941
302.0397800581479 95.161359921198937
306.4330498235497 95.064378412185832
310.89022116916016 94.968846522509210
315.41222356486645 94.872260860424831
320.00000000000654 94.774999999999864
324.6545071800142 94.676789898501710
329.3767157259242 94.580652670763726
334.16761037677935 94.483814270389047
339.02819019498156 94.386839015119875
343.95946877463007 94.289102518262325
348.9624744528898 94.191627995613942
354.03825052443415 94.096388540245528
359.187855459007 94.003537387283771
364.4123631221491 93.912666117986817
369.71286299913527 93.825209046814180
375.0904604221685 93.743330475970538
380.54627680087896 93.672794564217213
386.08144985617537 93.611144776510159
391.6971338574982 93.565390783470491
397.3944998635236 93.530422000545911
403.1747359663683 93.517883509355755
409.0390475393468 93.525623650541263
414.9886574883323 93.556418711999711
421.0248065067734 93.611921044397377
427.1487533344206 93.686761609459751
433.3617750198154 93.779378844071999
439.6651671865984 93.886092271189256
446.06024430368984 94.001442832592957
452.54833995940066 94.121144289248917
459.13080713953053 94.242329816775666
465.8090185095106 94.361657823916431
472.58436670065066 94.474004776739065
479.45826460054917 94.577963284179418
486.432145647728 94.675277180809104
493.50746413055253 94.764808120498373
500.6856954904994 94.847585506363657
507.9683366298358 94.928149723967550
515.3569062237735 95.004416102427555
522.8529450371643 95.075889741593770
530.4580162458005 95.146093520196843
538.1737057623901 95.214988906534785
546.0016225672724 95.281942247352731
553.9433990439449 95.348290117232054
562.0006913194694 95.412905323159919
570.1751796098309 95.475770052171271
578.4685685703187 95.535897122134813
586.8825876510039 95.594145725409376
595.4189914573883 95.649639646181541
604.0795601162986 95.701447525654174
612.8660996471021 95.748178076781727
621.780442338323 95.790964942452092
630.8244471297356 95.829174121449483
640.0000000000159 95.864500000000049
649.3090143600314 95.898477902414115
658.7534314518515 95.932512353226670
668.3352207535618 95.967006794712830
678.0563803899662 96.003614245481870
687.9189375492632 96.043467643951971
697.9249489057827 96.085284785404298
708.0765010488715 96.129940429667471
718.3757109180171 96.177865841314684
728.8247262443015 96.228741158597074
739.425725998274 96.281628629991374
750.1809208443404 96.338017679749413
761.0925536017613 96.399395614009904
772.1628997123541 96.468995325097637
783.3942677149998 96.547051299807322
794.7889997270506 96.633180497861900
806.34947193274 96.727441388767232
818.0780950786972 96.828533991270064
829.9773149766683 96.935253010747061
842.0496130135506 97.046965122002035
854.2975066688449 97.162326313354029
866.7235500396347 97.280373725376535
879.3303343732008 97.401004243420047
892.1204886073838 97.525068739491616
905.0966799188055 97.650767905881793
918.2616142790653 97.778189492243243
931.6180370190256 97.907644051107482
945.1687334013056 98.038200361762506
958.9165292011028 98.170321593560601
972.8642912954606 98.304464339379422
987.0149282611097 98.440528156356834
1001.3713909810035 98.579302492515723
1015.9366732596762 98.720554508176861
1030.7138124475518 98.863408684760230
1045.7058900743334 99.008472501030283
1060.916032491606 99.155416049584957
1076.3474115247852 99.305569891790412
1092.0032451345498 99.457343835830500
1107.8867980878947 99.610559353127002
1124.0013826389438 99.764846583623211
1140.350359219667 99.921426344220990
1156.9371371406426 100.079402802836114
1173.765175302013 100.239158841912740
1190.837982914782 100.399293455703543
1208.1591202326028 100.561048973588441
1225.73219929421 100.723272198325773
1243.5608846766518 100.885405690718940
1261.648894259477 101.046286862434030
1280.0000000000375 101.207500000000323
1298.6180287200684 101.366551159637154
1317.5068629037087 101.527306962100766
1336.6704415071292 101.685114381396147
1356.112760779938 101.842207724278495
1375.8378750985323 101.997827319523481
1395.8498978115715 102.152544213149099
1416.153002097749 102.304839865628225
1436.7514218360407 102.457116593857194
1457.6494524886093 102.607352145519798
1478.8514519965543 102.756075018776215
1500.3618416886875 102.904489470818163
1522.1851072035295 103.054633537560292
1544.3257994247153 103.207734532019032
1566.788535430007 103.351088919666040
1589.5779994541087 103.491800476637309
1612.6989438654878 103.632955599824868
1636.156190157402 103.773098398125526
1659.9546299533442 103.910843205535940
1684.099226027109 104.044771851505317
1708.5950133376978 104.173834568022258
1733.4471000792773 104.297708196377357
1758.6606687464096 104.414087302359420
1784.2409772147755 104.520854991593325
1810.193359837619 104.616861290644664
1836.5232285581387 104.701378291960921
1863.2360740380593 104.773825463614386
1890.3374668026197 104.833061434933143
1917.833058402214 104.879106248771365
1945.7285825909298 104.912386869198201
1974.0298565222283 104.931898511043784
2002.7427819620161 104.936405730574904
2031.8733465193618 104.929344769646391
2061.4276248951132 104.910643756349643
2091.411780148677 104.881735274814162
2121.832064983222 104.843297704149748
2152.694823049581 104.795553541968189
2184.0064902691106 104.743087993002149
2215.7735961758003 104.682938657409380
2248.002765277899 104.619460951759010
2280.7007184393456 104.551350145970048
2313.874274281297 104.479282882867082
2347.530350604038 104.403556711140908
2381.6759658295764 104.325374329019098
2416.318240465218 104.244924105581163
2451.4643985884327 104.162022053352473
2487.1217693533167 104.077478479197140
2523.2977885189675 103.993415086406372
2560.0000000000887 103.912249999999801
2597.236057440151 103.835674237273707
2635.0137258074315 103.763975293546622
2673.340883014273 103.699654587177150
2712.225521559891 103.640772993738153
2751.6757501970797 103.587133684111407
2791.699795623158 103.536375255471057
2832.3060041955137 103.491109515468850
2873.502843672097 103.450612412258394
2915.2989049772345 103.416555711764801
2957.7029039931244 103.391381012642341
3000.723683377391 103.376945723746701
3044.370214407075 103.374291347627150
3088.6515988494466 103.379730319769891
3133.57707086003 103.391367834643773
3179.1559989082334 103.410203319486868
3225.3978877309914 103.438032500289012
3272.3123803148205 103.478927999330566
3319.9092599067053 103.534877500874046
3368.198452054235 103.602979662601882
3417.190026675413 103.677988341880393
3466.8942001585724 103.757713314264805
3517.3213374928373 103.844178407487107
3568.4819544295697 103.938670172049072
3620.386719675257 104.042108244121295
3673.0464571162966 104.156315457653989
3726.472148076138 104.281562598344252
3780.6749336052594 104.416940187362016
3835.6661168044484 104.558545226027647
3891.45716518188 104.704825058602438
3948.059713044477 104.853406746741754
4005.4855639240527 105.000802492515831
4063.746693038744 105.140930500265341
4122.855249790247 105.264663574657391
4182.823560297375 105.360662213994672
4243.664129966465 105.418026179682670
4305.389646099183 105.429538964609918
4368.012980538242 105.383589615569406
4431.5471923516225 105.269456562557025
4496.00553055582 105.096251088934451
4561.401436878714 104.854822310742748
4627.748548562617 104.560563543472853
4695.060701208099 104.214628261169452
4763.351931659176 103.831628232270447
4832.63648093046 103.420170195942802
4902.928797176889 102.990723103056254
4974.243538706657 102.553829051066828
5046.595577037959 102.118382649554675
5120.000000000202 101.690428571427418
5194.472114880326 101.276944631865646
5270.027451614888 100.883798011481844
5346.6817660285715 100.514721549004818
5424.451043119808 100.171083066740820
5503.351500394186 99.857477805628065
5583.399591246343 99.579130132098300
5664.612008391055 99.343701676714829
5747.005687344222 99.145847942830244
5830.597809954497 98.987603285068261
5915.405807986278 98.869711801852276
6001.447366754812 98.793502467678024
6088.740428814181 98.767686201053351
6177.303197698925 98.792381918619355
6267.154141720092 98.869869555892109
6358.3119978165005 99.003672596342639
6450.795775462017 99.192362114581115
6544.624760629676 99.439812415266999
6639.818519813445 99.746351208333067
6736.396904108505 100.112001198488656
6834.380053350861 100.533835846480983
6933.788400317181 101.004590465573216
7034.642674985712 101.509850855802057
7136.963908859177 102.029058822473075
7240.773439350552 102.537746766537850
7346.092914232631 103.005980948353795
7452.944296152315 103.389274267706838
7561.349867210557 103.622457307455306
7671.332233608935 103.675121206492832
7782.914330363799 103.542328019042245
7896.119426088994 103.237089466369241
8010.971127848146 102.804509845743496
8127.49338607753 102.310509005592081
8245.710499580537 101.805812867175405
8365.647120594791 101.334252246591959
8487.328259932974 100.918897530307589
8610.77929219841 100.581088554137580
8736.025961076528 100.331141883293668
8863.094384703289 100.159782477104187
8992.011061111683 100.049343857647656
9122.802873757471 99.958901951632498
9255.497097125279 99.831993217787044
9390.121402416245 99.600925248536555
9526.7038633184 99.203856327932684
9665.272961860968 98.611214880297950
9805.857594353829 97.823093297261352
9948.487077413367 96.856897963107969
10093.19115407597 95.746168608439319
10240.000000000457 94.554799999996234
10388.944229760706 93.331292631889085
10540.05490322983 92.136323813678445
10693.363532057198 91.005006804658649
10848.902086239672 89.950224272542954
11006.703000788428 88.977783357799012
11166.799182492743 88.090150076270874
11329.224016782166 87.302775476306437
11494.0113746885 86.579876799757486
11661.195619909053 85.937560400166262
11830.811615972614 85.336287558852973
12002.894733509682 84.810110334076171
12177.48085762842 84.358161261098630
12354.606395397908 84.033334476657956
12534.308283440243 83.793109237186201
12716.62399563306 83.671792001455657
12901.591550924093 83.722660886572655
13089.249521259411 83.867961772175136
13279.637039626952 84.305808768472886
13472.793808217073 85.180771997932283
13668.760106701786 86.514159357615597
13867.576800634426 88.129380619260985
14069.285349971487 89.669886959567947
14273.927817718419 90.976529116132099
14481.54687870117 91.763890325158002
14692.18582846533 91.981901777743047
14905.888592304698 91.838939471757485
15122.699734421185 91.484990118409854
15342.664467217943 91.083418300155955
15565.828660727671 90.762805974809083
15792.238852178061 90.570359975232563
16021.942255696367 90.442806615296064
16254.986772155136 90.266989921134368
16491.42099916115 89.910919975263312
16731.294241189662 89.073667324400049
16974.65651986603 87.814073879511398
17221.558584396902 86.355465899644116
17472.051922153143 84.831871482554433
17726.188769406665 83.187653978546166
17984.022122223458 81.164535420412363
18245.605747515034 78.582907370829773
18510.99419425065 76.268461104060208
18780.242804832582 75.163747951814429
19053.40772663689 74.550827431133058
19330.545923722028 74.079197838874620
19611.71518870775 73.530412484076038
19896.974154826825 72.370106132528946
20186.382308152035 71.811499999999995
