20 71.776499999999999
20.290906698750476 71.786681768395496
20.586044732869844 71.795104602082631
20.885475648548283 71.803588476708882
21.189261887185914 71.812195726151174
21.49746679841394 71.822655014078066
21.810154653305165 71.834406224101087
22.12739065777668 71.846617911344396
22.449240966187475 71.857648952047867
22.77577269513385 71.864257719477067
23.107053937445478 71.865786304704713
23.44315377638505 71.862114095013254
23.784142300054445 71.855356798248778
24.130090616010463 71.848114997423124
24.481070866093134 71.843641967794468
24.837156241469714 71.841542814337828
25.1984209978975 71.840255921257892
25.56494047120865 71.838056767268839
25.936791093020236 71.834290107386721
26.3140504066728 71.830049585109691
26.69679708340074 71.829237989062761
27.08511093873791 71.833393689231229
27.47907294916184 71.842476816171086
27.878765268980047 71.849333022448462
28.284271247461966 71.846735931288066
28.695675446220072 71.834890280366324
29.11306365684382 71.815394562530429
29.536522918790062 71.793185174923565
29.966141537533712 71.777718904648793
30.402009102982383 71.768973212049531
30.844216508158908 71.761394603282540
31.29285596815558 71.745839341512607
31.74802103936409 71.717398422047694
32.20980663898519 71.682135082159164
32.67830906482211 71.650584546758893
33.153626015361866 71.631273853677399
33.63585661014871 71.621554581017335
34.125101410453844 71.609620639350481
34.62146244024586 71.585847866264515
35.12504320746613 71.554747493966971
35.635948725613716 71.528377743329131
36.15428553564419 71.513685716965341
36.68016172818701 71.505977735805374
37.21368696608603 71.496798886746106
37.754972507267915 71.481758097953531
38.30413122794313 71.461710009514618
38.86127764614443 71.435032965493619
39.4265279456077 71.405357287677205
40.000000000000206 71.378500000000003
40.58181339750116 71.359591001551223
41.1720894657399 71.342314082345510
41.77095129709678 71.321040879490297
42.37852377437204 71.296032579300913
42.9949335968281 71.268315467863601
43.62030930661056 71.236617383571541
44.25478131555359 71.204761023849429
44.89848193237519 71.172575920300972
45.55154539026795 71.138275461835178
46.21410787489121 71.103376944282118
46.88630755277036 71.073677769551921
47.56828460010916 71.042744352359207
48.260181232021196 71.004629907006816
48.962141732186545 70.968016440790848
49.674312482939705 70.936341765614287
50.39684199579528 70.900673662948336
51.129880942417586 70.859414000597269
51.873582186040764 70.819054073344972
52.628100813345895 70.780559857140844
53.393594166801776 70.739852293766262
54.17022187747612 70.700839994313583
54.95814589832399 70.668001436849494
55.75753053796041 70.631320401049933
56.56854249492426 70.587093077789319
57.39135089244048 70.541954078146873
58.226127313687975 70.497676061404007
59.073045837580466 70.451190295582762
59.932283075067765 70.400495298571002
60.804018205965114 70.348767460558506
61.68843301631817 70.296790250714167
62.58571193631152 70.239687688164167
63.49604207872855 70.185713727748663
64.41961327797075 70.133742816599721
65.35661812964459 70.074001803730411
66.3072520307241 70.012022894402349
67.27171322029778 69.962821908815556
68.25020282090806 69.911361918051426
69.2429248804921 69.845630871044818
70.25008641493265 69.773243691709922
71.27189745122783 69.699875024590895
72.30857107128878 69.630251451437516
73.36032345637442 69.564020269161162
74.42737393217246 69.498502816205303
75.50994501453623 69.431978267394726
76.60826245588666 69.365661153988711
77.72255529228926 69.298461929343460
78.85305589121582 69.227095764303073
80.00000000000082 69.153499999999951
81.16362679500274 69.079803452075126
82.34417893148023 69.000928001290163
83.541902594194 68.920772833451252
84.75704754874454 68.839298101016979
85.98986719365665 68.758246025863372
87.24061861322157 68.671656655174516
88.50956263110764 68.581400741783909
89.79696386475084 68.500723597808957
91.10309078053635 68.402969873091678
92.42821574978288 68.304328587815519
93.77261510554118 68.206980350875440
95.13656920021877 68.110098708230908
96.52036246404286 68.009219080048169
97.92428346437356 67.905821112604272
99.34862496587989 67.802496214978461
100.79368399159105 67.696796507283324
102.25976188483567 67.588524366560549
103.74716437208203 67.478530128296654
105.25620162669229 67.367355198600450
106.78718833360406 67.257396816647713
108.34044375495276 67.149229232989939
109.9162917966485 67.042795592591531
111.51506107592134 66.931484829544488
113.13708498984903 66.819115178276647
114.78270178488147 66.710124419293749
116.45225462737648 66.602923553777543
118.14609167516147 66.497065925300461
119.86456615013608 66.391974520798996
121.60803641193078 66.282557636440657
123.3768660326369 66.183083598315676
125.17142387262359 66.083114501859313
126.99208415745765 66.007073447223775
128.83922655594208 65.945688396446116
130.71323625928977 65.876885468766062
132.61450406144883 65.823559154555952
134.5434264405962 65.775104776612551
136.50040564181674 65.717863134976852
138.48584976098482 65.661489368654628
140.50017282986593 65.611079387051404
142.5437949024563 65.564416683060585
144.61714214257822 65.535807150896005
146.7206469127495 65.529435223704695
148.8547478643456 65.542047478643454
151.01989002907314 65.577365426680302
153.216524911774 65.640087776541549
155.4451105845792 65.730297042656815
157.70611178243232 65.834882702112424
160.00000000000236 65.956000000000202
162.3272535900062 66.155212907304531
164.6883578629612 66.375705639118351
167.08380518838874 66.600044165633193
169.51409509748981 66.801738883877178
171.97973438731407 66.960971903871240
174.4812372264439 67.079278190518238
177.01912526221608 67.139555729877216
179.5939277295025 67.137611575806588
182.20618156107355 67.092700077715165
184.85643149956664 67.019134772812478
187.54523021108326 66.917118423218938
190.27313840043846 66.803692070221842
193.04072492808663 66.687383668207332
195.84856692874806 66.559777927577343
198.69724993176072 66.425468703193587
201.58736798318304 66.291745634104117
204.5195237696723 66.158621430364747
207.49432874416505 66.026249535256738
210.5124032533856 65.896983197775597
213.57437666720915 65.772812121645245
216.68088750990657 65.652115608991124
219.83258359329807 65.532736261149637
223.03012215184378 65.414764245650758
226.2741699796992 65.300920164030316
229.5654035697641 65.188776278628012
232.90450925475412 65.073310345835196
236.2921833503241 64.960771022409062
239.72913230027333 64.858092172529325
243.21607282386276 64.754071833490087
246.75373206527502 64.648826471058072
250.34284774524843 64.543857407164893
253.9841683149166 64.441445266142978
257.67845311188546 64.335244473033299
261.42647251858085 64.221064279118451
265.22900812289896 64.117215634359127
269.08685288119375 64.002836511643395
273.0008112836349 63.884226269953679
276.97169952197106 63.768077788982353
281.00034565973334 63.650790079565652
285.0875898049141 63.533521208520924
289.23428428515797 63.416169754730028
293.44129382550057 63.300896807946387
297.7094957286928 63.187240262335379
302.0397800581479 63.074220690995418
306.4330498235497 62.962268246107328
310.89022116916016 62.851230748417137
315.41222356486645 62.741101302721049
320.00000000000654 62.636499999999856
324.6545071800142 62.533169940603685
329.3767157259242 62.430087597174847
334.16761037677935 62.331480748313702
339.02819019498156 62.236755929236850
343.95946877463007 62.147521455811585
348.9624744528898 62.059260449629136
354.03825052443415 61.974368866346836
359.187855459007 61.884793743921477
364.4123631221491 61.787988809615811
369.71286299913527 61.682742740017289
375.0904604221685 61.575126176969370
380.54627680087896 61.462112837696083
386.08144985617537 61.346697698005940
391.6971338574982 61.237960885841439
397.3944998635236 61.129025602620345
403.1747359663683 61.026087733893860
409.0390475393468 60.934427302756248
414.9886574883323 60.858124767628347
421.0248065067734 60.793455589286509
427.1487533344206 60.738928417215604
433.3617750198154 60.708217860355568
439.6651671865984 60.695096309152433
446.06024430368984 60.693888557278385
452.54833995940066 60.709477197809179
459.13080713953053 60.758177264255778
465.8090185095106 60.829390803905000
472.58436670065066 60.919026224280444
479.45826460054917 61.023195338665850
486.432145647728 61.142392192529556
493.50746413055253 61.263591709085858
500.6856954904994 61.370756889121751
507.9683366298358 61.469072544502779
515.3569062237735 61.548355249790191
522.8529450371643 61.606244506769229
530.4580162458005 61.648089699121456
538.1737057623901 61.683306491039666
546.0016225672724 61.719149579207269
553.9433990439449 61.752988220578246
562.0006913194694 61.790403249201503
570.1751796098309 61.828954728873583
578.4685685703187 61.874153698708241
586.8825876510039 61.921042490845622
595.4189914573883 61.971284898317201
604.0795601162986 62.022967415683254
612.8660996471021 62.072068390966621
621.780442338323 62.117402211691612
630.8244471297356 62.158168789727327
640.0000000000159 62.199000000000062
649.3090143600314 62.235305156004117
658.7534314518515 62.269950024799257
668.3352207535618 62.301589467449077
678.0563803899662 62.331571960189393
687.9189375492632 62.356505450118235
697.9249489057827 62.380916124819166
708.0765010488715 62.407806552831957
718.3757109180171 62.435614419478647
728.8247262443015 62.468680360293973
739.425725998274 62.507375186193613
750.1809208443404 62.551336758905080
761.0925536017613 62.601803060408145
772.1628997123541 62.657987140836269
783.3942677149998 62.718345615981917
794.7889997270506 62.782536748430545
806.34947193274 62.849009463613257
818.0780950786972 62.918903662022757
829.9773149766683 62.998064121559366
842.0496130135506 63.089903105735097
854.2975066688449 63.188700990572890
866.7235500396347 63.286153325303360
879.3303343732008 63.382410541236325
892.1204886073838 63.480565111897100
905.0966799188055 63.581423992697310
918.2616142790653 63.685352082914100
931.6180370190256 63.793471535464292
945.1687334013056 63.906336839460991
958.9165292011028 64.023533542309465
972.8642912954606 64.144435762798992
987.0149282611097 64.270210129099127
1001.3713909810035 64.399888231861738
1015.9366732596762 64.531398836895093
1030.7138124475518 64.663949805329665
1045.7058900743334 64.799672865057943
1060.916032491606 64.939763377503027
1076.3474115247852 65.087749546660390
1092.0032451345498 65.241343835830492
1107.8867980878947 65.393952882313016
1124.0013826389438 65.541012098090761
1140.350359219667 65.683086326830562
1156.9371371406426 65.818208786086444
1173.765175302013 65.950128491308732
1190.837982914782 66.072991148648555
1208.1591202326028 66.194728284443826
1225.73219929421 66.314124104768126
1243.5608846766518 66.434499378623798
1261.648894259477 66.558877370390391
1280.0000000000375 66.688500000000289
1298.6180287200684 66.832124792983393
1317.5068629037087 66.978805589520036
1336.6704415071292 67.139031708659886
1356.112760779938 67.307986656824454
1375.8378750985323 67.485332769641730
1395.8498978115715 67.668422812421170
1416.153002097749 67.853761535791136
1436.7514218360407 68.040931582070272
1457.6494524886093 68.228580127148632
1478.8514519965543 68.416045458130441
1500.3618416886875 68.600358549340626
1522.1851072035295 68.772762346907882
1544.3257994247153 68.928348016030526
1566.788535430007 69.055807696361839
1589.5779994541087 69.145066478274984
1612.6989438654878 69.187143239583150
1636.156190157402 69.181496952795371
1659.9546299533442 69.143988925291438
1684.099226027109 69.110860309589157
1708.5950133376978 69.130972641080106
1733.4471000792773 69.240967584558121
1758.6606687464096 69.445319181088593
1784.2409772147755 69.723370282931668
1810.193359837619 70.047105943495552
1836.5232285581387 70.389723829540458
1863.2360740380593 70.736215912129438
1890.3374668026197 71.078298087024592
1917.833058402214 71.410713394986345
1945.7285825909298 71.730232983277503
1974.0298565222283 72.034177673396499
2002.7427819620161 72.319825020115957
2031.8733465193618 72.587173665878652
2061.4276248951132 72.833088217972090
2091.411780148677 73.054200100635541
2121.832064983222 73.250896968779784
2152.694823049581 73.411920130163722
2184.0064902691106 73.550522715941895
2215.7735961758003 73.645145310630710
2248.002765277899 73.714503456597384
2280.7007184393456 73.744675179609843
2313.874274281297 73.740481721717160
2347.530350604038 73.703704474093939
2381.6759658295764 73.633519581154758
2416.318240465218 73.538869513208979
2451.4643985884327 73.414971895328677
2487.1217693533167 73.272232480248405
2523.2977885189675 73.108582838673826
2560.0000000000887 72.932249999999556
2597.236057440151 72.747604262081239
2635.0137258074315 72.557180227145551
2673.340883014273 72.361669735589530
2712.225521559891 72.164261116122560
2751.6757501970797 71.968600983401927
2791.699795623158 71.774548486118249
2832.3060041955137 71.585892380700642
2873.502843672097 71.403202743773264
2915.2989049772345 71.227957369140825
2957.7029039931244 71.060845197145582
3000.723683377391 70.901012338390217
3044.370214407075 70.751869640083783
3088.6515988494466 70.613511493422891
3133.57707086003 70.488110188992422
3179.1559989082334 70.377066522543828
3225.3978877309914 70.279736055556498
3272.3123803148205 70.199031429527764
3319.9092599067053 70.135400721503558
3368.198452054235 70.088897114520961
3417.190026675413 70.060671091730626
3466.8942001585724 70.051344710007925
3517.3213374928373 70.060967815246698
3568.4819544295697 70.091524841720840
3620.386719675257 70.143075665200570
3673.0464571162966 70.217296189670719
3726.472148076138 70.316297346517615
3780.6749336052594 70.446507680722547
3835.6661168044484 70.602384863118601
3891.45716518188 70.801365089857057
3948.059713044477 71.029190345004025
4005.4855639240527 71.302436349699377
4063.746693038744 71.611793264508691
4122.855249790247 71.957083248671580
4182.823560297375 72.338462397764047
4243.664129966465 72.757827752983133
4305.389646099183 73.207690738060677
4368.012980538242 73.685299301117553
4431.5471923516225 74.179688854737634
4496.00553055582 74.681876425580754
4561.401436878714 75.173531640673716
4627.748548562617 75.638041001088226
4695.060701208099 76.032677719240866
4763.351931659176 76.324928909492584
4832.63648093046 76.476560051609397
4902.928797176889 76.433257753693354
4974.243538706657 76.225886854125264
5046.595577037959 75.831607422364669
5120.000000000202 75.309071428569837
5194.472114880326 74.673839255894222
5270.027451614888 73.958795704617813
5346.6817660285715 73.201557622827323
5424.451043119808 72.468623104470879
5503.351500394186 71.951164062162746
5583.399591246343 71.730342095609132
5664.612008391055 71.440459506813369
5747.005687344222 71.040793577423173
5830.597809954497 70.594704972127971
5915.405807986278 70.187225465013242
6001.447366754812 69.854875004748791
6088.740428814181 69.612270509683896
6177.303197698925 69.439070089248077
6267.154141720092 69.329587705523167
6358.3119978165005 69.287046040447620
6450.795775462017 69.306437676504117
6544.624760629676 69.388611579377653
6639.818519813445 69.532257002447409
6736.396904108505 69.736082337668549
6834.380053350861 69.997499661386342
6933.788400317181 70.313752575105383
7034.642674985712 70.671811830572494
7136.963908859177 71.037862109665497
7240.773439350552 71.353006527999113
7346.092914232631 71.543710126805649
7452.944296152315 71.563439257866321
7561.349867210557 71.399530292136774
7671.332233608935 71.083927073998296
7782.914330363799 70.642669679398523
7896.119426088994 70.098798384626846
8010.971127848146 69.485610240442782
8127.49338607753 68.839113452279491
8245.710499580537 68.186191240778271
8365.647120594791 67.556242210112686
8487.328259932974 66.970296363152272
8610.77929219841 66.450265937376599
8736.025961076528 66.015726717554003
8863.094384703289 65.677124571891000
8992.011061111683 65.442066498573027
9122.802873757471 65.325183264822613
9255.497097125279 65.339398808069049
9390.121402416245 65.494339290094246
9526.7038633184 65.809227040675680
9665.272961860968 66.287012157841076
9805.857594353829 66.914998950360982
9948.487077413367 67.650405864161513
10093.19115407597 68.377355822907958
10240.000000000457 68.960900000001573
10388.944229760706 69.360906673619837
10540.05490322983 69.586625123996527
10693.363532057198 69.642551529059048
10848.902086239672 69.488295238744485
11006.703000788428 69.163081735657045
11166.799182492743 68.690639805595069
11329.224016782166 67.953250829391294
11494.0113746885 67.022881846658066
11661.195619909053 66.050599989801043
11830.811615972614 65.217451542984790
12002.894733509682 64.636340092224998
12177.48085762842 64.245041265506273
12354.606395397908 64.181968488364149
12534.308283440243 64.361895744194968
12716.62399563306 64.885060783478409
12901.591550924093 65.761285361100988
13089.249521259411 66.797157357351949
13279.637039626952 67.736113677272357
13472.793808217073 68.278681774108151
13668.760106701786 68.219212872991960
13867.576800634426 67.647730337256107
14069.285349971487 66.594275146781172
14273.927817718419 65.174397491397045
14481.54687870117 63.629175206560703
14692.18582846533 62.034115791889732
14905.888592304698 60.494491206775002
15122.699734421185 58.809619807491110
15342.664467217943 57.134169319394061
15565.828660727671 56.466884630970306
15792.238852178061 57.620779201052152
16021.942255696367 58.115911701813118
16254.986772155136 58.745259920883647
16491.42099916115 58.567934250629136
16731.294241189662 57.912025770739426
16974.65651986603 56.560985315174356
17221.558584396902 55.526493193737217
17472.051922153143 55.275271912109361
17726.188769406665 55.187881481483934
17984.022122223458 54.856145338598282
18245.605747515034 53.966520499776905
18510.99419425065 52.343325545942363
18780.242804832582 50.448276948082594
19053.40772663689 48.840136336801550
19330.545923722028 47.398844214140674
19611.71518870775 45.594338996014351
19896.974154826825 44.565500000000000
20186.382308152035 44.565500000000000
