20 71.752499999999998
20.290906698750476 71.781490701937344
20.586044732869844 71.811004338639549
20.885475648548283 71.840039115834571
21.189261887185914 71.865017005661429
21.49746679841394 71.885022370531033
21.810154653305165 71.900006586181760
22.12739065777668 71.913519411566540
22.449240966187475 71.929516580242264
22.77577269513385 71.951984359756921
23.107053937445478 71.980505056635522
23.44315377638505 72.012012852278517
23.784142300054445 72.040508842344423
24.130090616010463 72.062003097983279
24.481070866093134 72.074001393434429
24.837156241469714 72.081002596811118
25.1984209978975 72.087012618465593
25.56494047120865 72.097998215758295
25.936791093020236 72.110492980276220
26.3140504066728 72.123501052880897
26.69679708340074 72.131495761533174
27.08511093873791 72.134500281570396
27.47907294916184 72.135500547118710
27.878765268980047 72.138498239517347
28.284271247461966 72.142501975102874
28.695675446220072 72.145497636744324
29.11306365684382 72.143498949061552
29.536522918790062 72.136507876340744
29.966141537533712 72.129998863804190
30.402009102982383 72.126499999999993
30.844216508158908 72.126499517799203
31.29285596815558 72.125500320783615
31.74802103936409 72.121999749531369
32.20980663898519 72.116502301916853
32.67830906482211 72.109996104224933
33.153626015361866 72.104004714092071
33.63585661014871 72.096002379914552
34.125101410453844 72.086998568804063
34.62146244024586 72.079997247379481
35.12504320746613 72.076999619503709
35.635948725613716 72.072500451535689
36.15428553564419 72.060489414553132
36.68016172818701 72.040993337040987
37.21368696608603 72.019012896528295
37.754972507267915 71.999500990958012
38.30413122794313 71.984496937229338
38.86127764614443 71.971494358779751
39.4265279456077 71.960009591211147
40.000000000000206 71.949500000000000
40.58181339750116 71.937503847474204
41.1720894657399 71.925497983660279
41.77095129709678 71.912001097644733
42.37852377437204 71.892015665316706
42.9949335968281 71.861503287819389
43.62030930661056 71.828489770962477
44.25478131555359 71.807507232084063
44.89848193237519 71.789982682858081
45.55154539026795 71.766516335364997
46.21410787489121 71.749499117095382
46.88630755277036 71.743993235642876
47.56828460010916 71.728993625286563
48.260181232021196 71.713500903578449
48.962141732186545 71.716994824386447
49.674312482939705 71.690967584757288
50.39684199579528 71.616016390477668
51.129880942417586 71.583505278815039
51.873582186040764 71.600990172386716
52.628100813345895 71.556491379537647
53.393594166801776 71.491034702447109
54.17022187747612 71.541525622906505
54.95814589832399 71.632497264406425
55.75753053796041 71.617508802413241
56.56854249492426 71.529049925029838
57.39135089244048 71.466489704353535
58.226127313687975 71.441995716127380
59.073045837580466 71.413497598729776
59.932283075067765 71.368484742513544
60.804018205965114 71.321498918763382
61.68843301631817 71.268976131060413
62.58571193631152 71.219515878789068
63.49604207872855 71.177998269489521
64.41961327797075 71.140015904152719
65.35661812964459 71.117509169779083
66.3072520307241 71.103990597817543
67.27171322029778 71.068010698517384
68.25020282090806 71.014989889592201
69.2429248804921 70.965503744628037
70.25008641493265 70.916495560876740
71.27189745122783 70.864005267916383
72.30857107128878 70.812521301666948
73.36032345637442 70.753480901826066
74.42737393217246 70.690480491996539
75.50994501453623 70.634002868586052
76.60826245588666 70.576485759120061
77.72255529228926 70.516024129880265
78.85305589121582 70.455496905760938
80.00000000000082 70.391999999999953
81.16362679500274 70.326021161108088
82.34417893148023 70.257489619584405
83.541902594194 70.188005650837653
84.75704754874454 70.111497146304060
85.98986719365665 70.037507970534790
87.24061861322157 69.953025761137326
88.50956263110764 69.866529812773194
89.79696386475084 69.800001867128259
91.10309078053635 69.733995067019919
92.42821574978288 69.661988049547347
93.77261510554118 69.587521319432852
95.13656920021877 69.517022266410976
96.52036246404286 69.439478443199732
97.92428346437356 69.355981500219826
99.34862496587989 69.263024475910996
100.79368399159105 69.157523071894218
102.25976188483567 69.054516729783046
103.74716437208203 68.955490087568279
105.25620162669229 68.864490122794308
106.78718833360406 68.789492602479157
108.34044375495276 68.728483528131520
109.9162917966485 68.669986495964991
111.51506107592134 68.595996855832652
113.13708498984903 68.512495043119372
114.78270178488147 68.416517392862318
116.45225462737648 68.324487223537773
118.14609167516147 68.239496613512074
119.86456615013608 68.176016026449304
121.60803641193078 68.143999619208188
123.3768660326369 68.125501401015384
125.17142387262359 68.102491387541420
126.99208415745765 68.065497425611056
128.83922655594208 68.008988575487450
130.71323625928977 67.914486274105400
132.61450406144883 67.804028812413208
134.5434264405962 67.696475703563380
136.50040564181674 67.584979677059039
138.48584976098482 67.485507527080571
140.50017282986593 67.404996829197671
142.5437949024563 67.367503762797412
144.61714214257822 67.371501891631283
146.7206469127495 67.399495301120240
148.8547478643456 67.450493974265044
151.01989002907314 67.571993828421427
153.216524911774 67.722967347145143
155.4451105845792 67.916509708553278
157.70611178243232 68.115008113241061
160.00000000000236 68.281500000000108
162.3272535900062 68.392505961137374
164.6883578629612 68.448000000000008
167.08380518838874 68.448000000000008
169.51409509748981 68.403497146304034
171.97973438731407 68.329507970534763
174.4812372264439 68.240490138932302
177.01912526221608 68.134994284151304
179.5939277295025 68.017503297779982
182.20618156107355 67.896491401541596
184.85643149956664 67.770979379808722
187.54523021108326 67.642489156112816
190.27313840043846 67.513993974980920
193.04072492808663 67.393511974770803
195.84856692874806 67.284016887928104
198.69724993176072 67.180991827490857
201.58736798318304 67.086489272907556
204.5195237696723 67.001013882609271
207.49432874416505 66.907989216145680
210.5124032533856 66.808986764544329
213.57437666720915 66.708488119283402
216.68088750990657 66.610503548126530
219.83258359329807 66.515012616383245
223.03012215184378 66.423496629904434
226.2741699796992 66.333995248212602
229.5654035697641 66.241988702463189
232.90450925475412 66.148513737928283
236.2921833503241 66.051994612050422
239.72913230027333 65.950996035165304
243.21607282386276 65.846497704957414
246.75373206527502 65.735008443957554
250.34284774524843 65.621504814966372
253.9841683149166 65.505994555053462
257.67845311188546 65.386485009105172
261.42647251858085 65.262484965882649
265.22900812289896 65.141499737869125
269.08685288119375 65.017004747613115
273.0008112836349 64.893505954642592
276.97169952197106 64.768009496346679
281.00034565973334 64.641989176994656
285.0875898049141 64.514012843681741
289.23428428515797 64.384991418061560
293.44129382550057 64.257991155639061
297.7094957286928 64.129515178932536
302.0397800581479 64.003006425552954
306.4330498235497 63.874498591481427
310.89022116916016 63.748493666208262
315.41222356486645 63.618993665337257
320.00000000000654 63.488999999999820
324.6545071800142 63.361513498291771
329.3767157259242 63.230507886468430
334.16761037677935 63.097510816090235
339.02819019498156 62.961994600020802
343.95946877463007 62.821986601084930
348.9624744528898 62.678986259934042
354.03825052443415 62.531992776140100
359.187855459007 62.383504167832513
364.4123631221491 62.234489553645020
369.71286299913527 62.082003941262379
375.0904604221685 61.938988565395192
380.54627680087896 61.803493998896933
386.08144985617537 61.683492590509928
391.6971338574982 61.590998590479131
397.3944998635236 61.531005266442364
403.1747359663683 61.516500662368102
409.0390475393468 61.556500747046883
414.9886574883323 61.649994617673798
421.0248065067734 61.783495720452990
427.1487533344206 61.934993897806123
433.3617750198154 62.095994169996828
439.6651671865984 62.246503267916310
446.06024430368984 62.371503596023800
452.54833995940066 62.467003227626087
459.13080713953053 62.529498168953467
465.8090185095106 62.567500043712499
472.58436670065066 62.583499946653966
479.45826460054917 62.582499392943966
486.432145647728 62.566499372119338
493.50746413055253 62.535997413954291
500.6856954904994 62.496001696668060
507.9683366298358 62.451997881541836
515.3569062237735 62.405500590146772
522.8529450371643 62.361000326286842
530.4580162458005 62.318999923150372
538.1737057623901 62.282501391870497
546.0016225672724 62.250501542903329
553.9433990439449 62.222498811484897
562.0006913194694 62.198500919376116
570.1751796098309 62.177999621030622
578.4685685703187 62.160500910298936
586.8825876510039 62.147000661601069
595.4189914573883 62.136000011008520
604.0795601162986 62.124500584073729
612.8660996471021 62.111499843497931
621.780442338323 62.097499168536984
630.8244471297356 62.080499147256930
640.0000000000159 62.062999999999974
649.3090143600314 62.046499976431541
658.7534314518515 62.030999279562764
668.3352207535618 62.014999716138306
678.0563803899662 62.002499787879472
687.9189375492632 61.997000034825007
697.9249489057827 61.992500022978611
708.0765010488715 61.989499927031716
718.3757109180171 61.988000042099316
728.8247262443015 61.986500039298832
739.425725998274 61.987499974153224
750.1809208443404 61.988499992640101
761.0925536017613 61.990999897727676
772.1628997123541 61.993499977351476
783.3942677149998 61.996500105723342
794.7889997270506 62.000999999892215
806.34947193274 62.007000321891205
818.0780950786972 62.015000099880979
829.9773149766683 62.027500391340183
842.0496130135506 62.042499519191850
854.2975066688449 62.061000713503248
866.7235500396347 62.078499366355004
879.3303343732008 62.092500405221628
892.1204886073838 62.108000828339556
905.0966799188055 62.129999457364086
918.2616142790653 62.164998974536061
931.6180370190256 62.208500148884724
945.1687334013056 62.262998927781801
958.9165292011028 62.334497551489591
972.8642912954606 62.414501595321759
987.0149282611097 62.491999607111580
1001.3713909810035 62.564501932626136
1015.9366732596762 62.636498384916706
1030.7138124475518 62.708999079816444
1045.7058900743334 62.782499461076810
1060.916032491606 62.858500164237270
1076.3474115247852 62.936502089692155
1092.0032451345498 63.016001288638563
1107.8867980878947 63.099498938575877
1124.0013826389438 63.184002024482766
1140.350359219667 63.270501927446219
1156.9371371406426 63.359500770132563
1173.765175302013 63.454001042180892
1190.837982914782 63.555499898427364
1208.1591202326028 63.667000810764435
1225.73219929421 63.785501414028687
1243.5608846766518 63.911999181759853
1261.648894259477 64.050999187420786
1280.0000000000375 64.203500000000346
1298.6180287200684 64.374000277484910
1317.5068629037087 64.556498675415682
1336.6704415071292 64.750004711861820
1356.112760779938 64.957497446990544
1375.8378750985323 65.175998616427336
1395.8498978115715 65.402498843410001
1416.153002097749 65.628500022710853
1436.7514218360407 65.851504430711600
1457.6494524886093 66.071004449762995
1478.8514519965543 66.279504149938134
1500.3618416886875 66.476998546488574
1522.1851072035295 66.662500847324765
1544.3257994247153 66.837498414675267
1566.788535430007 67.004496546178657
1589.5779994541087 67.162499996215246
1612.6989438654878 67.312999634607323
1636.156190157402 67.461001190531235
1659.9546299533442 67.609997683224009
1684.099226027109 67.756501384065416
1708.5950133376978 67.906500082649501
1733.4471000792773 68.060500629117371
1758.6606687464096 68.218997917676916
1784.2409772147755 68.381999854808768
1810.193359837619 68.550502398461902
1836.5232285581387 68.726001535813495
1863.2360740380593 68.905500499924912
1890.3374668026197 69.088496399707765
1917.833058402214 69.279000411386392
1945.7285825909298 69.475497059761892
1974.0298565222283 69.677498975919235
2002.7427819620161 69.883998431900409
2031.8733465193618 70.095502491468949
2061.4276248951132 70.307997303001571
2091.411780148677 70.521998430890363
2121.832064983222 70.739500459007303
2152.694823049581 70.957498750115306
2184.0064902691106 71.174996459297759
2215.7735961758003 71.390997254193763
2248.002765277899 71.601498466939645
2280.7007184393456 71.805498243367367
2313.874274281297 71.999001487293100
2347.530350604038 72.181501755792482
2381.6759658295764 72.352499828877683
2416.318240465218 72.509500954444263
2451.4643985884327 72.649001358138264
2487.1217693533167 72.770499214101406
2523.2977885189675 72.872999400795948
2560.0000000000887 72.950000000000131
2597.236057440151 73.006500052456062
2635.0137258074315 73.040999749599138
2673.340883014273 73.050499971003092
2712.225521559891 73.037000166103667
2751.6757501970797 73.003500212126681
2791.699795623158 72.949500275743290
2832.3060041955137 72.878499991139890
2873.502843672097 72.791500330133942
2915.2989049772345 72.692000226212201
2957.7029039931244 72.584000244522741
3000.723683377391 72.466000868447225
3044.370214407075 72.343499387505190
3088.6515988494466 72.217001145963266
3133.57707086003 72.089499801003001
3179.1559989082334 71.961500003066021
3225.3978877309914 71.837000302268308
3272.3123803148205 71.719499125060977
3319.9092599067053 71.609999448312507
3368.198452054235 71.507499155720069
3417.190026675413 71.415999957333497
3466.8942001585724 71.336499734058663
3517.3213374928373 71.269499663569235
3568.4819544295697 71.218500045427021
3620.386719675257 71.185500178223990
3673.0464571162966 71.173000055614423
3726.472148076138 71.179500080590486
3780.6749336052594 71.208999963864642
3835.6661168044484 71.266000172722613
3891.45716518188 71.348500323926089
3948.059713044477 71.459499437272527
4005.4855639240527 71.595998963459635
4063.746693038744 71.756499154369436
4122.855249790247 71.948000920536359
4182.823560297375 72.168998379591443
4243.664129966465 72.416500573759222
4305.389646099183 72.688998437644216
4368.012980538242 72.986999907388594
4431.5471923516225 73.309501028035839
4496.00553055582 73.654002957177767
4561.401436878714 74.018502469245760
4627.748548562617 74.393497448468395
4695.060701208099 74.769498330969896
4763.351931659176 75.126999642239184
4832.63648093046 75.440997647573994
4902.928797176889 75.686499291625310
4974.243538706657 75.837499023272869
5046.595577037959 75.873999786624921
5120.000000000202 75.781499999999411
5194.472114880326 75.565999511163710
5270.027451614888 75.244497563854196
5346.6817660285715 74.831001262111869
5424.451043119808 74.327499676742178
5503.351500394186 73.736003745413115
5583.399591246343 73.292497233526518
5664.612008391055 72.912499951320200
5747.005687344222 72.434501813839148
5830.597809954497 71.967001062856156
5915.405807986278 71.559000923752450
6001.447366754812 71.216498834105138
6088.740428814181 70.938998985619605
6177.303197698925 70.729499676556273
6267.154141720092 70.582499872517531
6358.3119978165005 70.500500001964127
6450.795775462017 70.482000044915367
6544.624760629676 70.522999895403515
6639.818519813445 70.618000791192458
6736.396904108505 70.764999854046437
6834.380053350861 70.967500132828391
6933.788400317181 71.214998506961166
7034.642674985712 71.486999123446907
7136.963908859177 71.745999769299829
7240.773439350552 71.936500287838854
7346.092914232631 72.005499943809838
7452.944296152315 71.907999215950099
7561.349867210557 71.621000351554073
7671.332233608935 71.147498685226140
7782.914330363799 70.519503768777810
7896.119426088994 69.776503766758339
8010.971127848146 68.955999060795278
8127.49338607753 68.099997225694381
8245.710499580537 67.250503595952665
8365.647120594791 66.440499253721811
8487.328259932974 65.687498542955353
8610.77929219841 64.995498541889191
8736.025961076528 64.370500194233557
8863.094384703289 63.820502663223849
8992.011061111683 63.353999824550144
9122.802873757471 62.978500362438602
9255.497097125279 62.692999860037560
9390.121402416245 62.498999739251317
9526.7038633184 62.410500088563893
9665.272961860968 62.431499994220061
9805.857594353829 62.573001129284776
9948.487077413367 62.844000221748125
10093.19115407597 63.258500612907696
10240.000000000457 63.842500000002410
10388.944229760706 64.629501551646143
10540.05490322983 65.649999346480669
10693.363532057198 66.959505601448271
10848.902086239672 68.597001042465990
11006.703000788428 70.504500008975299
11166.799182492743 72.327001120180171
11329.224016782166 73.323999960180188
11494.0113746885 72.933001483705112
11661.195619909053 71.431993302656338
11830.811615972614 69.599504148936632
12002.894733509682 67.970502522693863
12177.48085762842 66.707495673752049
12354.606395397908 65.813998814046101
12534.308283440243 65.275002149244642
12716.62399563306 65.089500004443238
12901.591550924093 65.268499565413549
13089.249521259411 65.820998590498803
13279.637039626952 66.723500216540160
13472.793808217073 67.778998952008578
13668.760106701786 68.521500064133662
13867.576800634426 68.640999880170284
14069.285349971487 68.262998526700471
14273.927817718419 67.401500767363558
14481.54687870117 65.973000834583445
14692.18582846533 64.291501369335919
14905.888592304698 62.764002914112446
15122.699734421185 61.247501857609961
15342.664467217943 59.070997202952206
15565.828660727671 57.735002031088342
15792.238852178061 57.623000073124231
16021.942255696367 57.500500159642911
16254.986772155136 57.646003141709556
16491.42099916115 58.607995927832590
16731.294241189662 60.172495050886212
16974.65651986603 61.853501509677656
17221.558584396902 62.570498793099226
17472.051922153143 61.716003676815163
17726.188769406665 59.850001693137386
17984.022122223458 58.066996550753643
18245.605747515034 57.263001722397846
18510.99419425065 57.874500944746949
18780.242804832582 59.184000621672084
19053.40772663689 59.394999788847748
19330.545923722028 58.186004695189297
19611.71518870775 55.847997800747002
19896.974154826825 52.523509849885073
20186.382308152035 52.523499999999999
