20 70.650000000000006
20.290906698750476 70.721757224882538
20.586044732869844 70.794080970949864
20.885475648548283 70.868393119389481
21.189261887185914 70.942868926130785
21.49746679841394 71.012846245034524
21.810154653305165 71.077802619448576
22.12739065777668 71.131564028599826
22.449240966187475 71.182132324317976
22.77577269513385 71.234638950587254
23.107053937445478 71.298551944744489
23.44315377638505 71.377504346297030
23.784142300054445 71.466988243139639
24.130090616010463 71.557089125579665
24.481070866093134 71.632045450334743
24.837156241469714 71.688687276669739
25.1984209978975 71.724125653584423
25.56494047120865 71.753401446789326
25.936791093020236 71.788060022780940
26.3140504066728 71.834347136113564
26.69679708340074 71.890027569801617
27.08511093873791 71.944989893429977
27.47907294916184 71.992244513578441
27.878765268980047 72.034573440070460
28.284271247461966 72.076564209736048
28.695675446220072 72.121698351761523
29.11306365684382 72.169663129566516
29.536522918790062 72.216506200203838
29.966141537533712 72.257749587603229
30.402009102982383 72.295164076196642
30.844216508158908 72.331578079003506
31.29285596815558 72.368428477452454
31.74802103936409 72.402857514834210
32.20980663898519 72.435057044812012
32.67830906482211 72.465911780148616
33.153626015361866 72.496178438967803
33.63585661014871 72.525064543727723
34.125101410453844 72.549504462059971
34.62146244024586 72.570858497609834
35.12504320746613 72.592002073958383
35.635948725613716 72.616797436280692
36.15428553564419 72.641479992497054
36.68016172818701 72.661044528389226
37.21368696608603 72.674914800219980
37.754972507267915 72.689149164290654
38.30413122794313 72.706144557978007
38.86127764614443 72.724334315283016
39.4265279456077 72.739525436070011
40.000000000000206 72.751500000000007
40.58181339750116 72.765560537308062
41.1720894657399 72.780778955636833
41.77095129709678 72.787209522002712
42.37852377437204 72.782127991912276
42.9949335968281 72.776875539611581
43.62030930661056 72.775566409412448
44.25478131555359 72.773122373472802
44.89848193237519 72.766268980075239
45.55154539026795 72.758595001083620
46.21410787489121 72.753288396171286
46.88630755277036 72.742527235897768
47.56828460010916 72.727280633882856
48.260181232021196 72.715277837215751
48.962141732186545 72.703820977282788
49.674312482939705 72.684127693925205
50.39684199579528 72.662830911146386
51.129880942417586 72.646844889065861
51.873582186040764 72.628758862354630
52.628100813345895 72.600305735189977
53.393594166801776 72.569248206971679
54.17022187747612 72.538691106056518
54.95814589832399 72.505865203835825
55.75753053796041 72.473895703398668
56.56854249492426 72.440052672718252
57.39135089244048 72.402323806270417
58.226127313687975 72.360628316031381
59.073045837580466 72.315909433095499
59.932283075067765 72.267792147796200
60.804018205965114 72.220281814845009
61.68843301631817 72.172001604088564
62.58571193631152 72.120598384529487
63.49604207872855 72.067229559433741
64.41961327797075 72.011983976765805
65.35661812964459 71.951393349054527
66.3072520307241 71.889486634248726
67.27171322029778 71.832202784070489
68.25020282090806 71.765359484200530
69.2429248804921 71.690387946164321
70.25008641493265 71.616118302842722
71.27189745122783 71.536791998804233
72.30857107128878 71.456240027510773
73.36032345637442 71.374714608674608
74.42737393217246 71.290951146324460
75.50994501453623 71.201167222056739
76.60826245588666 71.102971069698725
77.72255529228926 71.000884471925076
78.85305589121582 70.898371541027984
80.00000000000082 70.787499999999923
81.16362679500274 70.685682400893256
82.34417893148023 70.579523863804013
83.541902594194 70.468523136179314
84.75704754874454 70.352783001452821
85.98986719365665 70.231750370252342
87.24061861322157 70.102935697236916
88.50956263110764 69.968441735490757
89.79696386475084 69.825969332300900
91.10309078053635 69.678482732329371
92.42821574978288 69.527672341934704
93.77261510554118 69.374128533031950
95.13656920021877 69.216896174881299
96.52036246404286 69.055397359865879
97.92428346437356 68.897349813193870
99.34862496587989 68.739108618996326
100.79368399159105 68.580694760924985
102.25976188483567 68.417400160975177
103.74716437208203 68.247275687846638
105.25620162669229 68.069558604520211
106.78718833360406 67.884963023300301
108.34044375495276 67.691263643121005
109.9162917966485 67.486950209816200
111.51506107592134 67.273466661226820
113.13708498984903 67.048492510325332
114.78270178488147 66.811370484560257
116.45225462737648 66.561661508841041
118.14609167516147 66.310681920275584
119.86456615013608 66.065799119220316
121.60803641193078 65.793233846823171
123.3768660326369 65.500161237133881
125.17142387262359 65.209915028125465
126.99208415745765 64.922414731174172
128.83922655594208 64.627065739905419
130.71323625928977 64.322405305275453
132.61450406144883 64.021866374536884
134.5434264405962 63.732827868146977
136.50040564181674 63.473954568116525
138.48584976098482 63.269561267926136
140.50017282986593 63.138410588816384
142.5437949024563 63.066543212596955
144.61714214257822 63.029881437682128
146.7206469127495 63.032226717033552
148.8547478643456 63.042815638467466
151.01989002907314 63.044308505866262
153.216524911774 63.042802284347133
155.4451105845792 63.062943725119439
157.70611178243232 63.095041222356485
160.00000000000236 63.095499999999973
162.3272535900062 63.068038407637928
164.6883578629612 63.024858872176331
167.08380518838874 62.965237826139571
169.51409509748981 62.891257413938817
171.97973438731407 62.808293083953856
174.4812372264439 62.731459130651970
177.01912526221608 62.654214766976189
179.5939277295025 62.568725242742815
182.20618156107355 62.486167135294508
184.85643149956664 62.408192200212653
187.54523021108326 62.333959705145084
190.27313840043846 62.273020530232813
193.04072492808663 62.224495906596474
195.84856692874806 62.162840667724794
198.69724993176072 62.103315551378429
201.58736798318304 62.048427376302705
204.5195237696723 62.000460397416525
207.49432874416505 61.958824671535154
210.5124032533856 61.919842892123782
213.57437666720915 61.884075450827503
216.68088750990657 61.854366679594627
219.83258359329807 61.821383434575395
223.03012215184378 61.791471370095444
226.2741699796992 61.768096923461904
229.5654035697641 61.748107578581411
232.90450925475412 61.733397878105194
236.2921833503241 61.717513881192659
239.72913230027333 61.705914178486573
243.21607282386276 61.709202236677555
246.75373206527502 61.720699629212149
250.34284774524843 61.720171423872621
253.9841683149166 61.721992084157456
257.67845311188546 61.734414779252617
261.42647251858085 61.743637872231631
265.22900812289896 61.767946569044639
269.08685288119375 61.800144754801991
273.0008112836349 61.808252636671810
276.97169952197106 61.824316046892818
281.00034565973334 61.845600553055576
285.0875898049141 61.852000000000004
289.23428428515797 61.852000000000004
293.44129382550057 61.849246964939596
297.7094957286928 61.834452521356539
302.0397800581479 61.814840879767409
306.4330498235497 61.796456784097956
310.89022116916016 61.771144950631182
315.41222356486645 61.743356437462694
320.00000000000654 61.719499999999954
324.6545071800142 61.688314801893902
329.3767157259242 61.656238333063712
334.16761037677935 61.622826727362543
339.02819019498156 61.588399849615634
343.95946877463007 61.552199931067733
348.9624744528898 61.515970183939189
354.03825052443415 61.473771045489869
359.187855459007 61.427390515323033
364.4123631221491 61.376317605090719
369.71286299913527 61.327141660407960
375.0904604221685 61.276789239540108
380.54627680087896 61.233922110850237
386.08144985617537 61.193113561035545
391.6971338574982 61.158317196855009
397.3944998635236 61.133232100300248
403.1747359663683 61.130939297296898
409.0390475393468 61.148941983735121
414.9886574883323 61.184918711999714
421.0248065067734 61.243229793296535
427.1487533344206 61.322835986126961
433.3617750198154 61.416591585732064
439.6651671865984 61.518475258578874
446.06024430368984 61.625539214238650
452.54833995940066 61.734528273346356
459.13080713953053 61.838322568315547
465.8090185095106 61.939183023015275
472.58436670065066 62.029132038522462
479.45826460054917 62.112043832792182
486.432145647728 62.188094314736375
493.50746413055253 62.255356090373780
500.6856954904994 62.313385580369811
507.9683366298358 62.365274398487585
515.3569062237735 62.413896370359623
522.8529450371643 62.464790469649088
530.4580162458005 62.520677487705242
538.1737057623901 62.574228347891179
546.0016225672724 62.629797535847274
553.9433990439449 62.688196955269831
562.0006913194694 62.749405323159920
570.1751796098309 62.812322606054224
578.4685685703187 62.874937692705906
586.8825876510039 62.937431148617428
595.4189914573883 62.997891041055979
604.0795601162986 63.054487305712328
612.8660996471021 63.104915969512838
621.780442338323 63.151855163621249
630.8244471297356 63.195086345014346
640.0000000000159 63.235000000000063
649.3090143600314 63.272236057440125
658.7534314518515 63.310013725807408
668.3352207535618 63.345840316788184
678.0563803899662 63.382211426462369
687.9189375492632 63.418008175177349
697.9249489057827 63.452841073724954
708.0765010488715 63.488671578723498
718.3757109180171 63.526908915942570
728.8247262443015 63.566975196040559
739.425725998274 63.609674190293006
750.1809208443404 63.657344297273589
761.0925536017613 63.708265250141551
772.1628997123541 63.762141856287272
783.3942677149998 63.818294195025572
794.7889997270506 63.878273748521522
806.34947193274 63.941157534299535
818.0780950786972 64.005663295820469
829.9773149766683 64.071566667563076
842.0496130135506 64.138779073201221
854.2975066688449 64.207852537790117
866.7235500396347 64.278932925230180
879.3303343732008 64.352115939364552
892.1204886073838 64.426298833922829
905.0966799188055 64.502155356186279
918.2616142790653 64.580088023037547
931.6180370190256 64.659453682228815
945.1687334013056 64.741109794857948
958.9165292011028 64.825113741356759
972.8642912954606 64.910857177202843
987.0149282611097 64.999324357944658
1001.3713909810035 65.089502624082215
1015.9366732596762 65.179901041535970
1030.7138124475518 65.273088794305693
1045.7058900743334 65.369641594547986
1060.916032491606 65.468801539113514
1076.3474115247852 65.566578520041134
1092.0032451345498 65.666145484911851
1107.8867980878947 65.766225102403354
1124.0013826389438 65.866286342457897
1140.350359219667 65.967298018586305
1156.9371371406426 66.067938147259326
1173.765175302013 66.169480728355694
1190.837982914782 66.270068938250162
1208.1591202326028 66.371337829900597
1225.73219929421 66.471618943602763
1243.5608846766518 66.572727137092514
1261.648894259477 66.672957214902439
1280.0000000000375 66.769500000000207
1298.6180287200684 66.873229017154671
1317.5068629037087 66.977535687099277
1336.6704415071292 67.078853339987788
1356.112760779938 67.180689175075173
1375.8378750985323 67.282169109879987
1395.8498978115715 67.382749489057858
1416.153002097749 67.481034410069199
1436.7514218360407 67.578725325991684
1457.6494524886093 67.674116558099200
1478.8514519965543 67.768061243585180
1500.3618416886875 67.860512498258714
1522.1851072035295 67.951733748110755
1544.3257994247153 68.042735777641326
1566.788535430007 68.133489912428630
1589.5779994541087 68.224811997816431
1612.6989438654878 68.317295775461957
1636.156190157402 68.411124760629605
1659.9546299533442 68.506318519813377
1684.099226027109 68.602896904108434
1708.5950133376978 68.701223853884301
1733.4471000792773 68.801795226321872
1758.6606687464096 68.904162315110426
1784.2409772147755 69.008572826124876
1810.193359837619 69.116108244121250
1836.5232285581387 69.226858489086510
1863.2360740380593 69.340915118363654
1890.3374668026197 69.459598352603621
1917.833058402214 69.582748762809956
1945.7285825909298 69.710351479918273
1974.0298565222283 69.842459728524034
2002.7427819620161 69.977345362188771
2031.8733465193618 70.113711061315030
2061.4276248951132 70.250995693272756
2091.411780148677 70.387282421661610
2121.832064983222 70.522606887550751
2152.694823049581 70.657905109689437
2184.0064902691106 70.793127745900449
2215.7735961758003 70.928143443842757
2248.002765277899 71.063844855324589
2280.7007184393456 71.199551290908630
2313.874274281297 71.335422048743936
2347.530350604038 71.471413574926231
2381.6759658295764 71.607932913745429
2416.318240465218 71.744369167139922
2451.4643985884327 71.880137934565454
2487.1217693533167 72.016562723542592
2523.2977885189675 72.152575484589647
2560.0000000000887 72.289000000000328
2597.236057440151 72.425696158938550
2635.0137258074315 72.562549412906748
2673.340883014273 72.699360134700669
2712.225521559891 72.836659750818967
2751.6757501970797 72.974469178812313
2791.699795623158 73.112864294899893
2832.3060041955137 73.251017354222796
2873.502843672097 73.388794412554631
2915.2989049772345 73.525762474026692
2957.7029039931244 73.661456031418624
3000.723683377391 73.795152958047737
3044.370214407075 73.924673621780514
3088.6515988494466 74.050991331792829
3133.57707086003 74.172684524393333
3179.1559989082334 74.288015317303334
3225.3978877309914 74.396899226272041
3272.3123803148205 74.497571008235937
3319.9092599067053 74.588938482633921
3368.198452054235 74.670707600684068
3417.190026675413 74.742347034678033
3466.8942001585724 74.802738910166497
3517.3213374928373 74.851703496744136
3568.4819544295697 74.889219533569161
3620.386719675257 74.914839219083092
3673.0464571162966 74.928496039425113
3726.472148076138 74.929617506673139
3780.6749336052594 74.917201986575378
3835.6661168044484 74.895383635757554
3891.45716518188 74.860004804266424
3948.059713044477 74.816491595597057
4005.4855639240527 74.760874453618129
4063.746693038744 74.695129299049640
4122.855249790247 74.617859887804144
4182.823560297375 74.530361293797171
4243.664129966465 74.430408929340814
4305.389646099183 74.318452315484819
4368.012980538242 74.193007155914543
4431.5471923516225 74.053156554023928
4496.00553055582 73.901020152175292
4561.401436878714 73.736937702950200
4627.748548562617 73.564208061356979
4695.060701208099 73.383336106738128
4763.351931659176 73.198472929818109
4832.63648093046 73.008876042250535
4902.928797176889 72.816651424845915
4974.243538706657 72.622186357024361
5046.595577037959 72.425900719641021
5120.000000000202 72.229785714285185
5194.472114880326 72.035190159274578
5270.027451614888 71.843618699390191
5346.6817660285715 71.655880239456081
5424.451043119808 71.473262600824455
5503.351500394186 71.296364534841445
5583.399591246343 71.127153353273258
5664.612008391055 70.967798823805268
5747.005687344222 70.817945132457766
5830.597809954497 70.679338339819395
5915.405807986278 70.553395420577900
6001.447366754812 70.441398850527492
6088.740428814181 70.346508750798478
6177.303197698925 70.270802693088640
6267.154141720092 70.215538788982698
6358.3119978165005 70.181881080622304
6450.795775462017 70.168984084490774
6544.624760629676 70.178709942551123
6639.818519813445 70.211311982109521
6736.396904108505 70.266887755478677
6834.380053350861 70.344973449616305
6933.788400317181 70.443674066353665
7034.642674985712 70.561496197231861
7136.963908859177 70.696249472402855
7240.773439350552 70.844029221451805
7346.092914232631 70.996412867352660
7452.944296152315 71.142062863517253
7561.349867210557 71.264349867210569
7671.332233608935 71.349060980139910
7782.914330363799 71.389253187156640
7896.119426088994 71.384291036593481
8010.971127848146 71.338997375917671
8127.49338607753 71.244643315236488
8245.710499580537 71.089142342859446
8365.647120594791 70.880227945723774
8487.328259932974 70.625585844393271
8610.77929219841 70.307704357979162
8736.025961076528 69.894366776697183
8863.094384703289 69.364067821605317
8992.011061111683 68.710030549960067
9122.802873757471 67.962463044830912
9255.497097125279 67.181364254867191
9390.121402416245 66.437483403059730
9526.7038633184 65.782788838451353
9665.272961860968 65.241357958094923
9805.857594353829 64.821434056931764
9948.487077413367 64.528493862025826
10093.19115407597 64.373553448541756
10240.000000000457 64.344400000000064
10388.944229760706 64.446120809395012
10540.05490322983 64.695357747588531
10693.363532057198 65.098692408095019
10848.902086239672 65.667278671337897
11006.703000788428 66.400013300780188
11166.799182492743 67.275043894119193
11329.224016782166 68.220960498175657
11494.0113746885 69.064304503715732
11661.195619909053 69.336625198271634
11830.811615972614 69.066321838678334
12002.894733509682 68.090742933872036
12177.48085762842 66.953025486431670
12354.606395397908 65.990101860209023
12534.308283440243 65.353912681622717
12716.62399563306 65.006298887845929
12901.591550924093 64.527488505792974
13089.249521259411 63.919744764721308
13279.637039626952 63.239908472144840
13472.793808217073 62.618555943841038
13668.760106701786 62.198861457019603
13867.576800634426 62.008302045862010
14069.285349971487 62.057330543134633
14273.927817718419 62.287212248570356
14481.54687870117 62.769913329556175
14692.18582846533 63.507484610818253
14905.888592304698 64.314735748819260
15122.699734421185 64.847788829251968
15342.664467217943 64.717112653098695
15565.828660727671 63.685171081860915
15792.238852178061 61.828446688792106
16021.942255696367 59.456173979537482
16254.986772155136 56.967696802120862
16491.42099916115 54.701238302041219
16731.294241189662 52.712672864114808
16974.65651986603 50.862343275011483
17221.558584396902 49.141359533323786
17472.051922153143 47.501662506004571
17726.188769406665 45.876010896107857
17984.022122223458 44.198175763103052
18245.605747515034 42.354128884603497
18510.99419425065 40.189205154296232
18780.242804832582 38.278061348003590
19053.40772663689 38.915109761379952
19330.545923722028 41.017243996495090
19611.71518870775 42.866503689227166
19896.974154826825 43.694000000000003
20186.382308152035 43.694000000000003
