20 71.943999999999988
20.290906698750476 71.955151460623640
20.586044732869844 71.964558084680590
20.885475648548283 71.972612683961287
21.189261887185914 71.979749421536269
21.49746679841394 71.985962005631222
21.810154653305165 71.990626945031579
22.12739065777668 71.993796191611096
22.449240966187475 71.995582068003415
22.77577269513385 71.996000000000009
23.107053937445478 71.996000000000009
23.44315377638505 71.995522819002659
23.784142300054445 71.994079288499734
24.130090616010463 71.991482271087449
24.481070866093134 71.985652242084313
24.837156241469714 71.977342514702514
25.1984209978975 71.967543422557824
25.56494047120865 71.958907358433237
25.936791093020236 71.953474064432015
26.3140504066728 71.951309917021945
26.69679708340074 71.949278025520243
27.08511093873791 71.943180759160242
27.47907294916184 71.929685934934810
27.878765268980047 71.911061736551005
28.284271247461966 71.890502166379434
28.695675446220072 71.871085955812532
29.11306365684382 71.853477453726242
29.536522918790062 71.836137331141714
29.966141537533712 71.814226781585774
30.402009102982383 71.784835923803371
30.844216508158908 71.747520571817120
31.29285596815558 71.706419752985425
31.74802103936409 71.666414253732782
32.20980663898519 71.635639087967689
32.67830906482211 71.622891545324109
33.153626015361866 71.631566796706650
33.63585661014871 71.653070121016100
34.125101410453844 71.667624695768637
34.62146244024586 71.660062490666974
35.12504320746613 71.630996889062430
35.635948725613716 71.596386871365638
36.15428553564419 71.569211436431658
36.68016172818701 71.543550619765156
37.21368696608603 71.507050294848781
37.754972507267915 71.459506138250106
38.30413122794313 71.410586102676319
38.86127764614443 71.368605832479133
39.4265279456077 71.326918570784642
40.000000000000206 71.279499999999985
40.58181339750116 71.240712310874287
41.1720894657399 71.217093196292538
41.77095129709678 71.188403976986919
42.37852377437204 71.140718084167261
42.9949335968281 71.099654101047889
43.62030930661056 71.083027416486232
44.25478131555359 71.070404409539776
44.89848193237519 71.033852492406311
45.55154539026795 70.976118648086299
46.21410787489121 70.920071294307306
46.88630755277036 70.877122929648181
47.56828460010916 70.843024746674175
48.260181232021196 70.812370627934897
48.962141732186545 70.771899147411546
49.674312482939705 70.726041316161343
50.39684199579528 70.692858539342723
51.129880942417586 70.673344889065859
51.873582186040764 70.659261522915557
52.628100813345895 70.633503047036584
53.393594166801776 70.592154337163564
54.17022187747612 70.541906658272438
54.95814589832399 70.484657366904486
55.75753053796041 70.414776909671019
56.56854249492426 70.348722227890832
57.39135089244048 70.287127060298062
58.226127313687975 70.222196287140704
59.073045837580466 70.145192855912356
59.932283075067765 70.076883495532115
60.804018205965114 70.003123917693387
61.68843301631817 69.923059975049085
62.58571193631152 69.852125225797010
63.49604207872855 69.772127981481418
64.41961327797075 69.678471959340186
65.35661812964459 69.575558769479812
66.3072520307241 69.488137398463792
67.27171322029778 69.424019115597687
68.25020282090806 69.313849748796940
69.2429248804921 69.208839605736372
70.25008641493265 69.146991185676868
71.27189745122783 69.041271023993005
72.30857107128878 68.932760035013700
73.36032345637442 68.844461562986652
74.42737393217246 68.800093582254817
75.50994501453623 68.792049731447008
76.60826245588666 68.783252064587856
77.72255529228926 68.735528492006978
78.85305589121582 68.632076827885498
80.00000000000082 68.590499999999992
81.16362679500274 68.576924320119105
82.34417893148023 68.539094138561296
83.541902594194 68.498735685883389
84.75704754874454 68.464877517789262
85.98986719365665 68.434578149682011
87.24061861322157 68.419494046040455
88.50956263110764 68.416391623514102
89.79696386475084 68.401801076199490
91.10309078053635 68.371003416928019
92.42821574978288 68.321733317065991
93.77261510554118 68.268584979468983
95.13656920021877 68.228443096024321
96.52036246404286 68.232066167660150
97.92428346437356 68.251190608421410
99.34862496587989 68.307061122536936
100.79368399159105 68.418907351344103
102.25976188483567 68.540605791903928
103.74716437208203 68.646060293684030
105.25620162669229 68.698891576656649
106.78718833360406 68.688285181102259
108.34044375495276 68.636705060249923
109.9162917966485 68.571835109887445
111.51506107592134 68.496534565987218
113.13708498984903 68.424542255644411
114.78270178488147 68.341951431710100
116.45225462737648 68.248145536655414
118.14609167516147 68.153965368818206
119.86456615013608 68.088861574205680
121.60803641193078 68.027878785209722
123.3768660326369 67.985495699772727
125.17142387262359 67.940157316712927
126.99208415745765 67.874761222803897
128.83922655594208 67.809009943334246
130.71323625928977 67.736458996247507
132.61450406144883 67.659341593634224
134.5434264405962 67.582768519664512
136.50040564181674 67.499858267275073
138.48584976098482 67.419173321761832
140.50017282986593 67.340159638252118
142.5437949024563 67.257052340633450
144.61714214257822 67.173814314296862
146.7206469127495 67.087265217812160
148.8547478643456 67.000539135853302
151.01989002907314 66.910644728749844
153.216524911774 66.818339003529033
155.4451105845792 66.727593178512350
157.70611178243232 66.628931081572986
160.00000000000236 66.527999999999878
162.3272535900062 66.420480884141710
164.6883578629612 66.313586224594161
167.08380518838874 66.208229332748573
169.51409509748981 66.097754444534957
171.97973438731407 65.986411952570876
174.4812372264439 65.877806799262913
177.01912526221608 65.779580890140679
179.5939277295025 65.698682168114928
182.20618156107355 65.634875351470882
184.85643149956664 65.588411950807284
187.54523021108326 65.567581414379958
190.27313840043846 65.574348990243777
193.04072492808663 65.603449338676796
195.84856692874806 65.657998759046706
198.69724993176072 65.717705548648865
201.58736798318304 65.761754731806604
204.5195237696723 65.778253253961623
207.49432874416505 65.762560493395569
210.5124032533856 65.716504002141193
213.57437666720915 65.647640583319770
216.68088750990657 65.564951148171261
219.83258359329807 65.476355075794345
223.03012215184378 65.381732631251623
226.2741699796992 65.286670042258777
229.5654035697641 65.190248161953591
232.90450925475412 65.092785146736333
236.2921833503241 64.997001480784888
239.72913230027333 64.902915003280015
243.21607282386276 64.807139024652727
246.75373206527502 64.711180017729419
250.34284774524843 64.615585958623541
253.9841683149166 64.520911623812168
257.67845311188546 64.425320025729974
261.42647251858085 64.330053259841009
265.22900812289896 64.235503805050428
269.08685288119375 64.142987908252337
273.0008112836349 64.051980934834575
276.97169952197106 63.958786523673929
281.00034565973334 63.865692291787951
285.0875898049141 63.774643096135819
289.23428428515797 63.686733173154650
293.44129382550057 63.598921088429591
297.7094957286928 63.511226287134669
302.0397800581479 63.422684508807968
306.4330498235497 63.336272053352559
310.89022116916016 63.257421129539694
315.41222356486645 63.177786087614834
320.00000000000654 63.097499999999883
324.6545071800142 63.016977025785756
329.3767157259242 62.939659533667438
334.16761037677935 62.859484145670109
339.02819019498156 62.778632042763306
343.95946877463007 62.697564712096067
348.9624744528898 62.619874140870792
354.03825052443415 62.541810941923714
359.187855459007 62.467113666936200
364.4123631221491 62.399021752036489
369.71286299913527 62.340129793309423
375.0904604221685 62.293554159347877
380.54627680087896 62.266664778624239
386.08144985617537 62.255010405158203
391.6971338574982 62.268678543304681
397.3944998635236 62.294324799126557
403.1747359663683 62.337720694383599
409.0390475393468 62.388851427854121
414.9886574883323 62.439160205115968
421.0248065067734 62.482661242294029
427.1487533344206 62.517095013337681
433.3617750198154 62.536239477114705
439.6651671865984 62.543522952678060
446.06024430368984 62.545484938924076
452.54833995940066 62.544499999999999
459.13080713953053 62.545385172958476
465.8090185095106 62.548856763882128
472.58436670065066 62.559668733401303
479.45826460054917 62.578511688744584
486.432145647728 62.602898938896594
493.50746413055253 62.633353950854548
500.6856954904994 62.668814181165899
507.9683366298358 62.709323872503461
515.3569062237735 62.759278769885100
522.8529450371643 62.819369523177173
530.4580162458005 62.894853064872791
538.1737057623901 62.985245767356616
546.0016225672724 63.087594260410910
553.9433990439449 63.198843199294487
562.0006913194694 63.309009159982971
570.1751796098309 63.416997047552073
578.4685685703187 63.511541681701630
586.8825876510039 63.596793488362394
595.4189914573883 63.672206679523455
604.0795601162986 63.736517140755943
612.8660996471021 63.791196597882617
621.780442338323 63.842261067480536
630.8244471297356 63.894611572204354
640.0000000000159 63.951500000000095
649.3090143600314 64.011543142622202
658.7534314518515 64.067645245565927
668.3352207535618 64.121677236219952
678.0563803899662 64.172087539988837
687.9189375492632 64.217635218971679
697.9249489057827 64.260681032849575
708.0765010488715 64.301806004195498
718.3757109180171 64.336721060483555
728.8247262443015 64.372445305542840
739.425725998274 64.408076182094220
750.1809208443404 64.448163376429250
761.0925536017613 64.488172696539792
772.1628997123541 64.534496883398418
783.3942677149998 64.583305635365775
794.7889997270506 64.634899123737597
806.34947193274 64.689953675672115
818.0780950786972 64.745786519404703
829.9773149766683 64.803078010074756
842.0496130135506 64.865941605450089
854.2975066688449 64.932561910011430
866.7235500396347 64.999161200219518
879.3303343732008 65.069899422645904
892.1204886073838 65.145460281264548
905.0966799188055 65.225703696145672
918.2616142790653 65.311182155450780
931.6180370190256 65.401062639477146
945.1687334013056 65.496375922709348
958.9165292011028 65.596016358758035
972.8642912954606 65.699564327358445
987.0149282611097 65.806536187209190
1001.3713909810035 65.918516840880727
1015.9366732596762 66.035805610497306
1030.7138124475518 66.158939939295692
1045.7058900743334 66.283733520307720
1060.916032491606 66.410603069680320
1076.3474115247852 66.538099637328315
1092.0032451345498 66.660962548382315
1107.8867980878947 66.783083600013214
1124.0013826389438 66.900064734741875
1140.350359219667 67.006906292049706
1156.9371371406426 67.100262307780639
1173.765175302013 67.187163935771807
1190.837982914782 67.253307671956648
1208.1591202326028 67.308970014659536
1225.73219929421 67.324860938481748
1243.5608846766518 67.310382331050221
1261.648894259477 67.248792719437404
1280.0000000000375 67.159999999999883
1298.6180287200684 67.096166758674059
1317.5068629037087 67.037242450805920
1336.6704415071292 67.048253114243380
1356.112760779938 67.109811576846766
1375.8378750985323 67.213483994306699
1395.8498978115715 67.343590562782822
1416.153002097749 67.487532398402166
1436.7514218360407 67.635779022765391
1457.6494524886093 67.784740189320729
1478.8514519965543 67.931150670297058
1500.3618416886875 68.074236181636081
1522.1851072035295 68.209103962517815
1544.3257994247153 68.332018864858952
1566.788535430007 68.438548409435029
1589.5779994541087 68.524482078165818
1612.6989438654878 68.588961549767930
1636.156190157402 68.636242399464436
1659.9546299533442 68.672441018939338
1684.099226027109 68.703647009314693
1708.5950133376978 68.737580121073563
1733.4471000792773 68.783097272183923
1758.6606687464096 68.845403445740089
1784.2409772147755 68.919147029365803
1810.193359837619 69.000618751480374
1836.5232285581387 69.085104795957207
1863.2360740380593 69.170590715441023
1890.3374668026197 69.254012400407859
1917.833058402214 69.336142514038585
1945.7285825909298 69.419271176120972
1974.0298565222283 69.510337332262466
2002.7427819620161 69.621802492515783
2031.8733465193618 69.766051862607895
2061.4276248951132 69.958159267930142
2091.411780148677 70.192982478542575
2121.832064983222 70.439011479251263
2152.694823049581 70.643932323789528
2184.0064902691106 70.811123689482258
2215.7735961758003 70.900652852447209
2248.002765277899 70.952634762060242
2280.7007184393456 70.963464964078042
2313.874274281297 70.962962475809377
2347.530350604038 70.966129552590616
2381.6759658295764 70.973148041884514
2416.318240465218 70.990010651023340
2451.4643985884327 71.025720668341407
2487.1217693533167 71.065477857820980
2523.2977885189675 71.094143562537326
2560.0000000000887 71.101999999999975
2597.236057440151 71.069483251633741
2635.0137258074315 70.981955619889305
2673.340883014273 70.840719990018272
2712.225521559891 70.693376846306393
2751.6757501970797 70.586602518262225
2791.699795623158 70.514091584667085
2832.3060041955137 70.453979353958459
2873.502843672097 70.371858146750242
2915.2989049772345 70.236707102806093
2957.7029039931244 70.021926991487362
3000.723683377391 69.725271387598355
3044.370214407075 69.415278713557555
3088.6515988494466 69.181997559904232
3133.57707086003 69.035593883478924
3179.1559989082334 68.984754480458548
3225.3978877309914 69.015874683737650
3272.3123803148205 69.114520303046874
3319.9092599067053 69.242555909149033
3368.198452054235 69.361170795752258
3417.190026675413 69.447456131743735
3466.8942001585724 69.492412970055511
3517.3213374928373 69.495339331253575
3568.4819544295697 69.461442143291919
3620.386719675257 69.421102772965611
3673.0464571162966 69.411992078850233
3726.472148076138 69.435677453287965
3780.6749336052594 69.465618360134016
3835.6661168044484 69.488446545696974
3891.45716518188 69.494524819893741
3948.059713044477 69.490633394728192
4005.4855639240527 69.476680008771098
4063.746693038744 69.476185130011089
4122.855249790247 69.520021474741299
4182.823560297375 69.592900026252778
4243.664129966465 69.644614510471499
4305.389646099183 69.661077929219829
4368.012980538242 69.688589282746705
4431.5471923516225 69.726867938213474
4496.00553055582 69.717531904606417
4561.401436878714 69.701573811640856
4627.748548562617 69.755867954649204
4695.060701208099 69.897044176583051
4763.351931659176 70.061466830841738
4832.63648093046 70.190383751311856
4902.928797176889 70.223471914588188
4974.243538706657 70.204375770404567
5046.595577037959 70.187466775226738
5120.000000000202 70.176928571428533
5194.472114880326 70.159928997389613
5270.027451614888 70.171760294355579
5346.6817660285715 70.228514721877858
5424.451043119808 70.303545998414677
5503.351500394186 70.325713507125954
5583.399591246343 70.236240572255127
5664.612008391055 70.143219030937672
5747.005687344222 70.159761625756019
5830.597809954497 70.283613554207619
5915.405807986278 70.445914073100909
6001.447366754812 70.564196545250752
6088.740428814181 70.602249726537536
6177.303197698925 70.607705433973422
6267.154141720092 70.635898217317049
6358.3119978165005 70.684737838755410
6450.795775462017 70.733135951099086
6544.624760629676 70.796939160763557
6639.818519813445 70.926734317424092
6736.396904108505 71.162286278900694
6834.380053350861 71.489893798465204
6933.788400317181 71.861044385192599
7034.642674985712 72.228824375200986
7136.963908859177 72.563152448400345
7240.773439350552 72.842128636948473
7346.092914232631 73.022897559944255
7452.944296152315 73.058587003019838
7561.349867210557 72.925991496767040
7671.332233608935 72.675244062572247
7782.914330363799 72.404957290682944
7896.119426088994 72.252126870870029
8010.971127848146 72.256254813233028
8127.49338607753 72.022950575818783
8245.710499580537 71.359570696584598
8365.647120594791 70.577566563486442
8487.328259932974 69.999628428135509
8610.77929219841 69.539078744244122
8736.025961076528 68.947236625743315
8863.094384703289 68.309313381141124
8992.011061111683 67.726610003775193
9122.802873757471 67.288551849789684
9255.497097125279 67.062372013543666
9390.121402416245 67.033765811973268
9526.7038633184 67.172902147139041
9665.272961860968 67.478184603607914
9805.857594353829 67.939403369248623
9948.487077413367 68.523057777796254
10093.19115407597 69.186566512616309
10240.000000000457 69.851400000002030
10388.944229760706 70.422586960820709
10540.05490322983 70.755899144159571
10693.363532057198 70.714500454970022
10848.902086239672 70.127599360177669
11006.703000788428 69.049721703336132
11166.799182492743 67.636443407612944
11329.224016782166 65.827873050144262
11494.0113746885 64.340735282144465
11661.195619909053 64.490231927025363
11830.811615972614 64.243163582133064
12002.894733509682 63.213643238560351
12177.48085762842 61.746701213716349
12354.606395397908 62.326854825833998
12534.308283440243 64.288191786833721
12716.62399563306 65.914506532240807
12901.591550924093 66.842593748835412
13089.249521259411 67.577944909735095
13279.637039626952 68.141298764976483
13472.793808217073 68.446126671916673
13668.760106701786 68.436113478359957
13867.576800634426 68.129214996523373
14069.285349971487 67.634853359743261
14273.927817718419 67.085047263063188
14481.54687870117 66.647821437826877
14692.18582846533 66.394098757148043
14905.888592304698 66.256044138801400
15122.699734421185 66.177153275424388
15342.664467217943 66.071316320652102
15565.828660727671 65.803437282826735
15792.238852178061 65.171186930274644
16021.942255696367 63.935492243730266
16254.986772155136 61.975126987310688
16491.42099916115 59.705358408052959
16731.294241189662 57.342438781869930
16974.65651986603 54.782931271976352
17221.558584396902 52.569272511826412
17472.051922153143 51.704860279480101
17726.188769406665 51.749641935479602
17984.022122223458 51.945037255334299
18245.605747515034 52.074408335817154
18510.99419425065 52.189675834294192
18780.242804832582 52.514993990624220
19053.40772663689 53.213843146046685
19330.545923722028 54.161387855840196
19611.71518870775 54.998814453266945
19896.974154826825 55.286999999999999
20186.382308152035 55.286999999999999
