20 100.644499999999994
20.290906698750476 100.656621152851784
20.586044732869844 100.668918532474464
20.885475648548283 100.682346404184671
21.189261887185914 100.696498843072533
21.49746679841394 100.711629684498874
21.810154653305165 100.726431613107394
22.12739065777668 100.738799434699956
22.449240966187475 100.748902748037608
22.77577269513385 100.753500000000003
23.107053937445478 100.751894185585599
23.44315377638505 100.744943961522551
23.784142300054445 100.734975730998372
24.130090616010463 100.726114997423139
24.481070866093134 100.722547322598160
24.837156241469714 100.724285928310920
25.1984209978975 100.730472367463207
25.56494047120865 100.735649408835613
25.936791093020236 100.736290107386708
26.3140504066728 100.730148755329026
26.69679708340074 100.719104094789486
27.08511093873791 100.706946690348900
27.47907294916184 100.696523183828916
27.878765268980047 100.686182411689273
28.284271247461966 100.672481963843907
28.695675446220072 100.653542175011665
29.11306365684382 100.628924734991472
29.536522918790062 100.600626010278646
29.966141537533712 100.572700800060318
30.402009102982383 100.549943075605242
30.844216508158908 100.541319730164119
31.29285596815558 100.544616049402919
31.74802103936409 100.552220315590461
32.20980663898519 100.549286187552468
32.67830906482211 100.523238947906719
33.153626015361866 100.474411252141209
33.63585661014871 100.420001191866319
34.125101410453844 100.380745335119116
34.62146244024586 100.360099051673117
35.12504320746613 100.342747666796839
35.635948725613716 100.310264614694773
36.15428553564419 100.261762875364298
36.68016172818701 100.209744959278609
37.21368696608603 100.163973477543550
37.754972507267915 100.125562564784957
38.30413122794313 100.089335665411653
38.86127764614443 100.054726581254926
39.4265279456077 100.022224648408368
40.000000000000206 99.991500000000002
40.58181339750116 99.956106233672784
41.1720894657399 99.911616614098321
41.77095129709678 99.862872236977893
42.37852377437204 99.822482711994539
42.9949335968281 99.789340791630536
43.62030930661056 99.757117383571540
44.25478131555359 99.729620005815946
44.89848193237519 99.712284164135440
45.55154539026795 99.698321821334133
46.21410787489121 99.683782138438289
46.88630755277036 99.700801803524740
47.56828460010916 99.739914464695886
48.260181232021196 99.751435313967448
48.962141732186545 99.736629623972419
49.674312482939705 99.727342514702514
50.39684199579528 99.683067724257754
51.129880942417586 99.606919927039343
51.873582186040764 99.563797871551259
52.628100813345895 99.538524731705252
53.393594166801776 99.478656547473506
54.17022187747612 99.460800008123442
54.95814589832399 99.511779440849011
55.75753053796041 99.405888717518280
56.56854249492426 99.194092372668678
57.39135089244048 99.133181011097179
58.226127313687975 99.269868698855461
59.073045837580466 99.420109568756374
59.932283075067765 99.421398424612590
60.804018205965114 99.361146884551800
61.68843301631817 99.284252406132836
62.58571193631152 99.213053782889261
63.49604207872855 99.147032991370907
64.41961327797075 99.077850551040314
65.35661812964459 99.002400695239501
66.3072520307241 98.922576325357724
67.27171322029778 98.840040232884832
68.25020282090806 98.759234382790083
69.2429248804921 98.686195732529001
70.25008641493265 98.625495506423505
71.27189745122783 98.573041076164230
72.30857107128878 98.522651445185076
73.36032345637442 98.469961562986668
74.42737393217246 98.401446955087067
75.50994501453623 98.322803759741873
76.60826245588666 98.250632228427634
77.72255529228926 98.181808391597400
78.85305589121582 98.097065234064587
80.00000000000082 98.011999999999944
81.16362679500274 97.937818606365084
82.34417893148023 97.862888621913086
83.541902594194 97.782471371766775
84.75704754874454 97.701595640134769
85.98986719365665 97.619096243082822
87.24061861322157 97.537759989391873
88.50956263110764 97.457391179152808
89.79696386475084 97.375426633944187
91.10309078053635 97.286662319243931
92.42821574978288 97.193552495182615
93.77261510554118 97.096969817094191
95.13656920021877 96.991517532692910
96.52036246404286 96.883820903671875
97.92428346437356 96.787279339459303
99.34862496587989 96.687539028863938
100.79368399159105 96.582619313935965
102.25976188483567 96.475777620522166
103.74716437208203 96.363094843885293
105.25620162669229 96.250693012189416
106.78718833360406 96.145045569982130
108.34044375495276 96.035807162133494
109.9162917966485 95.914555589271970
111.51506107592134 95.789255905151975
113.13708498984903 95.660217496007959
114.78270178488147 95.521013641356973
116.45225462737648 95.366015972185622
118.14609167516147 95.209958832210930
119.86456615013608 95.080081719100647
121.60803641193078 94.955377464785514
123.3768660326369 94.839659273760120
125.17142387262359 94.746942968347909
126.99208415745765 94.718124448839774
128.83922655594208 94.756469614697721
130.71323625928977 94.830091424472101
132.61450406144883 94.946037235453588
134.5434264405962 95.133939459651245
136.50040564181674 95.373928443309353
138.48584976098482 95.633324382085320
140.50017282986593 95.883436513296274
142.5437949024563 96.118112447965387
144.61714214257822 96.341512781577649
146.7206469127495 96.536514092764918
148.8547478643456 96.695371459901082
151.01989002907314 96.812111513186181
153.216524911774 96.884967533464874
155.4451105845792 96.916178044233817
157.70611178243232 96.914031990332973
160.00000000000236 96.880999999999943
162.3272535900062 96.824215012403840
164.6883578629612 96.752160906248207
167.08380518838874 96.667899774255687
169.51409509748981 96.579686938451374
171.97973438731407 96.487166040159536
174.4812372264439 96.383099294153482
177.01912526221608 96.272966138567384
179.5939277295025 96.164473820906792
182.20618156107355 96.061458919118138
184.85643149956664 95.960926889316383
187.54523021108326 95.865462172823172
190.27313840043846 95.772057762224051
193.04072492808663 95.673588657315605
195.84856692874806 95.583345858280069
198.69724993176072 95.491948552197300
201.58736798318304 95.403437205826634
204.5195237696723 95.318693572564342
207.49432874416505 95.231172028093653
210.5124032533856 95.141892372860724
213.57437666720915 95.053343076650933
216.68088750990657 94.962248929396495
219.83258359329807 94.875852826574260
223.03012215184378 94.802943486314547
226.2741699796992 94.720355467208009
229.5654035697641 94.614631413151272
232.90450925475412 94.513348807233172
236.2921833503241 94.437170214186182
239.72913230027333 94.356831532481110
243.21607282386276 94.275557334154144
246.75373206527502 94.194633379006831
250.34284774524843 94.113871637668211
253.9841683149166 94.032852254993102
257.67845311188546 93.949734804982583
261.42647251858085 93.882965039989671
265.22900812289896 93.829952284632753
269.08685288119375 93.786870912544487
273.0008112836349 93.736740061775464
276.97169952197106 93.689068380377819
281.00034565973334 93.643195921215138
285.0875898049141 93.595027753165454
289.23428428515797 93.548999444434742
293.44129382550057 93.499892732859095
297.7094957286928 93.443567059798298
302.0397800581479 93.383453024200463
306.4330498235497 93.324870352293857
310.89022116916016 93.265468291862476
315.41222356486645 93.203434981874295
320.00000000000654 93.141499999999908
324.6545071800142 93.078664153069809
329.3767157259242 93.015789680845216
334.16761037677935 92.950820498875800
339.02819019498156 92.884716613348246
343.95946877463007 92.818047171542503
348.9624744528898 92.750902842331271
354.03825052443415 92.683291268025016
359.187855459007 92.616057879032908
364.4123631221491 92.547256806787630
369.71286299913527 92.478704067311156
375.0904604221685 92.414498473897424
380.54627680087896 92.354094792561696
386.08144985617537 92.289022601725890
391.6971338574982 92.220166539379548
397.3944998635236 92.150287101665015
403.1747359663683 92.085429833683662
409.0390475393468 92.025103016683303
414.9886574883323 91.965860589488756
421.0248065067734 91.910573087084799
427.1487533344206 91.859668098880377
433.3617750198154 91.810999429011446
439.6651671865984 91.770316378575544
446.06024430368984 91.747924694620394
452.54833995940066 91.738412988073080
459.13080713953053 91.735180230611292
465.8090185095106 91.747109637319397
472.58436670065066 91.773802195388598
479.45826460054917 91.812204930017700
486.432145647728 91.854592873886361
493.50746413055253 91.905876343246206
500.6856954904994 91.971742699732943
507.9683366298358 92.032734819274879
515.3569062237735 92.083600316773200
522.8529450371643 92.138983487491771
530.4580162458005 92.201736650273659
538.1737057623901 92.273447986049661
546.0016225672724 92.360660125894540
553.9433990439449 92.441504741634517
562.0006913194694 92.513006394705087
570.1751796098309 92.588331365034719
578.4685685703187 92.651361121134414
586.8825876510039 92.697068808872473
595.4189914573883 92.729569823090770
604.0795601162986 92.753688955276203
612.8660996471021 92.775512827663974
621.780442338323 92.799404057775462
630.8244471297356 92.824638230815154
640.0000000000159 92.854000000000070
649.3090143600314 92.894028761748132
658.7534314518515 92.941642500404441
668.3352207535618 92.993843714144589
678.0563803899662 93.052546739398281
687.9189375492632 93.116764987825150
697.9249489057827 93.191918354019805
708.0765010488715 93.275438783758077
718.3757109180171 93.358924472890038
728.8247262443015 93.448333882013202
739.425725998274 93.548515683283512
750.1809208443404 93.649650902704593
761.0925536017613 93.749219551616079
772.1628997123541 93.848184335894842
783.3942677149998 93.946142701379813
794.7889997270506 94.044837997634431
806.34947193274 94.143441388767229
818.0780950786972 94.241027397955435
829.9773149766683 94.338775695770408
842.0496130135506 94.437740573486224
854.2975066688449 94.535589425572084
866.7235500396347 94.630153325303354
879.3303343732008 94.729008741860241
892.1204886073838 94.831751859998320
905.0966799188055 94.930738567748051
918.2616142790653 95.015420541171721
931.6180370190256 95.071835951515681
945.1687334013056 95.094480458375813
958.9165292011028 95.113846970202019
972.8642912954606 95.191371465493049
987.0149282611097 95.340436886624772
1001.3713909810035 95.529650917341641
1015.9366732596762 95.726708415745946
1030.7138124475518 95.910300950319680
1045.7058900743334 96.072505591678521
1060.916032491606 96.223946584001354
1076.3474115247852 96.374569891790415
1092.0032451345498 96.526343835830488
1107.8867980878947 96.679626738772981
1124.0013826389438 96.834235434105466
1140.350359219667 96.990524275855137
1156.9371371406426 97.149060465043846
1173.765175302013 97.309379488825499
1190.837982914782 97.471752414942074
1208.1591202326028 97.635934530772843
1225.73219929421 97.801773488617101
1243.5608846766518 97.969043861686345
1261.648894259477 98.137834716613128
1280.0000000000375 98.308000000000348
1298.6180287200684 98.479285864224636
1317.5068629037087 98.652812452423746
1336.6704415071292 98.828451300827908
1356.112760779938 99.006028942116927
1375.8378750985323 99.186416557151574
1395.8498978115715 99.369130317530590
1416.153002097749 99.555069185896031
1436.7514218360407 99.744281866437476
1457.6494524886093 99.937333930044531
1478.8514519965543 100.133895532607880
1500.3618416886875 100.334408548707444
1522.1851072035295 100.539983709857239
1544.3257994247153 100.750095094534800
1566.788535430007 100.964498398710873
1589.5779994541087 101.183823474726694
1612.6989438654878 101.407679755495224
1636.156190157402 101.635884415936246
1659.9546299533442 101.868754466141837
1684.099226027109 102.106218368627282
1708.5950133376978 102.347918731776446
1733.4471000792773 102.593626290784840
1758.6606687464096 102.842894193839598
1784.2409772147755 103.094931215793395
1810.193359837619 103.349691059211921
1836.5232285581387 103.605814387871618
1863.2360740380593 103.862007424842318
1890.3374668026197 104.117251939936466
1917.833058402214 104.370137492628189
1945.7285825909298 104.618326098452002
1974.0298565222283 104.860253780438939
2002.7427819620161 105.091890855944015
2031.8733465193618 105.312582203193557
2061.4276248951132 105.517994036839212
2091.411780148677 105.705811850156010
2121.832064983222 105.872885515168633
2152.694823049581 106.011303236333973
2184.0064902691106 106.131819957577520
2215.7735961758003 106.214913231777970
2248.002765277899 106.275669662384388
2280.7007184393456 106.301283453073211
2313.874274281297 106.295019245907781
2347.530350604038 106.258288819114071
2381.6759658295764 106.189332429873360
2416.318240465218 106.096729366581087
2451.4643985884327 105.977191555116917
2487.1217693533167 105.840942196941626
2523.2977885189675 105.687363397586012
2560.0000000000887 105.521749999999585
2597.236057440151 105.345189670697266
2635.0137258074315 105.159681599726298
2673.340883014273 104.966836779740248
2712.225521559891 104.770631541481876
2751.6757501970797 104.573517195892066
2791.699795623158 104.377859743782395
2832.3060041955137 104.186630960406944
2873.502843672097 104.000117430969340
2915.2989049772345 103.819968511493784
2957.7029039931244 103.647651935786200
3000.723683377391 103.483967108179129
3044.370214407075 103.332223966270220
3088.6515988494466 103.192078913480429
3133.57707086003 103.063547195292173
3179.1559989082334 102.949025602620253
3225.3978877309914 102.847696266783402
3272.3123803148205 102.761184572480545
3319.9092599067053 102.690414332517548
3368.198452054235 102.636485362192275
3417.190026675413 102.600420687462559
3466.8942001585724 102.583986347990489
3517.3213374928373 102.588062468122502
3568.4819544295697 102.613915924455057
3620.386719675257 102.662964063610303
3673.0464571162966 102.736526654241885
3726.472148076138 102.836326789479131
3780.6749336052594 102.966569467385327
3835.6661168044484 103.120788234942282
3891.45716518188 103.313207764103083
3948.059713044477 103.530066275601655
4005.4855639240527 103.788519245685663
4063.746693038744 104.082856591249012
4122.855249790247 104.413321848727492
4182.823560297375 104.778232132205900
4243.664129966465 105.171088382069172
4305.389646099183 105.578033244638760
4368.012980538242 105.977849309426801
4431.5471923516225 106.329888803538950
4496.00553055582 106.604255824260335
4561.401436878714 106.760460141731727
4627.748548562617 106.826824564568795
4695.060701208099 106.851106114976062
4763.351931659176 106.899380656454809
4832.63648093046 106.987427425209589
4902.928797176889 107.049877135953125
4974.243538706657 107.025263842019683
5046.595577037959 106.846185375835034
5120.000000000202 106.533499999998966
5194.472114880326 106.088025305497297
5270.027451614888 105.544543426597954
5346.6817660285715 104.941752978281613
5424.451043119808 104.304508864458171
5503.351500394186 103.661615011098434
5583.399591246343 103.097071521860741
5664.612008391055 102.818770198476940
5747.005687344222 102.739986450272767
5830.597809954497 102.702860624525300
5915.405807986278 102.548638160595061
6001.447366754812 102.329505760025995
6088.740428814181 102.154638536391374
6177.303197698925 102.045572373318748
6267.154141720092 101.999595604727233
6358.3119978165005 102.016491039082922
6450.795775462017 102.090383310762832
6544.624760629676 102.225101445330267
6639.818519813445 102.422851743939219
6736.396904108505 102.684512387256916
6834.380053350861 103.008174795797657
6933.788400317181 103.387194557297278
7034.642674985712 103.806790289063628
7136.963908859177 104.240900221765585
7240.773439350552 104.645818639317184
7346.092914232631 104.961396490162031
7452.944296152315 105.121413792498998
7561.349867210557 105.061253321417723
7671.332233608935 104.781609260631029
7782.914330363799 104.306490305938965
7896.119426088994 103.676186422668422
8010.971127848146 102.957061903327769
8127.49338607753 102.222789022142578
8245.710499580537 101.525308052474827
8365.647120594791 100.908865295113543
8487.328259932974 100.395006933191752
8610.77929219841 100.014354766478050
8736.025961076528 99.796003417920190
8863.094384703289 99.752272879326583
8992.011061111683 99.892792056611739
9122.802873757471 100.214428641271667
9255.497097125279 100.687368956763635
9390.121402416245 101.234527782175050
9526.7038633184 101.765738199671205
9665.272961860968 102.193329235242715
9805.857594353829 102.456939495479688
9948.487077413367 102.513670974195549
10093.19115407597 102.328445285482999
10240.000000000457 101.934399999998519
10388.944229760706 101.361669365553581
10540.05490322983 100.664236464496810
10693.363532057198 99.917151422278579
10848.902086239672 99.173989868294342
11006.703000788428 98.493183227992802
11166.799182492743 97.895770030409551
11329.224016782166 97.366777924307939
11494.0113746885 96.828287416133421
11661.195619909053 96.149063373099324
11830.811615972614 95.305049973035693
12002.894733509682 94.210667531314385
12177.48085762842 92.935345055413620
12354.606395397908 91.420577906551472
12534.308283440243 89.812938230141796
12716.62399563306 88.182150438137953
12901.591550924093 86.681178559041726
13089.249521259411 85.253637570419471
13279.637039626952 84.020143466900265
13472.793808217073 83.033490284118528
13668.760106701786 82.303034504436056
13867.576800634426 81.867699649325928
14069.285349971487 81.824114965543373
14273.927817718419 82.110955491168653
14481.54687870117 82.624060556590564
14692.18582846533 83.201395399936587
14905.888592304698 83.894886094420499
15122.699734421185 84.562286253723528
15342.664467217943 84.971521443773185
15565.828660727671 84.923919588186834
15792.238852178061 84.383887285340592
16021.942255696367 83.497063365781599
16254.986772155136 82.555302355308541
16491.42099916115 81.976984236051834
16731.294241189662 81.743209298105512
16974.65651986603 81.779018938688381
17221.558584396902 82.152787250098854
17472.051922153143 82.823965901250332
17726.188769406665 83.617708888863888
17984.022122223458 84.324391685758883
18245.605747515034 84.936322911244815
18510.99419425065 85.330925471838100
18780.242804832582 85.111122790115587
19053.40772663689 84.351152870578915
19330.545923722028 83.173924368968940
19611.71518870775 81.463992451307234
19896.974154826825 80.483000000000004
20186.382308152035 80.483000000000004
