20 64.478499999999997
20.290906698750476 64.526014919178976
20.586044732869844 64.568976493011149
20.885475648548283 64.599547564854817
21.189261887185914 64.612088335381017
21.49746679841394 64.609428825355764
21.810154653305165 64.603025389006319
22.12739065777668 64.610984201144376
22.449240966187475 64.633729576280373
22.77577269513385 64.681891523746287
23.107053937445478 64.742983468268051
23.44315377638505 64.800234554381944
23.784142300054445 64.836850316753953
24.130090616010463 64.852933636832148
24.481070866093134 64.848973225981538
24.837156241469714 64.842357035844543
25.1984209978975 64.847696708679052
25.56494047120865 64.866045861849258
25.936791093020236 64.891904409373097
26.3140504066728 64.914942157429678
26.69679708340074 64.926443948959516
27.08511093873791 64.930925551608510
27.47907294916184 64.936383771319754
27.878765268980047 64.949650610759193
28.284271247461966 64.969850647362946
28.695675446220072 64.990501070526136
29.11306365684382 65.007326591421105
29.536522918790062 65.017474797944274
29.966141537533712 65.023059839987937
30.402009102982383 65.027016742469044
30.844216508158908 65.030942158686983
31.29285596815558 65.035669629641745
31.74802103936409 65.040728231433008
32.20980663898519 65.044758839833918
32.67830906482211 65.047213236259296
33.153626015361866 65.048807252030713
33.63585661014871 65.049771713220295
34.125101410453844 65.050625101410446
34.62146244024586 65.050635612679258
35.12504320746613 65.049374956792533
35.635948725613716 65.049407846176848
36.15428553564419 65.051425713213860
36.68016172818701 65.054040485184572
37.21368696608603 65.054572626067824
37.754972507267915 65.053453631122096
38.30413122794313 65.052291739544103
38.86127764614443 65.050895211820972
39.4265279456077 65.048775520548361
40.000000000000206 65.046500000000009
40.58181339750116 65.044075769429639
41.1720894657399 65.038755854451438
41.77095129709678 65.028508336495264
42.37852377437204 65.021388297738184
42.9949335968281 65.017525323766932
43.62030930661056 65.009628960011554
44.25478131555359 64.993837969748981
44.89848193237519 64.982522776090292
45.55154539026795 64.980999999999995
46.21410787489121 64.980694350025203
46.88630755277036 64.965534044872214
47.56828460010916 64.947122056395656
48.260181232021196 64.938759279071917
48.962141732186545 64.933442380859788
49.674312482939705 64.921327993560510
50.39684199579528 64.904823017376003
51.129880942417586 64.890316148310376
51.873582186040764 64.879696807326894
52.628100813345895 64.868543369337345
53.393594166801776 64.853644120177108
54.17022187747612 64.834186663146497
54.95814589832399 64.811582889287820
55.75753053796041 64.790910200524962
56.56854249492426 64.773060607606595
57.39135089244048 64.757151359382291
58.226127313687975 64.742429708353612
59.073045837580466 64.727039083248400
59.932283075067765 64.709854338498644
60.804018205965114 64.693922486852841
61.68843301631817 64.676596750238048
62.58571193631152 64.657803632357911
63.49604207872855 64.638583116346695
64.41961327797075 64.618558701245661
65.35661812964459 64.596584546758891
66.3072520307241 64.572665073216541
67.27171322029778 64.548478882712857
68.25020282090806 64.524870030887755
69.2429248804921 64.499941028226715
70.25008641493265 64.472747666796820
71.27189745122783 64.445702563719308
72.30857107128878 64.420094294289072
73.36032345637442 64.394131590134265
74.42737393217246 64.365960903831350
75.50994501453623 64.336476477041444
76.60826245588666 64.306351238278694
77.72255529228926 64.275922542581611
78.85305589121582 64.245063147270770
80.00000000000082 64.213999999999970
81.16362679500274 64.182969874557955
82.34417893148023 64.148554759184208
83.541902594194 64.113945186832439
84.75704754874454 64.080181209112538
85.98986719365665 64.044216355645204
87.24061861322157 64.005980947329448
88.50956263110764 63.968754559134901
89.79696386475084 63.935711260804723
91.10309078053635 63.898786060774732
92.42821574978288 63.859153522536843
93.77261510554118 63.821758432250171
95.13656920021877 63.796971953507565
96.52036246404286 63.761244447477864
97.92428346437356 63.726045680153518
99.34862496587989 63.693384567964905
100.79368399159105 63.662597197507118
102.25976188483567 63.631538492495224
103.74716437208203 63.598688825644118
105.25620162669229 63.566875986061135
106.78718833360406 63.533369876104700
108.34044375495276 63.493808018616278
109.9162917966485 63.449370236372701
111.51506107592134 63.401721339164759
113.13708498984903 63.354150932819479
114.78270178488147 63.307156798153684
116.45225462737648 63.261723059927398
118.14609167516147 63.216791516162452
119.86456615013608 63.173168669010906
121.60803641193078 63.121738798413965
123.3768660326369 63.068677456356070
125.17142387262359 63.016243001239545
126.99208415745765 62.961065531381237
128.83922655594208 62.907042540369687
130.71323625928977 62.852428543300704
132.61450406144883 62.796218504171897
134.5434264405962 62.739376489832857
136.50040564181674 62.682738033566409
138.48584976098482 62.623924507170457
140.50017282986593 62.564078350072201
142.5437949024563 62.505153913645842
144.61714214257822 62.443890021258298
146.7206469127495 62.380192333852420
148.8547478643456 62.318567059798326
151.01989002907314 62.255903299127809
153.216524911774 62.188571202823233
155.4451105845792 62.117167439176555
157.70611178243232 62.044734201814052
160.00000000000236 61.974999999999923
162.3272535900062 61.904251490863814
164.6883578629612 61.836412965119308
167.08380518838874 61.757484145670134
169.51409509748981 61.674617947665851
171.97973438731407 61.591084977708789
174.4812372264439 61.507722924082060
177.01912526221608 61.424272691399310
179.5939277295025 61.343588240385422
182.20618156107355 61.263490844231150
184.85643149956664 61.183335768713086
187.54523021108326 61.103088817414204
190.27313840043846 61.019289146228424
193.04072492808663 60.946333006884132
195.84856692874806 60.875482960638791
198.69724993176072 60.817386201146419
201.58736798318304 60.782801056134531
204.5195237696723 60.765675158882928
207.49432874416505 60.760498109581391
210.5124032533856 60.768562016266927
213.57437666720915 60.792924549172497
216.68088750990657 60.827659984486452
219.83258359329807 60.860367690034657
223.03012215184378 60.880938263449025
226.2741699796992 60.900645019878198
229.5654035697641 60.917399450587197
232.90450925475412 60.924340848757922
236.2921833503241 60.929693935457017
239.72913230027333 60.937856689213149
243.21607282386276 60.944945981794035
246.75373206527502 60.944061566983684
250.34284774524843 60.934542897082693
253.9841683149166 60.919067284661608
257.67845311188546 60.896929281328688
261.42647251858085 60.862876820138311
265.22900812289896 60.821209918771011
269.08685288119375 60.782559093787071
273.0008112836349 60.739991075880013
276.97169952197106 60.697161542340041
281.00034565973334 60.655896336006833
285.0875898049141 60.612667896853317
289.23428428515797 60.573274299291000
293.44129382550057 60.530554673597351
297.7094957286928 60.484966496557249
302.0397800581479 60.434502749273150
306.4330498235497 60.375937302470305
310.89022116916016 60.310619237754885
315.41222356486645 60.249017426587272
320.00000000000654 60.187999999999910
324.6545071800142 60.124698702351807
329.3767157259242 60.064853381853354
334.16761037677935 60.006155153403284
339.02819019498156 59.951689907855197
343.95946877463007 59.895862055969218
348.9624744528898 59.837242801455901
354.03825052443415 59.780983069283664
359.187855459007 59.727365088772231
364.4123631221491 59.671346478280796
369.71286299913527 59.610802075509945
375.0904604221685 59.548395090557797
380.54627680087896 59.481756190503546
386.08144985617537 59.415022601725894
391.6971338574982 59.347634393710024
397.3944998635236 59.281660501501236
403.1747359663683 59.219929833683665
409.0390475393468 59.157830238952016
414.9886574883323 59.095117205953898
421.0248065067734 59.033967992539893
427.1487533344206 58.976951847768902
433.3617750198154 58.927589872766404
439.6651671865984 58.884008996880411
446.06024430368984 58.847527091456243
452.54833995940066 58.823422656064963
459.13080713953053 58.825106095403640
465.8090185095106 58.842966401201537
472.58436670065066 58.877523835910907
479.45826460054917 58.927166116804393
486.432145647728 58.989605383653419
493.50746413055253 59.070765475234289
500.6856954904994 59.157756930236275
507.9683366298358 59.240141808125017
515.3569062237735 59.319773008651318
522.8529450371643 59.397996359723415
530.4580162458005 59.469608788473366
538.1737057623901 59.547361133168465
546.0016225672724 59.630444681203635
553.9433990439449 59.709676915319946
562.0006913194694 59.792107293420401
570.1751796098309 59.877910195859137
578.4685685703187 59.944671976991067
586.8825876510039 60.007587019234876
595.4189914573883 60.060575402588505
604.0795601162986 60.107672663117839
612.8660996471021 60.154915969512842
621.780442338323 60.197496307832331
630.8244471297356 60.241163458005161
640.0000000000159 60.287500000000087
649.3090143600314 60.337303226826165
658.7534314518515 60.389581544557785
668.3352207535618 60.442343714144592
678.0563803899662 60.495407273125309
687.9189375492632 60.550741997153338
697.9249489057827 60.605690971536518
708.0765010488715 60.661420755768795
718.3757109180171 60.719741552232698
728.8247262443015 60.780624648529169
739.425725998274 60.845468214889380
750.1809208443404 60.911228754067814
761.0925536017613 60.985336926545294
772.1628997123541 61.061858536470140
783.3942677149998 61.142197012708458
794.7889997270506 61.228680497861895
806.34947193274 61.320295775461915
818.0780950786972 61.415059852180150
829.9773149766683 61.513807177301672
842.0496130135506 61.617265379993000
854.2975066688449 61.724103183352391
866.7235500396347 61.833466925352141
879.3303343732008 61.946189526077461
892.1204886073838 62.064432592909405
905.0966799188055 62.187130820891937
918.2616142790653 62.313448660924820
931.6180370190256 62.444171290419561
945.1687334013056 62.578291242337897
958.9165292011028 62.715165292011029
972.8642912954606 62.855478627669640
987.0149282611097 62.999921958363657
1001.3713909810035 63.147125327104334
1015.9366732596762 63.297335069226598
1030.7138124475518 63.452469537397590
1045.7058900743334 63.609411845780500
1060.916032491606 63.769209944411024
1076.3474115247852 63.932782562162728
1092.0032451345498 64.098659276733684
1107.8867980878947 64.266513536860884
1124.0013826389438 64.437792564333151
1140.350359219667 64.612962224879738
1156.9371371406426 64.793177859716110
1173.765175302013 64.976585957953020
1190.837982914782 65.161342007327349
1208.1591202326028 65.348941876811111
1225.73219929421 65.539735306622845
1243.5608846766518 65.733242917330386
1261.648894259477 65.928808058002346
1280.0000000000375 66.127500000000410
1298.6180287200684 66.328840682015596
1317.5068629037087 66.533074119360052
1336.6704415071292 66.740040768276998
1356.112760779938 66.949614997403842
1375.8378750985323 67.163340944819083
1395.8498978115715 67.379678896364965
1416.153002097749 67.600298506163824
1436.7514218360407 67.824759283558734
1457.6494524886093 68.052879032125844
1478.8514519965543 68.283903797722502
1500.3618416886875 68.517922363905370
1522.1851072035295 68.754486562086257
1544.3257994247153 68.992945601809936
1566.788535430007 69.233973099809674
1589.5779994541087 69.477401474180795
1612.6989438654878 69.722346868342242
1636.156190157402 69.968470625243270
1659.9546299533442 70.215731781118507
1684.099226027109 70.463084167394342
1708.5950133376978 70.708918731776464
1733.4471000792773 70.953612638775326
1758.6606687464096 71.198122779840759
1784.2409772147755 71.439201809920235
1810.193359837619 71.674609300964562
1836.5232285581387 71.902525584459525
1863.2360740380593 72.121359149342950
1890.3374668026197 72.327883755667287
1917.833058402214 72.515628201950477
1945.7285825909298 72.679823777464662
1974.0298565222283 72.815017937132694
2002.7427819620161 72.915945537610739
2031.8733465193618 72.981779679193394
2061.4276248951132 73.007881362545447
2091.411780148677 72.993241151762120
2121.832064983222 72.943057242415691
2152.694823049581 72.859487363258182
2184.0064902691106 72.760276959544655
2215.7735961758003 72.644151844388546
2248.002765277899 72.523123009629174
2280.7007184393456 72.403012449540313
2313.874274281297 72.288946132776402
2347.530350604038 72.183993293208019
2381.6759658295764 72.090913438415967
2416.318240465218 72.008687753674195
2451.4643985884327 71.941937302470251
2487.1217693533167 71.886100248550463
2523.2977885189675 71.845493433837518
2560.0000000000887 71.818749999999952
2597.236057440151 71.805699140665979
2635.0137258074315 71.803501372580740
2673.340883014273 71.814336353205704
2712.225521559891 71.835817014373248
2751.6757501970797 71.870300068932295
2791.699795623158 71.916436002193080
2832.3060041955137 71.973343706083497
2873.502843672097 72.037544663622242
2915.2989049772345 72.108232050859471
2957.7029039931244 72.184173343347339
3000.723683377391 72.263266445910432
3044.370214407075 72.339210853771675
3088.6515988494466 72.407845383374848
3133.57707086003 72.461282357474275
3179.1559989082334 72.492077999454125
3225.3978877309914 72.496150528067261
3272.3123803148205 72.463894515031654
3319.9092599067053 72.386505072610845
3368.198452054235 72.255533355892339
3417.190026675413 72.065394475692585
3466.8942001585724 71.816540943099312
3517.3213374928373 71.514005959172351
3568.4819544295697 71.162342454486947
3620.386719675257 70.769944914565471
3673.0464571162966 70.344714405934752
3726.472148076138 69.898104513198916
3780.6749336052594 69.444083411064696
3835.6661168044484 68.990201082060281
3891.45716518188 68.555716977654086
3948.059713044477 68.136858123470873
4005.4855639240527 67.760275155305891
4063.746693038744 67.426828538762095
4122.855249790247 67.142888319566282
4182.823560297375 66.912331843425449
4243.664129966465 66.736328766882735
4305.389646099183 66.611836511643247
4368.012980538242 66.535318189372049
4431.5471923516225 66.508820745861868
4496.00553055582 66.520434808148210
4561.401436878714 66.578717695125647
4627.748548562617 66.674222242268968
4695.060701208099 66.809430530025040
4763.351931659176 66.978743747109490
4832.63648093046 67.182321292642598
4902.928797176889 67.422573258448551
4974.243538706657 67.688193712488300
5046.595577037959 67.981080422351042
5120.000000000202 68.294642857143742
5194.472114880326 68.627077490851761
5270.027451614888 68.972626277428475
5346.6817660285715 69.325236123731429
5424.451043119808 69.679482216391705
5503.351500394186 70.028603355297406
5583.399591246343 70.365400798562902
5664.612008391055 70.683579292347517
5747.005687344222 70.980994479153964
5830.597809954497 71.251692616017351
5915.405807986278 71.489972561647960
6001.447366754812 71.690078122032020
6088.740428814181 71.841300125824048
6177.303197698925 71.943707718044081
6267.154141720092 71.993262102358784
6358.3119978165005 71.975968040993493
6450.795775462017 71.886901829862410
6544.624760629676 71.691150060795977
6639.818519813445 71.285426084557571
6736.396904108505 70.746030117265221
6834.380053350861 70.668984430508573
6933.788400317181 71.118242326401230
7034.642674985712 71.177403700760138
7136.963908859177 70.971685552816950
7240.773439350552 70.437215183385689
7346.092914232631 70.040750267445560
7452.944296152315 70.279485671896438
7561.349867210557 70.432613286007211
7671.332233608935 70.191708765755067
7782.914330363799 69.806298951039238
7896.119426088994 69.371044681585857
8010.971127848146 68.897132768043051
8127.49338607753 68.375358822533755
8245.710499580537 67.805188590484647
8365.647120594791 67.188917328936824
8487.328259932974 66.540346608275541
8610.77929219841 65.874291822128583
8736.025961076528 65.206884884115709
8863.094384703289 64.538377260075649
8992.011061111683 63.897231656071227
9122.802873757471 63.307831626104843
9255.497097125279 62.782098442961541
9390.121402416245 62.324943140563363
9526.7038633184 61.947636049979039
9665.272961860968 61.652272316743307
9805.857594353829 61.437615397479490
9948.487077413367 61.299561506052754
10093.19115407597 61.234353290957465
10240.000000000457 61.186299999999839
10388.944229760706 61.079414691910173
10540.05490322983 60.863971394952998
10693.363532057198 60.537937828874533
10848.902086239672 60.031595218326018
11006.703000788428 59.305817761670539
11166.799182492743 58.414869059372734
11329.224016782166 57.421964829563606
11494.0113746885 56.406830045665728
11661.195619909053 55.422975733034320
11830.811615972614 54.473187065866014
12002.894733509682 53.575045563951392
12177.48085762842 52.703022095586860
12354.606395397908 51.870031046282165
12534.308283440243 51.069163179943786
12716.62399563306 50.350984815502642
12901.591550924093 49.995496377315888
13089.249521259411 49.885582423262349
13279.637039626952 50.018964633449755
13472.793808217073 50.296773470819019
13668.760106701786 50.493831333877822
13867.576800634426 50.466909547356053
14069.285349971487 50.178571047480013
14273.927817718419 49.723923698302244
14481.54687870117 49.229379756723688
14692.18582846533 49.050469920074271
14905.888592304698 49.197689865134862
15122.699734421185 49.373822264023644
15342.664467217943 49.411571317703491
15565.828660727671 49.331032411064520
15792.238852178061 49.199083243196377
16021.942255696367 48.963653704521114
16254.986772155136 48.395662116956615
16491.42099916115 48.000344089402560
16731.294241189662 47.744066223715620
16974.65651986603 47.017730588501479
17221.558584396902 46.053095013918771
17472.051922153143 45.083267788177480
17726.188769406665 44.222743775414621
17984.022122223458 43.352973271129159
18245.605747515034 42.288577954723152
18510.99419425065 41.042013716647403
18780.242804832582 39.772951964338844
19053.40772663689 38.633355342489935
19330.545923722028 37.548082162704546
19611.71518870775 36.396528055724552
19896.974154826825 35.792500000000004
20186.382308152035 35.792500000000004
