20 105.372000000000000
20.290906698750476 105.376848461140725
20.586044732869844 105.379860447793874
20.885475648548283 105.379524207252416
21.189261887185914 105.375643187693555
21.49746679841394 105.367454154934961
21.810154653305165 105.357695331924191
22.12739065777668 105.348815233555584
22.449240966187475 105.340933115955551
22.77577269513385 105.333605701307334
23.107053937445478 105.323539404404457
23.44315377638505 105.306910742047762
23.784142300054445 105.282538438120582
24.130090616010463 105.253508623947823
24.481070866093134 105.224919677944627
24.837156241469714 105.201642215067238
25.1984209978975 105.187795396310435
25.56494047120865 105.177464125702073
25.936791093020236 105.164160429546840
26.3140504066728 105.142636348965155
26.69679708340074 105.111534258848195
27.08511093873791 105.076840071046689
27.47907294916184 105.044523029061082
27.878765268980047 105.015137974585173
28.284271247461966 104.984042571450502
28.695675446220072 104.947432455377992
29.11306365684382 104.904676061404018
29.536522918790062 104.858884231039781
29.966141537533712 104.816351987784145
30.402009102982383 104.777815832840503
30.844216508158908 104.735898143294264
31.29285596815558 104.687339423741719
31.74802103936409 104.632989454236935
32.20980663898519 104.579001656433661
32.67830906482211 104.528134166323326
33.153626015361866 104.479637398463808
33.63585661014871 104.431006769154678
34.125101410453844 104.380489453312805
34.62146244024586 104.329110831094923
35.12504320746613 104.277620549630996
35.635948725613716 104.224181588908095
36.15428553564419 104.167065734472203
36.68016172818701 104.108002048171244
37.21368696608603 104.049849181594880
37.754972507267915 103.991453064267574
38.30413122794313 103.930212633102713
38.86127764614443 103.864650768420319
39.4265279456077 103.798587057090913
40.000000000000206 103.735999999999976
40.58181339750116 103.674909389627004
41.1720894657399 103.612930696443826
41.77095129709678 103.552904779972920
42.37852377437204 103.497519613296802
42.9949335968281 103.443193165921429
43.62030930661056 103.385871444781301
44.25478131555359 103.324607132050318
44.89848193237519 103.261482643258574
45.55154539026795 103.197455922586741
46.21410787489121 103.132648086649880
46.88630755277036 103.067807508174553
47.56828460010916 102.998878901875898
48.260181232021196 102.926741255869786
48.962141732186545 102.854411478004678
49.674312482939705 102.782111674606710
50.39684199579528 102.711299963274399
51.129880942417586 102.645431334196047
51.873582186040764 102.583812935699598
52.628100813345895 102.522484409404498
53.393594166801776 102.462488407266875
54.17022187747612 102.402675545717145
54.95814589832399 102.339693887288064
55.75753053796041 102.275397581210143
56.56854249492426 102.209663786663668
57.39135089244048 102.142409226819879
58.226127313687975 102.073844496620751
59.073045837580466 102.003535443374133
59.932283075067765 101.927492947856507
60.804018205965114 101.849144013694499
61.68843301631817 101.770271863119675
62.58571193631152 101.688303833066357
63.49604207872855 101.607096318111246
64.41961327797075 101.527752484650449
65.35661812964459 101.448687458980203
66.3072520307241 101.367576325357732
67.27171322029778 101.284496806444238
68.25020282090806 101.198856644707817
69.2429248804921 101.107922136353253
70.25008641493265 101.011991704166462
71.27189745122783 100.912810254877229
72.30857107128878 100.808525750728549
73.36032345637442 100.699445390167938
74.42737393217246 100.584416241393200
75.50994501453623 100.464843520062857
76.60826245588666 100.339293382416344
77.72255529228926 100.206779838605001
78.85305589121582 100.068434688298765
80.00000000000082 99.926499999999905
81.16362679500274 99.782985669830509
82.34417893148023 99.638998140281501
83.541902594194 99.503788055752068
84.75704754874454 99.378497766746008
85.98986719365665 99.273160643752988
87.24061861322157 99.203168563093612
88.50956263110764 99.173242253321405
89.79696386475084 99.205856417907029
91.10309078053635 99.281322213064726
92.42821574978288 99.387174445445197
93.77261510554118 99.498724703249508
95.13656920021877 99.593999189009182
96.52036246404286 99.656878769723960
97.92428346437356 99.681847257714992
99.34862496587989 99.668384567964893
100.79368399159105 99.625427376302724
102.25976188483567 99.561505397834992
103.74716437208203 99.477569137493276
105.25620162669229 99.378136202085159
106.78718833360406 99.268748063313296
108.34044375495276 99.151565978786948
109.9162917966485 99.030846321626996
111.51506107592134 98.908889944024622
113.13708498984903 98.784823629405537
114.78270178488147 98.658250112624003
116.45225462737648 98.533240871060400
118.14609167516147 98.405621697316604
119.86456615013608 98.271778870828911
121.60803641193078 98.137457174292180
123.3768660326369 98.008496681459604
125.17142387262359 97.884528872152089
126.99208415745765 97.770959118867466
128.83922655594208 97.673535909902682
130.71323625928977 97.586528316532977
132.61450406144883 97.510721365972188
134.5434264405962 97.450870912544502
136.50040564181674 97.402116177290495
138.48584976098482 97.359175692579072
140.50017282986593 97.316579732711119
142.5437949024563 97.274004272865497
144.61714214257822 97.230540015005857
146.7206469127495 97.184989897302060
148.8547478643456 97.137111748692917
151.01989002907314 97.084278881238276
153.216524911774 97.024004252646790
155.4451105845792 96.955455262241230
157.70611178243232 96.878456308762978
160.00000000000236 96.794499999999914
162.3272535900062 96.705133462143763
164.6883578629612 96.612716371771910
167.08380518838874 96.511313137936952
169.51409509748981 96.402865720612965
171.97973438731407 96.294287633835637
174.4812372264439 96.187495541598778
177.01912526221608 96.079889088882027
179.5939277295025 95.968623536539596
182.20618156107355 95.859664083371570
184.85643149956664 95.753714026317240
187.54523021108326 95.646717929683319
190.27313840043846 95.539893879183779
193.04072492808663 95.439331642416292
195.84856692874806 95.346515571665805
198.69724993176072 95.255927452169999
201.58736798318304 95.165291592521328
204.5195237696723 95.074901271063382
207.49432874416505 94.985417302047125
210.5124032533856 94.897644440069598
213.57437666720915 94.812098235818553
216.68088750990657 94.729121370048745
219.83258359329807 94.646810972472565
223.03012215184378 94.578867434811286
226.2741699796992 94.517564940365418
229.5654035697641 94.459177870267496
232.90450925475412 94.402123342669185
236.2921833503241 94.351836387257890
239.72913230027333 94.302859864721100
243.21607282386276 94.252718062392773
246.75373206527502 94.207170699659585
250.34284774524843 94.161985851725746
253.9841683149166 94.108731538394352
257.67845311188546 94.045046683819976
261.42647251858085 93.976110258406251
265.22900812289896 93.900104951373024
269.08685288119375 93.817733991415736
273.0008112836349 93.739109281379569
276.97169952197106 93.660837234919100
281.00034565973334 93.577392879409501
285.0875898049141 93.493221926960246
289.23428428515797 93.409044029011284
293.44129382550057 93.322265217812145
297.7094957286928 93.230932993114493
302.0397800581479 93.136124838720747
306.4330498235497 93.041500445401539
310.89022116916016 92.949750466032214
315.41222356486645 92.858420418128617
320.00000000000654 92.768499999999875
324.6545071800142 92.678668011425728
329.3767157259242 92.586216371771883
334.16761037677935 92.496065685954221
339.02819019498156 92.403158748256345
343.95946877463007 92.307290358894704
348.9624744528898 92.208543005832780
354.03825052443415 92.106023514353978
359.187855459007 92.001486534182163
364.4123631221491 91.902047573303605
369.71286299913527 91.809467470114953
375.0904604221685 91.728882167640350
380.54627680087896 91.661463865246276
386.08144985617537 91.602685501438259
391.6971338574982 91.565904338587188
397.3944998635236 91.545781650040936
403.1747359663683 91.552407717254852
409.0390475393468 91.575968015428032
414.9886574883323 91.620892246139164
421.0248065067734 91.687958254157550
427.1487533344206 91.770373174460573
433.3617750198154 91.865288400317041
439.6651671865984 91.970521163934990
446.06024430368984 92.086316328795419
452.54833995940066 92.212721633183946
459.13080713953053 92.345501315749090
465.8090185095106 92.481267461235845
472.58436670065066 92.620961881656342
479.45826460054917 92.764623556611525
486.432145647728 92.908415771213640
493.50746413055253 93.045965912812846
500.6856954904994 93.175985399465873
507.9683366298358 93.297969638549745
515.3569062237735 93.406037807702262
522.8529450371643 93.500042322603278
530.4580162458005 93.584122146212209
538.1737057623901 93.653253163000102
546.0016225672724 93.709368269032723
553.9433990439449 93.762889168905147
562.0006913194694 93.812803905955008
570.1751796098309 93.858910933971117
578.4685685703187 93.902036556565662
586.8825876510039 93.945789455785217
595.4189914573883 93.990178755578427
604.0795601162986 94.034142828074224
612.8660996471021 94.075397448411962
621.780442338323 94.114543355902697
630.8244471297356 94.153874901509766
640.0000000000159 94.197000000000088
649.3090143600314 94.246803226826160
658.7534314518515 94.306521961291850
668.3352207535618 94.372846545274939
678.0563803899662 94.437269291554273
687.9189375492632 94.497117678418107
697.9249489057827 94.559030930661152
708.0765010488715 94.618036055978564
718.3757109180171 94.667528270222874
728.8247262443015 94.714270031787137
739.425725998274 94.756731617693191
750.1809208443404 94.793072916007077
761.0925536017613 94.827626419738891
772.1628997123541 94.865288387476909
783.3942677149998 94.907285645057698
794.7889997270506 94.949892998999189
806.34947193274 94.992016835756175
818.0780950786972 95.033305787000160
829.9773149766683 95.074037732035521
842.0496130135506 95.116348581049692
854.2975066688449 95.161973775563894
866.7235500396347 95.209667500152435
879.3303343732008 95.258171787336821
892.1204886073838 95.308481954429539
905.0966799188055 95.360386719675233
918.2616142790653 95.411601469205721
931.6180370190256 95.465253927273537
945.1687334013056 95.525057997530922
958.9165292011028 95.585638293204767
972.8642912954606 95.644546451969433
987.0149282611097 95.707105064549580
1001.3713909810035 95.771259842120216
1015.9366732596762 95.832496472574618
1030.7138124475518 95.895406236393598
1045.7058900743334 95.956270251232510
1060.916032491606 96.016969474130292
1076.3474115247852 96.083344732381647
1092.0032451345498 96.141443888858646
1107.8867980878947 96.168393529186034
1124.0013826389438 96.174058858526365
1140.350359219667 96.221014565513087
1156.9371371406426 96.336411638941911
1173.765175302013 96.478525256744973
1190.837982914782 96.578941524044410
1208.1591202326028 96.671489604094916
1225.73219929421 96.765617653311423
1243.5608846766518 96.862300322979735
1261.648894259477 96.961845511377760
1280.0000000000375 97.065500000000227
1298.6180287200684 97.177208172320405
1317.5068629037087 97.291042550002999
1336.6704415071292 97.411107020457223
1356.112760779938 97.533107573894114
1375.8378750985323 97.657674559998213
1395.8498978115715 97.785439345994064
1416.153002097749 97.916994513635373
1436.7514218360407 98.053078454030981
1457.6494524886093 98.195975244071860
1478.8514519965543 98.341497989736297
1500.3618416886875 98.489511181319500
1522.1851072035295 98.640964643992504
1544.3257994247153 98.796553627950004
1566.788535430007 98.960735162182047
1589.5779994541087 99.132001235862148
1612.6989438654878 99.307765952255025
1636.156190157402 99.488072035621443
1659.9546299533442 99.673345206235155
1684.099226027109 99.864157777257958
1708.5950133376978 100.062135308835622
1733.4471000792773 100.264928336646904
1758.6606687464096 100.471710337220273
1784.2409772147755 100.684809028148408
1810.193359837619 100.904143558619765
1836.5232285581387 101.131865340453942
1863.2360740380593 101.388919891476576
1890.3374668026197 101.685426873541701
1917.833058402214 101.957994153796236
1945.7285825909298 102.179378941083783
1974.0298565222283 102.355198542002924
2002.7427819620161 102.564670820859618
2031.8733465193618 102.800423886342742
2061.4276248951132 103.043896874125949
2091.411780148677 103.294094249940329
2121.832064983222 103.554801560480286
2152.694823049581 103.820675478226406
2184.0064902691106 104.089154518260528
2215.7735961758003 104.354026508354764
2248.002765277899 104.620256054700064
2280.7007184393456 104.886784092822097
2313.874274281297 105.150644291012867
2347.530350604038 105.411899354630947
2381.6759658295764 105.668173096711740
2416.318240465218 105.919315565954207
2451.4643985884327 106.157396725701290
2487.1217693533167 106.382801341765003
2523.2977885189675 106.588055392141342
2560.0000000000887 106.775750000000414
2597.236057440151 106.941806032632613
2635.0137258074315 107.083044837637601
2673.340883014273 107.192102773761746
2712.225521559891 107.275005938807794
2751.6757501970797 107.316320334544969
2791.699795623158 107.323896247445290
2832.3060041955137 107.361474964866801
2873.502843672097 107.418429407691747
2915.2989049772345 107.448025821267066
2957.7029039931244 107.415991734885353
3000.723683377391 107.382439145382520
3044.370214407075 107.344570635507978
3088.6515988494466 107.255536727804468
3133.57707086003 107.140136622063665
3179.1559989082334 107.015529443013278
3225.3978877309914 106.883838167825502
3272.3123803148205 106.744170363842940
3319.9092599067053 106.598480386888284
3368.198452054235 106.448902814111335
3417.190026675413 106.297226618106492
3466.8942001585724 106.145310573519538
3517.3213374928373 105.993902054396131
3568.4819544295697 105.845380888508615
3620.386719675257 105.702882927254080
3673.0464571162966 105.568997109207402
3726.472148076138 105.444731831270971
3780.6749336052594 105.335313159493055
3835.6661168044484 105.237874180121153
3891.45716518188 105.158312650805044
3948.059713044477 105.087913231900927
4005.4855639240527 105.034474409762652
4063.746693038744 104.986752425104925
4122.855249790247 104.944048581356626
4182.823560297375 104.914072258759433
4243.664129966465 104.894081785868153
4305.389646099183 104.881845231548482
4368.012980538242 104.872781494423748
4431.5471923516225 104.862828298344752
4496.00553055582 104.847498617361055
4561.401436878714 104.818426188359140
4627.748548562617 104.772784591245738
4695.060701208099 104.713407486726709
4763.351931659176 104.648361955519562
4832.63648093046 104.577358059832321
4902.928797176889 104.506747231293716
4974.243538706657 104.443890531857221
5046.595577037959 104.392047985499374
5120.000000000202 104.345785714285597
5194.472114880326 104.304493310706107
5270.027451614888 104.268174975200708
5346.6817660285715 104.236119054626243
5424.451043119808 104.208077149809782
5503.351500394186 104.182351303444733
5583.399591246343 104.157187627735510
5664.612008391055 104.134231697692456
5747.005687344222 104.116274004714768
5830.597809954497 104.106082065701372
5915.405807986278 104.105463551758703
6001.447366754812 104.113952302110874
6088.740428814181 104.142433192966379
6177.303197698925 104.183651598849451
6267.154141720092 104.233587198417808
6358.3119978165005 104.299274918285960
6450.795775462017 104.374668451388089
6544.624760629676 104.448799199062819
6639.818519813445 104.506422870920716
6736.396904108505 104.526722448904266
6834.380053350861 104.481572844248348
6933.788400317181 104.332076781240346
7034.642674985712 104.033370379682793
7136.963908859177 103.556642343604040
7240.773439350552 102.890330142444896
7346.092914232631 102.013382889643964
7452.944296152315 100.901199745344371
7561.349867210557 99.556204250607493
7671.332233608935 98.040656929347705
7782.914330363799 96.415994504194089
7896.119426088994 94.755439977362983
8010.971127848146 93.180349309181935
8127.49338607753 91.807599716635792
8245.710499580537 90.712727373115655
8365.647120594791 89.988902802020050
8487.328259932974 89.667877828147454
8610.77929219841 89.788628883699531
8736.025961076528 90.250377472323322
8863.094384703289 90.857987893250055
8992.011061111683 91.487960718632422
9122.802873757471 92.056902973753694
9255.497097125279 92.546696424207141
9390.121402416245 92.978496794899769
9526.7038633184 93.404235409922322
9665.272961860968 93.903186284617476
9805.857594353829 94.552552966694350
9948.487077413367 95.392953826251556
10093.19115407597 96.384429547776350
10240.000000000457 97.401400000003122
10388.944229760706 98.358371697101475
10540.05490322983 99.222927310909242
10693.363532057198 100.045648237488479
10848.902086239672 100.881538328281408
11006.703000788428 101.775543276430639
11166.799182492743 102.738026418419807
11329.224016782166 103.755252350125474
11494.0113746885 104.770944432994384
11661.195619909053 105.644618162482232
11830.811615972614 106.314309124566662
12002.894733509682 106.620418516339328
12177.48085762842 106.604938716863103
12354.606395397908 106.030702412615568
12534.308283440243 105.079296826629474
12716.62399563306 103.686532357424682
12901.591550924093 101.999043203721257
13089.249521259411 100.201816013538433
13279.637039626952 98.487358848543863
13472.793808217073 96.967265017411876
13668.760106701786 95.712883024877385
13867.576800634426 94.731476073427416
14069.285349971487 93.989992742000823
14273.927817718419 93.385956391367799
14481.54687870117 92.920943546776243
14692.18582846533 92.607827380265377
14905.888592304698 92.428225518401860
15122.699734421185 92.363610412747789
15342.664467217943 92.363801183770818
15565.828660727671 92.355278031067513
15792.238852178061 92.261373090430851
16021.942255696367 92.033851340673181
16254.986772155136 91.714545794046771
16491.42099916115 91.432243327001601
16731.294241189662 91.332257834418414
16974.65651986603 91.525842928760227
17221.558584396902 92.060300329956846
17472.051922153143 92.702446789909558
17726.188769406665 92.916594169648562
17984.022122223458 92.200414890173931
18245.605747515034 90.527537220420655
18510.99419425065 88.406082730315234
18780.242804832582 86.475704753428261
19053.40772663689 85.012241951695302
19330.545923722028 83.931694032718113
19611.71518870775 82.940270953668403
19896.974154826825 81.961740342721740
20186.382308152035 81.633499999999998
