20 73.193500000000000
20.290906698750476 73.147514748651133
20.586044732869844 73.101492818803507
20.885475648548283 73.053423332964257
21.189261887185914 73.004456635563372
21.49746679841394 72.953422448825791
21.810154653305165 72.901474387070920
22.12739065777668 72.848938125631634
22.449240966187475 72.797963155017214
22.77577269513385 72.748034756095734
23.107053937445478 72.700992535442822
23.44315377638505 72.654478805014378
23.784142300054445 72.607479847680139
24.130090616010463 72.558486059075307
24.481070866093134 72.504488454400558
24.837156241469714 72.446473599086829
25.1984209978975 72.385428304172763
25.56494047120865 72.323010137736958
25.936791093020236 72.261534537041001
26.3140504066728 72.203492498223625
26.69679708340074 72.146530199076125
27.08511093873791 72.089982964990753
27.47907294916184 72.029488328134107
27.878765268980047 71.965537556963199
28.284271247461966 71.899456876920496
28.695675446220072 71.834051597748996
29.11306365684382 71.769990916889029
29.536522918790062 71.709568074087741
29.966141537533712 71.648479548475635
30.402009102982383 71.585498640731146
30.844216508158908 71.519467692546442
31.29285596815558 71.452521492502399
31.74802103936409 71.386497039916321
32.20980663898519 71.321527204471778
32.67830906482211 71.255455847882558
33.153626015361866 71.187553426376880
33.63585661014871 71.118020675507609
34.125101410453844 71.049486301410468
34.62146244024586 70.982437148498320
35.12504320746613 70.913994165723750
35.635948725613716 70.845006923547260
36.15428553564419 70.774962543803326
36.68016172818701 70.705978799675847
37.21368696608603 70.636041034408208
37.754972507267915 70.563503684331010
38.30413122794313 70.489482565766977
38.86127764614443 70.415464681055823
39.4265279456077 70.343560049321979
40.000000000000206 70.271499999999975
40.58181339750116 70.197523726090921
41.1720894657399 70.122988947471200
41.77095129709678 70.049006016719261
42.37852377437204 69.976057178405981
42.9949335968281 69.901508030903088
43.62030930661056 69.825962493529119
44.25478131555359 69.749026517641539
44.89848193237519 69.671443627176302
45.55154539026795 69.595053176826454
46.21410787489121 69.519987799863486
46.88630755277036 69.443965050821546
47.56828460010916 69.366468537704691
48.260181232021196 69.289980379439299
48.962141732186545 69.213984373628307
49.674312482939705 69.135466936452445
50.39684199579528 69.059016718287239
51.129880942417586 68.983512263093417
51.873582186040764 68.905044083865334
52.628100813345895 68.828489931826425
53.393594166801776 68.752040530338974
54.17022187747612 68.666980149286729
54.95814589832399 68.596490972541204
55.75753053796041 68.547029047963690
56.56854249492426 68.467045129970472
57.39135089244048 68.361465961332129
58.226127313687975 68.280489327896277
59.073045837580466 68.209495811117506
59.932283075067765 68.130977276084010
60.804018205965114 68.060998620136132
61.68843301631817 67.993967692546420
62.58571193631152 67.927021492502377
63.49604207872855 67.863496903297033
64.41961327797075 67.795528460062769
65.35661812964459 67.727027916882975
66.3072520307241 67.657481979150290
67.27171322029778 67.588520505491658
68.25020282090806 67.512983251445661
69.2429248804921 67.431006203222196
70.25008641493265 67.358492897402783
71.27189745122783 67.274508428666209
72.30857107128878 67.187535985340290
73.36032345637442 67.118973626331240
74.42737393217246 67.031969788490215
75.50994501453623 66.944504442500531
76.60826245588666 66.866479050606358
77.72255529228926 66.777535496848657
78.85305589121582 66.690496345386947
80.00000000000082 66.615499999999940
81.16362679500274 66.539024527648024
82.34417893148023 66.456987976640931
83.541902594194 66.376506545214852
84.75704754874454 66.294496857078116
85.98986719365665 66.213008778359267
87.24061861322157 66.130025303839005
88.50956263110764 66.047528434147836
89.79696386475084 65.968502218092226
91.10309078053635 65.893994792965458
92.42821574978288 65.817988049547353
93.77261510554118 65.743521319432858
95.13656920021877 65.671022898082214
96.52036246404286 65.597481024852470
97.92428346437356 65.523985180283631
99.34862496587989 65.449519607046980
100.79368399159105 65.378015636402239
102.25976188483567 65.304511938243223
103.74716437208203 65.225991449166045
105.25620162669229 65.147489727706073
106.78718833360406 65.069490177062505
108.34044375495276 64.988476911227067
109.9162917966485 64.906485218556270
111.51506107592134 64.825497025278793
113.13708498984903 64.746495688546531
114.78270178488147 64.663015128166705
116.45225462737648 64.581487749627399
118.14609167516147 64.499995706893259
119.86456615013608 64.419520316994792
121.60803641193078 64.340998425374394
123.3768660326369 64.264505793387940
125.17142387262359 64.186481960390822
126.99208415745765 64.108996468758534
128.83922655594208 64.031490993373694
130.71323625928977 63.956990807998181
132.61450406144883 63.883019295190735
134.5434264405962 63.812485618252765
136.50040564181674 63.746487132208223
138.48584976098482 63.683504765890206
140.50017282986593 63.625995391767276
142.5437949024563 63.571505468598886
144.61714214257822 63.526496757203539
146.7206469127495 63.478508055222441
148.8547478643456 63.426006202962441
151.01989002907314 63.370502819116140
153.216524911774 63.310013082766346
155.4451105845792 63.243496723057582
157.70611178243232 63.176496930125005
160.00000000000236 63.113499999999952
162.3272535900062 63.062996992579343
164.6883578629612 63.035000373396244
167.08380518838874 63.037499796732462
169.51409509748981 63.074502815132504
171.97973438731407 63.147492137175149
174.4812372264439 63.260013225981808
177.01912526221608 63.401507491410200
179.5939277295025 63.555495677803250
182.20618156107355 63.709509386364942
184.85643149956664 63.846518213165048
187.54523021108326 63.960007046416962
190.27313840043846 64.043502700008560
193.04072492808663 64.097494633712671
195.84856692874806 64.127995296056554
198.69724993176072 64.142999956759212
201.58736798318304 64.142498682637779
204.5195237696723 64.132001704881844
207.49432874416505 64.110996568773629
210.5124032533856 64.079494205372640
213.57437666720915 64.035493392866783
216.68088750990657 63.981001973192818
219.83258359329807 63.917508388904054
223.03012215184378 63.846497119415524
226.2741699796992 63.769995997135609
229.5654035697641 63.692490454487611
232.90450925475412 63.613511607447428
236.2921833503241 63.535495972374321
239.72913230027333 63.459997249277365
243.21607282386276 63.387498517999404
246.75373206527502 63.315505452600398
250.34284774524843 63.247002905948861
253.9841683149166 63.182497175006816
257.67845311188546 63.120493048576996
261.42647251858085 63.062992855688037
265.22900812289896 63.005499873671866
269.08685288119375 62.945502288006324
273.0008112836349 62.887002820620168
276.97169952197106 62.823504804924411
281.00034565973334 62.756994208001046
285.0875898049141 62.688506873376568
289.23428428515797 62.618495100861907
293.44129382550057 62.545994734680065
297.7094957286928 62.469509036485128
302.0397800581479 62.392003936603587
306.4330498235497 62.312999094523775
310.89022116916016 62.231996136142492
315.41222356486645 62.152996004289655
320.00000000000654 62.070999999999884
324.6545071800142 61.990508522450881
329.3767157259242 61.912004725860854
334.16761037677935 61.834006343270971
339.02819019498156 61.758497010725804
343.95946877463007 61.680992878898280
348.9624744528898 61.604993223436864
354.03825052443415 61.532496838041126
359.187855459007 61.467501824303795
364.4123631221491 61.411497225722115
369.71286299913527 61.371001046695909
375.0904604221685 61.353001181435189
380.54627680087896 61.367003100569917
386.08144985617537 61.429009692414034
391.6971338574982 61.550004146340541
397.3944998635236 61.726484507882049
403.1747359663683 61.952989653353356
409.0390475393468 62.212002177222189
414.9886574883323 62.484484313541273
421.0248065067734 62.750491472962509
427.1487533344206 62.996990071347923
433.3617750198154 63.206492413753637
439.6651671865984 63.367502888838018
446.06024430368984 63.478003012375957
452.54833995940066 63.558003279268107
459.13080713953053 63.621498139656723
465.8090185095106 63.675500124307419
472.58436670065066 63.721002080495396
479.45826460054917 63.760001308964576
486.432145647728 63.794500669053164
493.50746413055253 63.827002295115562
500.6856954904994 63.862498494207102
507.9683366298358 63.898001389526314
515.3569062237735 63.928499612914479
522.8529450371643 63.949499846021936
530.4580162458005 63.964500034740240
538.1737057623901 63.980999370798266
546.0016225672724 64.004498866930362
553.9433990439449 64.032001436122414
562.0006913194694 64.060998889087188
570.1751796098309 64.091000638834103
578.4685685703187 64.120498465496070
586.8825876510039 64.145498774812822
595.4189914573883 64.167499977982970
604.0795601162986 64.188498933430580
612.8660996471021 64.209000201216938
621.780442338323 64.227000929282184
630.8244471297356 64.246000852743066
640.0000000000159 64.263500000000022
649.3090143600314 64.279500023568460
658.7534314518515 64.295000652896249
668.3352207535618 64.309500351988504
678.0563803899662 64.325000713496337
687.9189375492632 64.343499882861337
697.9249489057827 64.363499897872842
708.0765010488715 64.385501216138024
718.3757109180171 64.410499298344703
728.8247262443015 64.440499214023248
739.425725998274 64.475999082439273
750.1809208443404 64.516999698244348
761.0925536017613 64.565498015916916
772.1628997123541 64.617999524381077
783.3942677149998 64.673001386150503
794.7889997270506 64.731999998586758
806.34947193274 64.795502695838834
818.0780950786972 64.862500555338215
829.9773149766683 64.932001839298863
842.0496130135506 65.002497740201704
854.2975066688449 65.072502874398765
866.7235500396347 65.142997447315864
879.3303343732008 65.213501869248148
892.1204886073838 65.285002767407150
905.0966799188055 65.358498187102725
918.2616142790653 65.433997787927794
931.6180370190256 65.513500221278207
945.1687334013056 65.594498406427988
958.9165292011028 65.677497157673230
972.8642912954606 65.761501842339314
987.0149282611097 65.850999546277251
1001.3713909810035 65.945002590255854
1015.9366732596762 66.041497835339754
1030.7138124475518 66.140498743473472
1045.7058900743334 66.241499259438882
1060.916032491606 66.344000216877419
1076.3474115247852 66.447002720542628
1092.0032451345498 66.550501589578118
1107.8867980878947 66.653498690698385
1124.0013826389438 66.756002410655768
1140.350359219667 66.859002176498251
1156.9371371406426 66.959500810880314
1173.765175302013 67.059001001109721
1190.837982914782 67.156499902430227
1208.1591202326028 67.254500673926557
1225.73219929421 67.353001123398286
1243.5608846766518 67.453499349935697
1261.648894259477 67.555999400795912
1280.0000000000375 67.661000000000215
1298.6180287200684 67.764500159648847
1317.5068629037087 67.869499237910389
1336.6704415071292 67.975002327546207
1356.112760779938 68.077498738874851
1375.8378750985323 68.177499366785966
1395.8498978115715 68.274499504683320
1416.153002097749 68.368000009420413
1436.7514218360407 68.460501857063633
1457.6494524886093 68.552501888748324
1478.8514519965543 68.641001849086365
1500.3618416886875 68.728999352359466
1522.1851072035295 68.817000428504230
1544.3257994247153 68.905499198278633
1566.788535430007 68.994998148999940
1589.5779994541087 69.086999997796212
1612.6989438654878 69.180499772995248
1636.156190157402 69.275500771048755
1659.9546299533442 69.371998499537710
1684.099226027109 69.470000922710270
1708.5950133376978 69.570000053936852
1733.4471000792773 69.670500418750052
1758.6606687464096 69.775998613974224
1784.2409772147755 69.883499904245056
1810.193359837619 69.994501571641706
1836.5232285581387 70.109500996781463
1863.2360740380593 70.226000323721877
1890.3374668026197 70.344497668663223
1917.833058402214 70.465500260649407
1945.7285825909298 70.589998137101048
1974.0298565222283 70.717499353612382
2002.7427819620161 70.847499012818645
2031.8733465193618 70.980501582815549
2061.4276248951132 71.115498286612763
2091.411780148677 71.250499010141112
2121.832064983222 71.385000280036564
2152.694823049581 71.517999237455655
2184.0064902691106 71.647497891857739
2215.7735961758003 71.774998379211581
2248.002765277899 71.906499042292467
2280.7007184393456 72.039498854744423
2313.874274281297 72.172501087965102
2347.530350604038 72.306001334813004
2381.6759658295764 72.435999869907022
2416.318240465218 72.561000800501631
2451.4643985884327 72.678001196055931
2487.1217693533167 72.784999307891781
2523.2977885189675 72.881999432948362
2560.0000000000887 72.971000000000231
2597.236057440151 73.064000160409122
2635.0137258074315 73.169499234281432
2673.340883014273 73.276499673403265
2712.225521559891 73.374498794210353
2751.6757501970797 73.455499487096660
2791.699795623158 73.516999685959021
2832.3060041955137 73.561000002800611
2873.502843672097 73.588499895647317
2915.2989049772345 73.598499977265107
2957.7029039931244 73.592000014716646
3000.723683377391 73.570500158234012
3044.370214407075 73.532999753065326
3088.6515988494466 73.482000462008898
3133.57707086003 73.416499880290871
3179.1559989082334 73.339500001844414
3225.3978877309914 73.254000207581868
3272.3123803148205 73.162499240920482
3319.9092599067053 73.067499475224082
3368.198452054235 72.969999100357455
3417.190026675413 72.872499948746537
3466.8942001585724 72.776999648719254
3517.3213374928373 72.688499485458820
3568.4819544295697 72.610500069476615
3620.386719675257 72.546000348346894
3673.0464571162966 72.496999704815778
3726.472148076138 72.462499946728315
3780.6749336052594 72.443000023886086
3835.6661168044484 72.440000026170097
3891.45716518188 72.452500077333696
3948.059713044477 72.478999865655155
4005.4855639240527 72.521999673470802
4063.746693038744 72.582999678607706
4122.855249790247 72.662000404036320
4182.823560297375 72.758999288779961
4243.664129966465 72.870500273719998
4305.389646099183 73.000499254655949
4368.012980538242 73.143999955403558
4431.5471923516225 73.290500373017352
4496.00553055582 73.415500470552303
4561.401436878714 73.473499460058264
4627.748548562617 73.391500557934904
4695.060701208099 73.099001298381125
4763.351931659176 72.596000503366980
4832.63648093046 72.019004322770087
4902.928797176889 71.565001309988219
4974.243538706657 71.341501445685509
5046.595577037959 71.323500105226074
5120.000000000202 71.432500000000459
5194.472114880326 71.603000291933327
5270.027451614888 71.795001145901708
5346.6817660285715 71.989499406334318
5424.451043119808 72.181500101103467
5503.351500394186 72.366498828569007
5583.399591246343 72.546001292234308
5664.612008391055 72.723500018127623
5747.005687344222 72.901499324553626
5830.597809954497 73.082999587361726
5915.405807986278 73.266999583405749
6001.447366754812 73.451500764658974
6088.740428814181 73.633500849755421
6177.303197698925 73.809000348747134
6267.154141720092 73.967500193555708
6358.3119978165005 74.091999997017865
6450.795775462017 74.166499819124610
6544.624760629676 74.179499966835266
6639.818519813445 74.122999297614868
6736.396904108505 73.992500129571027
6834.380053350861 73.783499843557664
6933.788400317181 73.492001758467964
7034.642674985712 73.113001221373622
7136.963908859177 72.652000410628517
7240.773439350552 72.119497561712905
7346.092914232631 71.535000475987715
7452.944296152315 70.924998349943749
7561.349867210557 70.321000739855947
7671.332233608935 69.749998919708105
7782.914330363799 69.234003096639100
7896.119426088994 68.789002255999264
8010.971127848146 68.425499700463916
8127.49338607753 68.152499428483253
8245.710499580537 67.977500740778950
8365.647120594791 67.906500033696489
8487.328259932974 67.940500306358373
8610.77929219841 68.086000598408674
8736.025961076528 68.342499920286542
8863.094384703289 68.698498276167840
8992.011061111683 69.131500213997413
9122.802873757471 69.589499557931077
9255.497097125279 69.995000184331985
9390.121402416245 70.250500098701480
9526.7038633184 70.283999966475818
9665.272961860968 70.081500055735077
9805.857594353829 69.662997501822048
9948.487077413367 69.063499604651696
10093.19115407597 68.324499131539170
10240.000000000457 67.496999999997328
10388.944229760706 66.625498634612200
10540.05490322983 65.727500575071389
10693.363532057198 64.826497078695070
10848.902086239672 63.972499552682351
11006.703000788428 63.153999996316308
11166.799182492743 62.405999280365698
11329.224016782166 61.765499947348232
11494.0113746885 61.248501961830023
11661.195619909053 60.854498969358303
11830.811615972614 60.572500638472107
12002.894733509682 60.397000271781934
12177.48085762842 60.317500043577205
12354.606395397908 60.326500182623697
12534.308283440243 60.409499669040244
12716.62399563306 60.580499995904084
12901.591550924093 60.917499181812090
13089.249521259411 61.298999026742607
13279.637039626952 61.637000055904494
13472.793808217073 61.909499729438508
13668.760106701786 62.028999930767846
13867.576800634426 61.900000129355938
14069.285349971487 61.521499082501222
14273.927817718419 60.985000477876440
14481.54687870117 60.438000319577981
14692.18582846533 60.046500318819511
14905.888592304698 59.986000115419841
15122.699734421185 60.433999451230292
15342.664467217943 61.459502709116649
15565.828660727671 62.753498032763233
15792.238852178061 63.535999489109727
16021.942255696367 63.073498264774869
16254.986772155136 61.491994498742464
16491.42099916115 59.807507130525984
16731.294241189662 58.887002911894690
16974.65651986603 58.914001584424597
17221.558584396902 59.666498733343332
17472.051922153143 60.814995058136660
17726.188769406665 62.536498437976419
17984.022122223458 64.096999521653032
18245.605747515034 63.985494879281617
18510.99419425065 62.167497689897118
18780.242804832582 58.965488247156763
19053.40772663689 54.976503991878339
19330.545923722028 54.016503728190017
19611.71518870775 54.237500212681560
19896.974154826825 54.558999047454336
20186.382308152035 54.558999999999997
