20 67.200999999999993
20.290906698750476 67.215995190657253
20.586044732869844 67.230502019711523
20.885475648548283 67.244021904867353
21.189261887185914 67.258011478821459
21.49746679841394 67.271518642109186
21.810154653305165 67.284006098316439
22.12739065777668 67.296513952063464
22.449240966187475 67.308008105896221
22.77577269513385 67.318992353658942
23.107053937445478 67.330001846073287
23.44315377638505 67.341505411485684
23.784142300054445 67.353504935262009
24.130090616010463 67.365503097983265
24.481070866093134 67.377502090151609
24.837156241469714 67.388004544419474
25.1984209978975 67.398510897765732
25.56494047120865 67.407998459063975
25.936791093020236 67.416994945798876
26.3140504066728 67.426501316101110
26.69679708340074 67.436494701916473
27.08511093873791 67.446502815704008
27.47907294916184 67.456501550169691
27.878765268980047 67.464995011965826
28.284271247461966 67.472504608573374
28.695675446220072 67.479494485736751
29.11306365684382 67.486001201072526
29.536522918790062 67.493990998467737
29.966141537533712 67.502502759332657
30.402009102982383 67.511000164759849
30.844216508158908 67.519003375405589
31.29285596815558 67.525997754514691
31.74802103936409 67.532000227698745
32.20980663898519 67.536997907348336
32.67830906482211 67.542503895775070
33.153626015361866 67.548495285907919
33.63585661014871 67.555997768830110
34.125101410453844 67.562501124511073
34.62146244024586 67.568005046470944
35.12504320746613 67.573500253664179
35.635948725613716 67.576499698976207
36.15428553564419 67.580001899952009
36.68016172818701 67.583501211447100
37.21368696608603 67.587497655176662
37.754972507267915 67.591999771317376
38.30413122794313 67.596000588994357
38.86127764614443 67.598501716893111
39.4265279456077 67.601997080935746
40.000000000000206 67.606500000000011
40.58181339750116 67.610998557197178
41.1720894657399 67.614000074679254
41.77095129709678 67.614499959346489
42.37852377437204 67.612501566531677
42.9949335968281 67.609500323392069
43.62030930661056 67.605498295160402
44.25478131555359 67.602001205347335
44.89848193237519 67.597497420851198
45.55154539026795 67.594002432926715
46.21410787489121 67.588999197359442
46.88630755277036 67.583997294257159
47.56828460010916 67.577998354912665
48.260181232021196 67.573999483669454
48.962141732186545 67.571999203751759
49.674312482939705 67.567997622882189
50.39684199579528 67.562501201968360
51.129880942417586 67.560000406062699
51.873582186040764 67.556501965522656
52.628100813345895 67.549499276144388
53.393594166801776 67.544002913945945
54.17022187747612 67.536494790947586
54.95814589832399 67.517996170168999
55.75753053796041 67.497012323378527
56.56854249492426 67.487005641246299
57.39135089244048 67.485998739308599
58.226127313687975 67.482998196264163
59.073045837580466 67.470999279618923
59.932283075067765 67.457497889922081
60.804018205965114 67.450999876430103
61.68843301631817 67.444995901293197
62.58571193631152 67.436502726660748
63.49604207872855 67.425999362443505
64.41961327797075 67.412005859424681
65.35661812964459 67.394507132050393
66.3072520307241 67.374494515393565
67.27171322029778 67.353506240801806
68.25020282090806 67.332495404360088
69.2429248804921 67.310001702103648
70.25008641493265 67.286997970686514
71.27189745122783 67.263002408190346
72.30857107128878 67.238010340615034
73.36032345637442 67.212491663495499
74.42737393217246 67.184990850228473
75.50994501453623 67.158501345443028
76.60826245588666 67.130492585326962
77.72255529228926 67.099012563491385
78.85305589121582 67.066498294513906
80.00000000000082 67.031499999999966
81.16362679500274 66.997510901176895
82.34417893148023 66.961994921811083
83.541902594194 66.928002764438560
84.75704754874454 66.895998881659693
85.98986719365665 66.867003123587949
87.24061861322157 66.838508688667616
88.50956263110764 66.810009822705624
89.79696386475084 66.780500828274938
91.10309078053635 66.751498081618848
92.42821574978288 66.723495668963466
93.77261510554118 66.696507726505857
95.13656920021877 66.671008053808237
96.52036246404286 66.642991867793910
97.92428346437356 66.611492838794788
99.34862496587989 66.575509474546195
100.79368399159105 66.533009294364959
102.25976188483567 66.492006659428199
103.74716437208203 66.446994662536767
105.25620162669229 66.397993415196197
106.78718833360406 66.347993693916663
108.34044375495276 66.295984232057521
109.9162917966485 66.239989780730269
111.51506107592134 66.183997853682172
113.13708498984903 66.126997082669206
114.78270178488147 66.070510236424184
116.45225462737648 66.008990455231157
118.14609167516147 65.945496533516291
119.86456615013608 65.880516405026839
121.60803641193078 65.817498672374484
123.3768660326369 65.753004884621220
125.17142387262359 65.685984404466893
126.99208415745765 65.618996742144986
128.83922655594208 65.547491416503789
130.71323625928977 65.476490994322546
132.61450406144883 65.404018904072004
134.5434264405962 65.328984419773832
136.50040564181674 65.257485498202925
138.48584976098482 65.186505371082617
140.50017282986593 65.117494546219973
142.5437949024563 65.053006472011532
144.61714214257822 64.989995743829638
146.7206469127495 64.927010572479446
148.8547478643456 64.861007798009936
151.01989002907314 64.790503581039417
153.216524911774 64.713516650793537
155.4451105845792 64.629995647046641
157.70611178243232 64.540995541372027
160.00000000000236 64.449499999999915
162.3272535900062 64.358490333290746
164.6883578629612 64.268487080489919
167.08380518838874 64.182007033056919
169.51409509748981 64.100496857078099
171.97973438731407 64.019008778359250
174.4812372264439 63.938492849557541
177.01912526221608 63.861997324496357
179.5939277295025 63.807001543641690
182.20618156107355 63.780501301758640
184.85643149956664 63.799510029275908
187.54523021108326 63.862007805910999
190.27313840043846 63.954505050015996
193.04072492808663 64.055489963055180
195.84856692874806 64.143986350852629
198.69724993176072 64.216503675467067
201.58736798318304 64.259002321066788
204.5195237696723 64.277496996160565
207.49432874416505 64.278497821443580
210.5124032533856 64.258494995549114
213.57437666720915 64.220493938409888
216.68088750990657 64.170501810268647
219.83258359329807 64.090010634752389
223.03012215184378 64.036997062933480
226.2741699796992 63.958996642758905
229.5654035697641 63.893991481536418
232.90450925475412 63.823510358544866
236.2921833503241 63.750995919028284
239.72913230027333 63.674496793985341
243.21607282386276 63.589998250415960
246.75373206527502 63.505006437097691
250.34284774524843 63.419503627133260
253.9841683149166 63.340996810491561
257.67845311188546 63.270992564999744
261.42647251858085 63.209491613198999
265.22900812289896 63.141999853669915
269.08685288119375 63.072502650273989
273.0008112836349 62.998503567963979
276.97169952197106 62.927505372435164
281.00034565973334 62.842993108789564
285.0875898049141 62.761508177812985
289.23428428515797 62.676494357544399
293.44129382550057 62.592993839919814
297.7094957286928 62.503510572096978
302.0397800581479 62.408504825514072
306.4330498235497 62.309998887717484
310.89022116916016 62.210495035676743
315.41222356486645 62.108994980997984
320.00000000000654 62.005999999999858
324.6545071800142 61.902510957436846
329.3767157259242 61.797506321215153
334.16761037677935 61.689008823652571
339.02819019498156 61.575995448588969
343.95946877463007 61.457988521908419
348.9624744528898 61.335489064029133
354.03825052443415 61.218494138214695
359.187855459007 61.098003381978579
364.4123631221491 60.981492156671180
369.71286299913527 60.867002959177327
375.0904604221685 60.761991518983152
380.54627680087896 60.661495749218659
386.08144985617537 60.576494953536496
391.6971338574982 60.513498989843384
397.3944998635236 60.470503774283692
403.1747359663683 60.457000616687552
409.0390475393468 60.476500423459733
414.9886574883323 60.529496949055726
421.0248065067734 60.600497723986237
427.1487533344206 60.678996838137166
433.3617750198154 60.755497229843215
439.6651671865984 60.819501294094856
446.06024430368984 60.869001223777730
452.54833995940066 60.901501058661353
459.13080713953053 60.921999399416734
465.8090185095106 60.930500002732032
472.58436670065066 60.931500026673021
479.45826460054917 60.931999981029499
486.432145647728 60.931500030879377
493.50746413055253 60.933000355581285
500.6856954904994 60.938499766708148
507.9683366298358 60.953501093397762
515.3569062237735 60.977499695408113
522.8529450371643 61.011499750702185
530.4580162458005 61.060000125275415
538.1737057623901 61.119497731060420
546.0016225672724 61.191496528467511
553.9433990439449 61.273504333127967
562.0006913194694 61.360996648107914
570.1751796098309 61.451501959813086
578.4685685703187 61.541995292454047
586.8825876510039 61.630495662837397
595.4189914573883 61.711499918937264
604.0795601162986 61.783496343190563
612.8660996471021 61.844500581293389
621.780442338323 61.896502152021917
630.8244471297356 61.940501876034745
640.0000000000159 61.979000000000063
649.3090143600314 62.016500057780732
658.7534314518515 62.054501846120431
668.3352207535618 62.095501021902095
678.0563803899662 62.140501870517426
687.9189375492632 62.188999692906748
697.9249489057827 62.242499726809854
708.0765010488715 62.302003186281659
718.3757109180171 62.367498161663121
728.8247262443015 62.438998126755436
739.425725998274 62.516997983951072
750.1809208443404 62.600999381768915
761.0925536017613 62.692996236378484
772.1628997123541 62.792499098588912
783.3942677149998 62.899002631336550
794.7889997270506 63.010999997317214
806.34947193274 63.129004969195449
818.0780950786972 63.252501022781182
829.9773149766683 63.380503443793607
842.0496130135506 63.512495768888314
854.2975066688449 63.648005728411746
866.7235500396347 63.788494912735871
879.3303343732008 63.932503882284621
892.1204886073838 64.081005760725105
905.0966799188055 64.233996226213861
918.2616142790653 64.391995370762800
931.6180370190256 64.552000450751905
945.1687334013056 64.716996753834806
958.9165292011028 64.884494263979107
972.8642912954606 65.056503622924254
987.0149282611097 65.232499107763076
1001.3713909810035 65.411504885249400
1015.9366732596762 65.593495917428342
1030.7138124475518 65.779497639253208
1045.7058900743334 65.966998625195941
1060.916032491606 66.156500401117938
1076.3474115247852 66.347005059946426
1092.0032451345498 66.539502970813459
1107.8867980878947 66.731997553004263
1124.0013826389438 66.925004528756233
1140.350359219667 67.118504223056306
1156.9371371406426 67.313501589162428
1173.765175302013 67.508502022755010
1190.837982914782 67.705499802859009
1208.1591202326028 67.904001364957850
1225.73219929421 68.103502218851332
1243.5608846766518 68.301998716042149
1261.648894259477 68.501498833744236
1280.0000000000375 68.699000000000396
1298.6180287200684 68.894500288888395
1317.5068629037087 69.084498620980710
1336.6704415071292 69.267503939797706
1356.112760779938 69.440997865314984
1375.8378750985323 69.605998955196839
1395.8498978115715 69.759999213620929
1416.153002097749 69.904500013952401
1436.7514218360407 70.041502583740709
1457.6494524886093 70.169502550343779
1478.8514519965543 70.289002416419677
1500.3618416886875 70.403999153651569
1522.1851072035295 70.512000476922793
1544.3257994247153 70.610499107688668
1566.788535430007 70.702498097296029
1589.5779994541087 70.788499997939937
1612.6989438654878 70.867499808199199
1636.156190157402 70.938500511369114
1659.9546299533442 71.002499004874736
1684.099226027109 71.062500484422884
1708.5950133376978 71.115000024687518
1733.4471000792773 71.161000156783189
1758.6606687464096 71.200499481061442
1784.2409772147755 71.233999970160085
1810.193359837619 71.260500314328340
1836.5232285581387 71.283500166843254
1863.2360740380593 71.303000038245628
1890.3374668026197 71.316999724567808
1917.833058402214 71.327500015701759
1945.7285825909298 71.334999887777172
1974.0298565222283 71.338999979721166
2002.7427819620161 71.340499988609452
2031.8733465193618 71.339999976550871
2061.4276248951132 71.338000025383508
2091.411780148677 71.334000029329161
2121.832064983222 71.329499990525079
2152.694823049581 71.325000025800378
2184.0064902691106 71.322000048837282
2215.7735961758003 71.321000012712062
2248.002765277899 71.323999978151164
2280.7007184393456 71.330999939723398
2313.874274281297 71.343000171140574
2347.530350604038 71.364000308033766
2381.6759658295764 71.393999969978552
2416.318240465218 71.435500362620388
2451.4643985884327 71.488500693041743
2487.1217693533167 71.550499598965331
2523.2977885189675 71.620499590787475
2560.0000000000887 71.699500000000199
2597.236057440151 71.785000133800978
2635.0137258074315 71.872999361296365
2673.340883014273 71.958499739027843
2712.225521559891 72.037499027985888
2751.6757501970797 72.104999572580567
2791.699795623158 72.158999724256716
2832.3060041955137 72.199500002495085
2873.502843672097 72.223999907031256
2915.2989049772345 72.233999977265114
2957.7029039931244 72.232500003396154
3000.723683377391 72.223000069917362
3044.370214407075 72.213499944318642
3088.6515988494466 72.202000104178467
3133.57707086003 72.191499992226682
3179.1559989082334 72.186500000119764
3225.3978877309914 72.191499987860709
3272.3123803148205 72.207000239709316
3319.9092599067053 72.237000234130790
3368.198452054235 72.280500521331334
3417.190026675413 72.337000037567975
3466.8942001585724 72.407000339372900
3517.3213374928373 72.492500636579791
3568.4819544295697 72.588999914044933
3620.386719675257 72.696499419421826
3673.0464571162966 72.818001146512614
3726.472148076138 72.952000370169856
3780.6749336052594 73.087499834022339
3835.6661168044484 73.213000214594757
3891.45716518188 73.315500178013437
3948.059713044477 73.376499690753377
4005.4855639240527 73.372000034171663
4063.746693038744 73.276000505797725
4122.855249790247 73.068998606699495
4182.823560297375 72.734502452609320
4243.664129966465 72.269498780893244
4305.389646099183 71.690503319647689
4368.012980538242 71.038000202781660
4431.5471923516225 70.361998060309730
4496.00553055582 69.711995245799272
4561.401436878714 69.125996697795330
4627.748548562617 68.624503412248259
4695.060701208099 68.212501828830867
4763.351931659176 67.889500323235666
4832.63648093046 67.654001764319503
4902.928797176889 67.504000432815488
4974.243538706657 67.440500410742857
5046.595577037959 67.455999909388666
5120.000000000202 67.541500000000354
5194.472114880326 67.671000209827085
5270.027451614888 67.809000686362722
5346.6817660285715 67.925499644411047
5424.451043119808 68.004000028964782
5503.351500394186 68.056999664400863
5583.399591246343 68.111500556934786
5664.612008391055 68.188000011813500
5747.005687344222 68.303999559821463
5830.597809954497 68.452999661250118
5915.405807986278 68.611499641140284
6001.447366754812 68.743000348718112
6088.740428814181 68.826000123468731
6177.303197698925 68.851499917488852
6267.154141720092 68.813999835205578
6358.3119978165005 68.708000002539009
6450.795775462017 68.560000359322927
6544.624760629676 68.415500368638817
6639.818519813445 68.296999545198901
6736.396904108505 68.212500083898476
6834.380053350861 68.172000002146717
6933.788400317181 68.175999975870070
7034.642674985712 68.215999871095121
7136.963908859177 68.300499924732947
7240.773439350552 68.444500861430768
7346.092914232631 68.650999831836685
7452.944296152315 68.886000607843556
7561.349867210557 69.108499727453733
7671.332233608935 69.292500254371049
7782.914330363799 69.413999270849530
7896.119426088994 69.451499809887707
8010.971127848146 69.395999831030935
8127.49338607753 69.241999180281681
8245.710499580537 68.991001062488664
8365.647120594791 68.673499663530620
8487.328259932974 68.333999316747139
8610.77929219841 68.009499368929653
8736.025961076528 67.739000084064287
8863.094384703289 67.555000890969438
8992.011061111683 67.469000002569828
9122.802873757471 67.474499994691314
9255.497097125279 67.571000148259174
9390.121402416245 67.776500826440753
9526.7038633184 68.056999719297508
9665.272961860968 68.299999933117903
9805.857594353829 68.361499101989409
9948.487077413367 68.145999764342463
10093.19115407597 67.705499495715500
10240.000000000457 67.224999999999000
10388.944229760706 66.895499923976175
10540.05490322983 66.845500032019572
10693.363532057198 67.097001541039660
10848.902086239672 67.547500274620788
11006.703000788428 68.050000002154576
11166.799182492743 68.487500325267973
11329.224016782166 68.777000019706236
11494.0113746885 68.970499265736734
11661.195619909053 69.159000498874434
11830.811615972614 69.295499690952340
12002.894733509682 69.410499821909269
12177.48085762842 69.551000728707692
12354.606395397908 69.701500190324708
12534.308283440243 69.787999655084121
12716.62399563306 69.698000002155737
12901.591550924093 69.319500918943987
13089.249521259411 68.591001858500661
13279.637039626952 67.552999752686731
13472.793808217073 66.347501196924355
13668.760106701786 65.132499416625137
13867.576800634426 64.045501089999249
14069.285349971487 63.199499130385590
14273.927817718419 62.691000452936009
14481.54687870117 62.581000064266135
14692.18582846533 62.880999755693864
14905.888592304698 63.612498604469224
15122.699734421185 64.711498653799310
15342.664467217943 65.856501269767577
15565.828660727671 66.462999077952787
15792.238852178061 65.842000405447749
16021.942255696367 63.765496806593262
16254.986772155136 60.854991500728573
16491.42099916115 58.252511016440408
16731.294241189662 56.059506937300441
16974.65651986603 54.119496674287497
17221.558584396902 52.540002658716560
17472.051922153143 51.306005309760003
17726.188769406665 50.406000816625749
17984.022122223458 49.833498910312713
18245.605747515034 49.579500166183934
18510.99419425065 49.638500263692258
18780.242804832582 50.004002130184425
19053.40772663689 50.726999276478310
19330.545923722028 51.758495994137505
19611.71518870775 52.796500189197275
19896.974154826825 53.082499152634341
20186.382308152035 53.082499999999996
