20 70.246499999999997
20.290906698750476 70.239502244359954
20.586044732869844 70.232998279505011
20.885475648548283 70.221468707332349
21.189261887185914 70.201475341790939
21.49746679841394 70.172448547778657
21.810154653305165 70.137982680781278
22.12739065777668 70.102459357032558
22.449240966187475 70.068978998359810
22.77577269513385 70.040519810974558
23.107053937445478 70.017496789437757
23.44315377638505 69.997491431814325
23.784142300054445 69.978491980199237
24.130090616010463 69.958994578529285
24.481070866093134 69.937994824386465
24.837156241469714 69.911987232345268
25.1984209978975 69.882462718169847
25.56494047120865 69.850005271623218
25.936791093020236 69.816518812859726
26.3140504066728 69.784996117501692
26.69679708340074 69.755515629346434
27.08511093873791 69.724489722680374
27.47907294916184 69.687992249151549
27.878765268980047 69.645524940170873
28.284271247461966 69.602978273868345
28.695675446220072 69.570025995812472
29.11306365684382 69.556000450402195
29.536522918790062 69.558996624425390
29.966141537533712 69.560993507452594
30.402009102982383 69.540998815788498
30.844216508158908 69.483456119727265
31.29285596815558 69.392529191309222
31.74802103936409 69.290996242970692
32.20980663898519 69.208534528752637
32.67830906482211 69.159481819716348
33.153626015361866 69.131521999096364
33.63585661014871 69.100509222168853
34.125101410453844 69.051988141519502
34.62146244024586 68.993949994060728
35.12504320746613 68.939495899095675
35.635948725613716 68.891004866551327
36.15428553564419 68.841470143611360
36.68016172818701 68.786482736878924
37.21368696608603 68.729533413732383
37.754972507267915 68.675002769600553
38.30413122794313 68.620485392939898
38.86127764614443 68.558465662137621
39.4265279456077 68.488558381285273
40.000000000000206 68.417499999999976
40.58181339750116 68.353520519862428
41.1720894657399 68.294991038490153
41.77095129709678 68.235004878421023
42.37852377437204 68.171050129013480
42.9949335968281 68.106007006828207
43.62030930661056 68.044472966115137
44.25478131555359 67.989019113365003
44.89848193237519 67.937463155017184
45.55154539026795 67.887534756095732
46.21410787489121 67.833490368313278
46.88630755277036 67.773473168050089
47.56828460010916 67.713974912418124
48.260181232021196 67.652981412100402
48.962141732186545 67.580984174566254
49.674312482939705 67.501469313570240
50.39684199579528 67.430515516318863
51.129880942417586 67.360011450968017
51.873582186040764 67.276546891754833
52.628100813345895 67.194489800216303
53.393594166801776 67.117041060147344
54.17022187747612 67.018971842959871
54.95814589832399 66.918985136608256
55.75753053796041 66.837547826445274
56.56854249492426 66.742053873902265
57.39135089244048 66.650972685019610
58.226127313687975 66.585987524160444
59.073045837580466 66.502994770567071
59.932283075067765 66.404964940243900
60.804018205965114 66.296997508007038
61.68843301631817 66.175961423936030
62.58571193631152 66.096025662689385
63.49604207872855 66.025995810343048
64.41961327797075 65.934038504790792
65.35661812964459 65.824544626258188
66.3072520307241 65.692970487593982
67.27171322029778 65.580033581457357
68.25020282090806 65.498988051336241
69.2429248804921 65.440504425469499
70.25008641493265 65.380492474629150
71.27189745122783 65.291508930372530
72.30857107128878 65.202037019401786
73.36032345637442 65.118967411846057
74.42737393217246 65.011456150151531
75.50994501453623 64.884506447972200
76.60826245588666 64.738973989797785
77.72255529228926 64.628544071930065
78.85305589121582 64.514994347531797
80.00000000000082 64.398999999999944
81.16362679500274 64.340518756436722
82.34417893148023 64.311502016339716
83.541902594194 64.324998902355276
84.75704754874454 64.374002506624819
85.98986719365665 64.438992998854559
87.24061861322157 64.510478202114584
88.50956263110764 64.585474150774687
89.79696386475084 64.642998385565789
91.10309078053635 64.679501849867535
92.42821574978288 64.706502325927033
93.77261510554118 64.720995850580181
95.13656920021877 64.720000315835620
96.52036246404286 64.711997418347266
97.92428346437356 64.701999502694079
99.34862496587989 64.699500657954587
100.79368399159105 64.722494970108372
102.25976188483567 64.717000893337939
103.74716437208203 64.727002069628611
105.25620162669229 64.745997629470637
106.78718833360406 64.727995573614578
108.34044375495276 64.691488737183946
109.9162917966485 64.651490145704173
111.51506107592134 64.597497514789879
113.13708498984903 64.531497185937553
114.78270178488147 64.477009874072877
116.45225462737648 64.463998947820755
118.14609167516147 64.456999706682154
119.86456615013608 64.451501388117649
121.60803641193078 64.447999166374672
123.3768660326369 64.407503067087731
125.17142387262359 64.346981960390821
126.99208415745765 64.269496468758547
128.83922655594208 64.191989300853322
130.71323625928977 64.103488447889617
132.61450406144883 64.010524249361339
134.5434264405962 63.909477337852834
136.50040564181674 63.805478451555047
138.48584976098482 63.700007980974874
140.50017282986593 63.594990783534548
142.5437949024563 63.486010937197776
144.61714214257822 63.370992365916663
146.7206469127495 63.258018963336170
148.8547478643456 63.146013232986547
151.01989002907314 63.039005435052736
153.216524911774 62.923524976190308
155.4451105845792 62.815994619945286
157.70611178243232 62.705994956633937
160.00000000000236 62.602499999999928
162.3272535900062 62.531493555527163
164.6883578629612 62.471487901961666
167.08380518838874 62.390506585868330
169.51409509748981 62.331998052545323
171.97973438731407 62.281505439351434
174.4812372264439 62.244996448146232
177.01912526221608 62.206998856830253
179.5939277295025 62.183500659555996
182.20618156107355 62.162498938039008
184.85643149956664 62.146995988289632
187.54523021108326 62.121998523206031
190.27313840043846 62.104498574995482
193.04072492808663 62.076002832207202
195.84856692874806 62.032006786016765
198.69724993176072 61.973996627218455
201.58736798318304 61.934991405779733
204.5195237696723 61.866511122324397
207.49432874416505 61.755989216145679
210.5124032533856 61.656990320338394
213.57437666720915 61.583490119608129
216.68088750990657 61.502002950737889
219.83258359329807 61.406512616383260
223.03012215184378 61.309496234530087
226.2741699796992 61.209494964138358
229.5654035697641 61.111989004536369
232.90450925475412 61.021013370604003
236.2921833503241 60.930495012145677
239.72913230027333 60.836996186929312
243.21607282386276 60.736498034290875
246.75373206527502 60.641007232268578
250.34284774524843 60.554003690767175
253.9841683149166 60.464995443559374
257.67845311188546 60.364989905324862
261.42647251858085 60.281489625216537
265.22900812289896 60.197999832615224
269.08685288119375 60.118503031608370
273.0008112836349 60.023004604602164
276.97169952197106 59.924007491141992
281.00034565973334 59.837492855125376
285.0875898049141 59.753008478836776
289.23428428515797 59.665493952098494
293.44129382550057 59.575994218472232
297.7094957286928 59.492009922415036
302.0397800581479 59.398504749321745
306.4330498235497 59.285499072166346
310.89022116916016 59.202496478509616
315.41222356486645 59.130494664264845
320.00000000000654 59.020999999999901
324.6545071800142 58.950007516695813
329.3767157259242 58.882004093739340
334.16761037677935 58.725512727203935
339.02819019498156 58.670997955722157
343.95946877463007 58.617991239170919
348.9624744528898 58.524493410376536
354.03825052443415 58.453997227205292
359.187855459007 58.397001599774100
364.4123631221491 58.409497328473151
369.71286299913527 58.370501007929391
375.0904604221685 58.350504852323070
380.54627680087896 58.408003475638864
386.08144985617537 58.477506368156327
391.6971338574982 58.557002889517776
397.3944998635236 58.679989203793156
403.1747359663683 58.834492942353620
409.0390475393468 58.951001350277245
414.9886574883323 59.119990271517338
421.0248065067734 59.304494085569857
427.1487533344206 59.273501248633728
433.3617750198154 59.370996469408013
439.6651671865984 59.473001921534788
446.06024430368984 59.546502409900768
452.54833995940066 59.610502349711794
459.13080713953053 59.655998666998116
465.8090185095106 59.704500061470696
472.58436670065066 59.727002053822382
479.45826460054917 59.765500701908536
486.432145647728 59.784000185276263
493.50746413055253 59.792999903023286
500.6856954904994 59.791500063625051
507.9683366298358 59.792500205012075
515.3569062237735 59.796999942889023
522.8529450371643 59.816499857020375
530.4580162458005 59.840000065269550
538.1737057623901 59.870998817863416
546.0016225672724 59.908498191910155
553.9433990439449 59.947002302748004
562.0006913194694 59.993498218708780
570.1751796098309 60.052001331806679
578.4685685703187 60.113496800949434
586.8825876510039 60.178496814513338
595.4189914573883 60.247999930446170
604.0795601162986 60.326995987667424
612.8660996471021 60.400500721027385
621.780442338323 60.465003276942468
630.8244471297356 60.532003289151824
640.0000000000159 60.599500000000077
649.3090143600314 60.643000105677913
658.7534314518515 60.712503467104213
668.3352207535618 60.789501180864647
678.0563803899662 60.841502391176917
687.9189375492632 60.903499607427179
697.9249489057827 60.949999762554356
708.0765010488715 60.982001629624968
718.3757109180171 61.015499059781902
728.8247262443015 61.061498794835671
739.425725998274 61.140497958104298
750.1809208443404 61.229499344969433
761.0925536017613 61.290997484100835
772.1628997123541 61.347999483613748
783.3942677149998 61.418001797296839
794.7889997270506 61.494499998167555
806.34947193274 61.563002615366024
818.0780950786972 61.628000671200148
829.9773149766683 61.712000639188965
842.0496130135506 61.736499214680030
854.2975066688449 61.826503730602667
866.7235500396347 61.917996686941862
879.3303343732008 61.999502182968122
892.1204886073838 62.083003256880531
905.0966799188055 62.169497866454236
918.2616142790653 62.262497275195827
931.6180370190256 62.357000263621572
945.1687334013056 62.453498101485202
958.9165292011028 62.558996387162956
972.8642912954606 62.680002645146402
987.0149282611097 62.808499348565654
1001.3713909810035 62.944003704200085
1015.9366732596762 63.081996904423676
1030.7138124475518 63.218498267516466
1045.7058900743334 63.357998977145783
1060.916032491606 63.497500289520829
1076.3474115247852 63.635003706246465
1092.0032451345498 63.776002245471986
1107.8867980878947 63.921498150452571
1124.0013826389438 64.069003498961536
1140.350359219667 64.218503324303299
1156.9371371406426 64.372001279479491
1173.765175302013 64.529001663382303
1190.837982914782 64.690999837884078
1208.1591202326028 64.856001135754411
1225.73219929421 65.022001877919536
1243.5608846766518 65.189998913325340
1261.648894259477 65.359499009121038
1280.0000000000375 65.527500000000344
1298.6180287200684 65.694000250116545
1317.5068629037087 65.858498806059615
1336.6704415071292 66.020503633242853
1356.112760779938 66.180498031414388
1375.8378750985323 66.337999002687894
1395.8498978115715 66.492999208514576
1416.153002097749 66.650000016192934
1436.7514218360407 66.809003189304931
1457.6494524886093 66.967003372002651
1478.8514519965543 67.125003372481387
1500.3618416886875 67.285498818791979
1522.1851072035295 67.445500791643425
1544.3257994247153 67.608998518853753
1566.788535430007 67.775496556519442
1589.5779994541087 67.943499995975699
1612.6989438654878 68.112999588478004
1636.156190157402 68.285001394279874
1659.9546299533442 68.459497286728805
1684.099226027109 68.636001660878492
1708.5950133376978 68.816000098213365
1733.4471000792773 68.999000742239417
1758.6606687464096 69.185997543252910
1784.2409772147755 69.374499832094813
1810.193359837619 69.564002603458661
1836.5232285581387 69.754501638486261
1863.2360740380593 69.946000520413634
1890.3374668026197 70.136496252154785
1917.833058402214 70.327500398824981
1945.7285825909298 70.517997149540150
1974.0298565222283 70.707499039290568
2002.7427819620161 70.894498579977608
2031.8733465193618 71.077502086971634
2061.4276248951132 71.255497740867199
2091.411780148677 71.428498731514168
2121.832064983222 71.596000332675032
2152.694823049581 71.753999094120260
2184.0064902691106 71.902497582555014
2215.7735961758003 72.039998252090925
2248.002765277899 72.164999089631607
2280.7007184393456 72.276499039879724
2313.874274281297 72.373500664188427
2347.530350604038 72.455000662272610
2381.6759658295764 72.519499935453865
2416.318240465218 72.566500201835879
2451.4643985884327 72.596000145315202
2487.1217693533167 72.608999915912079
2523.2977885189675 72.603500032152397
2560.0000000000887 72.577499999999901
2597.236057440151 72.538999918655094
2635.0137258074315 72.485500388302782
2673.340883014273 72.421000196873734
2712.225521559891 72.345500928950187
2751.6757501970797 72.262500525567617
2791.699795623158 72.173500454465795
2832.3060041955137 72.080499990223331
2873.502843672097 71.984500364285708
2915.2989049772345 71.886500222801970
2957.7029039931244 71.788500221881748
3000.723683377391 71.693000702853467
3044.370214407075 71.601999573916657
3088.6515988494466 71.514000797191841
3133.57707086003 71.430499877181546
3179.1559989082334 71.351500001892305
3225.3978877309914 71.278000178447556
3272.3123803148205 71.209999512591054
3319.9092599067053 71.148999712046049
3368.198452054235 71.095499612461666
3417.190026675413 71.053499983362755
3466.8942001585724 71.022499922599167
3517.3213374928373 71.002999957121574
3568.4819544295697 70.996500005789727
3620.386719675257 71.003999959494536
3673.0464571162966 71.025500312296344
3726.472148076138 71.062000143423745
3780.6749336052594 71.114499935691313
3835.6661168044484 71.179000162254567
3891.45716518188 71.256500250969765
3948.059713044477 71.342499564012954
4005.4855639240527 71.431999320363644
4063.746693038744 71.517999546889541
4122.855249790247 71.590500239506071
4182.823560297375 71.647999578400487
4243.664129966465 71.685000066324463
4305.389646099183 71.716499819397399
4368.012980538242 71.764499985082722
4431.5471923516225 71.844000341683909
4496.00553055582 71.958501168267759
4561.401436878714 72.102501043667871
4627.748548562617 72.260998921552641
4695.060701208099 72.413499323066247
4763.351931659176 72.545499867903686
4832.63648093046 72.632499348213173
4902.928797176889 72.655499933634957
4974.243538706657 72.606000320185373
5046.595577037959 72.485000707353038
5120.000000000202 72.294999999999320
5194.472114880326 72.042499526368587
5270.027451614888 71.730997964477936
5346.6817660285715 71.385501054557807
5424.451043119808 71.015999795333812
5503.351500394186 70.641502371356225
5583.399591246343 70.270997397330873
5664.612008391055 69.913499965017749
5747.005687344222 69.570001303459719
5830.597809954497 69.259000707055122
5915.405807986278 69.001000584137586
6001.447366754812 68.795499233240321
6088.740428814181 68.612999172033184
6177.303197698925 68.441999682057016
6267.154141720092 68.297499832096250
6358.3119978165005 68.189500002586925
6450.795775462017 68.122000163880386
6544.624760629676 68.095000068880609
6639.818519813445 68.110000293333258
6736.396904108505 68.164499945887954
6834.380053350861 68.253500064669993
6933.788400317181 68.373999273086127
7034.642674985712 68.513499550444266
7136.963908859177 68.653499875297200
7240.773439350552 68.774500308696744
7346.092914232631 68.848499939738076
7452.944296152315 68.843499687199596
7561.349867210557 68.729000140254158
7671.332233608935 68.481999188734278
7782.914330363799 68.094502325479937
7896.119426088994 67.577002623549717
8010.971127848146 66.957999250611181
8127.49338607753 66.274997695971024
8245.710499580537 65.569502986397424
8365.647120594791 64.875499343413935
8487.328259932974 64.212998687185930
8610.77929219841 63.589498642207211
8736.025961076528 63.007500180870288
8863.094384703289 62.470502600274912
8992.011061111683 61.987999801187982
9122.802873757471 61.562500410699400
9255.497097125279 61.202499794385069
9390.121402416245 60.917499396005866
9526.7038633184 60.712500205147990
9665.272961860968 60.600500030826311
9805.857594353829 60.586500406292494
9948.487077413367 60.684000119299959
10093.19115407597 60.907000381493063
10240.000000000457 61.270500000001597
10388.944229760706 61.791001049128703
10540.05490322983 62.480999558129994
10693.363532057198 63.355003533615914
10848.902086239672 64.388000560171776
11006.703000788428 65.413000003321713
11166.799182492743 66.087499980899636
11329.224016782166 66.070499940575814
11494.0113746885 65.487002214173728
11661.195619909053 64.963999837363275
11830.811615972614 64.919500100751804
12002.894733509682 65.100999718926374
12177.48085762842 65.049997944608563
12354.606395397908 64.625498606119123
12534.308283440243 63.992002526060254
12716.62399563306 63.370500014886616
12901.591550924093 62.923501085252212
13089.249521259411 62.741000465581841
13279.637039626952 62.875500100217778
13472.793808217073 63.363999514975077
13668.760106701786 64.185500500725624
13867.576800634426 65.118499064425691
14069.285349971487 65.585498849064891
14273.927817718419 64.912500599461026
14481.54687870117 63.074501073828742
14692.18582846533 60.720501916988837
14905.888592304698 58.437504355429603
15122.699734421185 56.428002461501634
15342.664467217943 54.734497076289486
15565.828660727671 53.338002123065024
15792.238852178061 52.207000738424156
16021.942255696367 51.335999360879768
16254.986772155136 50.753499423584472
16491.42099916115 50.577000747128423
16731.294241189662 50.591999952549244
16974.65651986603 50.863001197003832
17221.558584396902 51.431499043064029
17472.051922153143 52.238996525420418
17726.188769406665 53.073499242806463
17984.022122223458 53.516498313987782
18245.605747515034 53.123496590412756
18510.99419425065 51.912998874888999
18780.242804832582 50.353495366922537
19053.40772663689 48.781001573634668
19330.545923722028 47.284005813646303
19611.71518870775 45.855999027883200
19896.974154826825 44.386504353859564
20186.382308152035 44.386499999999998
