20 62.576000000000001
20.290906698750476 62.588495992214369
20.586044732869844 62.598500972453692
20.885475648548283 62.605004693900149
21.189261887185914 62.608002550849214
21.49746679841394 62.611010439581143
21.810154653305165 62.618007074047085
22.12739065777668 62.632526084292543
22.449240966187475 62.654017685591739
22.77577269513385 62.677983317074037
23.107053937445478 62.699501926337334
23.44315377638505 62.711500901914278
23.784142300054445 62.713498149276745
24.130090616010463 62.708999096421550
24.481070866093134 62.705500597186180
24.837156241469714 62.708504760820404
25.1984209978975 62.719517780565155
25.56494047120865 62.734997485841234
25.936791093020236 62.748492418698319
26.3140504066728 62.755500197415174
26.69679708340074 62.756999205287471
27.08511093873791 62.756000563140802
27.47907294916184 62.758000729491627
27.878765268980047 62.761997652689800
28.284271247461966 62.767502962654319
28.695675446220072 62.771996455116479
29.11306365684382 62.776500750670337
29.536522918790062 62.781494374042339
29.966141537533712 62.786501136195795
30.402009102982383 62.790000030892472
30.844216508158908 62.791499999999999
31.29285596815558 62.791499999999999
31.74802103936409 62.792000068309619
32.20980663898519 62.793499372204494
32.67830906482211 62.794500973943769
33.153626015361866 62.795998821476985
33.63585661014871 62.797999405021372
34.125101410453844 62.800000102228282
34.62146244024586 62.800498623689748
35.12504320746613 62.798999830890544
35.635948725613716 62.797000200682533
36.15428553564419 62.794999728578283
36.68016172818701 62.794499697138221
37.21368696608603 62.793500586205830
37.754972507267915 62.790500152455081
38.30413122794313 62.786999175407900
38.86127764614443 62.783498037836438
39.4265279456077 62.779503336073446
40.000000000000206 62.775999999999996
40.58181339750116 62.770001923737098
41.1720894657399 62.760498282377284
41.77095129709678 62.749000935030701
42.37852377437204 62.741006266126682
42.9949335968281 62.737000431189429
43.62030930661056 62.731995372578268
44.25478131555359 62.722503271657075
44.89848193237519 62.711993367903091
45.55154539026795 62.703006256097225
46.21410787489121 62.697498956567273
46.88630755277036 62.690997068778579
47.56828460010916 62.684497738004907
48.260181232021196 62.678999612752094
48.962141732186545 62.677499601875880
49.674312482939705 62.675495245764402
50.39684199579528 62.664502403936723
51.129880942417586 62.648002680013789
51.873582186040764 62.634007862090627
52.628100813345895 62.623998289068538
53.393594166801776 62.611006887508587
54.17022187747612 62.591994087021575
54.95814589832399 62.570997173219972
55.75753053796041 62.555509095827020
56.56854249492426 62.537510154243357
57.39135089244048 62.505989704353539
58.226127313687975 62.481498271419817
59.073045837580466 62.469999172895811
59.932283075067765 62.454493345138886
60.804018205965114 62.433999567505353
61.68843301631817 62.412986980578410
62.58571193631152 62.386008661157675
63.49604207872855 62.358998724887016
64.41961327797075 62.331011718849368
65.35661812964459 62.302511615053504
66.3072520307241 62.276993731878363
67.27171322029778 62.253007132344926
68.25020282090806 62.228994383106780
69.2429248804921 62.201502080348909
70.25008641493265 62.173997928409150
71.27189745122783 62.149502458360971
72.30857107128878 62.119512408738025
73.36032345637442 62.083489086757751
74.42737393217246 62.047487742758889
75.50994501453623 62.012001802385932
76.60826245588666 61.977492114554082
77.72255529228926 61.944013361173369
78.85305589121582 61.910998611247031
80.00000000000082 61.882499999999979
81.16362679500274 61.848011061488322
82.34417893148023 61.813995071169572
83.541902594194 61.781002683131547
84.75704754874454 61.740498496025111
85.98986719365665 61.701504200687253
87.24061861322157 61.666010822726321
88.50956263110764 61.631012062971813
89.79696386475084 61.593501052891874
91.10309078053635 61.551997499253147
92.42821574978288 61.515495027328427
93.77261510554118 61.484508871173404
95.13656920021877 61.464506316712331
96.52036246404286 61.457001161743733
97.92428346437356 61.461500696228285
99.34862496587989 61.464999078863571
100.79368399159105 61.471998469163417
102.25976188483567 61.475999350299688
103.74716437208203 61.466497494660118
105.25620162669229 61.443495785725574
106.78718833360406 61.411494906625002
108.34044375495276 61.369485499124323
109.9162917966485 61.317990601921579
111.51506107592134 61.266497985473620
113.13708498984903 61.212997160120480
114.78270178488147 61.158009964660707
116.45225462737648 61.097989853985887
118.14609167516147 61.030496000211102
119.86456615013608 60.955518928877133
121.60803641193078 60.905998744416181
123.3768660326369 60.845004619564250
125.17142387262359 60.784484753620617
126.99208415745765 60.718996764927184
128.83922655594208 60.647991658292426
130.71323625928977 60.578991429079394
132.61450406144883 60.510017991461638
134.5434264405962 60.437983875010673
136.50040564181674 60.363984579074945
138.48584976098482 60.288505711503348
140.50017282986593 60.215993869782153
142.5437949024563 60.143507274741644
144.61714214257822 60.075995102026184
146.7206469127495 60.003512166742240
148.8547478643456 59.934008211540757
151.01989002907314 59.877002895308465
153.216524911774 59.838008433518809
155.4451105845792 59.798998141435646
157.70611178243232 59.760999366533731
160.00000000000236 59.748000000000005
162.3272535900062 59.749501181486686
164.6883578629612 59.760502464415218
167.08380518838874 59.776998658434231
169.51409509748981 59.795000655578804
171.97973438731407 59.811998168931197
174.4812372264439 59.815999205506387
177.01912526221608 59.807498783861980
179.5939277295025 59.782500701655316
182.20618156107355 59.742496540062561
184.85643149956664 59.691991013768785
187.54523021108326 59.635995822782760
190.27313840043846 59.586497399991757
193.04072492808663 59.534505167535940
195.84856692874806 59.477508790976266
198.69724993176072 59.420495632680300
201.58736798318304 59.369992911336567
204.5195237696723 59.313509173888008
207.49432874416505 59.245491993805125
210.5124032533856 59.171989069225674
213.57437666720915 59.088989149753715
216.68088750990657 58.999503240380875
219.83258359329807 58.955005878838278
223.03012215184378 58.899497740718054
226.2741699796992 58.839497236732328
229.5654035697641 58.785994743926722
232.90450925475412 58.742506391442575
236.2921833503241 58.702497919504616
239.72913230027333 58.663498425448424
243.21607282386276 58.621999084041292
246.75373206527502 58.577503370009964
250.34284774524843 58.529502036285336
253.9841683149166 58.474997288917834
257.67845311188546 58.415492383658275
261.42647251858085 58.352491613198993
265.22900812289896 58.284999845248038
269.08685288119375 58.211502802807743
273.0008112836349 58.138003543856115
276.97169952197106 58.060505864277822
281.00034565973334 57.983492981957468
285.0875898049141 57.900508328324889
289.23428428515797 57.822994661628840
293.44129382550057 57.743994493783077
297.7094957286928 57.664009449919078
302.0397800581479 57.585503987398475
306.4330498235497 57.507999088934426
310.89022116916016 57.426496233961664
315.41222356486645 57.349496345386882
320.00000000000654 57.274499999999904
324.6545071800142 57.203507516695808
329.3767157259242 57.135004123840361
334.16761037677935 57.064005774003064
339.02819019498156 57.003997840008324
343.95946877463007 56.947995783558198
348.9624744528898 56.902996448146219
354.03825052443415 56.864999489222029
359.187855459007 56.854500294695228
364.4123631221491 56.873004041540611
369.71286299913527 56.931998475183732
375.0904604221685 57.036512278487081
380.54627680087896 57.182008726604039
386.08144985617537 57.356515419749599
391.6971338574982 57.549004310784646
397.3944998635236 57.732483893463773
403.1747359663683 57.896992485548026
409.0390475393468 58.043001070634034
414.9886574883323 58.176992286291849
421.0248065067734 58.296496169244435
427.1487533344206 58.398995871452989
433.3617750198154 58.483496940153614
439.6651671865984 58.541500915016570
446.06024430368984 58.576501355569178
452.54833995940066 58.612501549260521
459.13080713953053 58.642499121097657
465.8090185095106 58.685000105183192
472.58436670065066 58.723502613955759
479.45826460054917 58.772502010873112
486.432145647728 58.825501461623844
493.50746413055253 58.896504460928838
500.6856954904994 58.965497073247590
507.9683366298358 59.048504350811925
515.3569062237735 59.143998787978120
522.8529450371643 59.259499153120657
530.4580162458005 59.398000330558673
538.1737057623901 59.554994013050191
546.0016225672724 59.732991417600218
553.9433990439449 59.921509730967379
562.0006913194694 60.117992472608066
570.1751796098309 60.313504027903136
578.4685685703187 60.499490324822673
586.8825876510039 60.673991448193505
595.4189914573883 60.836499837374134
604.0795601162986 60.983492534014076
612.8660996471021 61.119001453233480
621.780442338323 61.249006040334244
630.8244471297356 61.372506017929638
640.0000000000159 61.496000000000215
649.3090143600314 61.623500202992815
658.7534314518515 61.757006213771184
668.3352207535618 61.895003338213520
678.0563803899662 62.042005881523863
687.9189375492632 62.194499034397509
697.9249489057827 62.351499198301809
708.0765010488715 62.516508367029701
718.3757109180171 62.688495172611553
728.8247262443015 62.858995533032200
739.425725998274 63.025995683587560
750.1809208443404 63.206498671539144
761.0925536017613 63.401992002304283
772.1628997123541 63.607998133761967
783.3942677149998 63.817504933756034
794.7889997270506 64.027499994969787
806.34947193274 64.234008369171278
818.0780950786972 64.442001670009887
829.9773149766683 64.651005439628534
842.0496130135506 64.859493316766788
854.2975066688449 65.068008562038898
866.7235500396347 65.277992396260018
879.3303343732008 65.484005150236158
892.1204886073838 65.681007040886243
905.0966799188055 65.867995387594718
918.2616142790653 66.048494711535980
931.6180370190256 66.222500458947394
945.1687334013056 66.390496694813621
958.9165292011028 66.556494315346455
972.8642912954606 66.721003303859902
987.0149282611097 66.881499186340761
1001.3713909810035 67.036004053146485
1015.9366732596762 67.186996612811413
1030.7138124475518 67.331998159632889
1045.7058900743334 67.466999010141080
1060.916032491606 67.592000241091881
1076.3474115247852 67.706502707399892
1092.0032451345498 67.809501358086152
1107.8867980878947 67.897498881373380
1124.0013826389438 67.971501427669921
1140.350359219667 68.032500898753000
1156.9371371406426 68.074000207813555
1173.765175302013 68.099500077008443
1190.837982914782 68.106999992494622
1208.1591202326028 68.097499828952664
1225.73219929421 68.072499586410572
1243.5608846766518 68.035500239327149
1261.648894259477 67.989000271834044
1280.0000000000375 67.937999999999903
1298.6180287200684 67.884999927777898
1317.5068629037087 67.837500344754829
1336.6704415071292 67.799999375536373
1356.112760779938 67.772500338350653
1375.8378750985323 67.761000072819613
1395.8498978115715 67.765999974468215
1416.153002097749 67.787500003666324
1436.7514218360407 67.823501029459180
1457.6494524886093 67.874501291178234
1478.8514519965543 67.935001428839470
1500.3618416886875 68.002999499550498
1522.1851072035295 68.080000404294964
1544.3257994247153 68.163499243573625
1566.788535430007 68.251498180022281
1589.5779994541087 68.345499997748306
1612.6989438654878 68.443499762069877
1636.156190157402 68.545500850950177
1659.9546299533442 68.651998344049375
1684.099226027109 68.762001051889712
1708.5950133376978 68.876000064133862
1733.4471000792773 68.995500488210951
1758.6606687464096 69.118498384064736
1784.2409772147755 69.246499885984804
1810.193359837619 69.380001892803278
1836.5232285581387 69.518501206405034
1863.2360740380593 69.659500398847200
1890.3374668026197 69.805497127635689
1917.833058402214 69.956000325550050
1945.7285825909298 70.111497673246674
1974.0298565222283 70.272499183777200
2002.7427819620161 70.436998750835912
2031.8733465193618 70.603001987312865
2061.4276248951132 70.772497848747150
2091.411780148677 70.942998749844890
2121.832064983222 71.115000368469168
2152.694823049581 71.289998996652187
2184.0064902691106 71.463997167438208
2215.7735961758003 71.637497794456550
2248.002765277899 71.806498769181943
2280.7007184393456 71.970498587805153
2313.874274281297 72.127001222432682
2347.530350604038 72.277001427223141
2381.6759658295764 72.415999860900570
2416.318240465218 72.542000786817837
2451.4643985884327 72.657001140165463
2487.1217693533167 72.758999340233288
2523.2977885189675 72.844999497253184
2560.0000000000887 72.913500000000113
2597.236057440151 72.965500055497003
2635.0137258074315 73.001999735083160
2673.340883014273 73.023499934375423
2712.225521559891 73.028999932328134
2751.6757501970797 73.022500041158906
2791.699795623158 73.008000074042172
2832.3060041955137 72.986499997199388
2873.502843672097 72.959000104352683
2915.2989049772345 72.925000077298648
2957.7029039931244 72.882500096224234
3000.723683377391 72.831500375345826
3044.370214407075 72.773999680437498
3088.6515988494466 72.708000597893871
3133.57707086003 72.634999878736210
3179.1559989082334 72.557000001868360
3225.3978877309914 72.474500200298280
3272.3123803148205 72.389999304842974
3319.9092599067053 72.302999504826829
3368.198452054235 72.210999091130361
3417.190026675413 72.112499941769627
3466.8942001585724 72.003999513763958
3517.3213374928373 71.881499086359554
3568.4819544295697 71.743000123365547
3620.386719675257 71.597000788506165
3673.0464571162966 71.448998742258539
3726.472148076138 71.301999627098269
3780.6749336052594 71.165500167202595
3835.6661168044484 71.035999727831040
3891.45716518188 70.905999588526299
3948.059713044477 70.765000714815983
4005.4855639240527 70.599001260554587
4063.746693038744 70.391001095895035
4122.855249790247 70.133998735824520
4182.823560297375 69.830502225312188
4243.664129966465 69.487499212528633
4305.389646099183 69.113502144297470
4368.012980538242 68.723000121358240
4431.5471923516225 68.327998849614460
4496.00553055582 67.942497034709277
4561.401436878714 67.576997827063735
4627.748548562617 67.247002245347801
4695.060701208099 66.967501240675318
4763.351931659176 66.747500220160504
4832.63648093046 66.592001164975301
4902.928797176889 66.502500258246585
4974.243538706657 66.475500174646584
5046.595577037959 66.507499812931428
5120.000000000202 66.598000000000383
5194.472114880326 66.742500301056253
5270.027451614888 66.940501422803408
5346.6817660285715 67.181999262877838
5424.451043119808 67.460000167230589
5503.351500394186 67.765998062389841
5583.399591246343 68.078502176777818
5664.612008391055 68.377500026580393
5747.005687344222 68.638499009598291
5830.597809954497 68.830999562353327
5915.405807986278 68.928999778118282
6001.447366754812 68.917499489527117
6088.740428814181 68.795998971093866
6177.303197698925 68.583499380616274
6267.154141720092 68.301999499398079
6358.3119978165005 67.980000007712832
6450.795775462017 67.651000798765153
6544.624760629676 67.345500779371349
6639.818519813445 67.087998937003334
6736.396904108505 66.890500196094081
6834.380053350861 66.777499988998045
6933.788400317181 66.757000123665847
7034.642674985712 66.835499747024187
7136.963908859177 67.009499845012243
7240.773439350552 67.250501151355422
7346.092914232631 67.526499775239330
7452.944296152315 67.828500866006351
7561.349867210557 68.145499611698114
7671.332233608935 68.449000510835702
7782.914330363799 68.692998535697797
7896.119426088994 68.830999300386750
8010.971127848146 68.828499836516926
8127.49338607753 68.679499116598379
8245.710499580537 68.409001145032605
8365.647120594791 68.063999630825194
8487.328259932974 67.691499230419339
8610.77929219841 67.325999210287193
8736.025961076528 66.987500105196887
8863.094384703289 66.690001440561986
8992.011061111683 66.444499911457399
9122.802873757471 66.255000182908418
9255.497097125279 66.113499908014376
9390.121402416245 65.985999546267834
9526.7038633184 65.832000154111171
9665.272961860968 65.616000059450755
9805.857594353829 65.316498395665548
9948.487077413367 64.931499753375419
10093.19115407597 64.470499450587027
10240.000000000457 63.946999999998212
10388.944229760706 63.365499045140837
10540.05490322983 62.737500402165736
10693.363532057198 62.085997542204225
10848.902086239672 61.367499578368282
11006.703000788428 60.595999996060222
11166.799182492743 59.795999092170938
11329.224016782166 58.987999919341974
11494.0113746885 58.196003005356630
11661.195619909053 57.438997425223135
11830.811615972614 56.734501595048215
12002.894733509682 56.093500992662229
12177.48085762842 55.517997537887993
12354.606395397908 55.009498997769946
12534.308283440243 54.554001816291148
12716.62399563306 54.156500009521210
12901.591550924093 54.223999836119631
13089.249521259411 55.803495970484818
13279.637039626952 58.314000375739745
13472.793808217073 60.145498181528858
13668.760106701786 61.149000271830147
13867.576800634426 61.655499492102471
14069.285349971487 61.716499292850429
14273.927817718419 61.303000368316688
14481.54687870117 60.447500499815284
14692.18582846533 59.176501035043678
14905.888592304698 57.491503214585578
15122.699734421185 55.394502568683215
15342.664467217943 52.929494977456848
15565.828660727671 50.530503647141423
15792.238852178061 48.541501298607990
16021.942255696367 46.662997992668743
16254.986772155136 44.833495780573031
16491.42099916115 43.541505469064745
16731.294241189662 42.619502916639760
16974.65651986603 42.197500037899857
17221.558584396902 42.215499969701241
17472.051922153143 42.363999361021584
17726.188769406665 42.363000000907363
17984.022122223458 42.190999586004637
18245.605747515034 42.094498721228746
18510.99419425065 41.640499817110836
18780.242804832582 41.386999742197602
19053.40772663689 41.299500087563132
19330.545923722028 41.445499433004429
19611.71518870775 41.449999656004948
19896.974154826825 40.930001540664833
20186.382308152035 40.930000000000000
