20 65.963499999999996
20.290906698750476 65.976495831902938
20.586044732869844 65.995503366185858
20.885475648548283 66.018035986567810
21.189261887185914 66.041015730236822
21.49746679841394 66.059518642109197
21.810154653305165 66.072002927191889
22.12739065777668 66.078003033057286
22.449240966187475 66.080502947598617
22.77577269513385 66.084497219512343
23.107053937445478 66.093502809241954
23.44315377638505 66.111010597492822
23.784142300054445 66.134510693067668
24.130090616010463 66.160506066883897
24.481070866093134 66.184003483586039
24.837156241469714 66.201504544419478
25.1984209978975 66.212008603499271
25.56494047120865 66.219498783471550
25.936791093020236 66.226496068954674
26.3140504066728 66.238002171566848
26.69679708340074 66.254491258162176
27.08511093873791 66.272504082770809
27.47907294916184 66.287001550169691
27.878765268980047 66.295495011965841
28.284271247461966 66.299501975102871
28.695675446220072 66.302497636744320
29.11306365684382 66.309501801608789
29.536522918790062 66.321486497701613
29.966141537533712 66.335003895528445
30.402009102982383 66.347000195652342
30.844216508158908 66.356503375405595
31.29285596815558 66.363497754514668
31.74802103936409 66.372500500937235
32.20980663898519 66.383495396166310
32.67830906482211 66.394504869718844
33.153626015361866 66.401994107384908
33.63585661014871 66.406498661298059
34.125101410453844 66.412001840109042
34.62146244024586 66.421008716631619
35.12504320746613 66.430500253664178
35.635948725613716 66.433499698976206
36.15428553564419 66.434503257060584
36.68016172818701 66.440504542926604
37.21368696608603 66.455491206912541
37.754972507267915 66.467499390179697
38.30413122794313 66.469499646603396
38.86127764614443 66.468003433786237
39.4265279456077 66.474994161871479
40.000000000000206 66.491999999999990
40.58181339750116 66.505495671591518
41.1720894657399 66.507999701283012
41.77095129709678 66.506000162614043
42.37852377437204 66.512494908772069
42.9949335968281 66.526998436938328
43.62030930661056 66.532995859675296
44.25478131555359 66.524502927272110
44.89848193237519 66.525517685591751
45.55154539026795 66.549483317074049
46.21410787489121 66.564999438151602
46.88630755277036 66.561515558021370
47.56828460010916 66.596027555212885
48.260181232021196 66.662999870917361
48.962141732186545 66.662484572690374
49.674312482939705 66.584984440683499
50.39684199579528 66.549007867429282
51.129880942417586 66.581994639972407
51.873582186040764 66.595992137909363
52.628100813345895 66.577000065805066
53.393594166801776 66.577499735095813
54.17022187747612 66.604006053763626
54.95814589832399 66.625499726440637
55.75753053796041 66.624000880241326
56.56854249492426 66.606010154243364
57.39135089244048 66.585995167349608
58.226127313687975 66.574499549066047
59.073045837580466 66.571499919957660
59.932283075067765 66.570000324627372
60.804018205965114 66.571000041189961
61.68843301631817 66.572998071196793
62.58571193631152 66.569001283134469
63.49604207872855 66.563999749531376
64.41961327797075 66.558502301916832
65.35661812964459 66.549503667911637
66.3072520307241 66.538498041211994
67.27171322029778 66.531002228857787
68.25020282090806 66.531999795749343
69.2429248804921 66.531000075649047
70.25008641493265 66.527499069897985
71.27189745122783 66.516501103753910
72.30857107128878 66.505504549870608
73.36032345637442 66.505994998097293
74.42737393217246 66.489490504954077
75.50994501453623 66.462001396214461
76.60826245588666 66.444997646135548
77.72255529228926 66.435003988409960
78.85305589121582 66.426999049800600
80.00000000000082 66.407499999999999
81.16362679500274 66.415997274705774
82.34417893148023 66.404495743282808
83.541902594194 66.376002317249970
84.75704754874454 66.347499884309627
85.98986719365665 66.344500323129779
87.24061861322157 66.346499390268946
88.50956263110764 66.338002929578863
89.79696386475084 66.310500772120719
91.10309078053635 66.296499486147908
92.42821574978288 66.288997914686121
93.77261510554118 66.276003720169484
95.13656920021877 66.247509001315080
96.52036246404286 66.230993933116096
97.92428346437356 66.207490153342803
99.34862496587989 66.158013027501028
100.79368399159105 66.147002405600347
102.25976188483567 66.123003898201887
103.74716437208203 66.097996732165370
105.25620162669229 66.067996378357918
106.78718833360406 66.040496604416660
108.34044375495276 66.012490989747150
109.9162917966485 65.980495072852079
111.51506107592134 65.953498813876990
113.13708498984903 65.921998244438129
114.78270178488147 65.888006159972079
116.45225462737648 65.859996091905685
118.14609167516147 65.833998293423406
119.86456615013608 65.802008076320902
121.60803641193078 65.764499094332990
123.3768660326369 65.720503332144716
125.17142387262359 65.678986848542991
126.99208415745765 65.622498154641562
128.83922655594208 65.582002115650482
130.71323625928977 65.599495466107214
132.61450406144883 65.563009517222469
134.5434264405962 65.561501198478936
136.50040564181674 65.567003982887940
138.48584976098482 65.586498524843506
140.50017282986593 65.609501099211485
142.5437949024563 65.622498695563564
144.61714214257822 65.638000439128689
146.7206469127495 65.644498909188627
148.8547478643456 65.618003131019151
151.01989002907314 65.607500533346297
153.216524911774 65.586504541125521
155.4451105845792 65.553497970252096
157.70611178243232 65.511997466134915
160.00000000000236 65.459999999999951
162.3272535900062 65.404993716638984
164.6883578629612 65.346491859961858
167.08380518838874 65.292004431232399
169.51409509748981 65.248998380334726
171.97973438731407 65.207004523817034
174.4812372264439 65.170497429579513
177.01912526221608 65.142999124380623
179.5939277295025 65.125000505191821
182.20618156107355 65.129001336015449
184.85643149956664 65.148504573349811
187.54523021108326 65.177001983123333
190.27313840043846 65.200501625005145
193.04072492808663 65.232996770290043
195.84856692874806 65.263995218942739
198.69724993176072 65.289500475648680
201.58736798318304 65.295000690046891
204.5195237696723 65.300499106966669
207.49432874416505 65.311500871422567
210.5124032533856 65.319499275671589
213.57437666720915 65.313997878443459
216.68088750990657 65.296500633594022
219.83258359329807 65.266004029316122
223.03012215184378 65.220498154919753
226.2741699796992 65.171496952658089
229.5654035697641 65.112492750243746
232.90450925475412 65.052508815782858
236.2921833503241 64.987496585853719
239.72913230027333 64.923497533834876
243.21607282386276 64.858498651791123
246.75373206527502 64.793004960351752
250.34284774524843 64.736002418088844
253.9841683149166 64.675497175006811
257.67845311188546 64.613493471707102
261.42647251858085 64.559493228434746
265.22900812289896 64.504999888410154
269.08685288119375 64.452002021072246
273.0008112836349 64.398002603649388
276.97169952197106 64.340504350915808
281.00034565973334 64.275494630774688
285.0875898049141 64.212006371670242
289.23428428515797 64.140495168436232
293.44129382550057 64.068994597024641
297.7094957286928 63.990509272733107
302.0397800581479 63.914003885808704
306.4330498235497 63.842999195132251
310.89022116916016 63.770996209506876
315.41222356486645 63.693496467207318
320.00000000000654 63.620999999999896
324.6545071800142 63.543508204844017
329.3767157259242 63.464004786062901
334.16761037677935 63.386006343270964
339.02819019498156 63.306496895011961
343.95946877463007 63.225992644651512
348.9624744528898 63.147491961594064
354.03825052443415 63.061495719194134
359.187855459007 62.973502469826670
364.4123631221491 62.883493697936672
369.71286299913527 62.791502377679606
375.0904604221685 62.699991814341942
380.54627680087896 62.602995174112948
386.08144985617537 62.506492069843063
391.6971338574982 62.407497603814527
397.3944998635236 62.305508952952017
403.1747359663683 62.209504385333673
409.0390475393468 62.114999272927633
414.9886574883323 62.024005238413736
421.0248065067734 61.939502708776942
427.1487533344206 61.858503262559097
433.3617750198154 61.796002263199988
439.6651671865984 61.746999150341765
446.06024430368984 61.714499359870118
452.54833995940066 61.697500438957150
459.13080713953053 61.705999750977675
465.8090185095106 61.740500163921865
472.58436670065066 61.800504321028910
479.45826460054917 61.881503699247716
486.432145647728 61.979002285073889
493.50746413055253 62.090007337904680
500.6856954904994 62.203495185704369
507.9683366298358 62.307504191358085
515.3569062237735 62.399498832397775
522.8529450371643 62.466499508736661
530.4580162458005 62.513500066322280
538.1737057623901 62.544998798796698
546.0016225672724 62.556499445519115
553.9433990439449 62.561499925717811
562.0006913194694 62.560000057461004
570.1751796098309 62.561000119104662
578.4685685703187 62.566499713906040
586.8825876510039 62.574499607940105
595.4189914573883 62.596499977982965
604.0795601162986 62.626998450934892
612.8660996471021 62.665500458327486
621.780442338323 62.706502054202744
630.8244471297356 62.748501778578394
640.0000000000159 62.785000000000053
649.3090143600314 62.814000033452004
658.7534314518515 62.836000585355251
668.3352207535618 62.849000238443821
678.0563803899662 62.859500289255273
687.9189375492632 62.866999952511350
697.9249489057827 62.873999964255489
708.0765010488715 62.884000559423498
718.3757109180171 62.895499677238561
728.8247262443015 62.907999672509689
739.425725998274 62.924499573528117
750.1809208443404 62.943499860162014
761.0925536017613 62.968998956822290
772.1628997123541 62.993999773514801
783.3942677149998 63.021000646087096
794.7889997270506 63.048499999341281
806.34947193274 63.080001307683020
818.0780950786972 63.112500279666733
829.9773149766683 63.147501095752517
842.0496130135506 63.189498653737189
854.2975066688449 63.236502018194884
866.7235500396347 63.285998207689858
879.3303343732008 63.340501581671511
892.1204886073838 63.401002353237381
905.0966799188055 63.463498458420688
918.2616142790653 63.531498007670066
931.6180370190256 63.605000221278218
945.1687334013056 63.685998406427998
958.9165292011028 63.772497037816080
972.8642912954606 63.865502079064484
987.0149282611097 63.966499487977678
1001.3713909810035 64.074503221043557
1015.9366732596762 64.194497308194514
1030.7138124475518 64.325998330977399
1045.7058900743334 64.468498955148917
1060.916032491606 64.624000354794617
1076.3474115247852 64.792504783949340
1092.0032451345498 64.974503040261041
1107.8867980878947 65.171497495801759
1124.0013826389438 65.382505242591193
1140.350359219667 65.606505078495928
1156.9371371406426 65.841001984415641
1173.765175302013 66.084502572081902
1190.837982914782 66.334999749320730
1208.1591202326028 66.586001693368758
1225.73219929421 66.833502710687412
1243.5608846766518 67.075998431436886
1261.648894259477 67.310498629137953
1280.0000000000375 67.533000000000413
1298.6180287200684 67.742500303332832
1317.5068629037087 67.941998552029744
1336.6704415071292 68.126503928443839
1356.112760779938 68.299497871466826
1375.8378750985323 68.465998945698630
1395.8498978115715 68.622999198301855
1416.153002097749 68.772500015072666
1436.7514218360407 68.920503017728407
1457.6494524886093 69.070003201268349
1478.8514519965543 69.220003246407316
1500.3618416886875 69.374498862949295
1522.1851072035295 69.533000798906215
1544.3257994247153 69.697998505265261
1566.788535430007 69.869496453111623
1589.5779994541087 70.050499995664296
1612.6989438654878 70.240499538706928
1636.156190157402 70.440001665944720
1659.9546299533442 70.648496758068489
1684.099226027109 70.865002094552324
1708.5950133376978 71.092000125852650
1733.4471000792773 71.326500958560558
1758.6606687464096 71.567996827249061
1784.2409772147755 71.819499775977960
1810.193359837619 72.076003553276905
1836.5232285581387 72.336002267356974
1863.2360740380593 72.601000725300892
1890.3374668026197 72.866494776625174
1917.833058402214 73.130000540140912
1945.7285825909298 73.387996139534692
1974.0298565222283 73.638498730038449
2002.7427819620161 73.877498185105068
2031.8733465193618 74.100002374223337
2061.4276248951132 74.302497429919157
2091.411780148677 74.483998669189731
2121.832064983222 74.638000260033962
2152.694823049581 74.761499291923116
2184.0064902691106 74.856498453486381
2215.7735961758003 74.921999167359672
2248.002765277899 74.959499726889490
2280.7007184393456 74.971999892363201
2313.874274281297 74.961999759588224
2347.530350604038 74.932499496878179
2381.6759658295764 74.883500049035050
2416.318240465218 74.817999445806564
2451.4643985884327 74.736998949259288
2487.1217693533167 74.643000608020316
2523.2977885189675 74.535000631356468
2560.0000000000887 74.413499999999701
2597.236057440151 74.286499792456453
2635.0137258074315 74.150000990716435
2673.340883014273 74.011500422744362
2712.225521559891 73.873501697948697
2751.6757501970797 73.736000870669244
2791.699795623158 73.606500661273259
2832.3060041955137 73.487999988950335
2873.502843672097 73.379500411718752
2915.2989049772345 73.282500220528476
2957.7029039931244 73.201000184524105
3000.723683377391 73.137000471022219
3044.370214407075 73.090499869269891
3088.6515988494466 73.063500244592944
3133.57707086003 73.058500029538621
3179.1559989082334 73.077499999544870
3225.3978877309914 73.122499890746397
3272.3123803148205 73.191500779055303
3319.9092599067053 73.289000683554264
3368.198452054235 73.416001453268734
3417.190026675413 73.573500098750117
3466.8942001585724 73.757500845455326
3517.3213374928373 73.970501570010271
3568.4819544295697 74.208499788007231
3620.386719675257 74.467498601211673
3673.0464571162966 74.736502271635104
3726.472148076138 75.002000659749228
3780.6749336052594 75.243499704180039
3835.6661168044484 75.431000212501147
3891.45716518188 75.532499947471450
3948.059713044477 75.514500091253112
4005.4855639240527 75.353001226382915
4063.746693038744 75.038501657014379
4122.855249790247 74.582497604939348
4182.823560297375 74.007504215995084
4243.664129966465 73.361498593500329
4305.389646099183 72.693503829921696
4368.012980538242 72.070500193613768
4431.5471923516225 71.550498912281384
4496.00553055582 71.185998641077447
4561.401436878714 71.018500316063452
4627.748548562617 71.066499673403953
4695.060701208099 71.307498930222721
4763.351931659176 71.669499637735896
4832.63648093046 72.046497175590446
4902.928797176889 72.322999202176774
4974.243538706657 72.405499466357696
5046.595577037959 72.268000803810267
5120.000000000202 71.939499999998787
5194.472114880326 71.487499238236467
5270.027451614888 70.986497045399958
5346.6817660285715 70.485001530711259
5424.451043119808 70.016499771834077
5503.351500394186 69.599002643634776
5583.399591246343 69.238497819582079
5664.612008391055 68.938999975965615
5747.005687344222 68.703000895535638
5830.597809954497 68.531000391040124
5915.405807986278 68.429500229806081
6001.447366754812 68.402500216373284
6088.740428814181 68.454000646395144
6177.303197698925 68.587500488466020
6267.154141720092 68.809500485055281
6358.3119978165005 69.121499992526694
6450.795775462017 69.507999061633029
6544.624760629676 69.930998920870451
6639.818519813445 70.365502629234811
6736.396904108505 70.853999514977417
6834.380053350861 71.246500102774291
6933.788400317181 71.437998844780054
7034.642674985712 71.384000174021565
7136.963908859177 71.098500254304639
7240.773439350552 70.646497851637548
7346.092914232631 70.131500419390377
7452.944296152315 69.643998860805539
7561.349867210557 69.227000510794596
7671.332233608935 68.888499502772618
7782.914330363799 68.651001425294155
7896.119426088994 68.555500484152660
8010.971127848146 68.626000272106040
8127.49338607753 68.874001343880821
8245.710499580537 69.285498258111204
8365.647120594791 69.813000557974263
8487.328259932974 70.376001083308495
8610.77929219841 70.890500939023369
8736.025961076528 71.292999874913590
8863.094384703289 71.571498651440294
8992.011061111683 71.756500067983893
9122.802873757471 71.901999859561073
9255.497097125279 72.056000128779871
9390.121402416245 72.234500478775828
9526.7038633184 72.396999837382694
9665.272961860968 72.452499984724454
9805.857594353829 72.284497949785575
9948.487077413367 71.792499533232231
10093.19115407597 70.919998673432659
10240.000000000457 69.655999999995046
10388.944229760706 68.041497168112741
10540.05490322983 66.179001192728805
10693.363532057198 64.230493550210255
10848.902086239672 62.344999046614994
11006.703000788428 60.600499992568594
11166.799182492743 59.091498608482311
11329.224016782166 57.852999900806921
11494.0113746885 56.879003695981510
11661.195619909053 56.134998013639134
11830.811615972614 55.591501230530454
12002.894733509682 55.215000583053552
12177.48085762842 54.947498639422861
12354.606395397908 54.666498665526831
12534.308283440243 54.060002418398646
12716.62399563306 52.459000038348307
12901.591550924093 49.254007781282624
13089.249521259411 46.000008301388036
13279.637039626952 49.453000701319311
13472.793808217073 52.871496605818400
13668.760106701786 55.309501124888428
13867.576800634426 57.405497898216744
14069.285349971487 59.381503220224054
14273.927817718419 61.264498322756126
14481.54687870117 62.996998987808325
14692.18582846533 64.460498808193208
14905.888592304698 65.460998091280203
15122.699734421185 65.827499551062289
15342.664467217943 65.398997082570276
15565.828660727671 64.005502118504197
15792.238852178061 61.793001444530006
16021.942255696367 59.219497164829747
16254.986772155136 56.635492844609530
16491.42099916115 54.444509274551756
16731.294241189662 52.899004889009497
16974.65651986603 51.911499084086778
17221.558584396902 51.476500732220138
17472.051922153143 51.647999262055237
17726.188769406665 52.430999289535592
17984.022122223458 53.334499084062067
18245.605747515034 53.120993445593129
18510.99419425065 50.793996940304083
18780.242804832582 46.552984926661821
19053.40772663689 41.437005119691548
19330.545923722028 38.151512759341969
19611.71518870775 38.747503262991557
19896.974154826825 43.679985385905212
20186.382308152035 43.680000000000000
