20 70.185000000000002
20.290906698750476 70.265969301049878
20.586044732869844 70.347162314331484
20.885475648548283 70.426651046865288
21.189261887185914 70.504261535360627
21.49746679841394 70.579770256296968
21.810154653305165 70.654361177587560
22.12739065777668 70.728277566255287
22.449240966187475 70.803243316468411
22.77577269513385 70.877422401654570
23.107053937445478 70.951051944744478
23.44315377638505 71.024039583830202
23.784142300054445 71.095939705136374
24.130090616010463 71.168535938842012
24.481070866093134 71.242977579156900
24.837156241469714 71.318074103886545
25.1984209978975 71.391188147084762
25.56494047120865 71.459864654623146
25.936791093020236 71.522031679143453
26.3140504066728 71.579417385047748
26.69679708340074 71.636519562510117
27.08511093873791 71.696617651472565
27.47907294916184 71.760698145920614
27.878765268980047 71.825102443036812
28.284271247461966 71.884582245892133
28.695675446220072 71.938872404438854
29.11306365684382 71.989002320537054
29.536522918790062 72.037992319011181
29.966141537533712 72.090835409116636
30.402009102982383 72.146751137035679
30.844216508158908 72.201125634407958
31.29285596815558 72.251990946616530
31.74802103936409 72.298802103936396
32.20980663898519 72.344141437342586
32.67830906482211 72.388939361158094
33.153626015361866 72.434094471459375
33.63585661014871 72.479227094913384
34.125101410453844 72.522508518478105
34.62146244024586 72.563959920100160
35.12504320746613 72.604628326974904
35.635948725613716 72.643560205695408
36.15428553564419 72.681145701959451
36.68016172818701 72.717070835788519
37.21368696608603 72.752175965829508
37.754972507267915 72.787255312255724
38.30413122794313 72.823060204360416
38.86127764614443 72.857273418745081
39.4265279456077 72.889775351591624
40.000000000000206 72.917500000000018
40.58181339750116 72.942227151817633
41.1720894657399 72.965883544211877
41.77095129709678 72.991741262011743
42.37852377437204 73.018207114873192
42.9949335968281 73.043297409864493
43.62030930661056 73.064410032914680
44.25478131555359 73.081662030251010
44.89848193237519 73.097546638521194
45.55154539026795 73.112604542499255
46.21410787489121 73.126782138438287
46.88630755277036 73.140164519711263
47.56828460010916 73.153219366117142
48.260181232021196 73.165523063944363
48.962141732186545 73.176932105365509
49.674312482939705 73.187157485297490
50.39684199579528 73.198444743607354
51.129880942417586 73.213747036778955
51.873582186040764 73.233140073420998
52.628100813345895 73.251899820558407
53.393594166801776 73.270585863131629
54.17022187747612 73.289991114179969
54.95814589832399 73.303235945643792
55.75753053796041 73.304954630809618
56.56854249492426 73.306489898732224
57.39135089244048 73.307999999999993
58.226127313687975 73.305851790519966
59.073045837580466 73.297696495786610
59.932283075067765 73.288244886174255
60.804018205965114 73.278456937140461
61.68843301631817 73.268981077709341
62.58571193631152 73.259642885815481
63.49604207872855 73.253019789606356
64.41961327797075 73.250080386722033
65.35661812964459 73.250391545324106
66.3072520307241 73.253229008122901
67.27171322029778 73.256000000000000
68.25020282090806 73.255874898589553
69.2429248804921 73.255742924880494
70.25008641493265 73.256750086414939
71.27189745122783 73.257635948725607
72.30857107128878 73.257537143393066
73.36032345637442 73.254698382718118
74.42737393217246 73.248722069440873
75.50994501453623 73.238838149003072
76.60826245588666 73.224061982667990
77.72255529228926 73.205548904425967
78.85305589121582 73.182806306963414
80.00000000000082 73.156999999999982
81.16362679500274 73.126454720267972
82.34417893148023 73.096895517723340
83.541902594194 73.063746648516897
84.75704754874454 73.028586130876946
85.98986719365665 72.991803909950079
87.24061861322157 72.951479756537552
88.50956263110764 72.910187620717153
89.79696386475084 72.868132513751476
91.10309078053635 72.821972481545316
92.42821574978288 72.775040052222948
93.77261510554118 72.731384837625200
95.13656920021877 72.693471953507569
96.52036246404286 72.658483750688788
97.92428346437356 72.626361608009773
99.34862496587989 72.597899091594826
100.79368399159105 72.574859301456669
102.25976188483567 72.556902381151644
103.74716437208203 72.542562055027730
105.25620162669229 72.527937993030577
106.78718833360406 72.510528947774347
108.34044375495276 72.487492604084110
109.9162917966485 72.457601458070940
111.51506107592134 72.420623455782746
113.13708498984903 72.374387507158687
114.78270178488147 72.321333833094826
116.45225462737648 72.258880260570379
118.14609167516147 72.191369680411654
119.86456615013608 72.113377317322531
121.60803641193078 72.032838270244270
123.3768660326369 71.947951411709610
125.17142387262359 71.864514490895431
126.99208415745765 71.786160521491752
128.83922655594208 71.715007181034025
130.71323625928977 71.649149125744955
132.61450406144883 71.587218504171901
134.5434264405962 71.532414338985106
136.50040564181674 71.485366380111401
138.48584976098482 71.445604941384005
140.50017282986593 71.414914563903295
142.5437949024563 71.390050495353449
144.61714214257822 71.366307150896006
146.7206469127495 71.344793530872508
148.8547478643456 71.323994420502288
151.01989002907314 71.302597121703457
153.216524911774 71.280764665829324
155.4451105845792 71.259904982621862
157.70611178243232 71.239433550453512
160.00000000000236 71.221999999999980
162.3272535900062 71.204312872715960
164.6883578629612 71.186368480241498
167.08380518838874 71.170246885756640
169.51409509748981 71.163874628824516
171.97973438731407 71.173294618814026
174.4812372264439 71.204529816060798
177.01912526221608 71.254401630506536
179.5939277295025 71.318104549875272
182.20618156107355 71.385419484275701
184.85643149956664 71.440599916291248
187.54523021108326 71.479789473350934
190.27313840043846 71.495172233919476
193.04072492808663 71.487525330661612
195.84856692874806 71.457280636226017
198.69724993176072 71.413146751160070
201.58736798318304 71.357400711022620
204.5195237696723 71.291284683489479
207.49432874416505 71.218143671814488
210.5124032533856 71.138660977740784
213.57437666720915 71.051162294150529
216.68088750990657 70.955392487192881
219.83258359329807 70.859522492201052
223.03012215184378 70.765490161789586
226.2741699796992 70.666500730629338
229.5654035697641 70.564900056598930
232.90450925475412 70.463396552605786
236.2921833503241 70.358369270302376
239.72913230027333 70.250964615616454
243.21607282386276 70.144544824387097
246.75373206527502 70.038857254549896
250.34284774524843 69.935571687005677
253.9841683149166 69.835435371339798
257.67845311188546 69.740279832368941
261.42647251858085 69.653619441137465
265.22900812289896 69.575091593634198
269.08685288119375 69.500864270737509
273.0008112836349 69.426859484200492
276.97169952197106 69.350673321761803
281.00034565973334 69.270692637447681
285.0875898049141 69.183476675506483
289.23428428515797 69.087688033012853
293.44129382550057 68.986720689422896
297.7094957286928 68.879907858918330
302.0397800581479 68.767700800966338
306.4330498235497 68.649902146460235
310.89022116916016 68.529950306078831
315.41222356486645 68.407287519035634
320.00000000000654 68.282499999999828
324.6545071800142 68.157293756857626
329.3767157259242 68.029828675400054
334.16761037677935 67.901724802939995
339.02819019498156 67.771544502774503
343.95946877463007 67.638594343084989
348.9624744528898 67.501928199990829
354.03825052443415 67.365274885945169
359.187855459007 67.225171545969118
364.4123631221491 67.083424959389760
369.71286299913527 66.939310126423521
375.0904604221685 66.794589875895070
380.54627680087896 66.649231339519446
386.08144985617537 66.503566013768207
391.6971338574982 66.365300933089571
397.3944998635236 66.230405403111661
403.1747359663683 66.104595106036783
409.0390475393468 65.990797144291747
414.9886574883323 65.892172028093626
421.0248065067734 65.811282609956862
427.1487533344206 65.746019345545960
433.3617750198154 65.696648462371201
439.6651671865984 65.660435640406035
446.06024430368984 65.631930709810547
452.54833995940066 65.607835644138035
459.13080713953053 65.593303789290701
465.8090185095106 65.587412908954377
472.58436670065066 65.586827454764332
479.45826460054917 65.585726210114132
486.432145647728 65.586329643694313
493.50746413055253 65.582781449068250
500.6856954904994 65.575014312732407
507.9683366298358 65.564545516094626
515.3569062237735 65.548454774630386
522.8529450371643 65.526441164888496
530.4580162458005 65.503769081339414
538.1737057623901 65.483227033801967
546.0016225672724 65.471927644247273
553.9433990439449 65.469593161962223
562.0006913194694 65.477001382638946
570.1751796098309 65.493429190044083
578.4685685703187 65.513747992997281
586.8825876510039 65.527823881476507
595.4189914573883 65.537377092311644
604.0795601162986 65.539460219941844
612.8660996471021 65.529505693436903
621.780442338323 65.509533211464060
630.8244471297356 65.478996099698634
640.0000000000159 65.439999999999927
649.3090143600314 65.391127674609834
658.7534314518515 65.327101322982230
668.3352207535618 65.240982446991865
678.0563803899662 65.162660232958274
687.9189375492632 65.217978544188441
697.9249489057827 65.349034274462113
708.0765010488715 65.359924047587583
718.3757109180171 65.299382736849282
728.8247262443015 65.221873316855522
739.425725998274 65.133352615314578
750.1809208443404 65.064492461631488
761.0925536017613 65.064037810266598
772.1628997123541 65.116378021594443
783.3942677149998 65.147465678979415
794.7889997270506 65.146599375398040
806.34947193274 65.124713688151331
818.0780950786972 65.098207399629104
829.9773149766683 65.071779629281025
842.0496130135506 65.047581911101844
854.2975066688449 65.027732802774608
866.7235500396347 65.011776449960365
879.3303343732008 65.000901799376081
892.1204886073838 64.995363853417786
905.0966799188055 64.993212361663282
918.2616142790653 64.996630807139525
931.6180370190256 65.005090797706941
945.1687334013056 65.019558311201735
958.9165292011028 65.039746315851701
972.8642912954606 65.062885723730773
987.0149282611097 65.091454081773080
1001.3713909810035 65.125019903517909
1015.9366732596762 65.162591462685100
1030.7138124475518 65.203666930644346
1045.7058900743334 65.249597451806409
1060.916032491606 65.299492372805915
1076.3474115247852 65.350126112901762
1092.0032451345498 65.403948756560467
1107.8867980878947 65.459103793307634
1124.0013826389438 65.515060241165315
1140.350359219667 65.570334530732225
1156.9371371406426 65.626779979992250
1173.765175302013 65.685788437013414
1190.837982914782 65.747183476691902
1208.1591202326028 65.810019589435385
1225.73219929421 65.876246392498956
1243.5608846766518 65.945316724593837
1261.648894259477 66.016595577037918
1280.0000000000375 66.092500000000172
1298.6180287200684 66.172823495335152
1317.5068629037087 66.254530196776315
1336.6704415071292 66.340100225744408
1356.112760779938 66.427507423509724
1375.8378750985323 66.516270437943390
1395.8498978115715 66.607513282487929
1416.153002097749 66.699996159544753
1436.7514218360407 66.793887754899885
1457.6494524886093 66.889993459547156
1478.8514519965543 66.988832911503593
1500.3618416886875 67.091280261108338
1522.1851072035295 67.198650727441361
1544.3257994247153 67.312607641020023
1566.788535430007 67.433665403447833
1589.5779994541087 67.562469276855666
1612.6989438654878 67.701233451966033
1636.156190157402 67.851353978842013
1659.9546299533442 68.014872428263146
1684.099226027109 68.195019916573074
1708.5950133376978 68.393401413903931
1733.4471000792773 68.612564856742040
1758.6606687464096 68.856185247963239
1784.2409772147755 69.124041832096765
1810.193359837619 69.414558442903399
1836.5232285581387 69.728774782122770
1863.2360740380593 70.056538989187374
1890.3374668026197 70.382288857606966
1917.833058402214 70.685173757895427
1945.7285825909298 70.944240670103824
1974.0298565222283 71.145403024351140
2002.7427819620161 71.283688319572747
2031.8733465193618 71.378965250132637
2061.4276248951132 71.440070387384623
2091.411780148677 71.471547059338292
2121.832064983222 71.470805339890518
2152.694823049581 71.426706130443407
2184.0064902691106 71.355479717909020
2215.7735961758003 71.250095243432497
2248.002765277899 71.137523839212548
2280.7007184393456 71.028471082223376
2313.874274281297 70.928920794107682
2347.530350604038 70.839966295999972
2381.6759658295764 70.759145278591973
2416.318240465218 70.680827900302091
2451.4643985884327 70.602205103176033
2487.1217693533167 70.521119930487373
2523.2977885189675 70.435585307554476
2560.0000000000887 70.344749999999777
2597.236057440151 70.248324447783602
2635.0137258074315 70.145461110212267
2673.340883014273 70.034727917183261
2712.225521559891 69.920434711398315
2751.6757501970797 69.802868696286225
2791.699795623158 69.684089355466398
2832.3060041955137 69.565489527791044
2873.502843672097 69.447251923971251
2915.2989049772345 69.330692956561464
2957.7029039931244 69.217742740017187
3000.723683377391 69.110308390105359
3044.370214407075 69.008885528304432
3088.6515988494466 68.914264222358639
3133.57707086003 68.826587705523195
3179.1559989082334 68.748475721779585
3225.3978877309914 68.679196936053927
3272.3123803148205 68.620010134047391
3319.9092599067053 68.571678943881167
3368.198452054235 68.533852990685290
3417.190026675413 68.507655390930353
3466.8942001585724 68.494472695980960
3517.3213374928373 68.491885706999426
3568.4819544295697 68.499305308151690
3620.386719675257 68.515450820673351
3673.0464571162966 68.537831834844667
3726.472148076138 68.564000795518837
3780.6749336052594 68.590680146796799
3835.6661168044484 68.615296463217646
3891.45716518188 68.630548038365347
3948.059713044477 68.637269590924035
4005.4855639240527 68.616154418533753
4063.746693038744 68.560756393458433
4122.855249790247 68.438865850964859
4182.823560297375 68.156940967992711
4243.664129966465 67.746267122726351
4305.389646099183 67.565487465136201
4368.012980538242 67.238796139075561
4431.5471923516225 67.092156554023916
4496.00553055582 66.890548600184317
4561.401436878714 66.477243037006644
4627.748548562617 65.952120767313588
4695.060701208099 65.375623428233553
4763.351931659176 64.811941107445335
4832.63648093046 64.358641295050148
4902.928797176889 64.133198576469837
4974.243538706657 64.062719557661666
5046.595577037959 64.053966775226741
5120.000000000202 64.015142857142678
5194.472114880326 63.921974169716080
5270.027451614888 63.791261886085046
5346.6817660285715 63.649930493884817
5424.451043119808 63.516108301204881
5503.351500394186 63.405524131633229
5583.399591246343 63.326940367878294
5664.612008391055 63.288416616937269
5747.005687344222 63.288191535582939
5830.597809954497 63.330344007058592
5915.405807986278 63.417224944298873
6001.447366754812 63.550521378100669
6088.740428814181 63.736788093476164
6177.303197698925 63.975299638778182
6267.154141720092 64.269334209406082
6358.3119978165005 64.623287631058574
6450.795775462017 65.036041870076517
6544.624760629676 65.512143078809700
6639.818519813445 66.051309304078814
6736.396904108505 66.648669954102559
6834.380053350861 67.291190157984275
6933.788400317181 67.953151906080706
7034.642674985712 68.593104276040194
7136.963908859177 69.157687484346866
7240.773439350552 69.586824732363979
7346.092914232631 69.831038001075456
7452.944296152315 69.866939257866335
7561.349867210557 69.705586536603874
7671.332233608935 69.424213572502282
7782.914330363799 69.085218763028877
7896.119426088994 68.742350685139542
8010.971127848146 68.446197726761511
8127.49338607753 68.226574303187220
8245.710499580537 68.101536971597511
8365.647120594791 68.091217643970253
8487.328259932974 68.191567444770214
8610.77929219841 68.413980655176971
8736.025961076528 68.767082779729037
8863.094384703289 69.244281720411394
8992.011061111683 69.847611766002672
9122.802873757471 70.572442498998413
9255.497097125279 71.400027128851832
9390.121402416245 72.280397422873364
9526.7038633184 73.127261377028475
9665.272961860968 73.824069467114711
9805.857594353829 74.267055244765459
9948.487077413367 74.392802584517327
10093.19115407597 74.202019798272872
10240.000000000457 73.823799999998641
10388.944229760706 73.366096308107501
10540.05490322983 72.937102447569828
10693.363532057198 72.607945642297040
10848.902086239672 72.409075955485122
11006.703000788428 72.347329359288779
11166.799182492743 72.416259427744933
11329.224016782166 72.623644223914596
11494.0113746885 72.911671517119075
11661.195619909053 73.240994995638772
11830.811615972614 73.534370038611598
12002.894733509682 73.751459509966054
12177.48085762842 73.921260856526516
12354.606395397908 73.948098430235135
12534.308283440243 73.860377882228562
12716.62399563306 73.676822724599845
12901.591550924093 73.525432715278924
13089.249521259411 73.408012442411973
13279.637039626952 73.261186552797298
13472.793808217073 72.881133423568926
13668.760106701786 71.918595089333181
13867.576800634426 70.158220036834152
14069.285349971487 67.794700991607115
14273.927817718419 65.231554083076816
14481.54687870117 62.665619251221059
14692.18582846533 60.244775325553654
14905.888592304698 58.001795456553481
15122.699734421185 55.983174900443693
15342.664467217943 54.219802348736067
15565.828660727671 52.712507362778751
15792.238852178061 51.436744560328449
16021.942255696367 50.391545254541207
16254.986772155136 49.604541111640401
16491.42099916115 49.227192085338800
16731.294241189662 49.099240644852308
16974.65651986603 49.234229485753986
17221.558584396902 49.672347544691704
17472.051922153143 50.324263774436261
17726.188769406665 50.784925663068961
17984.022122223458 49.940428333750887
18245.605747515034 48.608253439367161
18510.99419425065 49.431319664153122
18780.242804832582 51.579288468910448
19053.40772663689 52.070824238886324
19330.545923722028 51.830286049510391
19611.71518870775 51.966606630990370
19896.974154826825 52.194499999999998
20186.382308152035 52.194499999999998
