20 73.594999999999999
20.290906698750476 73.579000078235651
20.586044732869844 73.561814054535745
20.885475648548283 73.544347253834687
21.189261887185914 73.526626446159327
21.49746679841394 73.508530143672516
21.810154653305165 73.489314496829422
22.12739065777668 73.467582653955631
22.449240966187475 73.444971075852976
22.77577269513385 73.421190817342477
23.107053937445478 73.395970927928005
23.44315377638505 73.370524837061026
23.784142300054445 73.344228971745792
24.130090616010463 73.316875897612135
24.481070866093134 73.287835307038165
24.837156241469714 73.257613172783209
25.1984209978975 73.226138162683966
25.56494047120865 73.193655320479522
25.936791093020236 73.160017783922981
26.3140504066728 73.125545436206437
26.69679708340074 73.089804277076937
27.08511093873791 73.052914519438161
27.47907294916184 73.014441576124213
27.878765268980047 72.975320386274447
28.284271247461966 72.935925688996193
28.695675446220072 72.896019481716650
29.11306365684382 72.855532825286161
29.536522918790062 72.814347708120991
29.966141537533712 72.771385846246631
30.402009102982383 72.728295741877645
30.844216508158908 72.683758682966015
31.29285596815558 72.639214403184440
31.74802103936409 72.593449875024220
32.20980663898519 72.546389916184523
32.67830906482211 72.498312475388133
33.153626015361866 72.449676520417739
33.63585661014871 72.400006769154686
34.125101410453844 72.349489453312799
34.62146244024586 72.297746443774187
35.12504320746613 72.244870463216046
35.635948725613716 72.191361332536175
36.15428553564419 72.137608589828659
36.68016172818701 72.083443341996741
37.21368696608603 72.028490242493135
37.754972507267915 71.972410047941992
38.30413122794313 71.915274586521861
38.86127764614443 71.857868325076765
39.4265279456077 71.799576815080229
40.000000000000206 71.739999999999981
40.58181339750116 71.679879081855162
41.1720894657399 71.618884177452657
41.77095129709678 71.557001605972019
42.37852377437204 71.494907911034971
42.9949335968281 71.431769137222247
43.62030930661056 71.367668357730622
44.25478131555359 71.303229505523120
44.89848193237519 71.237405636616998
45.55154539026795 71.170735014086887
46.21410787489121 71.103065796272048
46.88630755277036 71.034745859296351
47.56828460010916 70.965574000454637
48.260181232021196 70.895481976797882
48.962141732186545 70.825847693567894
49.674312482939705 70.756026045931094
50.39684199579528 70.684563777372574
51.129880942417586 70.611511852884178
51.873582186040764 70.537141834764725
52.628100813345895 70.460887276999472
53.393594166801776 70.383148540797009
54.17022187747612 70.304184431537180
54.95814589832399 70.223703735808712
55.75753053796041 70.142201607322292
56.56854249492426 70.054676054310875
57.39135089244048 69.963755726385330
58.226127313687975 69.875922414454379
59.073045837580466 69.798560645429859
59.932283075067765 69.716933107868570
60.804018205965114 69.628098079977661
61.68843301631817 69.539656725287159
62.58571193631152 69.449205649245329
63.49604207872855 69.356155686930322
64.41961327797075 69.261070025730021
65.35661812964459 69.163555096387313
66.3072520307241 69.063738536773968
67.27171322029778 68.962605968478883
68.25020282090806 68.860979312267375
69.2429248804921 68.760086049510548
70.25008641493265 68.659866660959011
71.27189745122783 68.562621383212658
72.30857107128878 68.469771458940443
73.36032345637442 68.382354285218241
74.42737393217246 68.300301702951401
75.50994501453623 68.225990924050620
76.60826245588666 68.160487600622275
77.72255529228926 68.105710582745459
78.85305589121582 68.067115782935872
80.00000000000082 68.048000000000002
81.16362679500274 68.041697005769578
82.34417893148023 68.038419517293278
83.541902594194 68.026378805575206
84.75704754874454 68.001966443819356
85.98986719365665 67.959379887437592
87.24061861322157 67.902270706519033
88.50956263110764 67.833954930026863
89.79696386475084 67.760573059709202
91.10309078053635 67.686491366164688
92.42821574978288 67.612030952440762
93.77261510554118 67.539474729375343
95.13656920021877 67.464931771233978
96.52036246404286 67.387887071332017
97.92428346437356 67.307043050884388
99.34862496587989 67.221811192810975
100.79368399159105 67.132733347199235
102.25976188483567 67.039881747293748
103.74716437208203 66.944434385194114
105.25620162669229 66.844474015674137
106.78718833360406 66.738084836091716
108.34044375495276 66.625927753806764
109.9162917966485 66.507846321626999
111.51506107592134 66.387197175122765
113.13708498984903 66.264455342235919
114.78270178488147 66.137840653773324
116.45225462737648 66.004819471381893
118.14609167516147 65.869672184124170
119.86456615013608 65.730541739799932
121.60803641193078 65.593237147883698
123.3768660326369 65.453178438042954
125.17142387262359 65.308886101153988
126.99208415745765 65.157672846616094
128.83922655594208 65.000306074220958
130.71323625928977 64.840212102420665
132.61450406144883 64.677806276730763
134.5434264405962 64.512401182718875
136.50040564181674 64.345340824676938
138.48584976098482 64.178553007398008
140.50017282986593 64.012819622163960
142.5437949024563 63.850692271071793
144.61714214257822 63.700491478948237
146.7206469127495 63.579208549181331
148.8547478643456 63.502360353818489
151.01989002907314 63.488594372430285
153.216524911774 63.554924544529982
155.4451105845792 63.713928031602215
157.70611178243232 63.966932762531343
160.00000000000236 64.294500000000369
162.3272535900062 64.652897052860951
164.6883578629612 64.993310517548622
167.08380518838874 65.273053225250251
169.51409509748981 65.471459951331227
171.97973438731407 65.583625853595407
174.4812372264439 65.622916124819142
177.01912526221608 65.602155196643636
179.5939277295025 65.537788809119832
182.20618156107355 65.443988809615846
184.85643149956664 65.330730872918821
187.54523021108326 65.202265627572473
190.27313840043846 65.067452335338260
193.04072492808663 64.929747463624423
195.84856692874806 64.788401940176840
198.69724993176072 64.646116403384667
201.58736798318304 64.503718968824032
204.5195237696723 64.363082382825411
207.49432874416505 64.225258987349804
210.5124032533856 64.089702189642139
213.57437666720915 63.955121020809599
216.68088750990657 63.820551615196543
219.83258359329807 63.686989634979810
223.03012215184378 63.558037583388284
226.2741699796992 63.430686399121683
229.5654035697641 63.304587097087335
232.90450925475412 63.181017242449890
236.2921833503241 63.059127491063492
239.72913230027333 62.937115803340291
243.21607282386276 62.816504642327445
246.75373206527502 62.701972924386723
250.34284774524843 62.591714567642548
253.9841683149166 62.482474950552501
257.67845311188546 62.376244473033296
261.42647251858085 62.271058769479737
265.22900812289896 62.164845406697090
269.08685288119375 62.061314202489953
273.0008112836349 61.961978906625490
276.97169952197106 61.858249962667770
281.00034565973334 61.753591565902504
285.0875898049141 61.653871567740580
289.23428428515797 61.553106891870662
293.44129382550057 61.453285465718189
297.7094957286928 61.351472102511373
302.0397800581479 61.245505498546308
306.4330498235497 61.135673754411258
310.89022116916016 61.024244470770995
315.41222356486645 60.912694410878345
320.00000000000654 60.797999999999845
324.6545071800142 60.686291827679653
329.3767157259242 60.572521151005226
334.16761037677935 60.457060589919621
339.02819019498156 60.339114978261946
343.95946877463007 60.223640324428587
348.9624744528898 60.110740572255267
354.03825052443415 59.995024062990453
359.187855459007 59.875841753351040
364.4123631221491 59.761251720249362
369.71286299913527 59.645759586618851
375.0904604221685 59.527119715510636
380.54627680087896 59.413716675067448
386.08144985617537 59.300646567919642
391.6971338574982 59.192460885841442
397.3944998635236 59.087596252388337
403.1747359663683 58.989616856554925
409.0390475393468 58.898933810679466
414.9886574883323 58.819388945767926
421.0248065067734 58.752467992539891
427.1487533344206 58.697600601103318
433.3617750198154 58.659175197825846
439.6651671865984 58.636408189287771
446.06024430368984 58.625813251898776
452.54833995940066 58.627048339959401
459.13080713953053 58.638351729584713
465.8090185095106 58.655292219110279
472.58436670065066 58.677545283452275
479.45826460054917 58.700967031158982
486.432145647728 58.723239651507960
493.50746413055253 58.742198298059321
500.6856954904994 58.754342847745249
507.9683366298358 58.757984168314920
515.3569062237735 58.754694080379622
522.8529450371643 58.748680145611061
530.4580162458005 58.746200382107531
538.1737057623901 58.749735743534671
546.0016225672724 58.761289423010908
553.9433990439449 58.781680434213555
562.0006913194694 58.811403076371633
570.1751796098309 58.847884657029653
578.4685685703187 58.889766271280109
586.8825876510039 58.934665973315418
595.4189914573883 58.981575402588504
604.0795601162986 59.030457470668722
612.8660996471021 59.080458705151500
621.780442338323 59.125433577071860
630.8244471297356 59.164091676736504
640.0000000000159 59.198500000000053
649.3090143600314 59.227823395234097
658.7534314518515 59.252321250202229
668.3352207535618 59.272170441507129
678.0563803899662 59.289195846662949
687.9189375492632 59.307941928221062
697.9249489057827 59.327057402920985
708.0765010488715 59.347556827150186
718.3757109180171 59.369507778473732
728.8247262443015 59.395061815610752
739.425725998274 59.424863319095081
750.1809208443404 59.458640761323707
761.0925536017613 59.497286127339571
772.1628997123541 59.539197195058577
783.3942677149998 59.583899927310569
794.7889997270506 59.630787498862716
806.34947193274 59.680543501036269
818.0780950786972 59.732617654966496
829.9773149766683 59.787237963734881
842.0496130135506 59.845916798943314
854.2975066688449 59.908382847233568
866.7235500396347 59.973571150210375
879.3303343732008 60.040667288896628
892.1204886073838 60.109213288859621
905.0966799188055 60.179319377890153
918.2616142790653 60.251198047216434
931.6180370190256 60.324908283375336
945.1687334013056 60.402018914282564
958.9165292011028 60.483127653156572
972.8642912954606 60.567939319845316
987.0149282611097 60.656786470570083
1001.3713909810035 60.749188319572724
1015.9366732596762 60.846931823049772
1030.7138124475518 60.948445700529462
1045.7058900743334 61.052441230520337
1060.916032491606 61.158912227441242
1076.3474115247852 61.266886966956008
1092.0032451345498 61.376022715941843
1107.8867980878947 61.487140200969264
1124.0013826389438 61.599287379437108
1140.350359219667 61.712854582903518
1156.9371371406426 61.828402297776762
1173.765175302013 61.945966550570468
1190.837982914782 62.066074303151836
1208.1591202326028 62.187690953065101
1225.73219929421 62.311261875995044
1243.5608846766518 62.436426192736562
1261.648894259477 62.563430556291650
1280.0000000000375 62.693000000000268
1298.6180287200684 62.824390088395916
1317.5068629037087 62.957798726616332
1336.6704415071292 63.094276895738297
1356.112760779938 63.232803420557062
1375.8378750985323 63.373740806954508
1395.8498978115715 63.518015511688603
1416.153002097749 63.665378481910309
1436.7514218360407 63.815454164949003
1457.6494524886093 63.968493992216622
1478.8514519965543 64.123846686694634
1500.3618416886875 64.282170391662504
1522.1851072035295 64.443226091162046
1544.3257994247153 64.607397431731385
1566.788535430007 64.775749786433664
1589.5779994541087 64.947126555894897
1612.6989438654878 65.122519931132331
1636.156190157402 65.303072035621440
1659.9546299533442 65.489539761829548
1684.099226027109 65.682339761778493
1708.5950133376978 65.880635308835622
1733.4471000792773 66.085117756662754
1758.6606687464096 66.297288897719412
1784.2409772147755 66.516711682224255
1810.193359837619 66.743405433767805
1836.5232285581387 66.977017663309766
1863.2360740380593 67.218477716707866
1890.3374668026197 67.469865438608565
1917.833058402214 67.731340699493217
1945.7285825909298 68.002725537739295
1974.0298565222283 68.283356773830945
2002.7427819620161 68.575933506339567
2031.8733465193618 68.878419917989220
2061.4276248951132 69.193084905104982
2091.411780148677 69.520600170642865
2121.832064983222 69.857110731061255
2152.694823049581 70.207173094493939
2184.0064902691106 70.567175611635136
2215.7735961758003 70.940219944731041
2248.002765277899 71.323433321598685
2280.7007184393456 71.718870419652688
2313.874274281297 72.124653573659941
2347.530350604038 72.540376347490067
2381.6759658295764 72.965678623296839
2416.318240465218 73.398206035140802
2451.4643985884327 73.835695152461270
2487.1217693533167 74.276312400223247
2523.2977885189675 74.714947129297073
2560.0000000000887 75.148750000001030
2597.236057440151 75.572604786867672
2635.0137258074315 75.982644120978023
2673.340883014273 76.368448892502187
2712.225521559891 76.730418417961033
2751.6757501970797 77.054197895331555
2791.699795623158 77.339332342354510
2832.3060041955137 77.575152203201185
2873.502843672097 77.767951488435273
2915.2989049772345 77.915542098189661
2957.7029039931244 78.018669210790023
3000.723683377391 78.080407071899785
3044.370214407075 78.102499999999992
3088.6515988494466 78.095272505445848
3133.57707086003 78.069906623626480
3179.1559989082334 78.030593361026263
3225.3978877309914 77.987125985532856
3272.3123803148205 77.945480724338694
3319.9092599067053 77.910156258857839
3368.198452054235 77.886040464383740
3417.190026675413 77.877359501333771
3466.8942001585724 77.885926622065014
3517.3213374928373 77.912664216494562
3568.4819544295697 77.958384608505412
3620.386719675257 78.022541407545361
3673.0464571162966 78.099952473101425
3726.472148076138 78.183031829518015
3780.6749336052594 78.259815627024054
3835.6661168044484 78.322779604099196
3891.45716518188 78.339051241209631
3948.059713044477 78.316763987988736
4005.4855639240527 78.198297682906116
4063.746693038744 77.981768298518944
4122.855249790247 77.649252182810912
4182.823560297375 77.197781225810104
4243.664129966465 76.632833078882811
4305.389646099183 75.979946045586274
4368.012980538242 75.255132218233967
4431.5471923516225 74.482003498915219
4496.00553055582 73.685931559371724
4561.401436878714 72.882216858428166
4627.748548562617 72.080196269437167
4695.060701208099 71.293776194162476
4763.351931659176 70.526417654319204
4832.63648093046 69.781959692751144
4902.928797176889 69.068504907948807
4974.243538706657 68.379896098979984
5046.595577037959 67.725046698501103
5120.000000000202 67.098428571426908
5194.472114880326 66.506794083567769
5270.027451614888 65.951803720953549
5346.6817660285715 65.430567388362135
5424.451043119808 64.942253681674302
5503.351500394186 64.489493762083896
5583.399591246343 64.072369589753066
5664.612008391055 63.694807601988529
5747.005687344222 63.350237705610652
5830.597809954497 63.038926413304026
5915.405807986278 62.760478592438766
6001.447366754812 62.518053457915101
6088.740428814181 62.313394279102866
6177.303197698925 62.144754700956064
6267.154141720092 62.011226048835127
6358.3119978165005 61.915310761954231
6450.795775462017 61.858189647569816
6544.624760629676 61.843908723669266
6639.818519813445 61.873692019289003
6736.396904108505 61.949354609998814
6834.380053350861 62.072632883227342
6933.788400317181 62.244097278648638
7034.642674985712 62.468704888088205
7136.963908859177 62.749924741564783
7240.773439350552 63.086022506513942
7346.092914232631 63.478410727788201
7452.944296152315 63.925925460108658
7561.349867210557 64.419566253656058
7671.332233608935 64.943356196338783
7782.914330363799 65.478298449035023
7896.119426088994 65.992873225877645
8010.971127848146 66.435356297072914
8127.49338607753 66.750876780430303
8245.710499580537 66.890918591810788
8365.647120594791 66.809709456171589
8487.328259932974 66.532915355582830
8610.77929219841 66.083769752335172
8736.025961076528 65.515280579047968
8863.094384703289 64.891139147769707
8992.011061111683 64.252571877293462
9122.802873757471 63.637415301991823
9255.497097125279 63.067857318748921
9390.121402416245 62.554755921825034
9526.7038633184 62.104334869307877
9665.272961860968 61.716839975676749
9805.857594353829 61.394499648193701
9948.487077413367 61.142627932589726
10093.19115407597 60.973172669005550
10240.000000000457 60.886599999999845
10388.944229760706 60.895542190599095
10540.05490322983 61.027563138714306
10693.363532057198 61.306879158902220
10848.902086239672 61.749667981483753
11006.703000788428 62.368988775247992
11166.799182492743 63.172571308505539
11329.224016782166 64.173867284577611
11494.0113746885 65.280353153588905
11661.195619909053 66.327873563386746
11830.811615972614 67.090148462309443
12002.894733509682 67.272490381084296
12177.48085762842 66.946571893300813
12354.606395397908 65.972838022970265
12534.308283440243 64.814392471343183
12716.62399563306 63.641091066376319
12901.591550924093 62.689190998850677
13089.249521259411 61.861083184042400
13279.637039626952 61.258520290443087
13472.793808217073 60.912250315618586
13668.760106701786 60.794361118406059
13867.576800634426 60.904680898823166
14069.285349971487 61.260568079757590
14273.927817718419 61.804234902405270
14481.54687870117 62.602410717985201
14692.18582846533 63.659722698428631
14905.888592304698 64.843129644582945
15122.699734421185 65.929921807551125
15342.664467217943 66.571183679347897
15565.828660727671 66.435796341555545
15792.238852178061 65.442323868772149
16021.942255696367 63.883354657016490
16254.986772155136 62.156080081122084
16491.42099916115 60.903451546444224
16731.294241189662 59.979544471961660
16974.65651986603 58.894400469324751
17221.558584396902 57.766147917799778
17472.051922153143 56.536398881497632
17726.188769406665 55.146723727642332
17984.022122223458 53.603378558748105
18245.605747515034 51.952315618229832
18510.99419425065 50.262912483328918
18780.242804832582 48.574643836621632
19053.40772663689 46.893110635715857
19330.545923722028 45.179110853924229
19611.71518870775 43.442230614546986
19896.974154826825 42.617500000000000
20186.382308152035 42.617500000000000
