20 71.075999999999993
20.290906698750476 71.053007374325560
20.586044732869844 71.025495362143928
20.885475648548283 70.994448367098386
21.189261887185914 70.961473216083263
21.49746679841394 70.929958241675422
21.810154653305165 70.901988291232414
22.12739065777668 70.877973915707457
22.449240966187475 70.856482682858086
22.77577269513385 70.833016335364988
23.107053937445478 70.804494301252049
23.44315377638505 70.768981736235787
23.784142300054445 70.728483137854823
24.130090616010463 70.687490189719654
24.481070866093134 70.649493231889977
24.837156241469714 70.615486583142484
25.1984209978975 70.584462718169846
25.56494047120865 70.552005271623216
25.936791093020236 70.515520497593442
26.3140504066728 70.475994603985413
26.69679708340074 70.435021722142494
27.08511093873791 70.395488877969171
27.47907294916184 70.355992522710920
27.878765268980047 70.315024059929556
28.284271247461966 70.268467739986306
28.695675446220072 70.219538599842764
29.11306365684382 70.173494144771439
29.536522918790062 70.134543882469785
29.966141537533712 70.098486203336734
30.402009102982383 70.055998877573444
30.844216508158908 70.001469621349628
31.29285596815558 69.938520209367923
31.74802103936409 69.879497791322166
32.20980663898519 69.831020298721256
32.67830906482211 69.787467535207753
33.153626015361866 69.737539284100649
33.63585661014871 69.675518444337712
34.125101410453844 69.609488039291222
34.62146244024586 69.550954581761573
35.12504320746613 69.501495603154126
35.635948725613716 69.449505217745767
36.15428553564419 69.386962815225047
36.68016172818701 69.318480465415618
37.21368696608603 69.254037810276131
37.754972507267915 69.193503074510701
38.30413122794313 69.128983390359082
38.86127764614443 69.058468850653412
39.4265279456077 68.995052960165921
40.000000000000206 68.957999999999998
40.58181339750116 68.946003847474202
41.1720894657399 68.937496564754554
41.77095129709678 68.914501870061386
42.37852377437204 68.880027022671328
42.9949335968281 68.843003988502204
43.62030930661056 68.801475645148770
44.25478131555359 68.751517219247745
44.89848193237519 68.696457628269769
45.55154539026795 68.639039969510065
46.21410787489121 68.574988602504050
46.88630755277036 68.503968658478669
47.56828460010916 68.434473061694860
48.260181232021196 68.368982057513577
48.962141732186545 68.299485169876561
49.674312482939705 68.224969529671853
50.39684199579528 68.154515407049018
51.129880942417586 68.089510557630092
51.873582186040764 68.022537625719451
52.628100813345895 67.954991576952821
53.393594166801776 67.891033907734567
54.17022187747612 67.823480290071913
54.95814589832399 67.753487689828916
55.75753053796041 67.686039610859595
56.56854249492426 67.615040052848798
57.39135089244048 67.533464070295011
58.226127313687975 67.447987373849131
59.073045837580466 67.363995570990483
59.932283075067765 67.280973055928172
60.804018205965114 67.197998218533954
61.68843301631817 67.111457566329619
62.58571193631152 67.023528228958341
63.49604207872855 66.937996060811670
64.41961327797075 66.851536202873945
65.35661812964459 66.766034845160505
66.3072520307241 66.682478192160147
67.27171322029778 66.599024814616726
68.25020282090806 66.520485804578939
69.2429248804921 66.451005257609069
70.25008641493265 66.391495603154112
71.27189745122783 66.339505217745753
72.30857107128878 66.297017579045530
73.36032345637442 66.258987571029664
74.42737393217246 66.217984635289326
75.50994501453623 66.173502259328842
76.60826245588666 66.122486465279380
77.72255529228926 66.065022933357284
78.85305589121582 66.004997149401802
80.00000000000082 65.946499999999958
81.16362679500274 65.887019077059563
82.34417893148023 65.830492158678879
83.541902594194 65.778004268618375
84.75704754874454 65.730498206799169
85.98986719365665 65.684005008511718
87.24061861322157 65.633515395709281
88.50956263110764 65.577019473083070
89.79696386475084 65.515501726742684
91.10309078053635 65.442494655938248
92.42821574978288 65.364486445459733
93.77261510554118 65.280024181101695
95.13656920021877 65.191527951452088
96.52036246404286 65.102475474299098
97.92428346437356 65.007481500219825
99.34862496587989 64.914524475911008
100.79368399159105 64.825019572839167
102.25976188483567 64.709518760096501
103.74716437208203 64.641989869712631
105.25620162669229 64.548984591559105
106.78718833360406 64.431987024020842
108.34044375495276 64.324983528131511
109.9162917966485 64.266482298764913
111.51506107592134 64.169496046256626
113.13708498984903 64.064495378741498
114.78270178488147 63.975016215220592
116.45225462737648 63.898987223537773
118.14609167516147 63.813994240303991
119.86456615013608 63.706027257583074
121.60803641193078 63.594998054874239
123.3768660326369 63.500507156538049
125.17142387262359 63.401977654161520
126.99208415745765 63.305995830856858
128.83922655594208 63.214487971015885
130.71323625928977 63.114991988052481
132.61450406144883 63.050516818105443
134.5434264405962 63.002494770273728
136.50040564181674 62.978506331770554
138.48584976098482 63.009497654879425
140.50017282986593 63.078008328640799
142.5437949024563 63.176490116385494
144.61714214257822 63.297508850132004
146.7206469127495 63.428478015955406
148.8547478643456 63.548485821800128
151.01989002907314 63.659994336370282
153.216524911774 63.770476105030056
155.4451105845792 63.871503814947886
157.70611178243232 63.949502290224203
160.00000000000236 63.996500000000012
162.3272535900062 64.009999033329066
164.6883578629612 64.000994249697825
167.08380518838874 63.962503130320130
169.51409509748981 63.913497435529976
171.97973438731407 63.847007162710305
174.4812372264439 63.771992802822624
177.01912526221608 63.694996181326616
179.5939277295025 63.616502203197690
182.20618156107355 63.540994518910992
184.85643149956664 63.460986761355798
187.54523021108326 63.378493417718296
190.27313840043846 63.300496199987961
193.04072492808663 63.224507552552538
195.84856692874806 63.147011952643169
198.69724993176072 63.069993297677698
201.58736798318304 62.992490088417505
204.5195237696723 62.913512827206233
207.49432874416505 62.841492102732943
210.5124032533856 62.768990517882507
213.57437666720915 62.696992362396472
216.68088750990657 62.634002280938489
219.83258359329807 62.579007265979882
223.03012215184378 62.530498606776135
226.2741699796992 62.493498502153969
229.5654035697641 62.464498006317029
232.90450925475412 62.448002424340288
236.2921833503241 62.446500453441303
239.72913230027333 62.455000682938035
243.21607282386276 62.473000535166889
246.75373206527502 62.498998031005414
250.34284774524843 62.520999066702558
253.9841683149166 62.535000364515248
257.67845311188546 62.542999335081277
261.42647251858085 62.537498198390892
265.22900812289896 62.522999946310541
269.08685288119375 62.497500972402683
273.0008112836349 62.462001711658395
276.97169952197106 62.424502837553788
281.00034565973334 62.383496617810827
285.0875898049141 62.343504013650545
289.23428428515797 62.300497060517145
293.44129382550057 62.256997005994549
297.7094957286928 62.213505138393501
302.0397800581479 62.169002260372380
306.4330498235497 62.122999547261891
310.89022116916016 62.082497994706870
315.41222356486645 62.041497929052568
320.00000000000654 61.998999999999938
324.6545071800142 61.957504393561635
329.3767157259242 61.916502468284015
334.16761037677935 61.875503334283458
339.02819019498156 61.834498360720602
343.95946877463007 61.791996017804962
348.9624744528898 61.749496027531947
354.03825052443415 61.706997883919826
359.187855459007 61.663501220880235
364.4123631221491 61.618996917469019
369.71286299913527 61.574001162995458
375.0904604221685 61.528496202529766
380.54627680087896 61.483497899613923
386.08144985617537 61.441496956101382
391.6971338574982 61.403499224763522
397.3944998635236 61.370502896543300
403.1747359663683 61.345501142013973
409.0390475393468 61.331499996005093
414.9886574883323 61.331000028782491
421.0248065067734 61.345999519152024
427.1487533344206 61.375498811784027
433.3617750198154 61.417998461024006
439.6651671865984 61.475001712388149
446.06024430368984 61.540502692311009
452.54833995940066 61.612003821509290
459.13080713953053 61.685997832040897
465.8090185095106 61.761500203536315
472.58436670065066 61.836003840914586
479.45826460054917 61.908002542047143
486.432145647728 61.975001307226961
493.50746413055253 62.038503879068557
500.6856954904994 62.098497454997911
507.9683366298358 62.157002779052647
515.3569062237735 62.217999225828962
522.8529450371643 62.277999560062682
530.4580162458005 62.340000140013700
538.1737057623901 62.406497464126360
546.0016225672724 62.473496769546152
553.9433990439449 62.556004655017475
562.0006913194694 62.649996399110222
570.1751796098309 62.752502468714823
578.4685685703187 62.866494070052610
586.8825876510039 62.983494266124012
595.4189914573883 63.100999882408985
604.0795601162986 63.214494235446239
612.8660996471021 63.318001011674085
621.780442338323 63.408503839402741
630.8244471297356 63.487003094239128
640.0000000000159 63.550500000000085
649.3090143600314 63.600500059301268
658.7534314518515 63.639501891147745
668.3352207535618 63.681501305763788
678.0563803899662 63.739002024786906
687.9189375492632 63.791499667579473
697.9249489057827 63.838999757447993
708.0765010488715 63.886001921498092
718.3757109180171 63.925498891384620
728.8247262443015 63.963499004429465
739.425725998274 64.009998798124684
750.1809208443404 64.062999609925626
761.0925536017613 64.118997709099943
772.1628997123541 64.176999474554350
783.3942677149998 64.236001362656424
794.7889997270506 64.293999998610701
806.34947193274 64.353002313593024
818.0780950786972 64.410500475433437
829.9773149766683 64.470001617539424
842.0496130135506 64.531998012659656
854.2975066688449 64.594002548225859
866.7235500396347 64.656497736982146
879.3303343732008 64.722001830033150
892.1204886073838 64.792002842710758
905.0966799188055 64.867498137772202
918.2616142790653 64.946997670731918
931.6180370190256 65.029000229473709
945.1687334013056 65.112998347406801
958.9165292011028 65.201496969326257
972.8642912954606 65.292001924678502
987.0149282611097 65.385499525999137
1001.3713909810035 65.481502643939919
1015.9366732596762 65.579997790476313
1030.7138124475518 65.679998730781307
1045.7058900743334 65.781499255772744
1060.916032491606 65.885500220035823
1076.3474115247852 65.990002746828054
1092.0032451345498 66.094501635876497
1107.8867980878947 66.200498652563397
1124.0013826389438 66.306502515975680
1140.350359219667 66.414002338923495
1156.9371371406426 66.522000892375843
1173.765175302013 66.631501129457121
1190.837982914782 66.741499889921286
1208.1591202326028 66.852000759450235
1225.73219929421 66.963001251946352
1243.5608846766518 67.074999275550226
1261.648894259477 67.186499348182863
1280.0000000000375 67.299000000000234
1298.6180287200684 67.412000173333041
1317.5068629037087 67.525999172588428
1336.6704415071292 67.641002634101056
1356.112760779938 67.756998572775444
1375.8378750985323 67.873999259139595
1395.8498978115715 67.991999397449803
1416.153002097749 68.111000012068317
1436.7514218360407 68.229502402071432
1457.6494524886093 68.348502550343781
1478.8514519965543 68.468002521481409
1500.3618416886875 68.587999116853808
1522.1851072035295 68.707500576180848
1544.3257994247153 68.826498921979180
1566.788535430007 68.947497497530634
1589.5779994541087 69.069999997065622
1612.6989438654878 69.194999696517712
1636.156190157402 69.322001010753013
1659.9546299533442 69.448498033072738
1684.099226027109 69.577001199523352
1708.5950133376978 69.707000070842440
1733.4471000792773 69.839000521949117
1758.6606687464096 69.970498272394423
1784.2409772147755 70.105499879749601
1810.193359837619 70.244001920136171
1836.5232285581387 70.384501223517162
1863.2360740380593 70.527500397481276
1890.3374668026197 70.672997137472549
1917.833058402214 70.820500317175771
1945.7285825909298 70.971997733098860
1974.0298565222283 71.123999229404575
2002.7427819620161 71.275498849554054
2031.8733465193618 71.428501787995344
2061.4276248951132 71.580998064507014
2091.411780148677 71.731998892824507
2121.832064983222 71.880500306355799
2152.694823049581 72.025999165787965
2184.0064902691106 72.166497712787745
2215.7735961758003 72.302498271159038
2248.002765277899 72.433999042292470
2280.7007184393456 72.558498927937435
2313.874274281297 72.676500880151536
2347.530350604038 72.784500980574165
2381.6759658295764 72.879999904431685
2416.318240465218 72.963000475511649
2451.4643985884327 73.032500625973199
2487.1217693533167 73.088499637775129
2523.2977885189675 73.131999745703652
2560.0000000000887 73.162000000000035
2597.236057440151 73.177500000760233
2635.0137258074315 73.177999996371000
2673.340883014273 73.164000042732283
2712.225521559891 73.136000344511331
2751.6757501970797 73.093500269115935
2791.699795623158 73.038000283402823
2832.3060041955137 72.969999992158307
2873.502843672097 72.893000292187509
2915.2989049772345 72.804500201203808
2957.7029039931244 72.707000220749705
3000.723683377391 72.601000780130562
3044.370214407075 72.488999445607476
3088.6515988494466 72.374501037255271
3133.57707086003 72.257499814994986
3179.1559989082334 72.138500002850435
3225.3978877309914 72.018500291342946
3272.3123803148205 71.898999061138483
3319.9092599067053 71.781499378342374
3368.198452054235 71.665998961950905
3417.190026675413 71.553499942037973
3466.8942001585724 71.445499595134066
3517.3213374928373 71.343499356823514
3568.4819544295697 71.246000086845783
3620.386719675257 71.152000507668362
3673.0464571162966 71.063999302680742
3726.472148076138 70.982499799206749
3780.6749336052594 70.909000090032180
3835.6661168044484 70.844499891132415
3891.45716518188 70.792499896402006
3948.059713044477 70.757000179971399
4005.4855639240527 70.736000159467750
4063.746693038744 70.732000021074896
4122.855249790247 70.744500110381068
4182.823560297375 70.770999805697613
4243.664129966465 70.806500087379845
4305.389646099183 70.847999762063239
4368.012980538242 70.894499985548890
4431.5471923516225 70.939000101460721
4496.00553055582 70.973000133864019
4561.401436878714 70.989499937445771
4627.748548562617 70.980000064638801
4695.060701208099 70.937500188653672
4763.351931659176 70.856000081559472
4832.63648093046 70.731500932729418
4902.928797176889 70.560500493409648
4974.243538706657 70.346501384235779
5046.595577037959 70.097501455627309
5120.000000000202 69.820999999999188
5194.472114880326 69.521999512684204
5270.027451614888 69.201497920291487
5346.6817660285715 68.848501077449797
5424.451043119808 68.443999751613376
5503.351500394186 67.989502877920970
5583.399591246343 67.541496982359860
5664.612008391055 67.126999962624495
5747.005687344222 66.760001392633825
5830.597809954497 66.469500660448588
5915.405807986278 66.240000519610760
6001.447366754812 66.072999571454858
6088.740428814181 65.970999784534939
6177.303197698925 65.926500024203264
6267.154141720092 65.937500099498521
6358.3119978165005 66.001499998467011
6450.795775462017 66.117999717154589
6544.624760629676 66.288999563756136
6639.818519813445 66.509501418225938
6736.396904108505 66.772999738375745
6834.380053350861 67.065500163687517
6933.788400317181 67.370498160093561
7034.642674985712 67.660999063828399
7136.963908859177 67.896499790232070
7240.773439350552 68.038000022943663
7346.092914232631 68.043499995521074
7452.944296152315 67.874999053403172
7561.349867210557 67.528500424437226
7671.332233608935 67.031498743846640
7782.914330363799 66.431503600743127
7896.119426088994 65.783503285140512
8010.971127848146 65.120999289013241
8127.49338607753 64.472997993159737
8245.710499580537 63.858502601192370
8365.647120594791 63.281499486128496
8487.328259932974 62.762999147249886
8610.77929219841 62.357999343266883
8736.025961076528 62.076500087482799
8863.094384703289 61.889000907917222
8992.011061111683 61.788999996729295
9122.802873757471 61.782000006756512
9255.497097125279 61.878000152587923
9390.121402416245 62.089500984068493
9526.7038633184 62.423499665758882
9665.272961860968 62.878499874768096
9805.857594353829 63.454502814877735
9948.487077413367 64.130000385718702
10093.19115407597 64.851000710511158
10240.000000000457 65.528000000001555
10388.944229760706 66.034000321580763
10540.05490322983 66.245499864557246
10693.363532057198 66.127998799323152
10848.902086239672 65.776999705431635
11006.703000788428 65.237999996995910
11166.799182492743 64.627999335419688
11329.224016782166 64.036499945973389
11494.0113746885 63.506002013057689
11661.195619909053 63.039498465001721
11830.811615972614 62.619500950915892
12002.894733509682 62.223000614025850
12177.48085762842 61.835998210913687
12354.606395397908 61.466499278306351
12534.308283440243 61.138501307889129
12716.62399563306 60.889500005964230
12901.591550924093 60.759000316835383
13089.249521259411 60.765499983417627
13279.637039626952 60.912000056930268
13472.793808217073 61.189499724474075
13668.760106701786 61.577000248216081
13867.576800634426 62.039499536223872
14069.285349971487 62.538000811469104
14273.927817718419 63.012499577348805
14481.54687870117 63.405499770394613
14692.18582846533 63.677999778088591
14905.888592304698 63.593000162160109
15122.699734421185 62.864500892363246
15342.664467217943 61.789998335589075
15565.828660727671 60.995001208619186
15792.238852178061 60.711500185095709
16021.942255696367 60.729499728991073
16254.986772155136 60.482496541506848
16491.42099916115 59.423504482770568
16731.294241189662 57.610505735214630
16974.65651986603 55.141494569792634
17221.558584396902 52.562504341139608
17472.051922153143 50.190510206443051
17726.188769406665 48.096501900015902
17984.022122223458 46.282993373929102
18245.605747515034 44.738496401695414
18510.99419425065 43.460999276018669
18780.242804832582 42.457497860976645
19053.40772663689 41.731500726523862
19330.545923722028 41.301001671860206
19611.71518870775 41.198500128005854
19896.974154826825 41.391999426694909
20186.382308152035 41.391999999999996
