20 68.049499999999995
20.290906698750476 68.020509298062663
20.586044732869844 67.993496334597609
20.885475648548283 67.968965578065593
21.189261887185914 67.946980868630902
21.49746679841394 67.924463461466004
21.810154653305165 67.899986583703807
22.12739065777668 67.872462996701273
22.449240966187475 67.841976419211022
22.77577269513385 67.810022243901273
23.107053937445478 67.777494622308268
23.44315377638505 67.743984441978640
23.784142300054445 67.709484782942155
24.130090616010463 67.672490060637031
24.481070866093134 67.633992435641744
24.837156241469714 67.595983986331362
25.1984209978975 67.558960423903372
25.56494047120865 67.524505596030792
25.936791093020236 67.488520216804488
26.3140504066728 67.447493814324758
26.69679708340074 67.400524900992593
27.08511093873791 67.349986343835553
27.47907294916184 67.301491975592199
27.878765268980047 67.257525820412198
28.284271247461966 67.217473665294960
28.695675446220072 67.177531510075710
29.11306365684382 67.131992568363756
29.536522918790062 67.082555696980876
29.966141537533712 67.030483444004091
30.402009102982383 66.979498918763397
30.844216508158908 66.926972755654845
31.29285596815558 66.870518124274412
31.74802103936409 66.810997335924668
32.20980663898519 66.752524484024605
32.67830906482211 66.696963314784767
33.153626015361866 66.640544391033728
33.63585661014871 66.576019188061011
34.125101410453844 66.506486710323600
34.62146244024586 66.441449994060719
35.12504320746613 66.386995772263589
35.635948725613716 66.337005017063234
36.15428553564419 66.280964986598761
36.68016172818701 66.216481828293581
37.21368696608603 66.156535172349891
37.754972507267915 66.112002261416961
38.30413122794313 66.081493874458658
38.86127764614443 66.055486019584606
39.4265279456077 66.027023769523282
40.000000000000206 65.992999999999995
40.58181339750116 65.950013786782563
41.1720894657399 65.896991635924152
41.77095129709678 65.841004553192960
42.37852377437204 65.784544254519687
42.9949335968281 65.724006521740094
43.62030930661056 65.657467364499354
44.25478131555359 65.590523073791985
44.89848193237519 65.524947311674566
45.55154539026795 65.453549701216886
46.21410787489121 65.373987077486987
46.88630755277036 65.293471138742959
47.56828460010916 65.229482109675217
48.260181232021196 65.185987608066938
48.962141732186545 65.137985368938615
49.674312482939705 65.064470610179939
50.39684199579528 64.996514860699747
51.129880942417586 64.954006903065832
51.873582186040764 64.911523867060851
52.628100813345895 64.868494669790451
53.393594166801776 64.828021457238293
54.17022187747612 64.747472406100684
54.95814589832399 64.649492157965085
55.75753053796041 64.606525233584620
56.56854249492426 64.570020590549035
57.39135089244048 64.499474996287177
58.226127313687975 64.439990229764206
59.073045837580466 64.374995490948137
59.932283075067765 64.290477276084005
60.804018205965114 64.220498578946163
61.68843301631817 64.151465281542414
62.58571193631152 64.079523096420459
63.49604207872855 64.013496265740542
64.41961327797075 63.931534319487440
65.35661812964459 63.841036882889185
66.3072520307241 63.757977800402543
67.27171322029778 63.673025260388279
68.25020282090806 63.582980596187042
69.2429248804921 63.488007186659871
70.25008641493265 63.395993658395355
71.27189745122783 63.321007525594823
72.30857107128878 63.235535364903384
73.36032345637442 63.134475899923366
74.42737393217246 63.054971169587816
75.50994501453623 62.971504239414799
76.60826245588666 62.863977285208023
77.72255529228926 62.767538488156134
78.85305589121582 62.666495979925628
80.00000000000082 62.583999999999932
81.16362679500274 62.490030138547894
82.34417893148023 62.396984317357742
83.541902594194 62.292008537236754
84.75704754874454 62.172996297907972
85.98986719365665 62.077010340153251
87.24061861322157 61.988027133032197
88.50956263110764 61.899030674414036
89.79696386475084 61.796502877904459
91.10309078053635 61.695492257961803
92.42821574978288 61.582482435240728
93.77261510554118 61.473031335273788
95.13656920021877 61.358536163178115
96.52036246404286 61.222467342093005
97.92428346437356 61.095973244941582
99.34862496587989 60.961535397957306
100.79368399159105 60.832028320476788
102.25976188483567 60.689023226786155
103.74716437208203 60.549986166166718
105.25620162669229 60.422986632848293
106.78718833360406 60.321489146260419
108.34044375495276 60.231988455613539
109.9162917966485 60.191001824869595
111.51506107592134 60.201003803124571
113.13708498984903 60.302006712442513
114.78270178488147 60.431976447165610
116.45225462737648 60.618032692712148
118.14609167516147 60.835511599387800
119.86456615013608 61.052945106256317
121.60803641193078 61.196502593501009
123.3768660326369 61.322490457949272
125.17142387262359 61.438507332228248
126.99208415745765 61.470001389714376
128.83922655594208 61.500506528292888
130.71323625928977 61.554499441026920
132.61450406144883 61.550001173356193
134.5434264405962 61.518990194263246
136.50040564181674 61.473987847085553
138.48584976098482 61.414504501118529
140.50017282986593 61.349992770570680
142.5437949024563 61.264508579178077
144.61714214257822 61.178493649523602
146.7206469127495 61.084515774810626
148.8547478643456 60.986511578863229
151.01989002907314 60.892004800116673
153.216524911774 60.796020759430910
155.4451105845792 60.697995255769932
157.70611178243232 60.600995102818466
160.00000000000236 60.500499999999917
162.3272535900062 60.418490386994684
164.6883578629612 60.328992083999609
167.08380518838874 60.276004309271869
169.51409509748981 60.219997570502088
171.97973438731407 60.157006785725557
174.4812372264439 60.094995653652624
177.01912526221608 60.048497129914267
179.5939277295025 59.989501655906544
182.20618156107355 59.914993799518051
184.85643149956664 59.824486841590002
187.54523021108326 59.742493333330060
190.27313840043846 59.663495524985819
193.04072492808663 59.574008894124361
195.84856692874806 59.467016502358959
198.69724993176072 59.393993254436907
201.58736798318304 59.315987140035368
204.5195237696723 59.213516642894163
207.49432874416505 59.129991667021656
210.5124032533856 59.053487620568831
213.57437666720915 58.959488846674205
216.68088750990657 58.867503330894301
219.83258359329807 58.799508983393309
223.03012215184378 58.722996479285634
226.2741699796992 58.629496410334518
229.5654035697641 58.559993112731568
232.90450925475412 58.503008374993712
236.2921833503241 58.454497919504618
239.72913230027333 58.415499829265499
243.21607282386276 58.410999979416658
246.75373206527502 58.410000075730565
250.34284774524843 58.414499809098245
253.9841683149166 58.428499703831363
257.67845311188546 58.421996917195017
261.42647251858085 58.396496583155148
265.22900812289896 58.368999925255856
269.08685288119375 58.333501353737077
273.0008112836349 58.273502892943768
276.97169952197106 58.204005258933016
281.00034565973334 58.138494208001042
285.0875898049141 58.070006873376563
289.23428428515797 57.995495303584860
293.44129382550057 57.925994803507777
297.7094957286928 57.850508918361136
302.0397800581479 57.772503962001032
306.4330498235497 57.696999178364166
310.89022116916016 57.623496478509615
315.41222356486645 57.551496126110095
320.00000000000654 57.471999999999909
324.6545071800142 57.402507357892375
329.3767157259242 57.323504755961878
334.16761037677935 57.250005977313023
339.02819019498156 57.177997338581676
343.95946877463007 57.108992082459281
348.9624744528898 57.024493129967020
354.03825052443415 56.950996351585914
359.187855459007 56.876002104965913
364.4123631221491 56.803495239202157
369.71286299913527 56.734001796181872
375.0904604221685 56.662993417718269
380.54627680087896 56.584997449531201
386.08144985617537 56.533996635690997
391.6971338574982 56.491999765079854
397.3944998635236 56.482000877740390
403.1747359663683 56.512498606742952
409.0390475393468 56.597000735062167
414.9886574883323 56.688994704021269
421.0248065067734 56.833495367831141
427.1487533344206 57.016492629033145
433.3617750198154 57.214492830182422
439.6651671865984 57.387004339792853
446.06024430368984 57.553005648204916
452.54833995940066 57.703006481073189
459.13080713953053 57.828496323258555
465.8090185095106 57.933000185778113
472.58436670065066 58.001002587282741
479.45826460054917 58.049501498669585
486.432145647728 58.089000689639420
493.50746413055253 58.122501002092712
500.6856954904994 58.137999342541121
507.9683366298358 58.160501184514246
515.3569062237735 58.186499670025455
522.8529450371643 58.219499758034473
530.4580162458005 58.257500117906275
538.1737057623901 58.313497864527456
546.0016225672724 58.374997034732658
553.9433990439449 58.443003516023836
562.0006913194694 58.513997280178998
570.1751796098309 58.588001624154487
578.4685685703187 58.662996098718821
586.8825876510039 58.735996422453439
595.4189914573883 58.806999928945004
604.0795601162986 58.874996546346651
612.8660996471021 58.939000693080587
621.780442338323 59.001002934575340
630.8244471297356 59.061002826234159
640.0000000000159 59.119000000000099
649.3090143600314 59.176500090472452
658.7534314518515 59.236002611584993
668.3352207535618 59.294001260345922
678.0563803899662 59.349501889801104
687.9189375492632 59.398499689740845
697.9249489057827 59.442999772767074
708.0765010488715 59.483001605302206
718.3757109180171 59.515999073815003
728.8247262443015 59.549499122325976
739.425725998274 59.621998126108373
750.1809208443404 59.773998881296123
761.0925536017613 60.014990140947987
772.1628997123541 60.244497920865875
783.3942677149998 60.386002043984639
794.7889997270506 60.472999997916048
806.34947193274 60.546003017730030
818.0780950786972 60.621000659214431
829.9773149766683 60.703502243683715
842.0496130135506 60.789497243366633
854.2975066688449 60.884004179090411
866.7235500396347 60.986496288650727
879.3303343732008 61.093002954196379
892.1204886073838 61.206004499389877
905.0966799188055 61.325497052500367
918.2616142790653 61.449996352278291
931.6180370190256 61.581500379724346
945.1687334013056 61.720497265351746
958.9165292011028 61.864495068734271
972.8642912954606 62.015003221520715
987.0149282611097 62.171499206618876
1001.3713909810035 62.331004415513874
1015.9366732596762 62.495496309983295
1030.7138124475518 62.661997886750854
1045.7058900743334 62.830498764509414
1060.916032491606 63.001000363217031
1076.3474115247852 63.173504586808569
1092.0032451345498 63.348002747037896
1107.8867980878947 63.525997737323422
1124.0013826389438 63.707004294711986
1140.350359219667 63.890504028146026
1156.9371371406426 64.076501540265127
1173.765175302013 64.265501976549956
1190.837982914782 64.457999807362242
1208.1591202326028 64.654501371799739
1225.73219929421 64.855002291508953
1243.5608846766518 65.059998673998194
1261.648894259477 65.270498769439399
1280.0000000000375 65.487000000000435
1298.6180287200684 65.708000344385383
1317.5068629037087 65.934498356063841
1336.6704415071292 66.166005347679317
1356.112760779938 66.401497102488065
1375.8378750985323 66.643498467622038
1395.8498978115715 66.894498718304249
1416.153002097749 67.148500026479013
1436.7514218360407 67.408505379428874
1457.6494524886093 67.675005836979295
1478.8514519965543 67.948505904468959
1500.3618416886875 68.229497931966023
1522.1851072035295 68.516501430768386
1544.3257994247153 68.811997323065953
1566.788535430007 69.115493723145050
1589.5779994541087 69.424999992586194
1612.6989438654878 69.740499234010699
1636.156190157402 70.062502612776598
1659.9546299533442 70.389494915531898
1684.099226027109 70.721503068011657
1708.5950133376978 71.054000176032716
1733.4471000792773 71.382001274111531
1758.6606687464096 71.702995782803100
1784.2409772147755 72.011499725205567
1810.193359837619 72.305503744607194
1836.5232285581387 72.579502113347814
1863.2360740380593 72.826500588709393
1890.3374668026197 73.041995760311579
1917.833058402214 73.221500296240066
1945.7285825909298 73.362997882729303
1974.0298565222283 73.462999493029315
2002.7427819620161 73.520999559565240
2031.8733465193618 73.538499747921975
2061.4276248951132 73.517000272872778
2091.411780148677 73.460000417940421
2121.832064983222 73.371499755757583
2152.694823049581 73.255500665076255
2184.0064902691106 73.118002238374970
2215.7735961758003 72.964001957658155
2248.002765277899 72.799001201686266
2280.7007184393456 72.627501476776928
2313.874274281297 72.453998602351959
2347.530350604038 72.282498310948156
2381.6759658295764 72.118000164617655
2416.318240465218 71.961498997662488
2451.4643985884327 71.814998496546522
2487.1217693533167 71.680500869986503
2523.2977885189675 71.563000686892451
2560.0000000000887 71.462499999999807
2597.236057440151 71.380499902690190
2635.0137258074315 71.316500464511734
2673.340883014273 71.274000129723007
2712.225521559891 71.256000221471567
2751.6757501970797 71.259499977837521
2791.699795623158 71.284499872341058
2832.3060041955137 71.332500007179746
2873.502843672097 71.402999732477682
2915.2989049772345 71.495999788565484
2957.7029039931244 71.608499745288810
3000.723683377391 71.739499035876392
3044.370214407075 71.889000786801631
3088.6515988494466 72.051498527912813
3133.57707086003 72.224000274398193
3179.1559989082334 72.400499995772250
3225.3978877309914 72.578499567841277
3272.3123803148205 72.752001326391579
3319.9092599067053 72.918000842332603
3368.198452054235 73.074501379451917
3417.190026675413 73.224000078087727
3466.8942001585724 73.369500581498613
3517.3213374928373 73.516001048872397
3568.4819544295697 73.674999858374576
3620.386719675257 73.848999060273485
3673.0464571162966 74.045001865222048
3726.472148076138 74.263000628332591
3780.6749336052594 74.492999718266702
3835.6661168044484 74.719000406159836
3891.45716518188 74.913000361863382
3948.059713044477 75.036999371367500
4005.4855639240527 75.054499867110209
4063.746693038744 74.932000645418952
4122.855249790247 74.659998306796254
4182.823560297375 74.253502980525212
4243.664129966465 73.752998859850933
4305.389646099183 73.211503104644606
4368.012980538242 72.680000165177717
4431.5471923516225 72.202498827233427
4496.00553055582 71.809497659408009
4561.401436878714 71.520998857562290
4627.748548562617 71.347501180508615
4695.060701208099 71.289500257456780
4763.351931659176 71.335999953466072
4832.63648093046 71.479998921180425
4902.928797176889 71.706999345005897
4974.243538706657 71.994998137103238
5046.595577037959 72.321498091315988
5120.000000000202 72.659500000000861
5194.472114880326 72.977500410531249
5270.027451614888 73.247501222491536
5346.6817660285715 73.454999366654860
5424.451043119808 73.572000008744084
5503.351500394186 73.587999898687059
5583.399591246343 73.508998849729437
5664.612008391055 73.350999977849668
5747.005687344222 73.133500825334764
5830.597809954497 72.882000571782513
5915.405807986278 72.619500594326027
6001.447366754812 72.366999065183393
6088.740428814181 72.144499128455976
6177.303197698925 71.964499722762525
6267.154141720092 71.838499898169488
6358.3119978165005 71.773000001568917
6450.795775462017 71.770000007283571
6544.624760629676 71.831999841829713
6639.818519813445 71.957000966115956
6736.396904108505 72.136499821777790
6834.380053350861 72.358500130144989
6933.788400317181 72.600998537123559
7034.642674985712 72.839499231404716
7136.963908859177 73.032999827642925
7240.773439350552 73.132999803935860
7346.092914232631 73.086000038274463
7452.944296152315 72.844498755628109
7561.349867210557 72.389000557954276
7671.332233608935 71.734498324082054
7782.914330363799 70.934004803991456
7896.119426088994 70.046504499324385
8010.971127848146 69.118498979602336
8127.49338607753 68.188497033011586
8245.710499580537 67.280003845701003
8365.647120594791 66.415999199212777
8487.328259932974 65.607998438730334
8610.77929219841 64.866498440404669
8736.025961076528 64.198000207752216
8863.094384703289 63.610502844807286
8992.011061111683 63.104499803991445
9122.802873757471 62.685000404908109
9255.497097125279 62.357999832982955
9390.121402416245 62.126499624345115
9526.7038633184 61.999000127592048
9665.272961860968 61.975000006605640
9805.857594353829 62.054000745911353
9948.487077413367 62.233000140164080
10093.19115407597 62.495000312750847
10240.000000000457 62.793000000000760
10388.944229760706 63.040500088187628
10540.05490322983 63.098499962857304
10693.363532057198 62.851498216088387
10848.902086239672 62.329999612525100
11006.703000788428 61.620999996222736
11166.799182492743 60.853999136551195
11329.224016782166 60.085499920513143
11494.0113746885 59.305002961718252
11661.195619909053 58.620501480176898
11830.811615972614 59.025499083045389
12002.894733509682 61.167996682092323
12177.48085762842 63.522508880065729
12354.606395397908 65.356502510525772
12534.308283440243 66.497495450300320
12716.62399563306 66.892999990526704
12901.591550924093 66.520000905590763
13089.249521259411 65.484502641698612
13279.637039626952 64.088499706527060
13472.793808217073 62.658001420323764
13668.760106701786 61.367999418235186
13867.576800634426 60.284001086990962
14069.285349971487 59.438998777238339
14273.927817718419 58.724000636871679
14481.54687870117 58.116000355216471
14692.18582846533 57.601500418985026
14905.888592304698 57.182500799353917
15122.699734421185 56.918000323994619
15342.664467217943 56.871500286823007
15565.828660727671 57.008499791722230
15792.238852178061 57.092499945156831
16021.942255696367 56.772999031719138
16254.986772155136 55.890496624785001
16491.42099916115 54.857004374828499
16731.294241189662 53.879503092207557
16974.65651986603 52.740497961829881
17221.558584396902 51.772501629400210
17472.051922153143 51.143002708666060
17726.188769406665 50.996500132928524
17984.022122223458 51.785507765094408
18245.605747515034 53.595504934817718
18510.99419425065 55.347501043586448
18780.242804832582 56.794000791085082
19053.40772663689 57.062499731306261
19330.545923722028 55.968504248583201
19611.71518870775 53.720998062050938
19896.974154826825 50.791508679572360
20186.382308152035 50.791499999999999
