20 67.454999999999998
20.290906698750476 67.492333150783480
20.586044732869844 67.528302114825436
20.885475648548283 67.562353906835483
21.189261887185914 67.594372396913201
21.49746679841394 67.625003036602948
21.810154653305165 67.655464782240074
22.12739065777668 67.684805920877679
22.449240966187475 67.712775128157276
22.77577269513385 67.736546316862416
23.107053937445478 67.754817443243184
23.44315377638505 67.767794628976119
23.784142300054445 67.777333735376430
24.130090616010463 67.788637278818044
24.481070866093134 67.806864257644293
24.837156241469714 67.830972455892436
25.1984209978975 67.861113811068662
25.56494047120865 67.891076742371524
25.936791093020236 67.917207484543781
26.3140504066728 67.937942157429674
26.69679708340074 67.951165923439277
27.08511093873791 67.959585172028397
27.47907294916184 67.963244204042780
27.878765268980047 67.964348456586222
28.284271247461966 67.965921356237317
28.695675446220072 67.971304859816826
29.11306365684382 67.982409482616902
29.536522918790062 67.998997439670376
29.966141537533712 68.016611803038870
30.402009102982383 68.028520090962843
30.844216508158908 68.031319730164128
31.29285596815558 68.029794650199022
31.74802103936409 68.028003957921271
32.20980663898519 68.028968646472890
32.67830906482211 68.032961399713045
33.153626015361866 68.037882634138242
33.63585661014871 68.041543426440597
34.125101410453844 68.043000000000006
34.62146244024586 68.042271225358519
35.12504320746613 68.038749567925336
35.635948725613716 68.033504564018244
36.15428553564419 68.027802859107908
36.68016172818701 68.022018220989935
37.21368696608603 68.016149443373052
37.754972507267915 68.009721786732570
38.30413122794313 68.002438046580863
38.86127764614443 67.993375261075030
39.4265279456077 67.982423522833244
40.000000000000206 67.969999999999999
40.58181339750116 67.957394001034146
41.1720894657399 67.945558227894054
41.77095129709678 67.931677781993685
42.37852377437204 67.916536901302266
42.9949335968281 67.900714172795858
43.62030930661056 67.884125101198208
44.25478131555359 67.869319325188314
44.89848193237519 67.855199565463749
45.55154539026795 67.832885916085104
46.21410787489121 67.799529769269526
46.88630755277036 67.779075266827078
47.56828460010916 67.769719845252922
48.260181232021196 67.740509546542768
48.962141732186545 67.708633734170135
49.674312482939705 67.690456436573953
50.39684199579528 67.639087458683704
51.129880942417586 67.580212815308840
51.873582186040764 67.609464550581464
52.628100813345895 67.681269712546367
53.393594166801776 67.657078691018384
54.17022187747612 67.564568875259539
54.95814589832399 67.519837095123378
55.75753053796041 67.479457447526840
56.56854249492426 67.425339110345163
57.39135089244048 67.391499464736938
58.226127313687975 67.366862069532345
59.073045837580466 67.301350268450577
59.932283075067765 67.240774043207722
60.804018205965114 67.190224397698955
61.68843301631817 67.132136198907929
62.58571193631152 67.085437637987056
63.49604207872855 67.036977580473106
64.41961327797075 66.987858562657408
65.35661812964459 66.932183785887730
66.3072520307241 66.864025756202636
67.27171322029778 66.816163743051959
68.25020282090806 66.777984991252794
69.2429248804921 66.720920988276788
70.25008641493265 66.725378240559962
71.27189745122783 66.731476306450546
72.30857107128878 66.633774330553251
73.36032345637442 66.512769271644430
74.42737393217246 66.403279371732339
75.50994501453623 66.296991819227259
76.60826245588666 66.227367766832145
77.72255529228926 66.184430683155043
78.85305589121582 66.118240995262170
80.00000000000082 65.950499999999934
81.16362679500274 65.858379315093913
82.34417893148023 65.766166001505198
83.541902594194 65.668243599761865
84.75704754874454 65.579607944545771
85.98986719365665 65.527854561608422
87.24061861322157 65.450858560441560
88.50956263110764 65.372980874737792
89.79696386475084 65.370406072270498
91.10309078053635 65.405390917686162
92.42821574978288 65.402358920422813
93.77261510554118 65.411789324374951
95.13656920021877 65.429288294808543
96.52036246404286 65.463814588989578
97.92428346437356 65.521766340694199
99.34862496587989 65.564157488916251
100.79368399159105 65.599718237002577
102.25976188483567 65.646494047120896
103.74716437208203 65.656194146765955
105.25620162669229 65.626559857140833
106.78718833360406 65.574700486099829
108.34044375495276 65.525949941554401
109.9162917966485 65.483797553283949
111.51506107592134 65.424609874830651
113.13708498984903 65.379363199614602
114.78270178488147 65.360495952642509
116.45225462737648 65.337056034244227
118.14609167516147 65.308303755111211
119.86456615013608 65.335402796523525
121.60803641193078 65.384441373241174
123.3768660326369 65.456369472664136
125.17142387262359 65.530214074268059
126.99208415745765 65.600989879516561
128.83922655594208 65.624459116063932
130.71323625928977 65.626600841439199
132.61450406144883 65.618396943139714
134.5434264405962 65.587995614577920
136.50040564181674 65.544989047670953
138.48584976098482 65.488224033007015
140.50017282986593 65.419243691709895
142.5437949024563 65.344651486060343
144.61714214257822 65.279890021258296
146.7206469127495 65.219289498295353
148.8547478643456 65.156086614496758
151.01989002907314 65.090903299127802
153.216524911774 65.026150692505610
155.4451105845792 64.964550279619345
157.70611178243232 64.909094539578106
160.00000000000236 64.854499999999945
162.3272535900062 64.791664153069831
164.6883578629612 64.724850636691912
167.08380518838874 64.657236693687437
169.51409509748981 64.584271509036313
171.97973438731407 64.510503915258042
174.4812372264439 64.437544120433131
177.01912526221608 64.355465041294423
179.5939277295025 64.271237956018226
182.20618156107355 64.198433097851009
184.85643149956664 64.133945644010396
187.54523021108326 64.072312500791526
190.27313840043846 64.030684413273079
193.04072492808663 63.989011300862956
195.84856692874806 63.960748025199010
198.69724993176072 63.942161450532268
201.58736798318304 63.903956498963765
204.5195237696723 63.856966905339753
207.49432874416505 63.810843575721279
210.5124032533856 63.757012270976773
213.57437666720915 63.695438089988599
216.68088750990657 63.622493810700981
219.83258359329807 63.545185410167548
223.03012215184378 63.463353119859008
226.2741699796992 63.382024778837469
229.5654035697641 63.298582208971013
232.90450925475412 63.211498674500604
236.2921833503241 63.119574526622458
239.72913230027333 63.026347286355083
243.21607282386276 62.935422288639224
246.75373206527502 62.852287296466045
250.34284774524843 62.749928847483332
253.9841683149166 62.642965055749329
257.67845311188546 62.545020992535036
261.42647251858085 62.450409877970657
265.22900812289896 62.351045788804626
269.08685288119375 62.250785251529564
273.0008112836349 62.151980123550942
276.97169952197106 62.054450436831218
281.00034565973334 61.954291289374723
285.0875898049141 61.851292736916164
289.23428428515797 61.746796036014018
293.44129382550057 61.644564818805435
297.7094957286928 61.543055900802855
302.0397800581479 61.440300251111722
306.4330498235497 61.337945362362284
310.89022116916016 61.240387689570767
315.41222356486645 61.149724969790505
320.00000000000654 61.046499999999867
324.6545071800142 60.951082602809706
329.3767157259242 60.852526641328183
334.16761037677935 60.751146660012282
339.02819019498156 60.644074177671406
343.95946877463007 60.534995740080674
348.9624744528898 60.426014304372288
354.03825052443415 60.321119689301547
359.187855459007 60.219418033003464
364.4123631221491 60.126724881674605
369.71286299913527 60.049106059112361
375.0904604221685 59.983412007255907
380.54627680087896 59.947949200794284
386.08144985617537 59.938091855014378
391.6971338574982 59.963247094484053
397.3944998635236 60.009015648403228
403.1747359663683 60.092412266106138
409.0390475393468 60.202306982479840
414.9886574883323 60.322276930603863
421.0248065067734 60.431193249754131
427.1487533344206 60.537863501687596
433.3617750198154 60.652346989921845
439.6651671865984 60.757333044070329
446.06024430368984 60.858418725631267
452.54833995940066 60.946022071561529
459.13080713953053 61.008497033644481
465.8090185095106 61.068733421212976
472.58436670065066 61.119453293082898
479.45826460054917 61.156835980588340
486.432145647728 61.191160728238643
493.50746413055253 61.220494675388679
500.6856954904994 61.240757094694402
507.9683366298358 61.259418862613956
515.3569062237735 61.285070718671321
522.8529450371643 61.307505526046668
530.4580162458005 61.329931300768123
538.1737057623901 61.354120377722822
546.0016225672724 61.382291856861812
553.9433990439449 61.412530671295286
562.0006913194694 61.443302523316063
570.1751796098309 61.473095610673425
578.4685685703187 61.501293133139086
586.8825876510039 61.526803633570459
595.4189914573883 61.549276529070596
604.0795601162986 61.569424037754402
612.8660996471021 61.586689463655539
621.780442338323 61.603576567366765
630.8244471297356 61.620978673111367
640.0000000000159 61.643000000000043
649.3090143600314 61.669530690926095
658.7534314518515 61.696009608065182
668.3352207535618 61.724088901223006
678.0563803899662 61.754780417247893
687.9189375492632 61.787132493912566
697.9249489057827 61.821341073724952
708.0765010488715 61.856767753671051
718.3757109180171 61.891558631575350
728.8247262443015 61.926121596606194
739.425725998274 61.960162323194481
750.1809208443404 61.995618146218163
761.0925536017613 62.032899558139349
772.1628997123541 62.072351910509575
783.3942677149998 62.115754214409421
794.7889997270506 62.161721748885455
806.34947193274 62.210778939705733
818.0780950786972 62.264020292292351
829.9773149766683 62.320620834117705
842.0496130135506 62.379579331192190
854.2975066688449 62.441382847233569
866.7235500396347 62.508024550222558
879.3303343732008 62.578966389208581
892.1204886073838 62.651349435441844
905.0966799188055 62.727429526165963
918.2616142790653 62.810700492813922
931.6180370190256 62.898280860279705
945.1687334013056 62.992174619934410
958.9165292011028 63.093873969008271
972.8642912954606 63.198900042073475
987.0149282611097 63.309270975587168
1001.3713909810035 63.425245406044226
1015.9366732596762 63.544711943171336
1030.7138124475518 63.666541912502495
1045.7058900743334 63.792966974983607
1060.916032491606 63.917297725516462
1076.3474115247852 64.040458947068259
1092.0032451345498 64.167651163897304
1107.8867980878947 64.295459613411168
1124.0013826389438 64.423399911593805
1140.350359219667 64.553900805391493
1156.9371371406426 64.686681772709662
1173.765175302013 64.820621402416108
1190.837982914782 64.958245977060059
1208.1591202326028 65.098889853355857
1225.73219929421 65.243812960902716
1243.5608846766518 65.389840705638761
1261.648894259477 65.542515601205565
1280.0000000000375 65.698000000000320
1298.6180287200684 65.850933807343424
1317.5068629037087 66.005554903229665
1336.6704415071292 66.159697054132380
1356.112760779938 66.315804905259000
1375.8378750985323 66.472119213278404
1395.8498978115715 66.625062975922646
1416.153002097749 66.778455165838011
1436.7514218360407 66.933129307132603
1457.6494524886093 67.088870893664563
1478.8514519965543 67.245729076856094
1500.3618416886875 67.395105260158545
1522.1851072035295 67.552232771865420
1544.3257994247153 67.710872723880954
1566.788535430007 67.873720537930453
1589.5779994541087 68.033505076255182
1612.6989438654878 68.194146585935727
1636.156190157402 68.358147083495510
1659.9546299533442 68.524978780069674
1684.099226027109 68.695740535751384
1708.5950133376978 68.864555187762051
1733.4471000792773 69.029264512532748
1758.6606687464096 69.198180053851104
1784.2409772147755 69.368360088706112
1810.193359837619 69.544149651666586
1836.5232285581387 69.724244702197211
1863.2360740380593 69.897651987920540
1890.3374668026197 70.073840779569394
1917.833058402214 70.255341524286564
1945.7285825909298 70.436406643537396
1974.0298565222283 70.622116455916256
2002.7427819620161 70.811639543902899
2031.8733465193618 70.988271301558157
2061.4276248951132 71.166065749370674
2091.411780148677 71.345688324862323
2121.832064983222 71.521805365530611
2152.694823049581 71.694773638501417
2184.0064902691106 71.869436345507012
2215.7735961758003 72.031952882313078
2248.002765277899 72.179478926065343
2280.7007184393456 72.322834743981872
2313.874274281297 72.460765859220501
2347.530350604038 72.589570124724872
2381.6759658295764 72.707572586383336
2416.318240465218 72.819358516116594
2451.4643985884327 72.915124386506378
2487.1217693533167 72.991248459190871
2523.2977885189675 73.050694016917376
2560.0000000000887 73.100750000000119
2597.236057440151 73.135272535900100
2635.0137258074315 73.153503660215307
2673.340883014273 73.154582389623215
2712.225521559891 73.143980216735372
2751.6757501970797 73.122786443636670
2791.699795623158 73.079167750361620
2832.3060041955137 73.022479353958460
2873.502843672097 72.954224824516785
2915.2989049772345 72.874331266697126
2957.7029039931244 72.784706291775876
3000.723683377391 72.685245067809831
3044.370214407075 72.579147300889090
3088.6515988494466 72.469570437833241
3133.57707086003 72.362183310250430
3179.1559989082334 72.241780083078794
3225.3978877309914 72.116965491899435
3272.3123803148205 71.997888420622388
3319.9092599067053 71.882514146620167
3368.198452054235 71.770917451919047
3417.190026675413 71.662697642114352
3466.8942001585724 71.559232077697132
3517.3213374928373 71.468112646636541
3568.4819544295697 71.391288639697265
3620.386719675257 71.332875155472777
3673.0464571162966 71.294863519443709
3726.472148076138 71.267587533365742
3780.6749336052594 71.257000000000005
3835.6661168044484 71.259663239856764
3891.45716518188 71.271937149554560
3948.059713044477 71.288917913913338
4005.4855639240527 71.320245625321718
4063.746693038744 71.355684689082921
4122.855249790247 71.406307662293742
4182.823560297375 71.465525243175762
4243.664129966465 71.530711567821214
4305.389646099183 71.604429155703173
4368.012980538242 71.689284406735595
4431.5471923516225 71.776847200884731
4496.00553055582 71.853373072893817
4561.401436878714 71.921899566980244
4627.748548562617 71.963403997332307
4695.060701208099 71.964443907451567
4763.351931659176 71.937893470064068
4832.63648093046 71.894528098539382
4902.928797176889 71.836482436987836
4974.243538706657 71.761905293309894
5046.595577037959 71.686195645318534
5120.000000000202 71.615571428571229
5194.472114880326 71.546204464753984
5270.027451614888 71.479038651409567
5346.6817660285715 71.410111127461249
5424.451043119808 71.335048956880200
5503.351500394186 71.248145774546686
5583.399591246343 71.101408322616734
5664.612008391055 70.910992819609731
5747.005687344222 70.684923051714208
5830.597809954497 70.446680748869440
5915.405807986278 70.239080416822645
6001.447366754812 70.096777141292506
6088.740428814181 69.932955069962546
6177.303197698925 69.777789997885250
6267.154141720092 69.653530889778636
6358.3119978165005 69.563351681877805
6450.795775462017 69.505403837674024
6544.624760629676 69.483107504787412
6639.818519813445 69.492551907750567
6736.396904108505 69.530338142465098
6834.380053350861 69.597723045348232
6933.788400317181 69.687119458315607
7034.642674985712 69.788855168610212
7136.963908859177 69.890137157061844
7240.773439350552 69.976856876332391
7346.092914232631 70.030562299415834
7452.944296152315 70.018880902289169
7561.349867210557 69.925680779367724
7671.332233608935 69.741607611044444
7782.914330363799 69.461079420823964
7896.119426088994 69.096582002238677
8010.971127848146 68.656275593860556
8127.49338607753 68.145311228935782
8245.710499580537 67.566502053976834
8365.647120594791 66.932125464229927
8487.328259932974 66.272402586614447
8610.77929219841 65.609907625970195
8736.025961076528 64.963412554152328
8863.094384703289 64.339805575486622
8992.011061111683 63.737334974404732
9122.802873757471 63.195898874189425
9255.497097125279 62.720670425724151
9390.121402416245 62.313690423838572
9526.7038633184 61.978534548002955
9665.272961860968 61.717197542997440
9805.857594353829 61.530568221139369
9948.487077413367 61.420471098470756
10093.19115407597 61.404751026948361
10240.000000000457 61.483600000000365
10388.944229760706 61.667322292421645
10540.05490322983 61.974188262710825
10693.363532057198 62.411819361450654
10848.902086239672 63.005432678757032
11006.703000788428 63.777523860384321
11166.799182492743 64.713814972330368
11329.224016782166 65.886103259059723
11494.0113746885 67.257448865000882
11661.195619909053 68.822174351373818
11830.811615972614 70.208496421043463
12002.894733509682 70.998755045425241
12177.48085762842 70.999605091776772
12354.606395397908 69.934251336887058
12534.308283440243 68.590783661289322
12716.62399563306 67.257562109098387
12901.591550924093 66.265591723387502
13089.249521259411 65.459466699389935
13279.637039626952 65.019109423718021
13472.793808217073 65.047346870270189
13668.760106701786 65.597453498830845
13867.576800634426 66.678800402391815
14069.285349971487 68.076340328802132
14273.927817718419 69.496559054965815
14481.54687870117 70.156783759771088
14692.18582846533 69.395628918847095
14905.888592304698 67.671058373105367
15122.699734421185 65.526935105716973
15342.664467217943 63.423633806269464
15565.828660727671 61.604890247230003
15792.238852178061 60.132849019457232
16021.942255696367 59.001604992277898
16254.986772155136 58.184789127463674
16491.42099916115 57.842905235212982
16731.294241189662 57.825874115176205
16974.65651986603 58.017805981005324
17221.558584396902 58.426341288356994
17472.051922153143 58.911665871264468
17726.188769406665 59.227521839895289
17984.022122223458 59.086972116243558
18245.605747515034 58.379453311542392
18510.99419425065 57.254102686368853
18780.242804832582 55.612543911908354
19053.40772663689 52.699337663625187
19330.545923722028 48.520625102708763
19611.71518870775 43.162349152387854
19896.974154826825 40.100999999999999
20186.382308152035 40.100999999999999
