20 105.617500000000007
20.290906698750476 105.636893844562849
20.586044732869844 105.653709204165267
20.885475648548283 105.669725367922581
21.189261887185914 105.686409350764052
21.49746679841394 105.703982521117098
21.810154653305165 105.721533169132670
22.12739065777668 105.736914102955510
22.449240966187475 105.750059292064961
22.77577269513385 105.759515438954139
23.107053937445478 105.765605814414400
23.44315377638505 105.770170133490723
23.784142300054445 105.774071600875601
24.130090616010463 105.778017728912559
24.481070866093134 105.781810709607385
24.837156241469714 105.785142964155455
25.1984209978975 105.787988157484222
25.56494047120865 105.790530880522255
25.936791093020236 105.792341978522657
26.3140504066728 105.792809917021941
26.69679708340074 105.790778025520240
27.08511093873791 105.785914827971609
27.47907294916184 105.778767387871682
27.878765268980047 105.771621607792838
28.284271247461966 105.766657287525376
28.695675446220072 105.763717298215113
29.11306365684382 105.761369363431555
29.536522918790062 105.756769541624209
29.966141537533712 105.748177169249331
30.402009102982383 105.736949772592865
30.844216508158908 105.725714333446660
31.29285596815558 105.713696460875724
31.74802103936409 105.699567284661626
32.20980663898519 105.682607734440595
32.67830906482211 105.664224255536766
33.153626015361866 105.647391219539145
33.63585661014871 105.633467728136139
34.125101410453844 105.620372059096837
34.62146244024586 105.605248814591391
35.12504320746613 105.587123314908823
35.635948725613716 105.566790153524209
36.15428553564419 105.545174293038585
36.68016172818701 105.523433207416147
37.21368696608603 105.500597773492217
37.754972507267915 105.477254745401211
38.30413122794313 105.454438921110210
38.86127764614443 105.432851320179893
39.4265279456077 105.411301125575108
40.000000000000206 105.387499999999989
40.58181339750116 105.362772848182360
41.1720894657399 105.336732753266048
41.77095129709678 105.310282944488037
42.37852377437204 105.283379653735452
42.9949335968281 105.255727913902462
43.62030930661056 105.227586108271979
44.25478131555359 105.198242379288757
44.89848193237519 105.166575920300971
45.55154539026795 105.134643642668266
46.21410787489121 105.104318165440816
46.88630755277036 105.071253036379005
47.56828460010916 105.033939450937950
48.260181232021196 104.998111348862977
48.962141732186545 104.964080225227633
49.674312482939705 104.927412873147887
50.39684199579528 104.887177609833529
51.129880942417586 104.846827778330805
51.873582186040764 104.805652477008408
52.628100813345895 104.764257168987456
53.393594166801776 104.729002210309943
54.17022187747612 104.700835551403571
54.95814589832399 104.672001436849499
55.75753053796041 104.632184293478758
56.56854249492426 104.584034636562166
57.39135089244048 104.538910832609076
58.226127313687975 104.498693634315600
59.073045837580466 104.455872910176709
59.932283075067765 104.407326006258671
60.804018205965114 104.362784685702309
61.68843301631817 104.314059440352906
62.58571193631152 104.256482339981503
63.49604207872855 104.193773096567725
64.41961327797075 104.131934943570883
65.35661812964459 104.072389675962043
66.3072520307241 104.011299609880041
67.27171322029778 103.943936648138560
68.25020282090806 103.873610498305069
69.2429248804921 103.803116720805804
70.25008641493265 103.733369080577120
71.27189745122783 103.664326665670188
72.30857107128878 103.599720020007823
73.36032345637442 103.544605282734949
74.42737393217246 103.502465095068743
75.50994501453623 103.480962925208900
76.60826245588666 103.482409091770961
77.72255529228926 103.504347839344661
78.85305589121582 103.539334750408088
80.00000000000082 103.579000000000036
81.16362679500274 103.618272502512596
82.34417893148023 103.645904137486141
83.541902594194 103.656312424317974
84.75704754874454 103.647233221909687
85.98986719365665 103.620990595377151
87.24061861322157 103.579578327587257
88.50956263110764 103.530044181250531
89.79696386475084 103.468678055780202
91.10309078053635 103.403385700778870
92.42821574978288 103.336616813491361
93.77261510554118 103.274264053750272
95.13656920021877 103.213081986528820
96.52036246404286 103.153815759404949
97.92428346437356 103.095875958304589
99.34862496587989 103.035040542872537
100.79368399159105 102.970019659047864
102.25976188483567 102.903304207259168
103.74716437208203 102.833742898989073
105.25620162669229 102.757817026128279
106.78718833360406 102.675967037762973
108.34044375495276 102.589374853886000
109.9162917966485 102.499599497378540
111.51506107592134 102.406576717202171
113.13708498984903 102.309775014317367
114.78270178488147 102.211037925501927
116.45225462737648 102.110204486896549
118.14609167516147 102.006784979555192
119.86456615013608 101.898388813905882
121.60803641193078 101.785757570419435
123.3768660326369 101.666241890388903
125.17142387262359 101.542443187625480
126.99208415745765 101.414062024820510
128.83922655594208 101.281116571908242
130.71323625928977 101.144046147891942
132.61450406144883 101.001183187268452
134.5434264405962 100.851297597972604
136.50040564181674 100.694716940191938
138.48584976098482 100.532053007398019
140.50017282986593 100.363151860908161
142.5437949024563 100.188081570022916
144.61714214257822 100.007500062524414
146.7206469127495 99.823615459825689
148.8547478643456 99.638720734093411
151.01989002907314 99.453921281546229
153.216524911774 99.272537836952210
155.4451105845792 99.101643458131690
157.70611178243232 98.950988299095954
160.00000000000236 98.833999999999918
162.3272535900062 98.759527885119809
164.6883578629612 98.739556838104448
167.08380518838874 98.786261041408295
169.51409509748981 98.900330126049965
171.97973438731407 99.085066591617505
174.4812372264439 99.327501207316118
177.01912526221608 99.595642578004671
179.5939277295025 99.856811558496148
182.20618156107355 100.082819251130175
184.85643149956664 100.270093773470094
187.54523021108326 100.418601149472352
190.27313840043846 100.509815586726944
193.04072492808663 100.544567420057533
195.84856692874806 100.530780636226041
198.69724993176072 100.474913701828811
201.58736798318304 100.382854752605397
204.5195237696723 100.269193017520209
207.49432874416505 100.146483466698541
210.5124032533856 100.031817953340408
213.57437666720915 99.936704641651744
216.68088750990657 99.869036473230693
219.83258359329807 99.815843829693819
223.03012215184378 99.779411125791768
226.2741699796992 99.737419676944114
229.5654035697641 99.687736244668656
232.90450925475412 99.628718833414425
236.2921833503241 99.555866709972776
239.72913230027333 99.466076418655348
243.21607282386276 99.364382769769207
246.75373206527502 99.256041955500962
250.34284774524843 99.147043143769935
253.9841683149166 99.035982866395045
257.67845311188546 98.925606213282421
261.42647251858085 98.823913551063129
265.22900812289896 98.726217544896798
269.08685288119375 98.628712874128553
273.0008112836349 98.528856239065945
276.97169952197106 98.446017669132658
281.00034565973334 98.389595022499833
285.0875898049141 98.330537250257933
289.23428428515797 98.261287452437855
293.44129382550057 98.186556711140980
297.7094957286928 98.111896673466475
302.0397800581479 98.038588656533292
306.4330498235497 97.966665694519278
310.89022116916016 97.894283906001149
315.41222356486645 97.822981535952948
320.00000000000654 97.755999999999915
324.6545071800142 97.691767800915812
329.3767157259242 97.616972548385206
334.16761037677935 97.551570781988829
339.02819019498156 97.496592726874695
343.95946877463007 97.431755277787573
348.9624744528898 97.359647872987807
354.03825052443415 97.307751920227645
359.187855459007 97.274710438337763
364.4123631221491 97.234259858710587
369.71286299913527 97.189911950807272
375.0904604221685 97.145269855163917
380.54627680087896 97.101233622964330
386.08144985617537 97.051950661323190
391.6971338574982 97.010620062997504
397.3944998635236 96.974090800764259
403.1747359663683 96.943626320168164
409.0390475393468 96.918863333612279
414.9886574883323 96.905511342511659
421.0248065067734 96.907253267367793
427.1487533344206 96.923527515560636
433.3617750198154 96.958819683478652
439.6651671865984 97.014816839052585
446.06024430368984 97.094433786707185
452.54833995940066 97.204428127220496
459.13080713953053 97.343853045333788
465.8090185095106 97.505447390201653
472.58436670065066 97.684622991388920
479.45826460054917 97.869873144214836
486.432145647728 98.056838288794324
493.50746413055253 98.240729248527884
500.6856954904994 98.418613844026737
507.9683366298358 98.589755910801131
515.3569062237735 98.746934178061878
522.8529450371643 98.891459628798600
530.4580162458005 99.028500016024992
538.1737057623901 99.154493918445752
546.0016225672724 99.265521093374545
553.9433990439449 99.366577863646853
562.0006913194694 99.458807016892621
570.1751796098309 99.541471508722580
578.4685685703187 99.611135975990678
586.8825876510039 99.676995924912731
595.4189914573883 99.739745788920331
604.0795601162986 99.799782058277742
612.8660996471021 99.857977226252387
621.780442338323 99.918010144438625
630.8244471297356 99.980065018125714
640.0000000000159 100.042000000000115
649.3090143600314 100.107163100520211
658.7534314518515 100.179839093751852
668.3352207535618 100.256181766028504
678.0563803899662 100.330728490963736
687.9189375492632 100.403704190987085
697.9249489057827 100.476852127012222
708.0765010488715 100.547324032184775
718.3757109180171 100.614104549875307
728.8247262443015 100.676565884841381
739.425725998274 100.736284065590326
750.1809208443404 100.794442296064275
761.0925536017613 100.851273716675848
772.1628997123541 100.907987140836269
783.3942677149998 100.965762764377303
794.7889997270506 101.023727873623884
806.34947193274 101.082011920994233
818.0780950786972 101.141825566944050
829.9773149766683 101.203726621223211
842.0496130135506 101.267766669947832
854.2975066688449 101.333957223900782
866.7235500396347 101.402524550222566
879.3303343732008 101.473682905927234
892.1204886073838 101.548010882783558
905.0966799188055 101.625929526165962
918.2616142790653 101.707514673584939
931.6180370190256 101.792517240623667
945.1687334013056 101.882986344908915
958.9165292011028 101.979901792607905
972.8642912954606 102.082228612643405
987.0149282611097 102.190884637710894
1001.3713909810035 102.305382545142322
1015.9366732596762 102.426492945149249
1030.7138124475518 102.552720365614391
1045.7058900743334 102.683586465344888
1060.916032491606 102.818183223591674
1076.3474115247852 102.955991962570579
1092.0032451345498 103.095028394927311
1107.8867980878947 103.233537783747110
1124.0013826389438 103.369400257253545
1140.350359219667 103.503107010489032
1156.9371371406426 103.630267230892883
1173.765175302013 103.752635580201343
1190.837982914782 103.864904775204280
1208.1591202326028 103.975263167143140
1225.73219929421 104.082802638571991
1243.5608846766518 104.191007579430845
1261.648894259477 104.301058254982820
1280.0000000000375 104.412000000000234
1298.6180287200684 104.522112341287269
1317.5068629037087 104.633539804841519
1336.6704415071292 104.742604755552961
1356.112760779938 104.850523003309149
1375.8378750985323 104.957920472409540
1395.8498978115715 105.066485695627776
1416.153002097749 105.175149344521330
1436.7514218360407 105.284444964639206
1457.6494524886093 105.393624163890991
1478.8514519965543 105.503296463262288
1500.3618416886875 105.613816445277209
1522.1851072035295 105.723369238161723
1544.3257994247153 105.833742481135076
1566.788535430007 105.944599594315633
1589.5779994541087 106.055849077346977
1612.6989438654878 106.168724824940881
1636.156190157402 106.283442207968108
1659.9546299533442 106.398384038577916
1684.099226027109 106.513130331368501
1708.5950133376978 106.629068462953938
1733.4471000792773 106.746032428371024
1758.6606687464096 106.864031929733187
1784.2409772147755 106.983747773365153
1810.193359837619 107.105204924040052
1836.5232285581387 107.228198245080932
1863.2360740380593 107.352944826498117
1890.3374668026197 107.480086093972318
1917.833058402214 107.609672035658448
1945.7285825909298 107.741338909829182
1974.0298565222283 107.876362714176253
2002.7427819620161 108.014256779483077
2031.8733465193618 108.155054508176917
2061.4276248951132 108.297923980741302
2091.411780148677 108.443370663390226
2121.832064983222 108.591248110294885
2152.694823049581 108.738300409485504
2184.0064902691106 108.886730342008093
2215.7735961758003 109.033861372456485
2248.002765277899 109.181012443750546
2280.7007184393456 109.327083161133118
2313.874274281297 109.471659379409573
2347.530350604038 109.614919645047024
2381.6759658295764 109.755287661609785
2416.318240465218 109.894500991186447
2451.4643985884327 110.033516069441959
2487.1217693533167 110.172133449187726
2523.2977885189675 110.306245705737751
2560.0000000000887 110.435500000000303
2597.236057440151 110.560232637398485
2635.0137258074315 110.681292778766505
2673.340883014273 110.796855604892102
2712.225521559891 110.907120184289710
2751.6757501970797 111.009669109880008
2791.699795623158 111.104702024823837
2832.3060041955137 111.190550368642761
2873.502843672097 111.267894947989447
2915.2989049772345 111.335877434117435
2957.7029039931244 111.393742107272644
3000.723683377391 111.439560854617469
3044.370214407075 111.472549291737465
3088.6515988494466 111.494494349568541
3133.57707086003 111.505447133857501
3179.1559989082334 111.504292840120087
3225.3978877309914 111.492602781539532
3272.3123803148205 111.471228190826849
3319.9092599067053 111.441466240268113
3368.198452054235 111.403667346712808
3417.190026675413 111.359153773858083
3466.8942001585724 111.309767915838250
3517.3213374928373 111.257985809007437
3568.4819544295697 111.205887684659018
3620.386719675257 111.157671288276021
3673.0464571162966 111.116137015447435
3726.472148076138 111.081646154115845
3780.6749336052594 111.052662533197378
3835.6661168044484 111.024226974589510
3891.45716518188 110.990516413502235
3948.059713044477 110.952309693694986
4005.4855639240527 110.905608705501052
4063.746693038744 110.853471864055194
4122.855249790247 110.797811306447528
4182.823560297375 110.741418459156677
4243.664129966465 110.685792795459236
4305.389646099183 110.632918800815702
4368.012980538242 110.581622732560447
4431.5471923516225 110.527684886501120
4496.00553055582 110.469628309745133
4561.401436878714 110.407424318460670
4627.748548562617 110.342622308961339
4695.060701208099 110.273148381545496
4763.351931659176 110.197382311068566
4832.63648093046 110.112698939599710
4902.928797176889 110.022398180752418
4974.243538706657 109.932480939439245
5046.595577037959 109.845458974623909
5120.000000000202 109.763714285714059
5194.472114880326 109.692292754571127
5270.027451614888 109.629165367135499
5346.6817660285715 109.569113392365551
5424.451043119808 109.506351628249874
5503.351500394186 109.430886335314469
5583.399591246343 109.327618056926866
5664.612008391055 109.177068223385703
5747.005687344222 108.975384075436182
5830.597809954497 108.719142719910394
5915.405807986278 108.414032203653861
6001.447366754812 108.076273855276270
6088.740428814181 107.732660960312430
6177.303197698925 107.408889036460835
6267.154141720092 107.120448148068220
6358.3119978165005 106.877177805404159
6450.795775462017 106.678249963254103
6544.624760629676 106.525479696953084
6639.818519813445 106.416158795163227
6736.396904108505 106.345301547945752
6834.380053350861 106.306967789863336
6933.788400317181 106.296020478014270
7034.642674985712 106.307314241996579
7136.963908859177 106.337231104910785
7240.773439350552 106.379440313314234
7346.092914232631 106.422554378266085
7452.944296152315 106.450441644422853
7561.349867210557 106.440117537623678
7671.332233608935 106.370785744716983
7782.914330363799 106.225690462212270
7896.119426088994 105.989522321443388
8010.971127848146 105.649361113929160
8127.49338607753 105.212356176964761
8245.710499580537 104.689472790316870
8365.647120594791 104.095377973349756
8487.328259932974 103.455607423438295
8610.77929219841 102.787522339823624
8736.025961076528 102.110067302793851
8863.094384703289 101.438393229809265
8992.011061111683 100.782637069145238
9122.802873757471 100.153908628658741
9255.497097125279 99.559729332292591
9390.121402416245 99.005580843328346
9526.7038633184 98.496037873260036
9665.272961860968 98.032653818230997
9805.857594353829 97.617465800033770
9948.487077413367 97.251487102675583
10093.19115407597 96.940564505946796
10240.000000000457 96.679599999999255
10388.944229760706 96.470184396872256
10540.05490322983 96.320327989109458
10693.363532057198 96.232899434271218
10848.902086239672 96.217263798795187
11006.703000788428 96.288189716125160
11166.799182492743 96.480291645480321
11329.224016782166 96.922915339981273
11494.0113746885 97.683660475427189
11661.195619909053 99.102881392262688
11830.811615972614 100.830338480802979
12002.894733509682 102.745094092475028
12177.48085762842 104.423142611452221
12354.606395397908 105.524134418890668
12534.308283440243 106.205494306731595
12716.62399563306 106.381786880931614
12901.591550924093 106.112052953708258
13089.249521259411 105.646661187276663
13279.637039626952 105.013772897611062
13472.793808217073 104.302629764116986
13668.760106701786 103.669675811638427
13867.576800634426 103.210087017015056
14069.285349971487 103.016509460661723
14273.927817718419 103.051980821737857
14481.54687870117 103.442287117239999
14692.18582846533 104.230255987700929
14905.888592304698 105.252090706677009
15122.699734421185 106.231160921750018
15342.664467217943 106.744293421311284
15565.828660727671 106.376600652605077
15792.238852178061 104.969552999682861
16021.942255696367 102.794327154894489
16254.986772155136 100.382021960729645
16491.42099916115 98.202098387734196
16731.294241189662 96.421599561808847
16974.65651986603 94.963468976227489
17221.558584396902 93.781150762372846
17472.051922153143 92.839342795673943
17726.188769406665 92.090147741958134
17984.022122223458 91.473452145508219
18245.605747515034 90.912368546297955
18510.99419425065 90.319442816272343
18780.242804832582 89.619436927208568
19053.40772663689 88.785336407593491
19330.545923722028 87.825174622991284
19611.71518870775 86.770194839891232
19896.974154826825 86.242500000000007
20186.382308152035 86.242500000000007
