20 90.400499999999994
20.290906698750476 90.429105920730194
20.586044732869844 90.456220771443824
20.885475648548283 90.481765430126600
21.189261887185914 90.502766163070504
21.49746679841394 90.519873352104071
21.810154653305165 90.535406224101081
22.12739065777668 90.547777149666629
22.449240966187475 90.559641360068383
22.77577269513385 90.570273158431206
23.107053937445478 90.579676357357329
23.44315377638505 90.586885904986730
23.784142300054445 90.591111245125475
24.130090616010463 90.593216818416082
24.481070866093134 90.593952677401859
24.837156241469714 90.595642964155459
25.1984209978975 90.599728288721082
25.56494047120865 90.605592641566773
25.936791093020236 90.612564838919937
26.3140504066728 90.618640497868384
26.69679708340074 90.620745996354259
27.08511093873791 90.619457413985799
27.47907294916184 90.615360432723008
27.878765268980047 90.610515434137739
28.284271247461966 90.607010101267775
28.695675446220072 90.604521622768900
29.11306365684382 90.602095490745256
29.536522918790062 90.598452156218144
29.966141537533712 90.592007876936989
30.402009102982383 90.583963166568111
30.844216508158908 90.575615682626022
31.29285596815558 90.566401810676695
31.74802103936409 90.555799474015899
32.20980663898519 90.544045027386375
32.67830906482211 90.532042273379460
33.153626015361866 90.520466601646675
33.63585661014871 90.509239441356442
34.125101410453844 90.496621856275937
34.62146244024586 90.480141502390168
35.12504320746613 90.459873228493876
35.635948725613716 90.439469897152293
36.15428553564419 90.421062862859387
36.68016172818701 90.403694339513464
37.21368696608603 90.383952521356562
37.754972507267915 90.362118991319818
38.30413122794313 90.340043051338156
38.86127764614443 90.319456108358921
39.4265279456077 90.300025605026747
40.000000000000206 90.278999999999996
40.58181339750116 90.255727386524569
41.1720894657399 90.231639715283706
41.77095129709678 90.206710324988720
42.37852377437204 90.181945810692270
42.9949335968281 90.157615036174349
43.62030930661056 90.132687651797312
44.25478131555359 90.104534921464477
44.89848193237519 90.075152926942565
45.55154539026795 90.045717278834871
46.21410787489121 90.016353432745589
46.88630755277036 89.985369525160962
47.56828460010916 89.952829648095431
48.260181232021196 89.920611348862991
48.962141732186545 89.886392982114984
49.674312482939705 89.849870058810069
50.39684199579528 89.811665769177949
51.129880942417586 89.774005926442072
51.873582186040764 89.736820917382360
52.628100813345895 89.698559857140850
53.393594166801776 89.660804253707227
54.17022187747612 89.624575549778882
54.95814589832399 89.583320271781105
55.75753053796041 89.533957447526831
56.56854249492426 89.487798705274088
57.39135089244048 89.442388674577117
58.226127313687975 89.395110743119773
59.073045837580466 89.347676414390094
59.932283075067765 89.308581120084426
60.804018205965114 89.257710043412459
61.68843301631817 89.194982681797882
62.58571193631152 89.136651966710303
63.49604207872855 89.079993412158203
64.41961327797075 89.023613396682777
65.35661812964459 88.961753640276640
66.3072520307241 88.893835870033655
67.27171322029778 88.835914338985106
68.25020282090806 88.781360295484149
69.2429248804921 88.713882056453429
70.25008641493265 88.671874611132807
71.27189745122783 88.667140512743856
72.30857107128878 88.661648573572265
73.36032345637442 88.662904851845610
74.42737393217246 88.678269548084330
75.50994501453623 88.689399641929356
76.60826245588666 88.695570248129769
77.72255529228926 88.702680713647752
78.85305589121582 88.720522105426596
80.00000000000082 88.721000000000004
81.16362679500274 88.706454628699049
82.34417893148023 88.691917793340721
83.541902594194 88.672768573783941
84.75704754874454 88.652549217643966
85.98986719365665 88.630352389413929
87.24061861322157 88.610490473664726
88.50956263110764 88.590292809659331
89.79696386475084 88.562399116263734
91.10309078053635 88.529503416928023
92.42821574978288 88.486846787379903
93.77261510554118 88.436532310562740
95.13656920021877 88.377012946771970
96.52036246404286 88.310358546561190
97.92428346437356 88.238643576738212
99.34862496587989 88.161868530326359
100.79368399159105 88.078408083165613
102.25976188483567 87.988888255216978
103.74716437208203 87.894468073268911
105.25620162669229 87.800860395465619
106.78718833360406 87.712704641651783
108.34044375495276 87.631197664334053
109.9162917966485 87.552185352899272
111.51506107592134 87.476495412634407
113.13708498984903 87.406173968474803
114.78270178488147 87.333368985275769
116.45225462737648 87.252207402893433
118.14609167516147 87.166689708281524
119.86456615013608 87.074817348371454
121.60803641193078 86.979337940138237
123.3768660326369 86.873248831573250
125.17142387262359 86.759628883115965
126.99208415745765 86.638366333397840
128.83922655594208 86.512353588624023
130.71323625928977 86.382511487749213
132.61450406144883 86.249023837652501
134.5434264405962 86.111194013226338
136.50040564181674 85.966719374042839
138.48584976098482 85.817911505007856
140.50017282986593 85.669153589206815
142.5437949024563 85.514519519047468
144.61714214257822 85.361544338056149
146.7206469127495 85.211334069194777
148.8547478643456 85.063877145224495
151.01989002907314 84.924806598255614
153.216524911774 84.796304519887713
155.4451105845792 84.673731094783477
157.70611178243232 84.553364632026501
160.00000000000236 84.434999999999889
162.3272535900062 84.321430024807697
164.6883578629612 84.213210881448973
167.08380518838874 84.114397509351420
169.51409509748981 84.035063051977829
171.97973438731407 83.989512090435369
174.4812372264439 83.991802433577504
177.01912526221608 84.042151356188299
179.5939277295025 84.124274757257183
182.20618156107355 84.206391628393277
184.85643149956664 84.281480081987866
187.54523021108326 84.371935853034358
190.27313840043846 84.490165270901130
193.04072492808663 84.624968826346802
195.84856692874806 84.766588919665907
198.69724993176072 84.904052396833691
201.58736798318304 85.027994719327324
204.5195237696723 85.132111744783060
207.49432874416505 85.211126177580937
210.5124032533856 85.263157107876225
213.57437666720915 85.292627042503668
216.68088750990657 85.297845776571165
219.83258359329807 85.292127811525120
223.03012215184378 85.268395318592184
226.2741699796992 85.232951903583711
229.5654035697641 85.176112466697731
232.90450925475412 85.097323608134332
236.2921833503241 85.001015361977537
239.72913230027333 84.895329181766584
243.21607282386276 84.782234551297620
246.75373206527502 84.663280759305124
250.34284774524843 84.543186024406793
253.9841683149166 84.423022445607756
257.67845311188546 84.304329693780687
261.42647251858085 84.187779351923993
265.22900812289896 84.073473268497366
269.08685288119375 83.963597070286966
273.0008112836349 83.856353399573223
276.97169952197106 83.752571899271459
281.00034565973334 83.655292153524044
285.0875898049141 83.562660614096814
289.23428428515797 83.475580030011685
293.44129382550057 83.394803676080585
297.7094957286928 83.322960917059518
302.0397800581479 83.257678161664131
306.4330498235497 83.195437302470310
310.89022116916016 83.136440847154773
315.41222356486645 83.083135761934585
320.00000000000654 83.028999999999911
324.6545071800142 82.971749561685826
329.3767157259242 82.918480783869654
334.16761037677935 82.868156852081498
339.02819019498156 82.818815279030687
343.95946877463007 82.767821524743852
348.9624744528898 82.718167750361687
354.03825052443415 82.670444270122758
359.187855459007 82.623390515323038
364.4123631221491 82.577612440837299
369.71286299913527 82.534325809706999
375.0904604221685 82.491828008292458
380.54627680087896 82.451299086622043
386.08144985617537 82.414378720920467
391.6971338574982 82.381491480319383
397.3944998635236 82.349090800764259
403.1747359663683 82.318890881498689
409.0390475393468 82.292843809842623
414.9886574883323 82.274773630232644
421.0248065067734 82.266771539138986
427.1487533344206 82.265753439445092
433.3617750198154 82.273904437549533
439.6651671865984 82.300323586712892
446.06024430368984 82.348244007910353
452.54833995940066 82.415815577524995
459.13080713953053 82.506462107092958
465.8090185095106 82.622188769889831
472.58436670065066 82.756669698306013
479.45826460054917 82.895302186953927
486.432145647728 83.046223277073878
493.50746413055253 83.207277218403306
500.6856954904994 83.366571029173116
507.9683366298358 83.521327153384021
515.3569062237735 83.667128258441508
522.8529450371643 83.804893447502138
530.4580162458005 83.932484747748447
538.1737057623901 84.050068363772482
546.0016225672724 84.165952794039995
553.9433990439449 84.283314898816457
562.0006913194694 84.396409125416994
570.1751796098309 84.504207263083870
578.4685685703187 84.608703963986017
586.8825876510039 84.711623439959695
595.4189914573883 84.811547452187085
604.0795601162986 84.908365216264741
612.8660996471021 85.000703732109685
621.780442338323 85.089335788763464
630.8244471297356 85.176208580663030
640.0000000000159 85.262000000000143
649.3090143600314 85.343919326368280
658.7534314518515 85.424841838913323
668.3352207535618 85.506766137442952
678.0563803899662 85.588270776256223
687.9189375492632 85.667851500394107
697.9249489057827 85.747899591246266
708.0765010488715 85.828708183338534
718.3757109180171 85.903048761972016
728.8247262443015 85.976273083710112
739.425725998274 86.049537509388102
750.1809208443404 86.118085525066050
761.0925536017613 86.183555321610569
772.1628997123541 86.252322682823120
783.3942677149998 86.319719893388850
794.7889997270506 86.383490873532907
806.34947193274 86.446686656960594
818.0780950786972 86.512832160258682
829.9773149766683 86.581023843520143
842.0496130135506 86.649947807076785
854.2975066688449 86.720068788901585
866.7235500396347 86.793886325242383
879.3303343732008 86.872214139988472
892.1204886073838 86.954783175947995
905.0966799188055 87.039553142798809
918.2616142790653 87.127386312042901
931.6180370190256 87.218562639477142
945.1687334013056 87.312382436584073
958.9165292011028 87.409158748507821
972.8642912954606 87.509557183213332
987.0149282611097 87.612801398831181
1001.3713909810035 87.719468284488329
1015.9366732596762 87.830774828983493
1030.7138124475518 87.945659512977016
1045.7058900743334 88.064753738724306
1060.916032491606 88.187297725516459
1076.3474115247852 88.310234378480772
1092.0032451345498 88.434963359665943
1107.8867980878947 88.561257456473172
1124.0013826389438 88.686677266898570
1140.350359219667 88.811529762513345
1156.9371371406426 88.933794244269649
1173.765175302013 89.055576874026841
1190.837982914782 89.175032189410032
1208.1591202326028 89.294574061570074
1225.73219929421 89.411622814476786
1243.5608846766518 89.526007579430825
1261.648894259477 89.634893365556863
1280.0000000000375 89.745500000000234
1298.6180287200684 89.863591496453012
1317.5068629037087 89.983293236293363
1336.6704415071292 90.102773498381879
1356.112760779938 90.220176564679633
1375.8378750985323 90.335755622448943
1395.8498978115715 90.450344417525969
1416.153002097749 90.563379944940891
1436.7514218360407 90.676964034552327
1457.6494524886093 90.790807043438491
1478.8514519965543 90.904989724621672
1500.3618416886875 91.019388813614938
1522.1851072035295 91.133306259602421
1544.3257994247153 91.248107641020027
1566.788535430007 91.363121530693036
1589.5779994541087 91.479056237226871
1612.6989438654878 91.596002677082055
1636.156190157402 91.713780950786997
1659.9546299533442 91.832374964568587
1684.099226027109 91.951950176573916
1708.5950133376978 92.073131266154974
1733.4471000792773 92.196735500396386
1758.6606687464096 92.323149770481905
1784.2409772147755 92.451889705618186
1810.193359837619 92.582578400778345
1836.5232285581387 92.716038001075347
1863.2360740380593 92.852798142036391
1890.3374668026197 92.992948078037571
1917.833058402214 93.136445226027604
1945.7285825909298 93.283032344428278
1974.0298565222283 93.432377642437359
2002.7427819620161 93.582171040137098
2031.8733465193618 93.732554067248742
2061.4276248951132 93.883304680713337
2091.411780148677 94.036629489750823
2121.832064983222 94.190206126540687
2152.694823049581 94.344339374095426
2184.0064902691106 94.499131802318630
2215.7735961758003 94.653607601548231
2248.002765277899 94.808379755648716
2280.7007184393456 94.962258340742949
2313.874274281297 95.115127947979900
2347.530350604038 95.266510060187969
2381.6759658295764 95.415477602640038
2416.318240465218 95.562492668605074
2451.4643985884327 95.705357594353728
2487.1217693533167 95.844562723542595
2523.2977885189675 95.978245705737748
2560.0000000000887 96.107000000000298
2597.236057440151 96.229724482372475
2635.0137258074315 96.346540719895387
2673.340883014273 96.454603906213890
2712.225521559891 96.555193378540395
2751.6757501970797 96.645374491065965
2791.699795623158 96.725814601465160
2832.3060041955137 96.794335726796731
2873.502843672097 96.853083639900277
2915.2989049772345 96.901227981628836
2957.7029039931244 96.938044713355936
3000.723683377391 96.963226151055423
3044.370214407075 96.976082695254277
3088.6515988494466 96.978334275071916
3133.57707086003 96.971105732284997
3179.1559989082334 96.954462920469467
3225.3978877309914 96.930261267361402
3272.3123803148205 96.898319467157592
3319.9092599067053 96.859678943881164
3368.198452054235 96.816575439589570
3417.190026675413 96.770325674124848
3466.8942001585724 96.721943683844600
3517.3213374928373 96.673391156131657
3568.4819544295697 96.627105519190565
3620.386719675257 96.585117694637063
3673.0464571162966 96.549672125730211
3726.472148076138 96.520793368923449
3780.6749336052594 96.497887346563729
3835.6661168044484 96.477203536782355
3891.45716518188 96.455380704797705
3948.059713044477 96.431324621956094
4005.4855639240527 96.401800087710967
4063.746693038744 96.367689539292769
4122.855249790247 96.331167881384587
4182.823560297375 96.292705022382378
4243.664129966465 96.254027803092754
4305.389646099183 96.213996730035518
4368.012980538242 96.173775004154621
4431.5471923516225 96.134692438984004
4496.00553055582 96.096830107175776
4561.401436878714 96.057251943698532
4627.748548562617 96.015028014672311
4695.060701208099 95.972356002837955
4763.351931659176 95.931274953825763
4832.63648093046 95.891549935488257
4902.928797176889 95.854535601411555
4974.243538706657 95.821731858872226
5046.595577037959 95.796147659819155
5120.000000000202 95.776357142857094
5194.472114880326 95.760287919060502
5270.027451614888 95.742493137096290
5346.6817660285715 95.714868488400185
5424.451043119808 95.665574180405855
5503.351500394186 95.575761967341890
5583.399591246343 95.422445848163846
5664.612008391055 95.181241573148625
5747.005687344222 94.856239378514289
5830.597809954497 94.447835143802308
5915.405807986278 93.969794861683027
6001.447366754812 93.449324845513345
6088.740428814181 92.929241440468658
6177.303197698925 92.444948714576185
6267.154141720092 92.020316489817333
6358.3119978165005 91.674823607533071
6450.795775462017 91.412391864296183
6544.624760629676 91.234355963709021
6639.818519813445 91.121955165559498
6736.396904108505 91.052483532466297
6834.380053350861 91.015327291197110
6933.788400317181 91.009399318045993
7034.642674985712 91.032510643244422
7136.963908859177 91.078330149872556
7240.773439350552 91.137871798003829
7346.092914232631 91.198890173685612
7452.944296152315 91.246530503653304
7561.349867210557 91.263511248893423
7671.332233608935 91.236162134850531
7782.914330363799 91.152103899888601
7896.119426088994 90.997223833619046
8010.971127848146 90.755372268090582
8127.49338607753 90.424456120856121
8245.710499580537 90.005694730332024
8365.647120594791 89.502113313795832
8487.328259932974 88.933032368567524
8610.77929219841 88.312641413629706
8736.025961076528 87.660879987616255
8863.094384703289 86.996607566727079
8992.011061111683 86.333116405478535
9122.802873757471 85.684304932772505
9255.497097125279 85.061249344605017
9390.121402416245 84.470670940133658
9526.7038633184 83.921415448167352
9665.272961860968 83.414853042237979
9805.857594353829 82.952845315812652
9948.487077413367 82.538658076871130
10093.19115407597 82.178879513560958
10240.000000000457 81.869199999999111
10388.944229760706 81.615089417761197
10540.05490322983 81.440509827213873
10693.363532057198 81.371485164379607
10848.902086239672 81.468347190551654
11006.703000788428 81.833105936673761
11166.799182492743 82.552247113300979
11329.224016782166 83.725755529642242
11494.0113746885 85.190181969466437
11661.195619909053 86.848198296005421
11830.811615972614 88.405302223735532
12002.894733509682 89.680371938870763
12177.48085762842 90.669086414582523
12354.606395397908 91.186102616408760
12534.308283440243 91.399391047568713
12716.62399563306 91.232244327947825
12901.591550924093 90.742490396996828
13089.249521259411 90.118125521409766
13279.637039626952 89.430440231177471
13472.793808217073 88.762341024253047
13668.760106701786 88.229338479394045
13867.576800634426 87.904952211501978
14069.285349971487 87.878022214051626
14273.927817718419 88.105516424030299
14481.54687870117 88.719988683811280
14692.18582846533 89.715829356283095
14905.888592304698 90.779748956184989
15122.699734421185 91.495927072029318
15342.664467217943 91.435608771868914
15565.828660727671 90.343034782564615
15792.238852178061 88.302769632649273
16021.942255696367 85.743945213218481
16254.986772155136 83.251064605797183
16491.42099916115 81.381342738633634
16731.294241189662 79.842931214516142
16974.65651986603 78.441211271564981
17221.558584396902 77.246755427127482
17472.051922153143 76.271755526572520
17726.188769406665 75.478386141003739
17984.022122223458 74.816264251996898
18245.605747515034 74.226825548556377
18510.99419425065 73.635184688545849
18780.242804832582 72.936928761847994
19053.40772663689 72.049778020648859
19330.545923722028 70.888780953118300
19611.71518870775 69.378921424734187
19896.974154826825 68.546999999999997
20186.382308152035 68.546999999999997
