20 102.100500000000011
20.290906698750476 102.075772848182368
20.586044732869844 102.053546641545950
20.885475648548283 102.033944082844357
21.189261887185914 102.014680141544417
21.49746679841394 101.994177307054287
21.810154653305165 101.972263718816777
22.12739065777668 101.949741892277842
22.449240966187475 101.928291755887159
22.77577269513385 101.910963975773669
23.107053937445478 101.895860980580636
23.44315377638505 101.879865104042437
23.784142300054445 101.857689327495919
24.130090616010463 101.828924531867415
24.481070866093134 101.793261210421548
24.837156241469714 101.756284430134471
25.1984209978975 101.724622372662949
25.56494047120865 101.699515899195262
25.936791093020236 101.679160429546840
26.3140504066728 101.659157012789677
26.69679708340074 101.634470200516205
27.08511093873791 101.608159311886425
27.47907294916184 101.584104481997940
27.878765268980047 101.562364823378545
28.284271247461966 101.538375182657362
28.695675446220072 101.506997858947756
29.11306365684382 101.465771552149278
29.536522918790062 101.416080726826408
29.966141537533712 101.364096873958431
30.402009102982383 101.311248862964334
30.844216508158908 101.255432206905056
31.29285596815558 101.199357283821342
31.74802103936409 101.154162274772148
32.20980663898519 101.126156767635521
32.67830906482211 101.109759182731239
33.153626015361866 101.084980910648156
33.63585661014871 101.036295214240070
34.125101410453844 100.972112526514181
34.62146244024586 100.916161542340092
35.12504320746613 100.875496543402704
35.635948725613716 100.827826665670216
36.15428553564419 100.754734315547410
36.68016172818701 100.669975740771946
37.21368696608603 100.599562868560966
37.754972507267915 100.544002785697799
38.30413122794313 100.485546549455620
38.86127764614443 100.413852364479993
39.4265279456077 100.348495216908134
40.000000000000206 100.317999999999998
40.58181339750116 100.311697000517071
41.1720894657399 100.304825632938190
41.77095129709678 100.285944053491193
42.37852377437204 100.227147605209069
42.9949335968281 100.114775612561019
43.62030930661056 99.982067218998139
44.25478131555359 99.926957975564932
44.89848193237519 99.937354665087526
45.55154539026795 99.928740925837573
46.21410787489121 99.848389459748120
46.88630755277036 99.777677769551929
47.56828460010916 99.744110521546190
48.260181232021196 99.674769360556397
48.962141732186545 99.565734510386307
49.674312482939705 99.495470208627722
50.39684199579528 99.445276281963260
51.129880942417586 99.360753408948511
51.873582186040764 99.274812935699600
52.628100813345895 99.231678674214521
53.393594166801776 99.179862510752713
54.17022187747612 99.107415544092461
54.95814589832399 99.050665778575620
55.75753053796041 98.975868586957546
56.56854249492426 98.852847775862870
57.39135089244048 98.748583279497197
58.226127313687975 98.694168435216739
59.073045837580466 98.667496360125739
59.932283075067765 98.608638609357854
60.804018205965114 98.553704301697849
61.68843301631817 98.479753475525200
62.58571193631152 98.364482540689949
63.49604207872855 98.265580486426160
64.41961327797075 98.198533009960741
65.35661812964459 98.128159877970717
66.3072520307241 98.027244260374559
67.27171322029778 97.921317523393498
68.25020282090806 97.844365163185955
69.2429248804921 97.790266483724082
70.25008641493265 97.715118130012854
71.27189745122783 97.650877743329119
72.30857107128878 97.629397153396980
73.36032345637442 97.588281401258470
74.42737393217246 97.532268173052245
75.50994501453623 97.465491819227253
76.60826245588666 97.373884293015507
77.72255529228926 97.285327426925676
78.85305589121582 97.236311562766247
80.00000000000082 97.188999999999965
81.16362679500274 97.136636663316523
82.34417893148023 97.092313311064061
83.541902594194 97.028394027876033
84.75704754874454 96.959767339989497
85.98986719365665 96.901868310620245
87.24061861322157 96.859280232854317
88.50956263110764 96.832929874038541
89.79696386475084 96.823488931658488
91.10309078053635 96.822919244615221
92.42821574978288 96.823000000000008
93.77261510554118 96.819573736468755
95.13656920021877 96.805394552899671
96.52036246404286 96.779019406652338
97.92428346437356 96.727938618022009
99.34862496587989 96.656011495612702
100.79368399159105 96.576553696470910
102.25976188483567 96.493440318602751
103.74716437208203 96.408571798054197
105.25620162669229 96.321465771772381
106.78718833360406 96.241526940543011
108.34044375495276 96.171240326863767
109.9162917966485 96.098189743709924
111.51506107592134 96.023995412634406
113.13708498984903 95.957780101872373
114.78270178488147 95.896377079990742
116.45225462737648 95.832390085610569
118.14609167516147 95.769757719246442
119.86456615013608 95.719855825913982
121.60803641193078 95.676899207745478
123.3768660326369 95.646863513166664
125.17142387262359 95.622285761273758
126.99208415745765 95.605555410897793
128.83922655594208 95.591666298044473
130.71323625928977 95.576406504745790
132.61450406144883 95.554053430955364
134.5434264405962 95.514876489832858
136.50040564181674 95.457737627924587
138.48584976098482 95.398517669132673
140.50017282986593 95.342995333593620
142.5437949024563 95.287817537633686
144.61714214257822 95.230220020007806
146.7206469127495 95.169257110147726
148.8547478643456 95.102606169195212
151.01989002907314 95.031639651034766
153.216524911774 94.960144422752649
155.4451105845792 94.890256461293461
157.70611178243232 94.817244865258374
160.00000000000236 94.736499999999921
162.3272535900062 94.649926166451763
164.6883578629612 94.561655415925259
167.08380518838874 94.472899208029617
169.51409509748981 94.384186938451364
171.97973438731407 94.298793083953854
174.4812372264439 94.219977893425522
177.01912526221608 94.147464492657946
179.5939277295025 94.079976664578851
182.20618156107355 94.016992878846452
184.85643149956664 93.958629793309456
187.54523021108326 93.905712994327146
190.27313840043846 93.858465902552723
193.04072492808663 93.812091386251296
195.84856692874806 93.763574362211273
198.69724993176072 93.714907301173724
201.58736798318304 93.663662814972184
204.5195237696723 93.608622540452998
207.49432874416505 93.549366260744620
210.5124032533856 93.487243666096703
213.57437666720915 93.422257307488195
216.68088750990657 93.347988477884769
219.83258359329807 93.268352826574258
223.03012215184378 93.183701762976142
226.2741699796992 93.099250608857773
229.5654035697641 93.013371939924511
232.90450925475412 92.925514589624811
236.2921833503241 92.837439755810379
239.72913230027333 92.748508701730429
243.21607282386276 92.661152197609397
246.75373206527502 92.573595131384437
250.34284774524843 92.485014518305093
253.9841683149166 92.394891834205822
257.67845311188546 92.302538672202871
261.42647251858085 92.210123114229944
265.22900812289896 92.122190829419125
269.08685288119375 92.041277417856321
273.0008112836349 91.963733977148209
276.97169952197106 91.885187472000823
281.00034565973334 91.805893397899084
285.0875898049141 91.727870829628586
289.23428428515797 91.650742312296060
293.44129382550057 91.569738899785293
297.7094957286928 91.490187177737795
302.0397800581479 91.412548876475142
306.4330498235497 91.334610611480031
310.89022116916016 91.254962296601263
315.41222356486645 91.172703642901865
320.00000000000654 91.091499999999883
324.6545071800142 91.007718870759746
329.3767157259242 90.920093087497804
334.16761037677935 90.828898641803505
339.02819019498156 90.735658748256355
343.95946877463007 90.642166040159495
348.9624744528898 90.548797975176257
354.03825052443415 90.457215315612629
359.187855459007 90.368806457196882
364.4123631221491 90.287049607918902
369.71286299913527 90.214847635811594
375.0904604221685 90.154776316622645
380.54627680087896 90.111129785592965
386.08144985617537 90.081949765618447
391.6971338574982 90.075357862205152
397.3944998635236 90.083077999454090
403.1747359663683 90.115194029103520
409.0390475393468 90.161851427854117
414.9886574883323 90.219382794046098
421.0248065067734 90.284204986789760
427.1487533344206 90.352494412234364
433.3617750198154 90.420495452293039
439.6651671865984 90.484890195526958
446.06024430368984 90.544855450631985
452.54833995940066 90.600406055658965
459.13080713953053 90.652866226504955
465.8090185095106 90.700710874939205
472.58436670065066 90.742351290675231
479.45826460054917 90.776880638173935
486.432145647728 90.802682866072729
493.50746413055253 90.816585290528167
500.6856954904994 90.820700008222900
507.9683366298358 90.817513852724431
515.3569062237735 90.809515627267729
522.8529450371643 90.799327200573899
530.4580162458005 90.789099235784931
538.1737057623901 90.782499999999999
546.0016225672724 90.783430078098178
553.9433990439449 90.793129722968374
562.0006913194694 90.812502246788284
570.1751796098309 90.839209477419814
578.4685685703187 90.872797702709789
586.8825876510039 90.912036420724817
595.4189914573883 90.954907806005551
604.0795601162986 90.999917690610573
612.8660996471021 91.046568390966627
621.780442338323 91.092386529001487
630.8244471297356 91.137498568579218
640.0000000000159 91.182000000000073
649.3090143600314 91.224821466056142
658.7534314518515 91.265202083670374
668.3352207535618 91.304674405089600
678.0563803899662 91.343322702540362
687.9189375492632 91.381487909564669
697.9249489057827 91.417633568615528
708.0765010488715 91.451248628408834
718.3757109180171 91.483464703845840
728.8247262443015 91.514532942420686
739.425725998274 91.544863319095072
750.1809208443404 91.575542762533019
761.0925536017613 91.608277660805285
772.1628997123541 91.641097818378910
783.3942677149998 91.675974228947311
794.7889997270506 91.713412874078799
806.34947193274 91.752958590434062
818.0780950786972 91.795643515876577
829.9773149766683 91.842483565480904
842.0496130135506 91.893385790809845
854.2975066688449 91.949271282232758
866.7235500396347 92.011389475208844
879.3303343732008 92.079899422645894
892.1204886073838 92.156172330125287
905.0966799188055 92.238265504462078
918.2616142790653 92.327831299953459
931.6180370190256 92.422853498445264
945.1687334013056 92.522466803284743
958.9165292011028 92.625745491058325
972.8642912954606 92.730482184715953
987.0149282611097 92.835687736707470
1001.3713909810035 92.940236875965127
1015.9366732596762 93.043463045491762
1030.7138124475518 93.145241754115887
1045.7058900743334 93.244534976418350
1060.916032491606 93.342679401447953
1076.3474115247852 93.438129382866208
1092.0032451345498 93.532269065165480
1107.8867980878947 93.625146932067409
1124.0013826389438 93.715841053067436
1140.350359219667 93.806926975708166
1156.9371371406426 93.897208281027076
1173.765175302013 93.987377493791939
1190.837982914782 94.077607833050962
1208.1591202326028 94.168835381221157
1225.73219929421 94.260889324891238
1243.5608846766518 94.353588966125102
1261.648894259477 94.446297657198642
1280.0000000000375 94.540500000000193
1298.6180287200684 94.635717918311201
1317.5068629037087 94.732285000808901
1336.6704415071292 94.830852773761706
1356.112760779938 94.930577898997171
1375.8378750985323 95.031669109879971
1395.8498978115715 95.133041983948431
1416.153002097749 95.232611276875701
1436.7514218360407 95.331562897083487
1457.6494524886093 95.427616558099203
1478.8514519965543 95.521407185505325
1500.3618416886875 95.612976314089849
1522.1851072035295 95.702015237390412
1544.3257994247153 95.789257133744883
1566.788535430007 95.875967976051243
1589.5779994541087 95.961730157969299
1612.6989438654878 96.046724155670375
1636.156190157402 96.131216036960353
1659.9546299533442 96.215341204836704
1684.099226027109 96.299483322053788
1708.5950133376978 96.384066845881676
1733.4471000792773 96.469558024272715
1758.6606687464096 96.556465913862581
1784.2409772147755 96.644973781163117
1810.193359837619 96.735380626628427
1836.5232285581387 96.828753158238129
1863.2360740380593 96.924914588017771
1890.3374668026197 97.024555376505745
1917.833058402214 97.128265621928421
1945.7285825909298 97.236341472104613
1974.0298565222283 97.349600023219352
2002.7427819620161 97.468202536371280
2031.8733465193618 97.592742724685195
2061.4276248951132 97.722971899524509
2091.411780148677 97.859135366698780
2121.832064983222 98.002293911919466
2152.694823049581 98.151228577078584
2184.0064902691106 98.303631802318648
2215.7735961758003 98.459882131118007
2248.002765277899 98.618713549861695
2280.7007184393456 98.778041793816186
2313.874274281297 98.936902802836158
2347.530350604038 99.094431785288648
2381.6759658295764 99.248728997514490
2416.318240465218 99.401484346023693
2451.4643985884327 99.551150474071420
2487.1217693533167 99.699199254348599
2523.2977885189675 99.845482376432358
2560.0000000000887 99.991500000000343
2597.236057440151 100.137505173298592
2635.0137258074315 100.284303301885529
2673.340883014273 100.432362399604955
2712.225521559891 100.580586556568250
2751.6757501970797 100.727200275729203
2791.699795623158 100.870534274462216
2832.3060041955137 101.008225114054966
2873.502843672097 101.140358815383507
2915.2989049772345 101.265489922986035
2957.7029039931244 101.382180230942879
3000.723683377391 101.489064965303612
3044.370214407075 101.582230570466663
3088.6515988494466 101.660575703144730
3133.57707086003 101.725650192118039
3179.1559989082334 101.774115078984664
3225.3978877309914 101.807976796006670
3272.3123803148205 101.826016228456666
3319.9092599067053 101.828013611014001
3368.198452054235 101.814582758493430
3417.190026675413 101.785591779193169
3466.8942001585724 101.742598973836664
3517.3213374928373 101.687021541508884
3568.4819544295697 101.620070805165724
3620.386719675257 101.542177381322830
3673.0464571162966 101.453246841761825
3726.472148076138 101.353379311251530
3780.6749336052594 101.242206212754525
3835.6661168044484 101.123094576021941
3891.45716518188 100.994271018128259
3948.059713044477 100.859132435106318
4005.4855639240527 100.716240377157163
4063.746693038744 100.570039600077166
4122.855249790247 100.420790494279629
4182.823560297375 100.269420930968721
4243.664129966465 100.116884931298358
4305.389646099183 99.964833786672841
4368.012980538242 99.815719171221673
4431.5471923516225 99.671639571603833
4496.00553055582 99.532554822059623
4561.401436878714 99.396882737894089
4627.748548562617 99.258388621924212
4695.060701208099 99.105025517668153
4763.351931659176 98.930640526401078
4832.63648093046 98.747035162483158
4902.928797176889 98.584614320234408
4974.243538706657 98.447715258553572
5046.595577037959 98.337101302720910
5120.000000000202 98.242928571428337
5194.472114880326 98.169563386424869
5270.027451614888 98.119984901611815
5346.6817660285715 98.093580124718926
5424.451043119808 98.087770029803423
5503.351500394186 98.099932464370184
5583.399591246343 98.128859836498535
5664.612008391055 98.175882505244402
5747.005687344222 98.238894947989479
5830.597809954497 98.318504601900173
5915.405807986278 98.414219434222446
6001.447366754812 98.524562497625610
6088.740428814181 98.649610643221266
6177.303197698925 98.783624933592620
6267.154141720092 98.922883633051896
6358.3119978165005 99.063508916648317
6450.795775462017 99.203693663193036
6544.624760629676 99.343098398125619
6639.818519813445 99.483630501922960
6736.396904108505 99.629961154929816
6834.380053350861 99.788461791496729
6933.788400317181 99.965366902604217
7034.642674985712 100.163210337220420
7136.963908859177 100.375569749971376
7240.773439350552 100.580392190830992
7346.092914232631 100.736780347371237
7452.944296152315 100.791293899269334
7561.349867210557 100.685494596869034
7671.332233608935 100.414154995735984
7782.914330363799 100.002664197772702
7896.119426088994 99.494589440569868
8010.971127848146 98.938147204118977
8127.49338607753 98.361311228935790
8245.710499580537 97.782502053976827
8365.647120594791 97.222406499381208
8487.328259932974 96.693094080122108
8610.77929219841 96.205537599657873
8736.025961076528 95.771441702768215
8863.094384703289 95.395660772610128
8992.011061111683 95.087120193739366
9122.802873757471 94.851399385250019
9255.497097125279 94.683221754037262
9390.121402416245 94.570150161342212
9526.7038633184 94.514607081473841
9665.272961860968 94.517907761781899
9805.857594353829 94.585108032666739
9948.487077413367 94.727464935234380
10093.19115407597 94.969873829924609
10240.000000000457 95.321900000001236
10388.944229760706 95.800569673613936
10540.05490322983 96.434435765542389
10693.363532057198 97.224290026464502
10848.902086239672 98.128126760367650
11006.703000788428 98.963347428922432
11166.799182492743 99.511136407954012
11329.224016782166 99.541926059254536
11494.0113746885 99.187441871219747
11661.195619909053 98.435460868368978
11830.811615972614 97.580539348331229
12002.894733509682 96.659232811363552
12177.48085762842 95.762319541434138
12354.606395397908 94.954743662570351
12534.308283440243 94.231764090793547
12716.62399563306 93.632569612809689
12901.591550924093 93.173061304402026
13089.249521259411 92.776030655735440
13279.637039626952 92.477727385839273
13472.793808217073 92.285408303289131
13668.760106701786 92.175856267189204
13867.576800634426 92.134655289992068
14069.285349971487 92.150783239826012
14273.927817718419 92.203308139881059
14481.54687870117 92.279895548299947
14692.18582846533 92.338505802028706
14905.888592304698 92.322822281539061
15122.699734421185 92.169766490543225
15342.664467217943 91.819595672611968
15565.828660727671 91.223068590844377
15792.238852178061 90.343454095839988
16021.942255696367 89.169506150642079
16254.986772155136 87.806233652640202
16491.42099916115 86.489767876670726
16731.294241189662 85.087078335110959
16974.65651986603 83.579687133393577
17221.558584396902 82.056312885777487
17472.051922153143 80.567784932386303
17726.188769406665 79.135390513783875
17984.022122223458 77.768703415882385
18245.605747515034 76.471207607275730
18510.99419425065 75.225964950288500
18780.242804832582 73.971334536803596
19053.40772663689 72.643586516885478
19330.545923722028 71.262689444370693
19611.71518870775 70.401513152623778
19896.974154826825 70.315500000000000
20186.382308152035 70.315500000000000
