20 70.999500000000012
20.290906698750476 70.986894001034145
20.586044732869844 70.972674502329610
20.885475648548283 70.955823046582253
21.189261887185914 70.935715938467808
21.49746679841394 70.913446304238676
21.810154653305165 70.889162162791507
22.12739065777668 70.862671794088982
22.449240966187475 70.834986259811956
22.77577269513385 70.804675378388325
23.107053937445478 70.772294570570693
23.44315377638505 70.738207389082248
23.784142300054445 70.703815947869629
24.130090616010463 70.671225442363891
24.481070866093134 70.643372355346472
24.837156241469714 70.618584879587402
25.1984209978975 70.593862503899800
25.56494047120865 70.564036792166178
25.936791093020236 70.525927009435065
26.3140504066728 70.480173527710974
26.69679708340074 70.431892357283402
27.08511093873791 70.387871933423980
27.47907294916184 70.351581143401205
27.878765268980047 70.318698778481604
28.284271247461966 70.282847045233495
28.695675446220072 70.241084350023357
29.11306365684382 70.194449934090329
29.536522918790062 70.147993799796154
29.966141537533712 70.106750412396764
30.402009102982383 70.069315832840516
30.844216508158908 70.027217873458397
31.29285596815558 69.979544773542699
31.74802103936409 69.929465706709308
32.20980663898519 69.881858562657413
32.67830906482211 69.837417256971548
33.153626015361866 69.792598276509892
33.63585661014871 69.744463342714084
34.125101410453844 69.691989047670987
34.62146244024586 69.638989368654677
35.12504320746613 69.587995852083253
35.635948725613716 69.538948922341092
36.15428553564419 69.488880017506872
36.68016172818701 69.436083018540359
37.21368696608603 69.380490242493153
37.754972507267915 69.327506138250115
38.30413122794313 69.277753060852774
38.86127764614443 69.228271517196106
39.4265279456077 69.171393134714648
40.000000000000206 69.101999999999975
40.58181339750116 69.034121544030000
41.1720894657399 68.986232911576252
41.77095129709678 68.956403976986905
42.37852377437204 68.915329786429083
42.9949335968281 68.847195324367689
43.62030930661056 68.763824734228393
44.25478131555359 68.694748150083797
44.89848193237519 68.629236439273626
45.55154539026795 68.543363203588854
46.21410787489121 68.439507017430742
46.88630755277036 68.374910747115820
47.56828460010916 68.354500239567898
48.260181232021196 68.331305941902343
48.962141732186545 68.270036991779392
49.674312482939705 68.200540567073091
50.39684199579528 68.136280228848449
51.129880942417586 68.058557927238439
51.873582186040764 67.963734917306340
52.628100813345895 67.890160036582444
53.393594166801776 67.834948373884345
54.17022187747612 67.771857765953641
54.95814589832399 67.709257079534581
55.75753053796041 67.663578119065960
56.56854249492426 67.613760466582463
57.39135089244048 67.565541104485533
58.226127313687975 67.513017905199646
59.073045837580466 67.431757141216480
59.932283075067765 67.340677994042807
60.804018205965114 67.261580854833852
61.68843301631817 67.169349156370885
62.58571193631152 67.080803833066369
63.49604207872855 67.006292886174094
64.41961327797075 66.952844888798126
65.35661812964459 66.914095566036352
66.3072520307241 66.855771935127294
67.27171322029778 66.772115931189319
68.25020282090806 66.708239250491886
69.2429248804921 66.655746443774149
70.25008641493265 66.604245938498167
71.27189745122783 66.548879588609140
72.30857107128878 66.473245739474152
73.36032345637442 66.396034446946430
74.42737393217246 66.317507007442714
75.50994501453623 66.255777551253402
76.60826245588666 66.194264459225380
77.72255529228926 66.118232311269736
78.85305589121582 66.050971556555325
80.00000000000082 65.985499999999973
81.16362679500274 65.937500274706821
82.34417893148023 65.872630070033239
83.541902594194 65.794673564293475
84.75704754874454 65.721273492194996
85.98986719365665 65.646782928509879
87.24061861322157 65.581568801251990
88.50956263110764 65.523515493357209
89.79696386475084 65.458287164185961
91.10309078053635 65.402957013853978
92.42821574978288 65.340423548648317
93.77261510554118 65.290500709218975
95.13656920021877 65.238943907015127
96.52036246404286 65.165887071332037
97.92428346437356 65.088633133451978
99.34862496587989 65.022240845674276
100.79368399159105 64.963400711022643
102.25976188483567 64.892726112180483
103.74716437208203 64.817509743026477
105.25620162669229 64.738873836232528
106.78718833360406 64.648694323316548
108.34044375495276 64.562477812252354
109.9162917966485 64.470799983402188
111.51506107592134 64.371442678329515
113.13708498984903 64.270932306580590
114.78270178488147 64.162758207338982
116.45225462737648 64.065815478335480
118.14609167516147 63.955318776471195
119.86456615013608 63.853201657002806
121.60803641193078 63.750097821300045
123.3768660326369 63.628652332575783
125.17142387262359 63.500214622461982
126.99208415745765 63.368585772348133
128.83922655594208 63.224703864380785
130.71323625928977 63.069964206018646
132.61450406144883 62.946316780681762
134.5434264405962 62.838622700343933
136.50040564181674 62.727106036245068
138.48584976098482 62.640602570566763
140.50017282986593 62.587582670818847
142.5437949024563 62.579748786207247
144.61714214257822 62.650771396416019
146.7206469127495 62.804619364872309
148.8547478643456 63.035572533470329
151.01989002907314 63.325160186180717
153.216524911774 63.650207801183811
155.4451105845792 63.998937251194356
157.70611178243232 64.345882308151332
160.00000000000236 64.639500000000226
162.3272535900062 64.873156260436616
164.6883578629612 65.031867917947295
167.08380518838874 65.125349942631289
169.51409509748981 65.174642435676816
171.97973438731407 65.173101328063439
174.4812372264439 65.122554059120063
177.01912526221608 65.051445367395729
179.5939277295025 64.972588240385420
182.20618156107355 64.880136227489146
184.85643149956664 64.785611038615428
187.54523021108326 64.685817436147701
190.27313840043846 64.584830900624468
193.04072492808663 64.486317612617654
195.84856692874806 64.379020762221089
198.69724993176072 64.265180652497548
201.58736798318304 64.177022116428830
204.5195237696723 64.094654525024993
207.49432874416505 64.006662576000608
210.5124032533856 63.918884104025125
213.57437666720915 63.834459800819360
216.68088750990657 63.749105371600095
219.83258359329807 63.660271367591008
223.03012215184378 63.577853119859000
226.2741699796992 63.502968260446622
229.5654035697641 63.432271390511701
232.90450925475412 63.365393899780713
236.2921833503241 63.306726818501510
239.72913230027333 63.256461440108502
243.21607282386276 63.213636371894182
246.75373206527502 63.183124060937004
250.34284774524843 63.160485769496667
253.9841683149166 63.139093011149868
257.67845311188546 63.116469474689701
261.42647251858085 63.092227928629228
265.22900812289896 63.063353048847823
269.08685288119375 63.026943289945478
273.0008112836349 62.977863946260470
276.97169952197106 62.923031819371673
281.00034565973334 62.864094676840111
285.0875898049141 62.801081045160387
289.23428428515797 62.733904594580437
293.44129382550057 62.662653875583942
297.7094957286928 62.589667623039354
302.0397800581479 62.515313793996953
306.4330498235497 62.440543661303579
310.89022116916016 62.362921129539700
315.41222356486645 62.287780755892683
320.00000000000654 62.212999999999894
324.6545071800142 62.140389687991785
329.3767157259242 62.068473920965950
334.16761037677935 61.995652322272953
339.02819019498156 61.925396880211764
343.95946877463007 61.859630959052346
348.9624744528898 61.793299089776568
354.03825052443415 61.728618043392132
359.187855459007 61.662057879032915
364.4123631221491 61.592374334163210
369.71286299913527 61.519462490611929
375.0904604221685 61.441330475970531
380.54627680087896 61.370794564217206
386.08144985617537 61.303022601725900
391.6971338574982 61.244147948826736
397.3944998635236 61.182005451624065
403.1747359663683 61.112638607073052
409.0390475393468 61.049375794414594
414.9886574883323 61.012532137116388
421.0248065067734 61.008753267367787
427.1487533344206 61.032010963897491
433.3617750198154 61.103634248261784
439.6651671865984 61.240292097631453
446.06024430368984 61.433840481958143
452.54833995940066 61.657037210708936
459.13080713953053 61.879578249883565
465.8090185095106 62.108554374695984
472.58436670065066 62.326252641541835
479.45826460054917 62.523965381572168
486.432145647728 62.674165050788652
493.50746413055253 62.764448845032504
500.6856954904994 62.877885498140742
507.9683366298358 62.961635871243111
515.3569062237735 62.986611839240751
522.8529450371643 62.997626836546246
530.4580162458005 62.995215650384061
538.1737057623901 63.007359819079234
546.0016225672724 63.024004056418178
553.9433990439449 63.044101422490357
562.0006913194694 63.067002419618142
570.1751796098309 63.095595610673428
578.4685685703187 63.123793133139088
586.8825876510039 63.153089056778512
595.4189914573883 63.184863117110943
604.0795601162986 63.219583157987003
612.8660996471021 63.259287762596848
621.780442338323 63.303402211691619
630.8244471297356 63.342210012083811
640.0000000000159 63.383500000000055
649.3090143600314 63.419805156004124
658.7534314518515 63.451823995363696
668.3352207535618 63.479755379147647
678.0563803899662 63.505446589013914
687.9189375492632 63.531881131383017
697.9249489057827 63.556123629928592
708.0765010488715 63.578364477255079
718.3757109180171 63.602182920657341
728.8247262443015 63.627179342986324
739.425725998274 63.654506887595510
750.1809208443404 63.683512609058965
761.0925536017613 63.714428901871656
772.1628997123541 63.748270460653394
783.3942677149998 63.784765654749620
794.7889997270506 63.822064249112920
806.34947193274 63.862545958417243
818.0780950786972 63.907578607427148
829.9773149766683 63.950506250504233
842.0496130135506 63.991529718178640
854.2975066688449 64.040190026675376
866.7235500396347 64.091165925169207
879.3303343732008 64.146636054835383
892.1204886073838 64.207178345315441
905.0966799188055 64.272182292900297
918.2616142790653 64.342957215897997
931.6180370190256 64.416408283375347
945.1687334013056 64.495609794857941
958.9165292011028 64.579613741356752
972.8642912954606 64.664939319845317
987.0149282611097 64.753786470570077
1001.3713909810035 64.846185476213009
1015.9366732596762 64.938463486419934
1030.7138124475518 65.032690767512477
1045.7058900743334 65.130768431094225
1060.916032491606 65.226618332615189
1076.3474115247852 65.321668347476120
1092.0032451345498 65.422020282090941
1107.8867980878947 65.520955559819356
1124.0013826389438 65.618730594869163
1140.350359219667 65.717895950220452
1156.9371371406426 65.817992174012886
1173.765175302013 65.917149757986579
1190.837982914782 66.015526824508356
1208.1591202326028 66.115569164211223
1225.73219929421 66.216300057989315
1243.5608846766518 66.315227137092506
1261.648894259477 66.415845511377753
1280.0000000000375 66.518500000000216
1298.6180287200684 66.620633186121523
1317.5068629037087 66.723786373389657
1336.6704415071292 66.825770101025455
1356.112760779938 66.928897632133669
1375.8378750985323 67.032648844267300
1395.8498978115715 67.132956994167273
1416.153002097749 67.233188143682241
1436.7514218360407 67.335257109180191
1457.6494524886093 67.439594273393283
1478.8514519965543 67.543331533984500
1500.3618416886875 67.640229603271933
1522.1851072035295 67.744544812432878
1544.3257994247153 67.850377321250136
1566.788535430007 67.961106906441429
1589.5779994541087 68.067892557532574
1612.6989438654878 68.175700951677030
1636.156190157402 68.287603465149232
1659.9546299533442 68.402476779370460
1684.099226027109 68.522724068217713
1708.5950133376978 68.643724662420425
1733.4471000792773 68.763073384399561
1758.6606687464096 68.890842623981627
1784.2409772147755 69.022368261972531
1810.193359837619 69.161286682287425
1836.5232285581387 69.306955898785120
1863.2360740380593 69.448562863517139
1890.3374668026197 69.596310062102830
1917.833058402214 69.752291771724572
1945.7285825909298 69.910323777464669
1974.0298565222283 70.075314959220250
2002.7427819620161 70.251590987510497
2031.8733465193618 70.422771301558157
2061.4276248951132 70.600875068097949
2091.411780148677 70.787394214936668
2121.832064983222 70.979179414268046
2152.694823049581 71.178944517415360
2184.0064902691106 71.387545431883780
2215.7735961758003 71.599267995811942
2248.002765277899 71.805184871412834
2280.7007184393456 72.021694813543604
2313.874274281297 72.243263923970630
2347.530350604038 72.465323796456460
2381.6759658295764 72.687080929173632
2416.318240465218 72.912656445721595
2451.4643985884327 73.134774356301222
2487.1217693533167 73.346308722491358
2523.2977885189675 73.553462283984061
2560.0000000000887 73.760000000000488
2597.236057440151 73.959265695816782
2635.0137258074315 74.150317485219873
2673.340883014273 74.332826867054052
2712.225521559891 74.509403570941515
2751.6757501970797 74.677830044582663
2791.699795623158 74.826326769352789
2832.3060041955137 74.963902054013005
2873.502843672097 75.090923218212353
2915.2989049772345 75.205288295293769
2957.7029039931244 75.306482837026181
3000.723683377391 75.392703123614922
3044.370214407075 75.464191137076682
3088.6515988494466 75.523581353576191
3133.57707086003 75.577703058260539
3179.1559989082334 75.609245519541460
3225.3978877309914 75.627143239583162
3272.3123803148205 75.640239352259812
3319.9092599067053 75.645499999999998
3368.198452054235 75.643134201232954
3417.190026675413 75.633327291197119
3466.8942001585724 75.615742319936572
3517.3213374928373 75.593666117878655
3568.4819544295697 75.565726007797963
3620.386719675257 75.535491171375355
3673.0464571162966 75.502215157162766
3726.472148076138 75.454468966000803
3780.6749336052594 75.400639706406395
3835.6661168044484 75.346550577355330
3891.45716518188 75.284885509064139
3948.059713044477 75.217316217553147
4005.4855639240527 75.146954506244725
4063.746693038744 75.061379960441883
4122.855249790247 74.972217456601328
4182.823560297375 74.871498264616079
4243.664129966465 74.763723541202253
4305.389646099183 74.649105993948183
4368.012980538242 74.531242219986325
4431.5471923516225 74.408801843321868
4496.00553055582 74.278155375115205
4561.401436878714 74.158373240801637
4627.748548562617 74.045296036013880
4695.060701208099 73.941807441871461
4763.351931659176 73.846761005081390
4832.63648093046 73.756336222883448
4902.928797176889 73.669633386446534
4974.243538706657 73.577412674036239
5046.595577037959 73.484090639276602
5120.000000000202 73.390642857142609
5194.472114880326 73.297227514363016
5270.027451614888 73.207343087497691
5346.6817660285715 73.124651189820710
5424.451043119808 73.054939165504152
5503.351500394186 73.006681003365884
5583.399591246343 72.947676574448224
5664.612008391055 72.908332136601629
5747.005687344222 72.887184175335094
5830.597809954497 72.879500000000007
5915.405807986278 72.880809493678839
6001.447366754812 72.888189966886557
6088.740428814181 72.899623769418966
6177.303197698925 72.909255205566353
6267.154141720092 72.909642292914000
6358.3119978165005 72.889340160698723
6450.795775462017 72.845776513600100
6544.624760629676 72.774552725008107
6639.818519813445 72.656401257109678
6736.396904108505 72.496081139179879
6834.380053350861 72.308331672491448
6933.788400317181 72.089160401414802
7034.642674985712 71.919712748644514
7136.963908859177 71.767291715850803
7240.773439350552 71.590796754694324
7346.092914232631 71.399275100677073
7452.944296152315 71.172345890695766
7561.349867210557 70.973208325844041
7671.332233608935 70.799209519542075
7782.914330363799 70.611279702598324
7896.119426088994 70.412343240358510
8010.971127848146 70.195463474878608
8127.49338607753 69.954956909198074
8245.710499580537 69.693969897079896
8365.647120594791 69.411839673366899
8487.328259932974 69.117281768579488
8610.77929219841 68.815090734113895
8736.025961076528 68.508236395362502
8863.094384703289 68.203771843896277
8992.011061111683 67.901247376591243
9122.802873757471 67.634681213193886
9255.497097125279 67.408642346924623
9390.121402416245 67.232679875275039
9526.7038633184 67.118815664923773
9665.272961860968 67.075196507105559
9805.857594353829 67.099487548445609
9948.487077413367 67.179082405479576
10093.19115407597 67.316646446402046
10240.000000000457 67.510000000000673
10388.944229760706 67.752381770227515
10540.05490322983 68.032667673999640
10693.363532057198 68.333293428793823
10848.902086239672 68.615781914711448
11006.703000788428 68.869223098099525
11166.799182492743 69.069860526393768
11329.224016782166 69.194444122532303
11494.0113746885 69.260353128039341
11661.195619909053 69.216938497161777
11830.811615972614 69.124680250728872
12002.894733509682 68.991646763709824
12177.48085762842 68.869878719066932
12354.606395397908 68.795734215097468
12534.308283440243 68.780920153694467
12716.62399563306 68.850974397379844
12901.591550924093 69.002736681711127
13089.249521259411 69.190662734861206
13279.637039626952 69.369904187295973
13472.793808217073 69.480374947396911
13668.760106701786 69.445444812237781
13867.576800634426 69.207921484783498
14069.285349971487 68.728245234676237
14273.927817718419 68.061451860600812
14481.54687870117 67.165893186599277
14692.18582846533 66.036471606520891
14905.888592304698 64.724748340803757
15122.699734421185 63.344592884832004
15342.664467217943 62.012519115546446
15565.828660727671 60.772318154214609
15792.238852178061 59.578412898483180
16021.942255696367 58.424174914642336
16254.986772155136 57.434687963914755
16491.42099916115 56.756121732407500
16731.294241189662 56.230979262065574
16974.65651986603 55.902490341531752
17221.558584396902 55.767196816839835
17472.051922153143 55.809957084382589
17726.188769406665 55.994784372753642
17984.022122223458 56.352364032979565
18245.605747515034 57.144737201217083
18510.99419425065 56.881044486473755
18780.242804832582 54.840338390194582
19053.40772663689 52.234135163978095
19330.545923722028 49.836455745457798
19611.71518870775 47.906731842285517
19896.974154826825 47.094999999999999
20186.382308152035 47.094999999999999
