20 70.722499999999997
20.290906698750476 70.706984924349712
20.586044732869844 70.693151243628591
20.885475648548283 70.682508352300815
21.189261887185914 70.674768476925436
21.49746679841394 70.668428825355775
21.810154653305165 70.661695331924193
22.12739065777668 70.650745135366719
22.449240966187475 70.636873823890596
22.77577269513385 70.618195963660511
23.107053937445478 70.593935656456551
23.44315377638505 70.564661751076926
23.784142300054445 70.528783991243870
24.130090616010463 70.488455437210163
24.481070866093134 70.445092468608635
24.837156241469714 70.402684280316819
25.1984209978975 70.364657900210261
25.56494047120865 70.329655320479532
25.936791093020236 70.296359762445647
26.3140504066728 70.262355353228372
26.69679708340074 70.225320291659926
27.08511093873791 70.185254899018290
27.47907294916184 70.141255486421556
27.878765268980047 70.089169775515245
28.284271247461966 70.022468260446686
28.695675446220072 69.945756261648427
29.11306365684382 69.867749005875524
29.536522918790062 69.804662533197444
29.966141537533712 69.777166941597841
30.402009102982383 69.777543530419507
30.844216508158908 69.785622428522856
31.29285596815558 69.785366090517471
31.74802103936409 69.771087074267967
32.20980663898519 69.747621408299864
32.67830906482211 69.717840056397620
33.153626015361866 69.684399804940028
33.63585661014871 69.655201592204207
34.125101410453844 69.640374492947728
34.62146244024586 69.637406838037776
35.12504320746613 69.626247321137100
35.635948725613716 69.587229947828803
36.15428553564419 69.525560022508841
36.68016172818701 69.464884635822230
37.21368696608603 69.419328225407895
37.754972507267915 69.377509490802424
38.30413122794313 69.328649805154200
38.86127764614443 69.268263536897734
39.4265279456077 69.207852335628587
40.000000000000206 69.151999999999973
40.58181339750116 69.092363927969231
41.1720894657399 69.026616772408516
41.77095129709678 68.963074225471331
42.37852377437204 68.905040224948621
42.9949335968281 68.847718489688361
43.62030930661056 68.792039397719080
44.25478131555359 68.741013909246959
44.89848193237519 68.692944683108095
45.55154539026795 68.643692284252907
46.21410787489121 68.588124575113355
46.88630755277036 68.521875966027181
47.56828460010916 68.450317873678074
48.260181232021196 68.383384680278198
48.962141732186545 68.326152230059847
49.674312482939705 68.273341016526047
50.39684199579528 68.209819697700354
51.129880942417586 68.111742001791811
51.873582186040764 67.979721614501727
52.628100813345895 67.887322222993475
53.393594166801776 67.844478190280427
54.17022187747612 67.798266655835391
54.95814589832399 67.742184038767419
55.75753053796041 67.719137046476902
56.56854249492426 67.645285001876857
57.39135089244048 67.520187111237178
58.226127313687975 67.387809350797554
59.073045837580466 67.311850268450570
59.932283075067765 67.251274043207729
60.804018205965114 67.169486116542870
61.68843301631817 67.058426449622090
62.58571193631152 66.966678807977814
63.49604207872855 66.872974950552575
64.41961327797075 66.750607041499308
65.35661812964459 66.662503673092488
66.3072520307241 66.672594471459405
67.27171322029778 66.671671704072935
68.25020282090806 66.548723836102852
69.2429248804921 66.427828974391034
70.25008641493265 66.307359402104652
71.27189745122783 66.146033793407739
72.30857107128878 66.028362912878947
73.36032345637442 65.876360376594135
74.42737393217246 65.790093582254798
75.50994501453623 65.676023398775527
76.60826245588666 65.538198347381666
77.72255529228926 65.525366813687512
78.85305589121582 65.430671509973337
80.00000000000082 65.228999999999942
81.16362679500274 65.143667155034365
82.34417893148023 64.951770348015941
83.541902594194 64.829824597863791
84.75704754874454 64.699927297332394
85.98986719365665 64.555865422580851
87.24061861322157 64.496579518379164
88.50956263110764 64.369298296024141
89.79696386475084 64.207514874329632
91.10309078053635 64.147987949236665
92.42821574978288 64.135552185265865
93.77261510554118 64.106121493093895
95.13656920021877 64.119996225069883
96.52036246404286 64.086330021790360
97.92428346437356 64.049201051707655
99.34862496587989 64.034111647013560
100.79368399159105 63.996767018711509
102.25976188483567 64.035546665550797
103.74716437208203 64.136239376301688
105.25620162669229 64.283519890252720
106.78718833360406 64.485627834485413
108.34044375495276 64.726290113282531
109.9162917966485 65.003163951260888
111.51506107592134 65.315012353738041
113.13708498984903 65.616359100632707
114.78270178488147 65.875944385783612
116.45225462737648 66.029121578376987
118.14609167516147 66.127899443517748
119.86456615013608 66.167887053406673
121.60803641193078 66.179959815140620
123.3768660326369 66.132432247426777
125.17142387262359 66.069128883115965
126.99208415745765 65.958364128756955
128.83922655594208 65.860807180087534
130.71323625928977 65.746492588183330
132.61450406144883 65.628981853898296
134.5434264405962 65.499139432209006
136.50040564181674 65.375355833424152
138.48584976098482 65.267696880605399
140.50017282986593 65.131242481900841
142.5437949024563 65.042344921743151
144.61714214257822 64.921832901624512
146.7206469127495 64.788222726966580
148.8547478643456 64.660195573440831
151.01989002907314 64.550756662767299
153.216524911774 64.453463499252493
155.4451105845792 64.348449266980012
157.70611178243232 64.251472303929461
160.00000000000236 64.150999999999897
162.3272535900062 64.046273588449722
164.6883578629612 63.943087597174895
167.08380518838874 63.846981314539804
169.51409509748981 63.750339015119906
171.97973438731407 63.654186305772214
174.4812372264439 63.555543005832817
177.01912526221608 63.457465589930905
179.5939277295025 63.361524674008407
182.20618156107355 63.270607354299074
184.85643149956664 63.186036764613689
187.54523021108326 63.107495889313952
190.27313840043846 63.046608561429736
193.04072492808663 62.991580085388328
195.84856692874806 62.957240125995057
198.69724993176072 62.904295400382139
201.58736798318304 62.894354386694701
204.5195237696723 62.867181111762022
207.49432874416505 62.815853027814335
210.5124032533856 62.767578421661497
213.57437666720915 62.739521710830758
216.68088750990657 62.701643129554995
219.83258359329807 62.638185410167551
223.03012215184378 62.568473608466377
226.2741699796992 62.505048827045613
229.5654035697641 62.443184899436105
232.90450925475412 62.374005305650158
236.2921833503241 62.306181535049241
239.72913230027333 62.231857514006592
243.21607282386276 62.151638361463085
246.75373206527502 62.072041028531309
250.34284774524843 61.993571645891130
253.9841683149166 61.909366107717553
257.67845311188546 61.816578865563883
261.42647251858085 61.726264659554062
265.22900812289896 61.639690829419123
269.08685288119375 61.558647138534539
273.0008112836349 61.474106847528674
276.97169952197106 61.386108460277626
281.00034565973334 61.300192810277551
285.0875898049141 61.215186891038272
289.23428428515797 61.129350315297231
293.44129382550057 61.038823923986641
297.7094957286928 60.953519581154836
302.0397800581479 60.868184508807971
306.4330498235497 60.776905953705452
310.89022116916016 60.686223021324508
315.41222356486645 60.608157088823219
320.00000000000654 60.531999999999861
324.6545071800142 60.433324447783704
329.3767157259242 60.316582106851897
334.16761037677935 60.234318233971536
339.02819019498156 60.151312309626817
343.95946877463007 60.078671490277713
348.9624744528898 60.014469069338880
354.03825052443415 59.929215315612630
359.187855459007 59.838712529467372
364.4123631221491 59.764933097850985
369.71286299913527 59.694790208411419
375.0904604221685 59.628224624952843
380.54627680087896 59.581460484563891
386.08144985617537 59.535532111179364
391.6971338574982 59.525357862205155
397.3944998635236 59.534035799399504
403.1747359663683 59.565342099789802
409.0390475393468 59.615923015009585
414.9886574883323 59.692082697952898
421.0248065067734 59.799588821426994
427.1487533344206 59.931921326691679
433.3617750198154 60.076395342135633
439.6651671865984 60.227415857902145
446.06024430368984 60.382789237339168
452.54833995940066 60.535847317078392
459.13080713953053 60.666444643817201
465.8090185095106 60.773095931969650
472.58436670065066 60.858857490879146
479.45826460054917 60.928898171290811
486.432145647728 60.979979303015909
493.50746413055253 61.010924313121620
500.6856954904994 61.045585670821779
507.9683366298358 61.062426778456498
515.3569062237735 61.077535359335656
522.8529450371643 61.094590105621421
530.4580162458005 61.154601146322619
538.1737057623901 61.164524815108912
546.0016225672724 61.167574789603634
553.9433990439449 61.192875018666129
562.0006913194694 61.240402557882035
570.1751796098309 61.270902174990631
578.4685685703187 61.313613128137142
586.8825876510039 61.366925078496621
595.4189914573883 61.430039082940496
604.0795601162986 61.488437580639641
612.8660996471021 61.531202291319516
621.780442338323 61.578276750170659
630.8244471297356 61.623251234440296
640.0000000000159 61.665000000000077
649.3090143600314 61.712475973236153
658.7534314518515 61.757578799396299
668.3352207535618 61.799758210277993
678.0563803899662 61.842045254696359
687.9189375492632 61.888510900236462
697.9249489057827 61.937728497083626
708.0765010488715 61.983940429667484
718.3757109180171 62.027259200309771
728.8247262443015 62.073270031787139
739.425725998274 62.126099916291281
750.1809208443404 62.176904604221704
761.0925536017613 62.231462768008811
772.1628997123541 62.280169525672925
783.3942677149998 62.338991328883083
794.7889997270506 62.406648373305444
806.34947193274 62.455931925153976
818.0780950786972 62.448090257011060
829.9773149766683 62.385627313632043
842.0496130135506 62.332399484018069
854.2975066688449 62.380603183352392
866.7235500396347 62.497778950417683
879.3303343732008 62.628303343732014
892.1204886073838 62.754543438732114
905.0966799188055 62.881192629208357
918.2616142790653 63.005817853785288
931.6180370190256 63.128589572483314
945.1687334013056 63.259187334013063
958.9165292011028 63.375488535158411
972.8642912954606 63.373092843833902
987.0149282611097 63.306539020818164
1001.3713909810035 63.406639543902841
1015.9366732596762 63.582709297602300
1030.7138124475518 63.751173483811186
1045.7058900743334 63.910845664484043
1060.916032491606 64.060488567755542
1076.3474115247852 64.203486013463021
1092.0032451345498 64.348029206210953
1107.8867980878947 64.490509483269079
1124.0013826389438 64.631512098090752
1140.350359219667 64.774369779903793
1156.9371371406426 64.916019692448998
1173.765175302013 65.056673019697982
1190.837982914782 65.198121781795308
1208.1591202326028 65.340927184734582
1225.73219929421 65.481402227804651
1243.5608846766518 65.620491177816746
1261.648894259477 65.759196485797972
1280.0000000000375 65.899500000000273
1298.6180287200684 66.037805356206221
1317.5068629037087 66.177298726616328
1336.6704415071292 66.313360134700616
1356.112760779938 66.448983687420565
1375.8378750985323 66.584885391302407
1395.8498978115715 66.718505573001664
1416.153002097749 66.851802163740246
1436.7514218360407 66.987059384117870
1457.6494524886093 67.124833397375056
1478.8514519965543 67.262185741019252
1500.3618416886875 67.391801313140050
1522.1851072035295 67.530597281814437
1544.3257994247153 67.672571632306671
1566.788535430007 67.819804333838036
1589.5779994541087 67.962051116702810
1612.6989438654878 68.103479473088726
1636.156190157402 68.248222131369602
1659.9546299533442 68.394621427913535
1684.099226027109 68.544325123970793
1708.5950133376978 68.694522977625411
1733.4471000792773 68.841020484478832
1758.6606687464096 68.992964012478467
1784.2409772147755 69.145336946022880
1810.193359837619 69.301198830993243
1836.5232285581387 69.462369835919986
1863.2360740380593 69.619739786459235
1890.3374668026197 69.780751798159926
1917.833058402214 69.946498350413293
1945.7285825909298 70.111384065634667
1974.0298565222283 70.282120930524698
2002.7427819620161 70.460225283248889
2031.8733465193618 70.627146852718369
2061.4276248951132 70.795018493160882
2091.411780148677 70.963382439163439
2121.832064983222 71.132938952533976
2152.694823049581 71.300210729755861
2184.0064902691106 71.470135858736839
2215.7735961758003 71.631650052265272
2248.002765277899 71.781479617384832
2280.7007184393456 71.933009923591698
2313.874274281297 72.080621855218951
2347.530350604038 72.221497919946358
2381.6759658295764 72.356536266735347
2416.318240465218 72.491097196465518
2451.4643985884327 72.617515565165377
2487.1217693533167 72.730938493947178
2523.2977885189675 72.835772364348514
2560.0000000000887 72.934750000000236
2597.236057440151 73.022772974214320
2635.0137258074315 73.101526994087948
2673.340883014273 73.171263023199614
2712.225521559891 73.234449558417822
2751.6757501970797 73.290450103398442
2791.699795623158 73.329737321170256
2832.3060041955137 73.359614202936854
2873.502843672097 73.381871194342281
2915.2989049772345 73.395141846696816
2957.7029039931244 73.399306738640618
3000.723683377391 73.395355263324518
3044.370214407075 73.386261772584675
3088.6515988494466 73.373171375359547
3133.57707086003 73.362668725985259
3179.1559989082334 73.339299240775148
3225.3978877309914 73.311547077257188
3272.3123803148205 73.287620686039446
3319.9092599067053 73.263545370046643
3368.198452054235 73.241038634657770
3417.190026675413 73.221295889596590
3466.8942001585724 73.205459043971459
3517.3213374928373 73.200192853499715
3568.4819544295697 73.206490127695986
3620.386719675257 73.229678438166189
3673.0464571162966 73.269898094835355
3726.472148076138 73.312648275499384
3780.6749336052594 73.365180640303009
3835.6661168044484 73.428112662501434
3891.45716518188 73.496687349194957
3948.059713044477 73.567086768099074
4005.4855639240527 73.645356954905068
4063.746693038744 73.718589258044290
4122.855249790247 73.798783205972072
4182.823560297375 73.878412647840648
4243.664129966465 73.962720294382109
4305.389646099183 74.050430245691331
4368.012980538242 74.143052587798394
4431.5471923516225 74.229088709674699
4496.00553055582 74.297905668819709
4561.401436878714 74.351304891256035
4627.748548562617 74.374902288953621
4695.060701208099 74.356312050531130
4763.351931659176 74.295472102511241
4832.63648093046 74.185732497376307
4902.928797176889 74.029942801363660
4974.243538706657 73.833698658234923
5046.595577037959 73.598448705140413
5120.000000000202 73.335499999999257
5194.472114880326 73.046382172332414
5270.027451614888 72.736448061080438
5346.6817660285715 72.414561299566969
5424.451043119808 72.093338260463071
5503.351500394186 71.785621052065068
5583.399591246343 71.463250418225869
5664.612008391055 71.157727809120914
5747.005687344222 70.868620776776538
5830.597809954497 70.590975051946515
5915.405807986278 70.315120252846654
6001.447366754812 70.021837177571797
6088.740428814181 69.705509844648276
6177.303197698925 69.750932699432866
6267.154141720092 69.972958982663613
6358.3119978165005 69.944773682423687
6450.795775462017 69.876911795428640
6544.624760629676 69.852206895346484
6639.818519813445 69.857454629953367
6736.396904108505 69.896521956711609
6834.380053350861 69.971504851216821
6933.788400317181 70.073863486369504
7034.642674985712 70.194476557107066
7136.963908859177 70.321041510175306
7240.773439350552 70.439404376924571
7346.092914232631 70.524046457116313
7452.944296152315 70.536705040038868
7561.349867210557 70.464950752809841
7671.332233608935 70.304848374443495
7782.914330363799 70.043079420823972
7896.119426088994 69.673544681585867
8010.971127848146 69.196204290590501
8127.49338607753 68.637130902377280
8245.710499580537 68.016036375280720
8365.647120594791 67.352548073934258
8487.328259932974 66.684930575783909
8610.77929219841 66.035755037494994
8736.025961076528 65.423881581385942
8863.094384703289 64.858967741951687
8992.011061111683 64.336855202497688
9122.802873757471 63.879145280145998
9255.497097125279 63.486743538855578
9390.121402416245 63.168197130630617
9526.7038633184 62.937900428406564
9665.272961860968 62.805037645845900
9805.857594353829 62.773527008166681
9948.487077413367 62.847140829914139
10093.19115407597 63.045454767045101
10240.000000000457 63.365500000001148
10388.944229760706 63.822404618784148
10540.05490322983 64.448247064534229
10693.363532057198 65.256396368196505
10848.902086239672 66.279600360748077
11006.703000788428 67.525801800298879
11166.799182492743 68.921682703747734
11329.224016782166 70.324660121498383
11494.0113746885 71.463995286096008
11661.195619909053 71.648640533689431
11830.811615972614 71.151627153677680
12002.894733509682 69.890125530502104
12177.48085762842 68.499345903124834
12354.606395397908 67.164863458937916
12534.308283440243 65.984458725176239
12716.62399563306 65.014148980932205
12901.591550924093 64.270540034728427
13089.249521259411 63.635183763735995
13279.637039626952 63.203623570338124
13472.793808217073 63.074404223012422
13668.760106701786 63.386815764386597
13867.576800634426 64.202617795451275
14069.285349971487 65.227162686374825
14273.927817718419 66.125543119783856
14481.54687870117 66.280848047707764
14692.18582846533 65.616577688597573
14905.888592304698 64.530988127263143
15122.699734421185 63.280678950449122
15342.664467217943 62.093822530960495
15565.828660727671 61.124581992813233
15792.238852178061 60.439654836931197
16021.942255696367 59.998685987255371
16254.986772155136 59.540571032273327
16491.42099916115 59.164640611333766
16731.294241189662 58.780004037131782
16974.65651986603 58.147471213719314
17221.558584396902 57.139648484988342
17472.051922153143 55.838127877989585
17726.188769406665 54.395247861455061
17984.022122223458 52.759386240792082
18245.605747515034 50.602262316289227
18510.99419425065 48.825574382534242
18780.242804832582 49.457310162211947
19053.40772663689 48.801439676840324
19330.545923722028 45.168853705229559
19611.71518870775 39.265119230817767
19896.974154826825 35.909500000000001
20186.382308152035 35.909500000000001
