20 68.632000000000005
20.290906698750476 68.653818075133202
20.586044732869844 68.669755721567327
20.885475648548283 68.678588476708867
21.189261887185914 68.680928406153214
21.49746679841394 68.680134498592196
21.810154653305165 68.679101556025273
22.12739065777668 68.684025528122191
22.449240966187475 68.692469632082066
22.77577269513385 68.705783451067305
23.107053937445478 68.719603747947900
23.44315377638505 68.730817447978779
23.784142300054445 68.738913023876151
24.130090616010463 68.747185913073338
24.481070866093134 68.759469177130455
24.837156241469714 68.776729341919321
25.1984209978975 68.799397364863339
25.56494047120865 68.822396453013653
25.936791093020236 68.843852538237144
26.3140504066728 68.863892572319997
26.69679708340074 68.884569835941292
27.08511093873791 68.906489584896534
27.47907294916184 68.927302473150732
27.878765268980047 68.941862958069407
28.284271247461966 68.945784271247462
28.695675446220072 68.942282166521807
29.11306365684382 68.933447281265217
29.536522918790062 68.921867789517506
29.966141537533712 68.908549612336458
30.402009102982383 68.893433030123816
30.844216508158908 68.879714333446657
31.29285596815558 68.869866090517476
31.74802103936409 68.864019789606360
32.20980663898519 68.859192126971166
32.67830906482211 68.852255509638724
33.153626015361866 68.841505723600591
33.63585661014871 68.829103584746292
34.125101410453844 68.817873276022283
34.62146244024586 68.810406838037778
35.12504320746613 68.805374438302934
35.635948725613716 68.795605845877901
36.15428553564419 68.774631437682146
36.68016172818701 68.750694339513444
37.21368696608603 68.740568434830436
37.754972507267915 68.746188828063936
38.30413122794313 68.749438921110226
38.86127764614443 68.718073911285629
39.4265279456077 68.662255374440463
40.000000000000206 68.611999999999995
40.58181339750116 68.594060693779369
41.1720894657399 68.590162816469103
41.77095129709678 68.568113498989618
42.37852377437204 68.523610703906797
42.9949335968281 68.493465252018979
43.62030930661056 68.493769496463102
44.25478131555359 68.483404409539759
44.89848193237519 68.440621472481567
45.55154539026795 68.403579547917289
46.21410787489121 68.390812667405555
46.88630755277036 68.329170224361050
47.56828460010916 68.239549014212571
48.260181232021196 68.223064686032544
48.962141732186545 68.206975262441460
49.674312482939705 68.118253140585693
50.39684199579528 68.096023054101607
51.129880942417586 68.165057035783519
51.873582186040764 68.159833320969781
52.628100813345895 68.027704303127791
53.393594166801776 67.945096080118077
54.17022187747612 67.951957782200537
54.95814589832399 67.968408699041049
55.75753053796041 67.973439194777569
56.56854249492426 67.941240264046925
57.39135089244048 67.876669235309720
58.226127313687975 67.802045424835569
59.073045837580466 67.751982478933073
59.932283075067765 67.704724430871266
60.804018205965114 67.630247364557391
61.68843301631817 67.574655655894773
62.58571193631152 67.497419977968562
63.49604207872855 67.409068612662352
64.41961327797075 67.360737154357537
65.35661812964459 67.314516496100367
66.3072520307241 67.219160292866135
67.27171322029778 67.139941033560618
68.25020282090806 67.114247768970017
69.2429248804921 67.094096680855884
70.25008641493265 67.044245592838422
71.27189745122783 66.995395999402120
72.30857107128878 66.948640021258313
73.36032345637442 66.881917034597421
74.42737393217246 66.815131303391382
75.50994501453623 66.757178088359382
76.60826245588666 66.689863632916200
77.72255529228926 66.607929306064335
78.85305589121582 66.500117869729678
80.00000000000082 66.426999999999950
81.16362679500274 66.352818606365105
82.34417893148023 66.301652345650609
83.541902594194 66.246912298931889
84.75704754874454 66.163620248956761
85.98986719365665 66.125290160938249
87.24061861322157 66.062164990717889
88.50956263110764 65.979298740385445
89.79696386475084 65.884889316584932
91.10309078053635 65.768423470017623
92.42821574978288 65.697144422754661
93.77261510554118 65.674410817468839
95.13656920021877 65.702133493592754
96.52036246404286 65.734171148624995
97.92428346437356 65.696694515429968
99.34862496587989 65.694685779171806
100.79368399159105 65.682271933473487
102.25976188483567 65.639096508760133
103.74716437208203 65.572209210914281
105.25620162669229 65.494211649821509
106.78718833360406 65.407293492206151
108.34044375495276 65.320176333069185
109.9162917966485 65.231167789656638
111.51506107592134 65.151783067056130
113.13708498984903 65.075409270925263
114.78270178488147 65.002463573782578
116.45225462737648 64.919236878013990
118.14609167516147 64.817088734666385
119.86456615013608 64.735791610429416
121.60803641193078 64.671838930456389
123.3768660326369 64.641486117631331
125.17142387262359 64.639257108399249
126.99208415745765 64.660645991726497
128.83922655594208 64.699246409482981
130.71323625928977 64.732175437127523
132.61450406144883 64.772820617782017
134.5434264405962 64.823460958981471
136.50040564181674 64.852751014104541
138.48584976098482 64.854070751195081
140.50017282986593 64.846166551446771
142.5437949024563 64.844804136731710
144.61714214257822 64.843691428928707
146.7206469127495 64.822852237047016
148.8547478643456 64.792094983743340
151.01989002907314 64.759517561587160
153.216524911774 64.729041871164583
155.4451105845792 64.698200186412890
157.70611178243232 64.659594539578109
160.00000000000236 64.604999999999947
162.3272535900062 64.548215012403844
164.6883578629612 64.488853381853374
167.08380518838874 64.425154020951183
169.51409509748981 64.352771509036302
171.97973438731407 64.277420127748201
174.4812372264439 64.197307913863227
177.01912526221608 64.110234440874876
179.5939277295025 64.021887671651001
182.20618156107355 63.932989826923503
184.85643149956664 63.842410042714818
187.54523021108326 63.748989310949824
190.27313840043846 63.658478081906324
193.04072492808663 63.571156077373139
195.84856692874806 63.479515571665814
198.69724993176072 63.391561402019882
201.58736798318304 63.309082819131937
204.5195237696723 63.233531429527858
207.49432874416505 63.167366260744615
210.5124032533856 63.113309816781424
213.57437666720915 63.073969044994300
216.68088750990657 63.042356013962191
219.83258359329807 63.017088206643564
223.03012215184378 62.995546675475055
226.2741699796992 62.965500243543104
229.5654035697641 62.925932455377946
232.90450925475412 62.879836870433444
236.2921833503241 62.820583287155941
239.72913230027333 62.750985070919469
243.21607282386276 62.674192379669051
246.75373206527502 62.595479461547626
250.34284774524843 62.515400222018513
253.9841683149166 62.429374023560094
257.67845311188546 62.345315191704600
261.42647251858085 62.257049586748529
265.22900812289896 62.169790065204054
269.08685288119375 62.081958957291945
273.0008112836349 61.991982557401855
276.97169952197106 61.906244072956881
281.00034565973334 61.818492568315733
285.0875898049141 61.730590542252877
289.23428428515797 61.640192602583554
293.44129382550057 61.552609347194689
297.7094957286928 61.467122934144754
302.0397800581479 61.381714343851584
306.4330498235497 61.297583069960410
310.89022116916016 61.214544630724390
315.41222356486645 61.130450977040780
320.00000000000654 61.051999999999893
324.6545071800142 60.971011575067749
329.3767157259242 60.887532131651142
334.16761037677935 60.804400340481720
339.02819019498156 60.717492576490329
343.95946877463007 60.631501190198904
348.9624744528898 60.546534181746161
354.03825052443415 60.470445367395705
359.187855459007 60.386981599380483
364.4123631221491 60.298489826923465
369.71286299913527 60.253624813806397
375.0904604221685 60.209356321805444
380.54627680087896 60.140379214731745
386.08144985617537 60.094246140978001
391.6971338574982 60.076550736222345
397.3944998635236 60.074486249658804
403.1747359663683 60.087878594593803
409.0390475393468 60.103623650541266
414.9886574883323 60.137407369488045
421.0248065067734 60.188575085738080
427.1487533344206 60.242301591676181
433.3617750198154 60.297846418933290
439.6651671865984 60.359484255459279
446.06024430368984 60.442084397466417
452.54833995940066 60.525232031805125
459.13080713953053 60.581258647923548
465.8090185095106 60.704051280646510
472.58436670065066 60.804808395592502
479.45826460054917 60.815351416312481
486.432145647728 60.828717513673865
493.50746413055253 60.873333697982119
500.6856954904994 60.930685572146906
507.9683366298358 60.985760545763135
515.3569062237735 61.039141437342643
522.8529450371643 61.083637888639586
530.4580162458005 61.124904585290452
538.1737057623901 61.165604272346620
546.0016225672724 61.214437379650903
553.9433990439449 61.256595532779478
562.0006913194694 61.294002592448010
570.1751796098309 61.325068595619967
578.4685685703187 61.375658268278940
586.8825876510039 61.419412938255022
595.4189914573883 61.461553058141206
604.0795601162986 61.502612993030610
612.8660996471021 61.542397448411961
621.780442338323 61.581543355902696
630.8244471297356 61.620003900301370
640.0000000000159 61.659000000000070
649.3090143600314 61.697166958876124
658.7534314518515 61.739828113105929
668.3352207535618 61.783842015466384
678.0563803899662 61.830573444891336
687.9189375492632 61.880386581501241
697.9249489057827 61.932209734310071
708.0765010488715 61.986209280611462
718.3757109180171 62.041310053411394
728.8247262443015 62.096771049094798
739.425725998274 62.151071202591197
750.1809208443404 62.199356906332554
761.0925536017613 62.281194152013214
772.1628997123541 62.345459471450624
783.3942677149998 62.401211343420968
794.7889997270506 62.465148373305439
806.34947193274 62.534009463613259
818.0780950786972 62.602968570472186
829.9773149766683 62.674555325051415
842.0496130135506 62.749153750712516
854.2975066688449 62.830403483904050
866.7235500396347 62.916156475269815
879.3303343732008 62.991120437804767
892.1204886073838 63.010753007595078
905.0966799188055 63.016330444827460
918.2616142790653 63.072904649406055
931.6180370190256 63.169926136610819
945.1687334013056 63.275856381085177
958.9165292011028 63.381860057208456
972.8642912954606 63.485310755285887
987.0149282611097 63.585566610453192
1001.3713909810035 63.702905292019935
1015.9366732596762 63.867364968884075
1030.7138124475518 64.044730231648344
1045.7058900743334 64.183913665918780
1060.916032491606 64.307736656683687
1076.3474115247852 64.429419982458342
1092.0032451345498 64.548834911710486
1107.8867980878947 64.657225102403345
1124.0013826389438 64.759509332812868
1140.350359219667 64.870354582903516
1156.9371371406426 64.988267230892887
1173.765175302013 65.111518167852353
1190.837982914782 65.235450107887090
1208.1591202326028 65.360153621686379
1225.73219929421 65.487490204415238
1243.5608846766518 65.616495278220270
1261.648894259477 65.745318852766971
1280.0000000000375 65.874500000000268
1298.6180287200684 66.005624116557058
1317.5068629037087 66.138548040325958
1336.6704415071292 66.271026046399186
1356.112760779938 66.404775230362077
1375.8378750985323 66.540385391302408
1395.8498978115715 66.675194315337521
1416.153002097749 66.809071380441878
1436.7514218360407 66.943546670842466
1457.6494524886093 67.077956495927097
1478.8514519965543 67.213495234698087
1500.3618416886875 67.350279602638722
1522.1851072035295 67.487766175382234
1544.3257994247153 67.627639052364202
1566.788535430007 67.768932002500435
1589.5779994541087 67.912632956549970
1612.6989438654878 68.060535177371051
1636.156190157402 68.211845864613679
1659.9546299533442 68.365306909498599
1684.099226027109 68.521826953696745
1708.5950133376978 68.682398988295546
1733.4471000792773 68.847426628529576
1758.6606687464096 69.016546120725735
1784.2409772147755 69.190393103693367
1810.193359837619 69.369649651666577
1836.5232285581387 69.554353993620452
1863.2360740380593 69.744270290112496
1890.3374668026197 69.941383755667289
1917.833058402214 70.144821293344421
1945.7285825909298 70.352635226128328
1974.0298565222283 70.563762729655821
2002.7427819620161 70.779570864715126
2031.8733465193618 70.997737874475320
2061.4276248951132 71.214088549258804
2091.411780148677 71.425553045672700
2121.832064983222 71.630679414268030
2152.694823049581 71.821240770704406
2184.0064902691106 72.003935534223388
2215.7735961758003 72.170959490735598
2248.002765277899 72.329412582014442
2280.7007184393456 72.475334743981861
2313.874274281297 72.614190810839261
2347.530350604038 72.746115332295346
2381.6759658295764 72.869094930830641
2416.318240465218 72.985218369488706
2451.4643985884327 73.090978450924098
2487.1217693533167 73.188445874673519
2523.2977885189675 73.273337579454704
2560.0000000000887 73.348000000000170
2597.236057440151 73.410707734006223
2635.0137258074315 73.460515098388186
2673.340883014273 73.494505662260707
2712.225521559891 73.516631059342615
2751.6757501970797 73.523959468774635
2791.699795623158 73.518660040875375
2832.3060041955137 73.498585577608566
2873.502843672097 73.466642355384948
2915.2989049772345 73.422417401629133
2957.7029039931244 73.366676731130099
3000.723683377391 73.303287830342867
3044.370214407075 73.229487940253705
3088.6515988494466 73.147061962186058
3133.57707086003 73.060229998437194
3179.1559989082334 72.969396442194451
3225.3978877309914 72.875688309028789
3272.3123803148205 72.780875239370360
3319.9092599067053 72.688070591375393
3368.198452054235 72.599106755343456
3417.190026675413 72.514136455985565
3466.8942001585724 72.434827641763718
3517.3213374928373 72.361769767634812
3568.4819544295697 72.295006474228813
3620.386719675257 72.237317147521495
3673.0464571162966 72.189332369735808
3726.472148076138 72.151881432635079
3780.6749336052594 72.127263773238155
3835.6661168044484 72.111620065983459
3891.45716518188 72.111523218471604
3948.059713044477 72.122136196195839
4005.4855639240527 72.148928477452529
4063.746693038744 72.186122244198941
4122.855249790247 72.235760074797241
4182.823560297375 72.293884065160881
4243.664129966465 72.356028361322885
4305.389646099183 72.423428610709095
4368.012980538242 72.493764603105518
4431.5471923516225 72.563262288784273
4496.00553055582 72.629905668819703
4561.401436878714 72.690784027172668
4627.748548562617 72.743471985327673
4695.060701208099 72.783777315543645
4763.351931659176 72.810693531629724
4832.63648093046 72.818989081525558
4902.928797176889 72.807062183623415
4974.243538706657 72.779878230646659
5046.595577037959 72.730888427795577
5120.000000000202 72.661285714285498
5194.472114880326 72.566556697130977
5270.027451614888 72.445953332254703
5346.6817660285715 72.299885901716792
5424.451043119808 72.128175063570154
5503.351500394186 71.931310427557804
5583.399591246343 71.712169886846112
5664.612008391055 71.472487034868777
5747.005687344222 71.220547340796188
5830.597809954497 70.960381843892208
5915.405807986278 70.695896053322400
6001.447366754812 70.430049347228959
6088.740428814181 70.162091418654299
6177.303197698925 69.917518033584486
6267.154141720092 69.777345858279915
6358.3119978165005 69.685604882205325
6450.795775462017 69.581275175059034
6544.624760629676 69.453839735252330
6639.818519813445 69.327296906002402
6736.396904108505 69.240889795617079
6834.380053350861 69.200905795198423
6933.788400317181 69.207839592120536
7034.642674985712 69.259155219614215
7136.963908859177 69.345279089314886
7240.773439350552 69.454073986466113
7346.092914232631 69.571241276513575
7452.944296152315 69.676855702094798
7561.349867210557 69.747385562478300
7671.332233608935 69.764536121610490
7782.914330363799 69.711028300816594
7896.119426088994 69.565507412531801
8010.971127848146 69.304846677853220
8127.49338607753 68.924344806346880
8245.710499580537 68.432834422897855
8365.647120594791 67.846549922614827
8487.328259932974 67.201346608275543
8610.77929219841 66.516828606762175
8736.025961076528 65.812630842096297
8863.094384703289 65.104159378755213
8992.011061111683 64.406720159385799
9122.802873757471 63.739337273623562
9255.497097125279 63.118573909173811
9390.121402416245 62.549369980777996
9526.7038633184 62.040208259591878
9665.272961860968 61.597297931919854
9805.857594353829 61.226812696084835
9948.487077413367 60.935576888881499
10093.19115407597 60.734102526649593
10240.000000000457 60.616399999999743
10388.944229760706 60.589353159268619
10540.05490322983 60.667415834277179
10693.363532057198 60.853601356953419
10848.902086239672 61.157084589727276
11006.703000788428 61.588942108610354
11166.799182492743 62.160058278248819
11329.224016782166 62.912941703382643
11494.0113746885 63.823566352349587
11661.195619909053 64.985770278318540
11830.811615972614 66.277574089378177
12002.894733509682 67.671447341428419
12177.48085762842 68.921121746110401
12354.606395397908 69.592140087374389
12534.308283440243 69.652787930783262
12716.62399563306 68.907805465575706
12901.591550924093 67.675704716448607
13089.249521259411 66.301780290779305
13279.637039626952 65.066448911305855
13472.793808217073 64.167526668225520
13668.760106701786 63.736727426642517
13867.576800634426 63.729281580777176
14069.285349971487 64.099240574331176
14273.927817718419 64.712826906792387
14481.54687870117 65.554404624938428
14692.18582846533 66.551417003378134
14905.888592304698 67.368309860928093
15122.699734421185 67.576708254955662
15342.664467217943 66.891470697183777
15565.828660727671 65.376088041136256
15792.238852178061 63.457122896452205
16021.942255696367 61.555970457325373
16254.986772155136 59.863194472515865
16491.42099916115 58.710814050088558
16731.294241189662 57.671659231990176
16974.65651986603 56.713042320363563
17221.558584396902 55.934258263070305
17472.051922153143 55.135101537577029
17726.188769406665 54.012269701350363
17984.022122223458 52.371123143680798
18245.605747515034 50.121870612698729
18510.99419425065 47.715746807483072
18780.242804832582 47.277353360598127
19053.40772663689 47.762990450995872
19330.545923722028 46.647551842552829
19611.71518870775 44.815638716418960
19896.974154826825 43.918999999999997
20186.382308152035 43.918999999999997
