20 102.710000000000008
20.290906698750476 102.646485159056681
20.586044732869844 102.559163307482805
20.885475648548283 102.460317243231486
21.189261887185914 102.367275418490237
21.49746679841394 102.306400459173631
21.810154653305165 102.273753890063176
22.12739065777668 102.294264593899868
22.449240966187475 102.336288868345321
22.77577269513385 102.389739505576529
23.107053937445478 102.431564343543442
23.44315377638505 102.445329866509297
23.784142300054445 102.423014169118943
24.130090616010463 102.376667703143880
24.481070866093134 102.316944275375405
24.837156241469714 102.263998501823551
25.1984209978975 102.234582897610380
25.56494047120865 102.220701182328781
25.936791093020236 102.208134493978861
26.3140504066728 102.179314025579345
26.69679708340074 102.123298499467623
27.08511093873791 102.055180142093377
27.47907294916184 101.996476351867585
27.878765268980047 101.960834887757628
28.284271247461966 101.943971862576149
28.695675446220072 101.926346499565454
29.11306365684382 101.897467507001920
29.536522918790062 101.854420753958578
29.966141537533712 101.812318129321710
30.402009102982383 101.783409590667162
30.844216508158908 101.761887857385702
31.29285596815558 101.730142962865997
31.74802103936409 101.680993412158216
32.20980663898519 101.621885910375994
32.67830906482211 101.561424603156524
33.153626015361866 101.505908390340920
33.63585661014871 101.454506769154676
34.125101410453844 101.405365568827790
34.62146244024586 101.361876166742547
35.12504320746613 101.327872537174429
35.635948725613716 101.298614973914397
36.15428553564419 101.266082870362339
36.68016172818701 101.224285444463163
37.21368696608603 101.173703929459222
37.754972507267915 101.116270941308272
38.30413122794313 101.055129154014480
38.86127764614443 100.992057950688874
39.4265279456077 100.929173776268371
40.000000000000206 100.866999999999990
40.58181339750116 100.804939697398879
41.1720894657399 100.742453955939425
41.77095129709678 100.682404779972927
42.37852377437204 100.631151927210439
42.9949335968281 100.585117194620608
43.62030930661056 100.538476847119966
44.25478131555359 100.490098993598409
44.89848193237519 100.443275485764730
45.55154539026795 100.395008193836361
46.21410787489121 100.337242132795978
46.88630755277036 100.278835112180531
47.56828460010916 100.230220084820814
48.260181232021196 100.180282877957978
48.962141732186545 100.108541101977110
49.674312482939705 100.028554339126870
50.39684199579528 99.953811803929966
51.129880942417586 99.884075037973489
51.873582186040764 99.819812935699588
52.628100813345895 99.755541219508757
53.393594166801776 99.686838490723204
54.17022187747612 99.622791101994792
54.95814589832399 99.573147518383834
55.75753053796041 99.519775970765295
56.56854249492426 99.443371580527881
57.39135089244048 99.354864375492895
58.226127313687975 99.265744032513339
59.073045837580466 99.185585847485584
59.932283075067765 99.098373267880618
60.804018205965114 99.005666980552917
61.68843301631817 98.936155655894780
62.58571193631152 98.877482339981498
63.49604207872855 98.808324549544253
64.41961327797075 98.730703451455526
65.35661812964459 98.648404368331981
66.3072520307241 98.563922699342356
67.27171322029778 98.480360949834093
68.25020282090806 98.397484179969169
69.2429248804921 98.322845495447268
70.25008641493265 98.252243000390450
71.27189745122783 98.166349485761430
72.30857107128878 98.074160028761256
73.36032345637442 97.993457519781984
74.42737393217246 97.918656450815760
75.50994501453623 97.844003580706527
76.60826245588666 97.776016526183355
77.72255529228926 97.716016281146864
78.85305589121582 97.654861029422307
80.00000000000082 97.586999999999932
81.16362679500274 97.514273143495188
82.34417893148023 97.440268759829280
83.541902594194 97.369989642822631
84.75704754874454 97.299172261753895
85.98986719365665 97.226020265595295
87.24061861322157 97.151463085450828
88.50956263110764 97.078413491958742
89.79696386475084 96.999452882961947
91.10309078053635 96.918516276165718
92.42821574978288 96.834555528443332
93.77261510554118 96.734554087344208
95.13656920021877 96.641114618942197
96.52036246404286 96.576410451835926
97.92428346437356 96.531403381154732
99.34862496587989 96.495013009621317
100.79368399159105 96.467623862787192
102.25976188483567 96.462818333193852
103.74716437208203 96.481075357832353
105.25620162669229 96.510694264810041
106.78718833360406 96.544867727784094
108.34044375495276 96.583351537628772
109.9162917966485 96.624266348183511
111.51506107592134 96.656052734304893
113.13708498984903 96.663815856415198
114.78270178488147 96.662771623447952
116.45225462737648 96.645006909043303
118.14609167516147 96.604274409138014
119.86456615013608 96.542805851788103
121.60803641193078 96.492379115315771
123.3768660326369 96.446939188611125
125.17142387262359 96.385857338640676
126.99208415745765 96.311636773964125
128.83922655594208 96.234155799410672
130.71323625928977 96.147415921712877
132.61450406144883 96.058693691219446
134.5434264405962 95.971545810173168
136.50040564181674 95.882606036245065
138.48584976098482 95.790758223195922
140.50017282986593 95.699241790581368
142.5437949024563 95.602169742133327
144.61714214257822 95.514601457689935
146.7206469127495 95.407805713624271
148.8547478643456 95.294427413616816
151.01989002907314 95.188012904703342
153.216524911774 95.092622478617272
155.4451105845792 95.002585797785997
157.70611178243232 94.916420418128666
160.00000000000236 94.826499999999896
162.3272535900062 94.723635391321721
164.6883578629612 94.616648553021562
167.08380518838874 94.512062854823938
169.51409509748981 94.417464386295393
171.97973438731407 94.322582252649681
174.4812372264439 94.227609232840422
177.01912526221608 94.142984166556658
179.5939277295025 94.070126380211633
182.20618156107355 94.002080515724316
184.85643149956664 93.945957511108929
187.54523021108326 93.901574836015811
190.27313840043846 93.876697286557118
193.04072492808663 93.857566055589700
195.84856692874806 93.835899458270262
198.69724993176072 93.818295400382141
201.58736798318304 93.798301056134534
204.5195237696723 93.771298254380056
207.49432874416505 93.731841685302669
210.5124032533856 93.680024674230168
213.57437666720915 93.623480437489832
216.68088750990657 93.562552471679339
219.83258359329807 93.489310972472580
223.03012215184378 93.402429171362257
226.2741699796992 93.324073118796861
229.5654035697641 93.249350852418672
232.90450925475412 93.165919098879556
236.2921833503241 93.084670214186175
239.72913230027333 93.004331532481103
243.21607282386276 92.924138361463093
246.75373206527502 92.844541028531310
250.34284774524843 92.766971621222410
253.9841683149166 92.692324549544210
257.67845311188546 92.611533838177508
261.42647251858085 92.518838187035470
265.22900812289896 92.429162203403763
269.08685288119375 92.347676089494939
273.0008112836349 92.265482963043667
276.97169952197106 92.183066009560577
281.00034565973334 92.103493432465058
285.0875898049141 92.025853311667618
289.23428428515797 91.947895455439024
293.44129382550057 91.877406910644339
297.7094957286928 91.807022370903695
302.0397800581479 91.729989206387927
306.4330498235497 91.645055528440778
310.89022116916016 91.564948574247410
315.41222356486645 91.488698311179704
320.00000000000654 91.412999999999897
324.6545071800142 91.335735180811767
329.3767157259242 91.260847891530403
334.16761037677935 91.187235561235269
339.02819019498156 91.114077147075278
343.95946877463007 91.042879596522795
348.9624744528898 90.974506594885980
354.03825052443415 90.903560667605490
359.187855459007 90.835139093487015
364.4123631221491 90.768904224660929
369.71286299913527 90.702589212510816
375.0904604221685 90.644640625989396
380.54627680087896 90.592810370391646
386.08144985617537 90.543083241265663
391.6971338574982 90.508578622051573
397.3944998635236 90.478985300627784
403.1747359663683 90.450861758837618
409.0390475393468 90.427636111343560
414.9886574883323 90.419996219162783
421.0248065067734 90.426185382583043
427.1487533344206 90.439267197225391
433.3617750198154 90.462112060514102
439.6651671865984 90.496752479458621
446.06024430368984 90.539795206328279
452.54833995940066 90.593189893630552
459.13080713953053 90.657693244353766
465.8090185095106 90.731121131068505
472.58436670065066 90.815769312344116
479.45826460054917 90.908141914521821
486.432145647728 91.005936468197731
493.50746413055253 91.106963773293614
500.6856954904994 91.201414041376495
507.9683366298358 91.296088376187868
515.3569062237735 91.391359354590378
522.8529450371643 91.482148940732927
530.4580162458005 91.567608788473365
538.1737057623901 91.645063351861495
546.0016225672724 91.714656069476362
553.9433990439449 91.777225255747851
562.0006913194694 91.831403940520971
570.1751796098309 91.877858380088156
578.4685685703187 91.918495985994554
586.8825876510039 91.953530350604012
595.4189914573883 91.986321217965212
604.0795601162986 92.018798350436128
612.8660996471021 92.051921662949752
621.780442338323 92.086153134733536
630.8244471297356 92.122421455588409
640.0000000000159 92.160500000000070
649.3090143600314 92.202856015338142
658.7534314518515 92.249329485686673
668.3352207535618 92.296342581692457
678.0563803899662 92.344379082930345
687.9189375492632 92.393198740868854
697.9249489057827 92.445898476645937
708.0765010488715 92.502632230926125
718.3757109180171 92.562497908870398
728.8247262443015 92.625389593778024
739.425725998274 92.692353360089044
750.1809208443404 92.764236292436323
761.0925536017613 92.838799116278707
772.1628997123541 92.916140297986487
783.3942677149998 92.995082730455579
794.7889997270506 93.076437373032491
806.34947193274 93.160827355503955
818.0780950786972 93.247618167314954
829.9773149766683 93.336138427133591
842.0496130135506 93.426372097601629
854.2975066688449 93.518768488349934
866.7235500396347 93.613289975300319
879.3303343732008 93.709127057954987
892.1204886073838 93.808039811137590
905.0966799188055 93.909423992697313
918.2616142790653 94.013111251595660
931.6180370190256 94.119444296152210
945.1687334013056 94.228148564435486
958.9165292011028 94.340189843859051
972.8642912954606 94.454921474508794
987.0149282611097 94.571854214466867
1001.3713909810035 94.690928258175035
1015.9366732596762 94.812336832939280
1030.7138124475518 94.935965432597385
1045.7058900743334 95.061446756567022
1060.916032491606 95.190225207345875
1076.3474115247852 95.320408084243184
1092.0032451345498 95.452964982233226
1107.8867980878947 95.587537783747109
1124.0013826389438 95.724622901948777
1140.350359219667 95.863978053367163
1156.9371371406426 96.005596314526429
1173.765175302013 96.150224636979857
1190.837982914782 96.297790236762538
1208.1591202326028 96.447892302035271
1225.73219929421 96.601588503356538
1243.5608846766518 96.757763419348009
1261.648894259477 96.918286862434030
1280.0000000000375 97.082000000000335
1298.6180287200684 97.250892117674908
1317.5068629037087 97.422312452423739
1336.6704415071292 97.599201583940953
1356.112760779938 97.781057132311915
1375.8378750985323 97.967959813436067
1395.8498978115715 98.160055266436373
1416.153002097749 98.357760987154677
1436.7514218360407 98.560007861722710
1457.6494524886093 98.768453492035405
1478.8514519965543 98.982438868444717
1500.3618416886875 99.202777627229892
1522.1851072035295 99.430612519204843
1544.3257994247153 99.664853473901985
1566.788535430007 99.906651953352679
1589.5779994541087 100.156149553984278
1612.6989438654878 100.412720213538847
1636.156190157402 100.675841824975493
1659.9546299533442 100.945283688869054
1684.099226027109 101.220049192188497
1708.5950133376978 101.498811251782996
1733.4471000792773 101.781459056900587
1758.6606687464096 102.067192343459496
1784.2409772147755 102.354998944805487
1810.193359837619 102.644238559804080
1836.5232285581387 102.933603191283709
1863.2360740380593 103.221331827764942
1890.3374668026197 103.505702905411198
1917.833058402214 103.785400567526267
1945.7285825909298 104.056908964524752
1974.0298565222283 104.319074680004505
2002.7427819620161 104.565805116598028
2031.8733465193618 104.795707092961493
2061.4276248951132 105.002565749370689
2091.411780148677 105.180776544713652
2121.832064983222 105.324824442062493
2152.694823049581 105.423284945895233
2184.0064902691106 105.494107463809485
2215.7735961758003 105.513091509856594
2248.002765277899 105.506130614143402
2280.7007184393456 105.467200505189737
2313.874274281297 105.407326499818652
2347.530350604038 105.331050641020113
2381.6759658295764 105.235472102511267
2416.318240465218 105.120394480953109
2451.4643985884327 104.976361561157958
2487.1217693533167 104.808749701943199
2523.2977885189675 104.610411383085392
2560.0000000000887 104.390249999999440
2597.236057440151 104.153465626639019
2635.0137258074315 103.908411239778616
2673.340883014273 103.665619481160789
2712.225521559891 103.430369422796645
2751.6757501970797 103.207511745773814
2791.699795623158 102.993387330642548
2832.3060041955137 102.783447138435065
2873.502843672097 102.570050184468386
2915.2989049772345 102.348009011674975
2957.7029039931244 102.112592069720080
3000.723683377391 101.861639807651216
3044.370214407075 101.598778713557550
3088.6515988494466 101.337520161630067
3133.57707086003 101.091899231527833
3179.1559989082334 100.880546084716428
3225.3978877309914 100.707956864874276
3272.3123803148205 100.574004039638140
3319.9092599067053 100.469968776573523
3368.198452054235 100.388886136165155
3417.190026675413 100.329872776525633
3466.8942001585724 100.294073377934978
3517.3213374928373 100.280153573250146
3568.4819544295697 100.285044586328866
3620.386719675257 100.305304961427879
3673.0464571162966 100.337362984552570
3726.472148076138 100.377412996980155
3780.6749336052594 100.420978160221424
3835.6661168044484 100.465532893443566
3891.45716518188 100.511640912251750
3948.059713044477 100.560814375707395
4005.4855639240527 100.620856954905065
4063.746693038744 100.694526372232147
4122.855249790247 100.782092193412652
4182.823560297375 100.878215172158221
4243.664129966465 100.969041451164216
4305.389646099183 101.040351771477418
4368.012980538242 101.079824346818469
4431.5471923516225 101.077922640382411
4496.00553055582 101.032228862800707
4561.401436878714 100.923392234986551
4627.748548562617 100.759997777738732
4695.060701208099 100.588751349323033
4763.351931659176 100.491474064953223
4832.63648093046 100.489675497944262
4902.928797176889 100.498090269035231
4974.243538706657 100.453190656132449
5046.595577037959 100.325858065863798
5120.000000000202 100.139785714285125
5194.472114880326 99.906877336821793
5270.027451614888 99.655720708662727
5346.6817660285715 99.407285392859279
5424.451043119808 99.168781885542288
5503.351500394186 98.940448223876558
5583.399591246343 98.724594835751901
5664.612008391055 98.539645821707509
5747.005687344222 98.406798260497098
5830.597809954497 98.349813583891361
5915.405807986278 98.381872114783192
6001.447366754812 98.487725326385515
6088.740428814181 98.621797938124431
6177.303197698925 98.754979682344867
6267.154141720092 98.887052359037142
6358.3119978165005 99.029090756495492
6450.795775462017 99.192257994500522
6544.624760629676 99.389029444660849
6639.818519813445 99.629589133274848
6736.396904108505 99.920201690681324
6834.380053350861 100.261784701399492
6933.788400317181 100.645329369275061
7034.642674985712 101.052149260441979
7136.963908859177 101.468682387234026
7240.773439350552 101.898767781256083
7346.092914232631 102.341437916921222
7452.944296152315 102.754187529859962
7561.349867210557 103.052135341162568
7671.332233608935 103.178882021674099
7782.914330363799 103.107955505308041
7896.119426088994 102.830171552455880
8010.971127848146 102.377118551244507
8127.49338607753 101.829148352475073
8245.710499580537 101.239881509783174
8365.647120594791 100.630478871437262
8487.328259932974 100.026672314414839
8610.77929219841 99.495034329693397
8736.025961076528 99.130234801592820
8863.094384703289 98.961789565909442
8992.011061111683 98.979408178351932
9122.802873757471 99.173294145102517
9255.497097125279 99.548819247051114
9390.121402416245 100.090992316457033
9526.7038633184 100.737841955887959
9665.272961860968 101.329164422234243
9805.857594353829 101.630401789010236
9948.487077413367 101.407802609779537
10093.19115407597 100.502321741812494
10240.000000000457 99.069999999994963
10388.944229760706 97.319386159321652
10540.05490322983 95.572634397535523
10693.363532057198 94.020081892700631
10848.902086239672 92.617639682815678
11006.703000788428 91.290367477882796
11166.799182492743 90.089030122132158
11329.224016782166 89.119371615965548
11494.0113746885 88.346001562784807
11661.195619909053 87.895529729330690
11830.811615972614 87.638374190954849
12002.894733509682 87.632086538583309
12177.48085762842 87.749159155594540
12354.606395397908 88.056549389625189
12534.308283440243 88.533826287784109
12716.62399563306 89.291732938354528
12901.591550924093 90.408158663181752
13089.249521259411 91.707019900716915
13279.637039626952 93.190908299125155
13472.793808217073 94.689826889711384
13668.760106701786 95.838851208667847
13867.576800634426 96.352143346099922
14069.285349971487 96.215491304398142
14273.927817718419 95.750270761053457
14481.54687870117 95.416410345964479
14692.18582846533 95.594907579771757
14905.888592304698 96.167379251205574
15122.699734421185 96.689979135768240
15342.664467217943 96.533502329078615
15565.828660727671 95.180762009320063
15792.238852178061 92.584796942757322
16021.942255696367 89.273021333344559
16254.986772155136 86.072067754776413
16491.42099916115 83.609841714735779
16731.294241189662 81.308864465744449
16974.65651986603 78.848388384240621
17221.558584396902 76.115304377949016
17472.051922153143 73.446414248242519
17726.188769406665 72.261578136231805
17984.022122223458 71.974697727043434
18245.605747515034 71.324889902441043
18510.99419425065 70.545533090190446
18780.242804832582 72.225007667436884
19053.40772663689 75.866546162765303
19330.545923722028 79.186898492118843
19611.71518870775 81.549983170172226
19896.974154826825 82.385500000000008
20186.382308152035 82.385500000000008
