20 69.748000000000005
20.290906698750476 69.748969692228144
20.586044732869844 69.748999999999995
20.885475648548283 69.746621036262098
21.189261887185914 69.739750578463727
21.49746679841394 69.728723152119343
21.810154653305165 69.716720720930510
22.12739065777668 69.710066855100024
22.449240966187475 69.707656544027358
22.77577269513385 69.713020585272176
23.107053937445478 69.721854781181150
23.44315377638505 69.728431542992041
23.784142300054445 69.726086976123838
24.130090616010463 69.714561810685467
24.481070866093134 69.692598694047405
24.837156241469714 69.666713322600842
25.1984209978975 69.641850661384041
25.56494047120865 69.620959131926412
25.936791093020236 69.604199332898801
26.3140504066728 69.589057842570327
26.69679708340074 69.570422156767208
27.08511093873791 69.546850794683593
27.47907294916184 69.517720710678191
27.878765268980047 69.486198778481594
28.284271247461966 69.455179656440350
28.695675446220072 69.426476771441912
29.11306365684382 69.400555371559904
29.536522918790062 69.376491239466532
29.966141537533712 69.352862215435650
30.402009102982383 69.326369408741456
30.844216508158908 69.296724619355217
31.29285596815558 69.264035802388321
31.74802103936409 69.230890506205156
32.20980663898519 69.199782181743927
32.67830906482211 69.170623147045845
33.153626015361866 69.141014309001477
33.63585661014871 69.108174897628686
34.125101410453844 69.070241684342790
34.62146244024586 69.030147392101071
35.12504320746613 68.992246975477372
35.635948725613716 68.956075743030198
36.15428553564419 68.916848586077180
36.68016172818701 68.872825929647732
37.21368696608603 68.827691355747021
37.754972507267915 68.786469827029151
38.30413122794313 68.747398493360151
38.86127764614443 68.705093862031575
39.4265279456077 68.658107372155570
40.000000000000206 68.612999999999985
40.58181339750116 68.571788080303946
41.1720894657399 68.525686392585072
41.77095129709678 68.471638508475408
42.37852377437204 68.418999001644977
42.9949335968281 68.369730072348702
43.62030930661056 68.311203491843514
44.25478131555359 68.244059336820214
44.89848193237519 68.191113880451468
45.55154539026795 68.159033188418334
46.21410787489121 68.127071294307314
46.88630755277036 68.082581707693322
47.56828460010916 68.035037239795216
48.260181232021196 67.978181075637764
48.962141732186545 67.900730400188607
49.674312482939705 67.817411374971414
50.39684199579528 67.741559830487375
51.129880942417586 67.681971482108253
51.873582186040764 67.642155137569347
52.628100813345895 67.586330466895220
53.393594166801776 67.520496413943391
54.17022187747612 67.479479996750612
54.95814589832399 67.434675627096269
55.75753053796041 67.374730601574896
56.56854249492426 67.376330444827431
57.39135089244048 67.317230356774971
58.226127313687975 67.149360081283334
59.073045837580466 66.968047843781861
59.932283075067765 66.974492123063015
60.804018205965114 66.941589467405748
61.68843301631817 66.851522130467771
62.58571193631152 66.760946718881854
63.49604207872855 66.665179434457954
64.41961327797075 66.589938949379430
65.35661812964459 66.556329037120150
66.3072520307241 66.505060097806165
67.27171322029778 66.382513538309325
68.25020282090806 66.293613743439607
69.2429248804921 66.232201622239899
70.25008641493265 66.153369080577107
71.27189745122783 66.076033793407746
72.30857107128878 65.984591453938492
73.36032345637442 65.900008139547111
74.42737393217246 65.801741650595773
75.50994501453623 65.726877909324060
76.60826245588666 65.645219002740731
77.72255529228926 65.532835567499092
78.85305589121582 65.453374710037025
80.00000000000082 65.374999999999943
81.16362679500274 65.293061075004573
82.34417893148023 65.176522139851457
83.541902594194 65.094077949346882
84.75704754874454 65.022469800871704
85.98986719365665 64.935497111960615
87.24061861322157 64.857162609134065
88.50956263110764 64.750126613025500
89.79696386475084 64.632543967019416
91.10309078053635 64.507827246941488
92.42821574978288 64.398353163818101
93.77261510554118 64.301948749531675
95.13656920021877 64.211834684984694
96.52036246404286 64.104488894955722
97.92428346437356 64.046003907008554
99.34862496587989 64.003211798414412
100.79368399159105 64.002424553010997
102.25976188483567 64.084202855708170
103.74716437208203 64.212750018545378
105.25620162669229 64.383117022657743
106.78718833360406 64.580532821147756
108.34044375495276 64.786537836062166
109.9162917966485 64.963842952657089
111.51506107592134 65.072524164041994
113.13708498984903 65.134745477560458
114.78270178488147 65.169145930117708
116.45225462737648 65.176780933119005
118.14609167516147 65.185763838720817
119.86456615013608 65.171222889670304
121.60803641193078 65.142319168132744
123.3768660326369 65.096127886378810
125.17142387262359 65.034128773477192
126.99208415745765 64.966830260745866
128.83922655594208 64.904877898758826
130.71323625928977 64.813051423294795
132.61450406144883 64.713213723821482
134.5434264405962 64.589111545767210
136.50040564181674 64.489609281379614
138.48584976098482 64.409879685636184
140.50017282986593 64.320825844039149
142.5437949024563 64.232268887560224
144.61714214257822 64.129621465192869
146.7206469127495 64.038765217812170
148.8547478643456 63.959083824747907
151.01989002907314 63.871473124645192
153.216524911774 63.767676889287785
155.4451105845792 63.663818731435242
157.70611178243232 63.577863200605677
160.00000000000236 63.503999999999920
162.3272535900062 63.423011575067790
164.6883578629612 63.345221862094874
167.08380518838874 63.274152888499046
169.51409509748981 63.206813794328781
171.97973438731407 63.144798534072073
174.4812372264439 63.080091584667173
177.01912526221608 63.007541542343290
179.5939277295025 62.925237956018222
182.20618156107355 62.854198043099878
184.85643149956664 62.789003071410576
187.54523021108326 62.723649672031641
190.27313840043846 62.673949200794297
193.04072492808663 62.637862430949255
195.84856692874806 62.599441209454525
198.69724993176072 62.556083451078180
201.58736798318304 62.530473334719915
204.5195237696723 62.512830793996173
207.49432874416505 62.477336014046827
210.5124032533856 62.430301547945831
213.57437666720915 62.375012466655818
216.68088750990657 62.319584468576636
219.83258359329807 62.256641306845765
223.03012215184378 62.176110650396964
226.2741699796992 62.096161863827319
229.5654035697641 62.018213016110536
232.90450925475412 61.933450929127979
236.2921833503241 61.839658893323104
239.72913230027333 61.753305550955631
243.21607282386276 61.666463133888513
246.75373206527502 61.575810615827322
250.34284774524843 61.491928806368790
253.9841683149166 61.400895792127088
257.67845311188546 61.333828037347075
261.42647251858085 61.211928243433078
265.22900812289896 61.108049609879991
269.08685288119375 61.040886579890952
273.0008112836349 60.946230732013674
276.97169952197106 60.862853755975365
281.00034565973334 60.803592602881707
285.0875898049141 60.716169373077292
289.23428428515797 60.629503458440198
293.44129382550057 60.542609347194684
297.7094957286928 60.459290530727699
302.0397800581479 60.376479261373383
306.4330498235497 60.290244511832931
310.89022116916016 60.204113242493669
315.41222356486645 60.119409754684298
320.00000000000654 60.040499999999888
324.6545071800142 59.958115222913747
329.3767157259242 59.871468430642992
334.16761037677935 59.785816535293328
339.02819019498156 59.699701033548827
343.95946877463007 59.615584977708750
348.9624744528898 59.526279212402699
354.03825052443415 59.437234440874846
359.187855459007 59.352656741564090
364.4123631221491 59.268460953733396
369.71286299913527 59.190663486512534
375.0904604221685 59.116088934319592
380.54627680087896 59.061141069362577
386.08144985617537 59.017113561035544
391.6971338574982 58.998170023624070
397.3944998635236 58.995007349686105
403.1747359663683 59.021371222450867
409.0390475393468 59.069890475393471
414.9886574883323 59.135114835069288
421.0248065067734 59.212050945449064
427.1487533344206 59.298052237238437
433.3617750198154 59.387974406522460
439.6651671865984 59.472837542510533
446.06024430368984 59.554222931644276
452.54833995940066 59.630551075537170
459.13080713953053 59.703643820882007
465.8090185095106 59.774994694349857
472.58436670065066 59.841224028891844
479.45826460054917 59.905398171290813
486.432145647728 59.968002881700002
493.50746413055253 60.031567177174971
500.6856954904994 60.094199843764777
507.9683366298358 60.154736798235511
515.3569062237735 60.218074823471511
522.8529450371643 60.271330906482277
530.4580162458005 60.318977105597696
538.1737057623901 60.369178717673364
546.0016225672724 60.421939002218181
553.9433990439449 60.472403319144163
562.0006913194694 60.522004320746682
570.1751796098309 60.573086113580956
578.4685685703187 60.624505125135975
586.8825876510039 60.673230749610724
595.4189914573883 60.719178755578419
604.0795601162986 60.763142828074223
612.8660996471021 60.804745026958180
621.780442338323 60.844527673212575
630.8244471297356 60.879009232023535
640.0000000000159 60.912500000000058
649.3090143600314 60.947408803850116
658.7534314518515 60.981950024799261
668.3352207535618 61.021507927164961
678.0563803899662 61.064350892735348
687.9189375492632 61.108635218971685
697.9249489057827 61.152869775185437
708.0765010488715 61.197940429667483
718.3757109180171 61.244609484676971
728.8247262443015 61.291270031787136
739.425725998274 61.337501908092491
750.1809208443404 61.385821682168050
761.0925536017613 61.435378680941334
772.1628997123541 61.487187452496428
783.3942677149998 61.541502769223271
794.7889997270506 61.597379248658001
806.34947193274 61.656334727646886
818.0780950786972 61.718260658494621
829.9773149766683 61.782183797180267
842.0496130135506 61.848610339325660
854.2975066688449 61.916815349456513
866.7235500396347 61.986751250228664
879.3303343732008 62.060265489520546
892.1204886073838 62.137434980505041
905.0966799188055 62.218840781135519
918.2616142790653 62.305422986769202
931.6180370190256 62.395308099591787
945.1687334013056 62.492765500509790
958.9165292011028 62.596988535158403
972.8642912954606 62.703653614146020
987.0149282611097 62.814733088212591
1001.3713909810035 62.931745406044229
1015.9366732596762 63.051305610497309
1030.7138124475518 63.174669379010986
1045.7058900743334 63.303733520307716
1060.916032491606 63.430694672929491
1076.3474115247852 63.560632652830648
1092.0032451345498 63.695026772360031
1107.8867980878947 63.825392227765164
1124.0013826389438 63.952010715451813
1140.350359219667 64.078617352318275
1156.9371371406426 64.204240217516102
1173.765175302013 64.328297520939600
1190.837982914782 64.453951180867421
1208.1591202326028 64.582462067433880
1225.73219929421 64.711899647221969
1243.5608846766518 64.842279820962105
1261.648894259477 64.974925224569503
1280.0000000000375 65.109500000000281
1298.6180287200684 65.246741468850786
1317.5068629037087 65.385549412906698
1336.6704415071292 65.522693656775971
1356.112760779938 65.661706239576560
1375.8378750985323 65.802740806954503
1395.8498978115715 65.939883057673399
1416.153002097749 66.076763547458171
1436.7514218360407 66.215740882939173
1457.6494524886093 66.356904320723459
1478.8514519965543 66.497533060458494
1500.3618416886875 66.631837497308922
1522.1851072035295 66.772815792534800
1544.3257994247153 66.913525568352696
1566.788535430007 67.060304333838047
1589.5779994541087 67.203717356659155
1612.6989438654878 67.348011304107189
1636.156190157402 67.496730245597931
1659.9546299533442 67.648806909498603
1684.099226027109 67.805872907258362
1708.5950133376978 67.963101481626708
1733.4471000792773 68.117730382508967
1758.6606687464096 68.279774706726883
1784.2409772147755 68.443772615085976
1810.193359837619 68.612091643715289
1836.5232285581387 68.785440056485584
1863.2360740380593 68.953769494593686
1890.3374668026197 69.126000283553083
1917.833058402214 69.304914879614387
1945.7285825909298 69.484162928581952
1974.0298565222283 69.669616455916270
2002.7427819620161 69.860642387262601
2031.8733465193618 70.042677193304030
2061.4276248951132 70.227065418083967
2091.411780148677 70.417441274274950
2121.832064983222 70.609904604520565
2152.694823049581 70.803294755788599
2184.0064902691106 71.002042186749236
2215.7735961758003 71.195712328249869
2248.002765277899 71.379649279769211
2280.7007184393456 71.567494095104280
2313.874274281297 71.754270984356509
2347.530350604038 71.935826513181269
2381.6759658295764 72.111234577012226
2416.318240465218 72.285863173000507
2451.4643985884327 72.451894708595006
2487.1217693533167 72.604201714590715
2523.2977885189675 72.747526264649920
2560.0000000000887 72.884750000000309
2597.236057440151 73.008569975192472
2635.0137258074315 73.119037517206976
2673.340883014273 73.216018119234263
2712.225521559891 73.301562319197771
2751.6757501970797 73.372932562844895
2791.699795623158 73.421181032849603
2832.3060041955137 73.455521743314449
2873.502843672097 73.476550853101628
2915.2989049772345 73.482970109502276
2957.7029039931244 73.475494489923577
3000.723683377391 73.452939145382516
3044.370214407075 73.418275459406487
3088.6515988494466 73.373682676222472
3133.57707086003 73.327422929139971
3179.1559989082334 73.263184161790491
3225.3978877309914 73.190395210648887
3272.3123803148205 73.119754553330921
3319.9092599067053 73.047640647144604
3368.198452054235 72.974066290959740
3417.190026675413 72.901214959986874
3466.8942001585724 72.828686003781172
3517.3213374928373 72.761175114759027
3568.4819544295697 72.698930571950285
3620.386719675257 72.645875155472780
3673.0464571162966 72.602332369735791
3726.472148076138 72.557469231173769
3780.6749336052594 72.522977173209028
3835.6661168044484 72.501866776639105
3891.45716518188 72.496877501953406
3948.059713044477 72.501830224891393
4005.4855639240527 72.527925634092824
4063.746693038744 72.560091021756961
4122.855249790247 72.609307662293730
4182.823560297375 72.668847935781173
4243.664129966465 72.740987468388809
4305.389646099183 72.821429700697252
4368.012980538242 72.903400316204198
4431.5471923516225 72.981175499229465
4496.00553055582 73.049372381574344
4561.401436878714 73.121971508722652
4627.748548562617 73.190215408754270
4695.060701208099 73.246472796594475
4763.351931659176 73.292699111127476
4832.63648093046 73.322538214660540
4902.928797176889 73.332294382917638
4974.243538706657 73.319800124275218
5046.595577037959 73.281004097281809
5120.000000000202 73.217214285714078
5194.472114880326 73.119744801569794
5270.027451614888 72.984759140923558
5346.6817660285715 72.816506088795180
5424.451043119808 72.626237377298764
5503.351500394186 72.430907741888575
5583.399591246343 72.210896154729085
5664.612008391055 71.999885498686723
5747.005687344222 71.802356975981724
5830.597809954497 71.621640248688280
5915.405807986278 71.461888532982371
6001.447366754812 71.321711351318953
6088.740428814181 71.183702608800473
6177.303197698925 71.045265112088785
6267.154141720092 70.916047195292123
6358.3119978165005 70.805024322489189
6450.795775462017 70.720419083912731
6544.624760629676 70.671335695614246
6639.818519813445 70.656194555594396
6736.396904108505 70.671830823561237
6834.380053350861 70.716456131743769
6933.788400317181 70.779320822223610
7034.642674985712 70.852328432989140
7136.963908859177 70.929907751188679
7240.773439350552 71.010526485873953
7346.092914232631 71.084772961112606
7452.944296152315 71.122912201461318
7561.349867210557 71.116463153217751
7671.332233608935 71.049706291375159
7782.914330363799 70.896113970452802
7896.119426088994 70.637320822167439
8010.971127848146 70.263204071313112
8127.49338607753 69.787348774700376
8245.710499580537 69.224908123149518
8365.647120594791 68.600021396583372
8487.328259932974 67.937824977950015
8610.77929219841 67.258752312524592
8736.025961076528 66.585922347151239
8863.094384703289 65.934337514953882
8992.011061111683 65.302645800552739
9122.802873757471 64.724450209225353
9255.497097125279 64.204288727092802
9390.121402416245 63.751485313073431
9526.7038633184 63.372521994132995
9665.272961860968 63.062110738582220
9805.857594353829 62.817002629877422
9948.487077413367 62.635873931538519
10093.19115407597 62.527638493455683
10240.000000000457 62.484299999999948
10388.944229760706 62.506406874672230
10540.05490322983 62.600855221575713
10693.363532057198 62.767938956353788
10848.902086239672 63.011770935573836
11006.703000788428 63.334413154857074
11166.799182492743 63.707818037982577
11329.224016782166 64.165121293485669
11494.0113746885 64.694012963022871
11661.195619909053 65.323246172519902
11830.811615972614 65.989520820939035
12002.894733509682 66.662630553766718
12177.48085762842 67.248092786190455
12354.606395397908 67.527322965182876
12534.308283440243 67.487269072174712
12716.62399563306 67.021427695342510
12901.591550924093 66.274095505795231
13089.249521259411 65.434728212766828
13279.637039626952 64.642091953030643
13472.793808217073 63.969761925211571
13668.760106701786 63.471543398333623
13867.576800634426 63.167918081478192
14069.285349971487 63.086367713238737
14273.927817718419 63.167201487998774
14481.54687870117 63.408972270343995
14692.18582846533 63.655819932676721
14905.888592304698 63.595483131494760
15122.699734421185 62.980584364297528
15342.664467217943 61.760690375129457
15565.828660727671 60.153027686330162
15792.238852178061 58.548270173471025
16021.942255696367 57.227099323680349
16254.986772155136 56.310857010757772
16491.42099916115 56.185546870444597
16731.294241189662 56.051475224933789
16974.65651986603 55.934512809583502
17221.558584396902 55.877302048783037
17472.051922153143 55.822204473282000
17726.188769406665 55.672143942657357
17984.022122223458 55.289117223864721
18245.605747515034 54.549287274731256
18510.99419425065 53.422872279966398
18780.242804832582 51.887865042261126
19053.40772663689 49.933043490894761
19330.545923722028 47.304746488113622
19611.71518870775 43.607215346923013
19896.974154826825 41.494500000000002
20186.382308152035 41.494500000000002
