20 101.665500000000009
20.290906698750476 101.679075691193987
20.586044732869844 101.690465049876508
20.885475648548283 101.699088476708866
21.189261887185914 101.705285218459665
21.49746679841394 101.709596504223413
21.810154653305165 101.713076167018954
22.12739065777668 101.715296191611102
22.449240966187475 101.717164136006829
22.77577269513385 101.718252573159020
23.107053937445478 101.718999999999994
23.44315377638505 101.718284228503990
23.784142300054445 101.716118932749595
24.130090616010463 101.713415907919611
24.481070866093134 101.709736612990781
24.837156241469714 101.704942664520161
25.1984209978975 101.698779606289420
25.56494047120865 101.690876477910976
25.936791093020236 101.680896257728108
26.3140504066728 101.669768589372893
26.69679708340074 101.658350091143717
27.08511093873791 101.647063724754560
27.47907294916184 101.636325502211804
27.878765268980047 101.625682411689269
28.284271247461966 101.614540405071068
28.695675446220072 101.601064333043638
29.11306365684382 101.583168435216749
29.536522918790062 101.558979918603484
29.966141537533712 101.529336233910172
30.402009102982383 101.498372757235259
30.844216508158908 101.471027317713961
31.29285596815558 101.444428641910662
31.74802103936409 101.414886548283874
32.20980663898519 101.382603728632049
32.67830906482211 101.352906237694071
33.153626015361866 101.330662211416239
33.63585661014871 101.310027886441816
34.125101410453844 101.278991075880072
34.62146244024586 101.235797155019355
35.12504320746613 101.197747839626686
35.635948725613716 101.172882307347379
36.15428553564419 101.142151445185092
36.68016172818701 101.086038490151125
37.21368696608603 101.025336607882679
37.754972507267915 101.002821229593025
38.30413122794313 101.002251311794055
38.86127764614443 100.960179743764769
39.4265279456077 100.862673945225112
40.000000000000206 100.790500000000009
40.58181339750116 100.831711919696062
41.1720894657399 100.880197309936989
41.77095129709678 100.796857169959381
42.37852377437204 100.606132642494941
42.9949335968281 100.490697482813943
43.62030930661056 100.523062145806250
44.25478131555359 100.597469813849230
44.89848193237519 100.609599782731877
45.55154539026795 100.549930928004784
46.21410787489121 100.459083809773318
46.88630755277036 100.369081339585094
47.56828460010916 100.288171549744007
48.260181232021196 100.219944860510225
48.962141732186545 100.163526716285119
49.674312482939705 100.108369309721837
50.39684199579528 100.041071671142944
51.129880942417586 99.968425630617702
51.873582186040764 99.909517724709261
52.628100813345895 99.865989606269665
53.393594166801776 99.812298457340660
54.17022187747612 99.732279984565437
54.95814589832399 99.638331557151247
55.75753053796041 99.577245098701198
56.56854249492426 99.555608947565986
57.39135089244048 99.517517875927439
58.226127313687975 99.439073276759530
59.073045837580466 99.336779782942600
59.932283075067765 99.257729957093773
60.804018205965114 99.169580854833853
61.68843301631817 99.080714026855318
62.58571193631152 99.005160947250872
63.49604207872855 98.923631939402696
64.41961327797075 98.830311185896107
65.35661812964459 98.735512823007866
66.3072520307241 98.652187967618872
67.27171322029778 98.567932262716482
68.25020282090806 98.459353399573288
69.2429248804921 98.362981108126547
70.25008641493265 98.293868907747253
71.27189745122783 98.220607691157909
72.30857107128878 98.142240027510766
73.36032345637442 98.060534446946420
74.42737393217246 97.975382711494035
75.50994501453623 97.887354386365502
76.60826245588666 97.796925615584200
77.72255529228926 97.704610019712078
78.85305589121582 97.613888390651752
80.00000000000082 97.524999999999949
81.16362679500274 97.440636846454410
82.34417893148023 97.350866346295703
83.541902594194 97.256048715657528
84.75704754874454 97.161328862044456
85.98986719365665 97.064547763618947
87.24061861322157 96.967952368323637
88.50956263110764 96.871292365298032
89.79696386475084 96.776024674008426
91.10309078053635 96.683323830013478
92.42821574978288 96.593359230339559
93.77261510554118 96.500885546844174
95.13656920021877 96.405838459914804
96.52036246404286 96.313799510093759
97.92428346437356 96.223737566314355
99.34862496587989 96.134439634467384
100.79368399159105 96.049024573809845
102.25976188483567 95.969998889911778
103.74716437208203 95.893574458615120
105.25620162669229 95.819330466895195
106.78718833360406 95.751462882211030
108.34044375495276 95.691744024821702
109.9162917966485 95.641656577917075
111.51506107592134 95.605332803498868
113.13708498984903 95.580075466409738
114.78270178488147 95.562310822986376
116.45225462737648 95.554889008561062
118.14609167516147 95.551134770531149
119.86456615013608 95.546838581038941
121.60803641193078 95.538159749119401
123.3768660326369 95.515830466515155
125.17142387262359 95.468343121842210
126.99208415745765 95.340682967099553
128.83922655594208 95.033723195749715
130.71323625928977 94.589850611728224
132.61450406144883 94.015543806154938
134.5434264405962 93.372199162734546
136.50040564181674 92.902947266563814
138.48584976098482 92.689902096403316
140.50017282986593 92.629415255222767
142.5437949024563 92.612725674963286
144.61714214257822 92.588381437682131
146.7206469127495 92.547710544214823
148.8547478643456 92.492754211079728
151.01989002907314 92.426343629040588
153.216524911774 92.352135018123192
155.4451105845792 92.273688195890486
157.70611178243232 92.196074644110283
160.00000000000236 92.118999999999929
162.3272535900062 92.051975096607819
164.6883578629612 91.997980783869679
167.08380518838874 91.957242355948097
169.51409509748981 91.931567506083610
171.97973438731407 91.925812159367609
174.4812372264439 91.944519877373864
177.01912526221608 92.003208731974951
179.5939277295025 92.122371528658732
182.20618156107355 92.320818233822536
184.85643149956664 92.576372859557367
187.54523021108326 92.740047697889167
190.27313840043846 92.718996171525617
193.04072492808663 92.783728570181808
195.84856692874806 92.992898444059080
198.69724993176072 93.266858943025952
201.58736798318304 93.547096099774961
204.5195237696723 93.790444758955744
207.49432874416505 93.985923902789494
210.5124032533856 94.138289541522283
213.57437666720915 94.257709589185509
216.68088750990657 94.342538186196307
219.83258359329807 94.413193525967642
223.03012215184378 94.458542944856831
226.2741699796992 94.489435303177686
229.5654035697641 94.504834047017425
232.90450925475412 94.511340848757925
236.2921833503241 94.508233018705397
239.72913230027333 94.499211027711780
243.21607282386276 94.486608699601561
246.75373206527502 94.472015855230751
250.34284774524843 94.454914329178223
253.9841683149166 94.438073221543505
257.67845311188546 94.423286187552463
261.42647251858085 94.409150728055323
265.22900812289896 94.396812975631292
269.08685288119375 94.385326294237615
273.0008112836349 94.377998783074545
276.97169952197106 94.372285375597528
281.00034565973334 94.367399619774289
285.0875898049141 94.362912410195094
289.23428428515797 94.358765715714839
293.44129382550057 94.353870447409406
297.7094957286928 94.349019554698430
302.0397800581479 94.344460219941851
306.4330498235497 94.339661441872522
310.89022116916016 94.332678390600108
315.41222356486645 94.323093108157295
320.00000000000654 94.312999999999988
324.6545071800142 94.301363732049964
329.3767157259242 94.288682867540004
334.16761037677935 94.274080407831988
339.02819019498156 94.258609791376060
343.95946877463007 94.242037806166252
348.9624744528898 94.224235091969604
354.03825052443415 94.204346997902263
359.187855459007 94.182492221526275
364.4123631221491 94.159144365950340
369.71286299913527 94.133878257604152
375.0904604221685 94.108021852054264
380.54627680087896 94.079183965481064
386.08144985617537 94.049460170776655
391.6971338574982 94.018959334649850
397.3944998635236 93.988309150723325
403.1747359663683 93.957832636176562
409.0390475393468 93.927551508341651
414.9886574883323 93.898552931721113
421.0248065067734 93.872400773972899
427.1487533344206 93.849695614441003
433.3617750198154 93.831792377035441
439.6651671865984 93.819954094643890
446.06024430368984 93.814999999999998
452.54833995940066 93.817548339959401
459.13080713953053 93.830327017848816
465.8090185095106 93.853370910456292
472.58436670065066 93.889678745439568
479.45826460054917 93.939347669332932
486.432145647728 94.001605383653413
493.50746413055253 94.076722829970208
500.6856954904994 94.161828329440183
507.9683366298358 94.255592334109139
515.3569062237735 94.354920207227735
522.8529450371643 94.458174685196184
530.4580162458005 94.562040089241492
538.1737057623901 94.663720952247701
546.0016225672724 94.763305648683627
553.9433990439449 94.859227626565115
562.0006913194694 94.949707327986374
570.1751796098309 95.036164206293392
578.4685685703187 95.114951401418040
586.8825876510039 95.187313736268436
595.4189914573883 95.254142435930419
604.0795601162986 95.316037030785026
612.8660996471021 95.373434490613718
621.780442338323 95.427198336720053
630.8244471297356 95.478575681570035
640.0000000000159 95.529500000000084
649.3090143600314 95.579303226826170
658.7534314518515 95.628955515122215
668.3352207535618 95.678009625843160
678.0563803899662 95.726781901949835
687.9189375492632 95.774906847113925
697.9249489057827 95.823039754747768
708.0765010488715 95.870555729877253
718.3757109180171 95.917609484676973
728.8247262443015 95.964711268099364
739.425725998274 96.012887053292147
750.1809208443404 96.061321682168042
761.0925536017613 96.110878680941340
772.1628997123541 96.161905690980092
783.3942677149998 96.214711343420959
794.7889997270506 96.269879248658000
806.34947193274 96.327511920994226
818.0780950786972 96.387559339831697
829.9773149766683 96.449918056414617
842.0496130135506 96.514604137698967
854.2975066688449 96.581994412234380
866.7235500396347 96.651887900225617
879.3303343732008 96.723899422645900
892.1204886073838 96.797561484302577
905.0966799188055 96.872942994522987
918.2616142790653 96.950588023037540
931.6180370190256 97.029953682228808
945.1687334013056 97.111609794857941
958.9165292011028 97.195613741356766
972.8642912954606 97.281357177202835
987.0149282611097 97.368900132693796
1001.3713909810035 97.457502624082224
1015.9366732596762 97.547776151768005
1030.7138124475518 97.638884847892115
1045.7058900743334 97.730841958575638
1060.916032491606 97.822965660533256
1076.3474115247852 97.914949727996230
1092.0032451345498 98.007081260934115
1107.8867980878947 98.098714317713402
1124.0013826389438 98.190063352102939
1140.350359219667 98.281926975708160
1156.9371371406426 98.372523605442566
1173.765175302013 98.463598140704690
1190.837982914782 98.554190987554236
1208.1591202326028 98.644604046910530
1225.73219929421 98.734706920213355
1243.5608846766518 98.825162152012325
1261.648894259477 98.914467878346755
1280.0000000000375 99.003500000000173
1298.6180287200684 99.092334594178610
1317.5068629037087 99.182031569357065
1336.6704415071292 99.270184030932796
1356.112760779938 99.358410242529217
1375.8378750985323 99.446874491065927
1395.8498978115715 99.538013282487938
1416.153002097749 99.633457543262679
1436.7514218360407 99.730731682629397
1457.6494524886093 99.828340470497380
1478.8514519965543 99.926216679184137
1500.3618416886875 100.025149998100417
1522.1851072035295 100.124664088848107
1544.3257994247153 100.223306549445738
1566.788535430007 100.321026473057628
1589.5779994541087 100.426765957368801
1612.6989438654878 100.539732782695509
1636.156190157402 100.653380341346079
1659.9546299533442 100.765587668181652
1684.099226027109 100.878766362327411
1708.5950133376978 100.993896562687183
1733.4471000792773 101.111039254375783
1758.6606687464096 101.230897996607837
1784.2409772147755 101.353541510175219
1810.193359837619 101.478835861614073
1836.5232285581387 101.606963819934890
1863.2360740380593 101.738650927228775
1890.3374668026197 101.873073835340989
1917.833058402214 102.010878614347149
1945.7285825909298 102.151886627910102
1974.0298565222283 102.296052268263367
2002.7427819620161 102.443216753169793
2031.8733465193618 102.594210179458685
2061.4276248951132 102.747423649454589
2091.411780148677 102.903364786442268
2121.832064983222 103.062072539537340
2152.694823049581 103.222695709281567
2184.0064902691106 103.384533262629191
2215.7735961758003 103.546748170544390
2248.002765277899 103.709747067546900
2280.7007184393456 103.871255175045476
2313.874274281297 104.031865278645540
2347.530350604038 104.190516130308779
2381.6759658295764 104.345770896660213
2416.318240465218 104.498984346023690
2451.4643985884327 104.648113864106705
2487.1217693533167 104.794843165880934
2523.2977885189675 104.939026264649925
2560.0000000000887 105.082000000000335
2597.236057440151 105.224066116836568
2635.0137258074315 105.365801014250962
2673.340883014273 105.505818939889053
2712.225521559891 105.643048474740965
2751.6757501970797 105.774925922527828
2791.699795623158 105.898391881760062
2832.3060041955137 106.009433971160064
2873.502843672097 106.107031113895005
2915.2989049772345 106.188784226063120
2957.7029039931244 106.253242107272655
3000.723683377391 106.298916117941999
3044.370214407075 106.322519716694984
3088.6515988494466 106.326401695129448
3133.57707086003 106.313390318112994
3179.1559989082334 106.283258320851573
3225.3978877309914 106.238554365741294
3272.3123803148205 106.180655162771842
3319.9092599067053 106.112140647144599
3368.198452054235 106.035108585069423
3417.190026675413 105.951745553051268
3466.8942001585724 105.863252555711398
3517.3213374928373 105.770955525638257
3568.4819544295697 105.676862842938192
3620.386719675257 105.585454178142328
3673.0464571162966 105.500969385183225
3726.472148076138 105.422938992693418
3780.6749336052594 105.352532759667866
3835.6661168044484 105.287893916187286
3891.45716518188 105.232590873183469
3948.059713044477 105.182709877879546
4005.4855639240527 105.141708661645566
4063.746693038744 105.107189098364614
4122.855249790247 105.078857900083904
4182.823560297375 105.055072258759438
4243.664129966465 105.035081785868158
4305.389646099183 105.016383106170252
4368.012980538242 104.996629222829554
4431.5471923516225 104.974458482676937
4496.00553055582 104.947230936759141
4561.401436878714 104.911007627193982
4627.748548562617 104.865978304959796
4695.060701208099 104.806186263731490
4763.351931659176 104.731523972604762
4832.63648093046 104.640924373032220
4902.928797176889 104.530491456187519
4974.243538706657 104.402937276457351
5046.595577037959 104.255275621150830
5120.000000000202 104.092214285713823
5194.472114880326 103.914678634470064
5270.027451614888 103.725242669954625
5346.6817660285715 103.528502691438746
5424.451043119808 103.328832332593635
5503.351500394186 103.130121249014536
5583.399591246343 102.936340981008783
5664.612008391055 102.752092161245997
5747.005687344222 102.577343426254515
5830.597809954497 102.413200029683722
5915.405807986278 102.260080416822646
6001.447366754812 102.118301811741134
6088.740428814181 101.986763399660148
6177.303197698925 101.864530728787855
6267.154141720092 101.746494329149641
6358.3119978165005 101.627611282860386
6450.795775462017 101.501885914353181
6544.624760629676 101.363162249614561
6639.818519813445 101.204627571736722
6736.396904108505 101.021022377536482
6834.380053350861 100.811097777559780
6933.788400317181 100.577211593218152
7034.642674985712 100.326180818911212
7136.963908859177 100.067905408307752
7240.773439350552 99.812959214345682
7346.092914232631 99.568290942976574
7452.944296152315 99.329198941061094
7561.349867210557 99.094387156624265
7671.332233608935 98.881550612858462
7782.914330363799 98.702325215478808
7896.119426088994 98.554962659997656
8010.971127848146 98.423294620268933
8127.49338607753 98.293469068157890
8245.710499580537 98.158883431246778
8365.647120594791 98.020116218080645
8487.328259932974 97.888122120572064
8610.77929219841 97.789569209314550
8736.025961076528 97.757956046695341
8863.094384703289 97.793598645955157
8992.011061111683 97.878253930130015
9122.802873757471 98.006337780991004
9255.497097125279 98.190394774825506
9390.121402416245 98.435881462604328
9526.7038633184 98.726637233203320
9665.272961860968 99.019085768523340
9805.857594353829 99.249814276323235
9948.487077413367 99.341353628225562
10093.19115407597 99.194083516298207
10240.000000000457 98.784399999998385
10388.944229760706 98.113937216732353
10540.05490322983 97.236600359854322
10693.363532057198 96.265060371136983
10848.902086239672 95.257784807546130
11006.703000788428 94.268275863886387
11166.799182492743 93.338373172826550
11329.224016782166 92.511841116928281
11494.0113746885 91.767875851866776
11661.195619909053 91.151804218923900
11830.811615972614 90.603612205242001
12002.894733509682 90.146268227480036
12177.48085762842 89.728909346861457
12354.606395397908 89.355535232455793
12534.308283440243 88.990226515953907
12716.62399563306 88.632081928384537
12901.591550924093 88.291457300929181
13089.249521259411 87.957962279361851
13279.637039626952 87.601517754137703
13472.793808217073 87.208813157538714
13668.760106701786 86.801323587129929
13867.576800634426 86.433742307007122
14069.285349971487 86.182850229517967
14273.927817718419 86.053925474837399
14481.54687870117 86.165036682287578
14692.18582846533 86.605805654163831
14905.888592304698 87.310040682788951
15122.699734421185 88.055537938462322
15342.664467217943 88.400854938930905
15565.828660727671 87.821249655262648
15792.238852178061 85.995464201200562
16021.942255696367 83.083033775987417
16254.986772155136 79.608777597295855
16491.42099916115 76.255667389896587
16731.294241189662 73.111446856133483
16974.65651986603 70.061489379913041
17221.558584396902 67.072560355004555
17472.051922153143 64.062656414940761
17726.188769406665 61.897132855500089
17984.022122223458 62.911118062184144
18245.605747515034 66.571484529799022
18510.99419425065 70.500500069587758
18780.242804832582 73.837657634924369
19053.40772663689 76.304764214214202
19330.545923722028 77.694202765918504
19611.71518870775 77.726155205769871
19896.974154826825 76.420765997545459
20186.382308152035 75.775000000000006
