20 66.141999999999996
20.290906698750476 66.163818075133207
20.586044732869844 66.180232462866300
20.885475648548283 66.188136891213702
21.189261887185914 66.188982101538301
21.49746679841394 66.187012664789592
21.810154653305165 66.185626945031586
22.12739065777668 66.191503243088860
22.449240966187475 66.201051700085472
22.77577269513385 66.214530877908288
23.107053937445478 66.226533205004984
23.44315377638505 66.233908723989401
23.784142300054445 66.238301778750682
24.130090616010463 66.244685913073340
24.481070866093134 66.260137918943371
24.837156241469714 66.284886827216795
25.1984209978975 66.318594073542386
25.56494047120865 66.350870566267048
25.936791093020236 66.371406817442590
26.3140504066728 66.373958672350966
26.69679708340074 66.357438171350211
27.08511093873791 66.333776346292112
27.47907294916184 66.317430138977585
27.878765268980047 66.315242282931123
28.284271247461966 66.323675323681471
28.695675446220072 66.331261079015974
29.11306365684382 66.330947281265210
29.536522918790062 66.319075606167189
29.966141537533712 66.302320480036187
30.402009102982383 66.286426333136205
30.844216508158908 66.268289206565072
31.29285596815558 66.242241152189308
31.74802103936409 66.210390506205158
32.20980663898519 66.183058701245670
32.67830906482211 66.166433818703553
33.153626015361866 66.155391219539155
33.63585661014871 66.136984460001230
34.125101410453844 66.107493509730944
34.62146244024586 66.079491739471891
35.12504320746613 66.065499481510415
35.635948725613716 66.057329384408433
36.15428553564419 66.039631437682146
36.68016172818701 66.013352237047030
37.21368696608603 65.993726260678272
37.754972507267915 65.986725139284886
38.30413122794313 65.981271962933761
38.86127764614443 65.959323389135562
39.4265279456077 65.925408328773955
40.000000000000206 65.888999999999982
40.58181339750116 65.851666849216500
41.1720894657399 65.809977057124797
41.77095129709678 65.767557552480824
42.37852377437204 65.731201794516807
42.9949335968281 65.700078129747084
43.62030930661056 65.666383021221307
44.25478131555359 65.617617638159089
44.89848193237519 65.555321037945319
45.55154539026795 65.494649554418942
46.21410787489121 65.451712363526454
46.88630755277036 65.411478836860240
47.56828460010916 65.351610521546178
48.260181232021196 65.290152970951169
48.962141732186545 65.277119348478152
49.674312482939705 65.285600149817640
50.39684199579528 65.277578937703794
51.129880942417586 65.263965555666161
51.873582186040764 65.239186165083197
52.628100813345895 65.149293191631045
53.393594166801776 65.052806464017181
54.17022187747612 65.054522234858695
54.95814589832399 65.115643207835319
55.75753053796041 65.081019191655002
56.56854249492426 64.969670285801968
57.39135089244048 64.858842752723987
58.226127313687975 64.813303712859295
59.073045837580466 64.894835986017640
59.932283075067765 65.016418055122088
60.804018205965114 65.018684205696729
61.68843301631817 64.944752940829005
62.58571193631152 64.840187888872606
63.49604207872855 64.718274424568477
64.41961327797075 64.605342539423219
65.35661812964459 64.497635970053707
66.3072520307241 64.387774796927587
67.27171322029778 64.298664934918264
68.25020282090806 64.228986613820069
69.2429248804921 64.163831345208266
70.25008641493265 64.099244555859244
71.27189745122783 64.040308409597202
72.30857107128878 63.992954304292986
73.36032345637442 63.937002048171223
74.42737393217246 63.875216503171394
75.50994501453623 63.800266684950770
76.60826245588666 63.717293384786444
77.72255529228926 63.640831497212389
78.85305589121582 63.576714716247963
80.00000000000082 63.516499999999951
81.16362679500274 63.444742834915253
82.34417893148023 63.372969104619806
83.541902594194 63.300184526926998
84.75704754874454 63.226678413959384
85.98986719365665 63.149308254339047
87.24061861322157 63.067959513075095
88.50956263110764 62.988948554939469
89.79696386475084 62.914708417132701
91.10309078053635 62.840491366164684
92.42821574978288 62.759889872863567
93.77261510554118 62.681590600969102
95.13656920021877 62.604793691720282
96.52036246404286 62.515436989680985
97.92428346437356 62.424695793169406
99.34862496587989 62.339896820581913
100.79368399159105 62.249204224538175
102.25976188483567 62.157401271063414
103.74716437208203 62.068237577867222
105.25620162669229 61.978627958183409
106.78718833360406 61.886768699983755
108.34044375495276 61.791332191356290
109.9162917966485 61.696740472745397
111.51506107592134 61.595233330613411
113.13708498984903 61.480693188463881
114.78270178488147 61.367896042741712
116.45225462737648 61.262733962017094
118.14609167516147 61.163071627641934
119.86456615013608 61.063928793206600
121.60803641193078 60.961377794891561
123.3768660326369 60.858666214944463
125.17142387262359 60.753100339880227
126.99208415745765 60.620913828453105
128.83922655594208 60.509594473506581
130.71323625928977 60.426067183871659
132.61450406144883 60.310749983975100
134.5434264405962 60.194730670512271
136.50040564181674 60.101479312267344
138.48584976098482 59.995484627020176
140.50017282986593 59.872405922410003
142.5437949024563 59.745360750230631
144.61714214257822 59.605417192162101
146.7206469127495 59.486773325476626
148.8547478643456 59.399209522185117
151.01989002907314 59.344589715546462
153.216524911774 59.323219659788265
155.4451105845792 59.343434958927936
157.70611178243232 59.432046160117558
160.00000000000236 59.599500000000269
162.3272535900062 59.865737810696714
164.6883578629612 60.164734463313849
167.08380518838874 60.464558887510918
169.51409509748981 60.716298233670990
171.97973438731407 60.930401741656922
174.4812372264439 61.063948170080550
177.01912526221608 61.110921853041702
179.5939277295025 61.091791652791869
182.20618156107355 61.033610406222024
184.85643149956664 60.953450623513433
187.54523021108326 60.848754113852181
190.27313840043846 60.743402230062983
193.04072492808663 60.637750192560112
195.84856692874806 60.546446400009799
198.69724993176072 60.492527500682385
201.58736798318304 60.480029122661065
204.5195237696723 60.501013570890578
207.49432874416505 60.560101602138985
210.5124032533856 60.642351425512594
213.57437666720915 60.734486459183891
216.68088750990657 60.812676411176497
219.83258359329807 60.874279483391092
223.03012215184378 60.898210855062906
226.2741699796992 60.896661376741100
229.5654035697641 60.863642724424452
232.90450925475412 60.808155172917594
236.2921833503241 60.737695416241898
239.72913230027333 60.651771692493170
243.21607282386276 60.557530988240792
246.75373206527502 60.459803151696775
250.34284774524843 60.356728839260413
253.9841683149166 60.252951203024878
257.67845311188546 60.148123892950252
261.42647251858085 60.037062442572221
265.22900812289896 59.931589683096512
269.08685288119375 59.840328677970156
273.0008112836349 59.741353805215041
276.97169952197106 59.638464587070231
281.00034565973334 59.538491876996261
285.0875898049141 59.442494193467468
289.23428428515797 59.347534889869884
293.44129382550057 59.260829994107439
297.7094957286928 59.165014001657113
302.0397800581479 59.070724288866117
306.4330498235497 58.988705103176102
310.89022116916016 58.904099520139809
315.41222356486645 58.815291419337001
320.00000000000654 58.729499999999874
324.6545071800142 58.639202560707716
329.3767157259242 58.546278700199295
334.16761037677935 58.456482446991899
339.02819019498156 58.356810824924885
343.95946877463007 58.258498465139787
348.9624744528898 58.157958016051623
354.03825052443415 58.061888540245519
359.187855459007 57.968199816191969
364.4123631221491 57.877607354299037
369.71286299913527 57.787852615314605
375.0904604221685 57.711727092630916
380.54627680087896 57.634955962159061
386.08144985617537 57.564298166769035
391.6971338574982 57.519239350399232
397.3944998635236 57.506035799399505
403.1747359663683 57.537342099789804
409.0390475393468 57.584883967470248
414.9886574883323 57.663810958138868
421.0248065067734 57.779033339895626
427.1487533344206 57.921979151695751
433.3617750198154 58.093097846404675
439.6651671865984 58.277574277428442
446.06024430368984 58.467262145882927
452.54833995940066 58.654872854846978
459.13080713953053 58.836621908072971
465.8090185095106 59.007186117064762
472.58436670065066 59.162665886471643
479.45826460054917 59.308849766725658
486.432145647728 59.440835407094333
493.50746413055253 59.543498954427136
500.6856954904994 59.627571275860305
507.9683366298358 59.686742735117420
515.3569062237735 59.730478611498498
522.8529450371643 59.759012872231636
530.4580162458005 59.767127861800290
538.1737057623901 59.760888332009891
546.0016225672724 59.756571544469089
553.9433990439449 59.757971699521974
562.0006913194694 59.762000345659729
570.1751796098309 59.766210215531800
578.4685685703187 59.776162282284389
586.8825876510039 59.787979752093960
595.4189914573883 59.806860327362074
604.0795601162986 59.827414092739872
612.8660996471021 59.844189463655539
621.780442338323 59.863498153916169
630.8244471297356 59.892396228398397
640.0000000000159 59.913500000000042
649.3090143600314 59.937703437336083
658.7534314518515 59.963571936492592
668.3352207535618 59.988671573959259
678.0563803899662 60.012738131955416
687.9189375492632 60.037297343873163
697.9249489057827 60.061519877373883
708.0765010488715 60.087902727779507
718.3757109180171 60.116451990570447
728.8247262443015 60.145267997171828
739.425725998274 60.174892032795171
750.1809208443404 60.209618146218162
761.0925536017613 60.246899558139347
772.1628997123541 60.287133672025917
783.3942677149998 60.330754214409424
794.7889997270506 60.377287498862714
806.34947193274 60.427043501036266
818.0780950786972 60.481922929618200
829.9773149766683 60.542226621223207
842.0496130135506 60.605591734445575
854.2975066688449 60.670278161122909
866.7235500396347 60.739432925230190
879.3303343732008 60.813482006239205
892.1204886073838 60.889748232403811
905.0966799188055 60.967717164502687
918.2616142790653 61.048533010948091
931.6180370190256 61.129962761999501
945.1687334013056 61.215694161558595
958.9165292011028 61.310287226457767
972.8642912954606 61.413482184715960
987.0149282611097 61.515915060954903
1001.3713909810035 61.622831145390222
1015.9366732596762 61.732618716773544
1030.7138124475518 61.844930073261736
1045.7058900743334 61.958900793687150
1060.916032491606 62.073870243687047
1076.3474115247852 62.189515759000898
1092.0032451345498 62.305273121583667
1107.8867980878947 62.418342357907257
1124.0013826389438 62.531898528954855
1140.350359219667 62.645071129830299
1156.9371371406426 62.751411133882563
1173.765175302013 62.853870404899325
1190.837982914782 62.959071084210834
1208.1591202326028 63.070499398812615
1225.73219929421 63.197809090028699
1243.5608846766518 63.329279820962114
1261.648894259477 63.460372038668233
1280.0000000000375 63.589500000000257
1298.6180287200684 63.715570651618748
1317.5068629037087 63.843295981454844
1336.6704415071292 63.969191391871703
1356.112760779938 64.093316030952607
1375.8378750985323 64.215006984978515
1395.8498978115715 64.334014397088282
1416.153002097749 64.450572111957172
1436.7514218360407 64.566126463460520
1457.6494524886093 64.677777152940763
1478.8514519965543 64.787642405182424
1500.3618416886875 64.897287497942116
1522.1851072035295 65.005094429585441
1544.3257994247153 65.112923385204112
1566.788535430007 65.221084970064027
1589.5779994541087 65.329308157423398
1612.6989438654878 65.437169120658552
1636.156190157402 65.545541598527194
1659.9546299533442 65.655092205186321
1684.099226027109 65.765492470683625
1708.5950133376978 65.877193260819894
1733.4471000792773 65.990349834359918
1758.6606687464096 66.104992649483620
1784.2409772147755 66.221638856099375
1810.193359837619 66.340185588056301
1836.5232285581387 66.461237315938604
1863.2360740380593 66.585709547978880
1890.3374668026197 66.714313091316527
1917.833058402214 66.845028696826489
1945.7285825909298 66.978911768088295
1974.0298565222283 67.115323908437148
2002.7427819620161 67.254348205548467
2031.8733465193618 67.396148175502887
2061.4276248951132 67.540495361986046
2091.411780148677 67.687441252397662
2121.832064983222 67.837022920042372
2152.694823049581 67.988863318231068
2184.0064902691106 68.142331315548461
2215.7735961758003 68.295410431596054
2248.002765277899 68.450413273333908
2280.7007184393456 68.605579995435633
2313.874274281297 68.757665472170515
2347.530350604038 68.909094405208094
2381.6759658295764 69.060916148795869
2416.318240465218 69.212168434000432
2451.4643985884327 69.361955389018476
2487.1217693533167 69.510984617171147
2523.2977885189675 69.656317487006419
2560.0000000000887 69.799250000000342
2597.236057440151 69.939557961810550
2635.0137258074315 70.077048955379837
2673.340883014273 70.210442524323881
2712.225521559891 70.340473795788313
2751.6757501970797 70.465382666243329
2791.699795623158 70.584221902197740
2832.3060041955137 70.697341511537672
2873.502843672097 70.804287052306805
2915.2989049772345 70.903810579999686
2957.7029039931244 70.995597691826532
3000.723683377391 71.079757399868214
3044.370214407075 71.154628158517397
3088.6515988494466 71.217980223489889
3133.57707086003 71.271640064560273
3179.1559989082334 71.314574159061081
3225.3978877309914 71.347484753761279
3272.3123803148205 71.368916837897586
3319.9092599067053 71.379490925990666
3368.198452054235 71.381044123835665
3417.190026675413 71.373858692797626
3466.8942001585724 71.357735493931813
3517.3213374928373 71.333800051004005
3568.4819544295697 71.303486729620772
3620.386719675257 71.269137030620826
3673.0464571162966 71.233789338303239
3726.472148076138 71.200646154115844
3780.6749336052594 71.172319853203192
3835.6661168044484 71.147233553278227
3891.45716518188 71.126526421315901
3948.059713044477 71.108130593260540
4005.4855639240527 71.088942913528484
4063.746693038744 71.066845210574556
4122.855249790247 71.040643756349624
4182.823560297375 71.012108388139154
4243.664129966465 70.982122678802241
4305.389646099183 70.951766757334582
4368.012980538242 70.923877600262273
4431.5471923516225 70.900579237071909
4496.00553055582 70.883965330115672
4561.401436878714 70.877907194174242
4627.748548562617 70.881549709712516
4695.060701208099 70.897593974734434
4763.351931659176 70.925343562412550
4832.63648093046 70.964713712604805
4902.928797176889 71.012285363717950
4974.243538706657 71.064182654029992
5046.595577037959 71.118446682778469
5120.000000000202 71.171500000000137
5194.472114880326 71.215371373367020
5270.027451614888 71.233502745161502
5346.6817660285715 71.205281568968388
5424.451043119808 71.108703256499751
5503.351500394186 70.916996881041953
5583.399591246343 70.614920397788183
5664.612008391055 70.208140835863048
5747.005687344222 69.737145534694022
5830.597809954497 69.225069665883950
5915.405807986278 68.701798994240335
6001.447366754812 68.198955600790555
6088.740428814181 67.750355365239358
6177.303197698925 67.372637894425495
6267.154141720092 67.067769294525220
6358.3119978165005 66.841171404749105
6450.795775462017 66.683449576390132
6544.624760629676 66.585700800937190
6639.818519813445 66.529271684673688
6736.396904108505 66.499858479863178
6834.380053350861 66.491203301867273
6933.788400317181 66.495865188022208
7034.642674985712 66.500499999999988
7136.963908859177 66.493476857316764
7240.773439350552 66.460705545931219
7346.092914232631 66.386250802336676
7452.944296152315 66.253495226886955
7561.349867210557 66.043974047669664
7671.332233608935 65.757121277499124
7782.914330363799 65.393292576725955
7896.119426088994 64.951641689483807
8010.971127848146 64.443069994852095
8127.49338607753 63.890368870367155
8245.710499580537 63.312469057819769
8365.647120594791 62.720825939526478
8487.328259932974 62.119172314414833
8610.77929219841 61.516450950532757
8736.025961076528 60.922607953368733
8863.094384703289 60.342170370387727
8992.011061111683 59.782671994775292
9122.802873757471 59.253521564260524
9255.497097125279 58.759225299049049
9390.121402416245 58.302750170039843
9526.7038633184 57.890398174165881
9665.272961860968 57.526867271862841
9805.857594353829 57.210206768476013
9948.487077413367 56.942071968397272
10093.19115407597 56.730866402259210
10240.000000000457 56.572699999999585
10388.944229760706 56.473345543083077
10540.05490322983 56.448000000000000
10693.363532057198 56.512420837119464
10848.902086239672 56.697545414013916
11006.703000788428 57.064766017780855
11166.799182492743 57.694529152083184
11329.224016782166 58.726953914538278
11494.0113746885 60.060648485844595
11661.195619909053 61.680127403615536
11830.811615972614 63.294165789985918
12002.894733509682 64.736023757503233
12177.48085762842 65.850574929159592
12354.606395397908 66.330303372206600
12534.308283440243 66.390776971378799
12716.62399563306 65.997629293231824
12901.591550924093 65.360983937506930
13089.249521259411 64.651636809639427
13279.637039626952 64.003403399534065
13472.793808217073 63.491730399045309
13668.760106701786 63.185601820240421
13867.576800634426 63.129735500396521
14069.285349971487 63.390216922676871
14273.927817718419 63.915124852447747
14481.54687870117 64.836178064289015
14692.18582846533 66.118011481397417
14905.888592304698 67.321792615922249
15122.699734421185 67.827082809560849
15342.664467217943 67.149941296932184
15565.828660727671 65.277170208601390
15792.238852178061 62.781980402668793
16021.942255696367 60.375848412135284
16254.986772155136 58.371344684412101
16491.42099916115 57.036437038736146
16731.294241189662 55.977706754483556
16974.65651986603 55.174403258190317
17221.558584396902 54.691092727904021
17472.051922153143 54.529362246612038
17726.188769406665 54.681522556744490
17984.022122223458 55.105262404179925
18245.605747515034 55.635018147920732
18510.99419425065 55.807187591420529
18780.242804832582 54.817649630398925
19053.40772663689 52.071827705189193
19330.545923722028 47.455269913593000
19611.71518870775 41.480526457451241
19896.974154826825 38.269000000000005
20186.382308152035 38.269000000000005
