20 68.919000000000011
20.290906698750476 68.919999679377156
20.586044732869844 68.918999551175204
20.885475648548283 68.915995306099859
21.189261887185914 68.912996598867721
21.49746679841394 68.908994034525051
21.810154653305165 68.904998048538744
22.12739065777668 68.900993933885445
22.449240966187475 68.895995210152250
22.77577269513385 68.889504518292455
23.107053937445478 68.881498474982948
23.44315377638505 68.871995941385734
23.784142300054445 68.862996092917570
24.130090616010463 68.853497289264652
24.481070866093134 68.842997810317343
24.837156241469714 68.831994373575895
25.1984209978975 68.818982219434844
25.56494047120865 68.803502514158765
25.936791093020236 68.788008704457482
26.3140504066728 68.770997762628099
26.69679708340074 68.754009006741995
27.08511093873791 68.736994650162387
27.47907294916184 68.717995987796087
27.878765268980047 68.696012910206093
28.284271247461966 68.671983211625530
28.695675446220072 68.646520087673281
29.11306365684382 68.623496697050555
29.536522918790062 68.601524754213727
29.966141537533712 68.579992533570476
30.402009102982383 68.556999464530449
30.844216508158908 68.530986498377615
31.29285596815558 68.503008981941292
31.74802103936409 68.473998633807525
32.20980663898519 68.444012555910064
32.67830906482211 68.413479222532970
33.153626015361866 68.381525141824426
33.63585661014871 68.349509519658170
34.125101410453844 68.317993355161803
34.62146244024586 68.285469262404291
35.12504320746613 68.251996913752421
35.635948725613716 68.215503662456172
36.15428553564419 68.179981271901667
36.68016172818701 68.145489248407046
37.21368696608603 68.110020810307020
37.754972507267915 68.071501956506808
38.30413122794313 68.034992578671080
38.86127764614443 68.003483321609707
39.4265279456077 67.969528356624281
40.000000000000206 67.923499999999990
40.58181339750116 67.872016512076783
41.1720894657399 67.833496041999823
41.77095129709678 67.807002154635938
42.37852377437204 67.773026631038391
42.9949335968281 67.722005497665208
43.62030930661056 67.673981733861581
44.25478131555359 67.636512914435812
44.89848193237519 67.594963155017183
45.55154539026795 67.545034756095731
46.21410787489121 67.501494542044185
46.88630755277036 67.467481736235783
47.56828460010916 67.426984371670301
48.260181232021196 67.388992642289736
48.962141732186545 67.360492236579660
49.674312482939705 67.321479686447901
50.39684199579528 67.274510271366012
51.129880942417586 67.241505360027588
51.873582186040764 67.204520778382374
52.628100813345895 67.142992958858997
53.393594166801776 67.089528344746867
54.17022187747612 67.051983668916733
54.95814589832399 66.993987598642462
55.75753053796041 66.926039904273367
56.56854249492426 66.873529616543124
57.39135089244048 66.827478148015686
58.226127313687975 66.775491507410422
59.073045837580466 66.718997118475727
59.932283075067765 66.664983281690382
60.804018205965114 66.613498815788461
61.68843301631817 66.555971309052424
62.58571193631152 66.496519086625256
63.49604207872855 66.441997495313785
64.41961327797075 66.387023019168410
65.35661812964459 66.329523433879871
66.3072520307241 66.269483937938304
67.27171322029778 66.208018276633879
68.25020282090806 66.147487234333582
69.2429248804921 66.085004728065712
70.25008641493265 66.021494630774740
71.27189745122783 65.958006371670280
72.30857107128878 65.892527092411370
73.36032345637442 65.829983023845386
74.42737393217246 65.773980837270940
75.50994501453623 65.718502817814624
76.60826245588666 65.671987877598070
77.72255529228926 65.620520540311304
78.85305589121582 65.561997051945454
80.00000000000082 65.501499999999965
81.16362679500274 65.442518916748142
82.34417893148023 65.392492083999628
83.541902594194 65.339504309271888
84.75704754874454 65.281497724755937
85.98986719365665 65.222506354885851
87.24061861322157 65.161518596797350
88.50956263110764 65.097522058005609
89.79696386475084 65.032001839051148
91.10309078053635 64.965994553167818
92.42821574978288 64.886487969342966
93.77261510554118 64.811521462516282
95.13656920021877 64.732025108931538
96.52036246404286 64.643977797786562
97.92428346437356 64.557983688365880
99.34862496587989 64.476021580910768
100.79368399159105 64.387019463493701
102.25976188483567 64.311012344305922
103.74716437208203 64.253995425031519
105.25620162669229 64.211998353799046
106.78718833360406 64.199501091437497
108.34044375495276 64.208502956489212
109.9162917966485 64.219002463573958
111.51506107592134 64.232499435179506
113.13708498984903 64.217499122219053
114.78270178488147 64.200503079986049
116.45225462737648 64.171494513636816
118.14609167516147 64.134997946775030
119.86456615013608 64.096509716823590
121.60803641193078 64.029998909082906
123.3768660326369 63.977004013719750
125.17142387262359 63.930490805618547
126.99208415745765 63.890998792543243
128.83922655594208 63.864497944796682
130.71323625928977 63.847498633621349
132.61450406144883 63.836502868204029
134.5434264405962 63.831999237331587
136.50040564181674 63.828499080872014
138.48584976098482 63.824000340420731
140.50017282986593 63.812999323562167
142.5437949024563 63.805000802730106
144.61714214257822 63.796499729766964
146.7206469127495 63.792500671268542
148.8547478643456 63.790000295379166
151.01989002907314 63.791499923807670
153.216524911774 63.798998378169458
155.4451105845792 63.821001149375327
157.70611178243232 63.844501388752974
160.00000000000236 63.873000000000019
162.3272535900062 63.892500859263052
164.6883578629612 63.900498805132017
167.08380518838874 63.892500650456135
169.51409509748981 63.872498727405855
171.97973438731407 63.839503554427665
174.4812372264439 63.795995513447870
177.01912526221608 63.747997421787396
179.5939277295025 63.695001487509266
182.20618156107355 63.639496334521723
184.85643149956664 63.585991575408229
187.54523021108326 63.533496075947440
190.27313840043846 63.486997874993271
193.04072492808663 63.444504223466879
195.84856692874806 63.406005937764675
198.69724993176072 63.370496627218458
201.58736798318304 63.331494667819541
204.5195237696723 63.289006900712209
207.49432874416505 63.244494989320216
210.5124032533856 63.198493744436377
213.57437666720915 63.150994544568903
216.68088750990657 63.106001629241774
219.83258359329807 63.065505350403370
223.03012215184378 63.024498663258186
226.2741699796992 62.988998321379448
229.5654035697641 62.956495952219427
232.90450925475412 62.923004922145438
236.2921833503241 62.887497946177632
239.72913230027333 62.848998406477925
243.21607282386276 62.806999042874615
246.75373206527502 62.760503521471094
250.34284774524843 62.710502121130560
253.9841683149166 62.658497516739857
257.67845311188546 62.603993290365622
261.42647251858085 62.548492793563582
265.22900812289896 62.490499876830071
269.08685288119375 62.432002230806162
273.0008112836349 62.377502627757252
276.97169952197106 62.322504161745549
281.00034565973334 62.260995222657797
285.0875898049141 62.204505669281396
289.23428428515797 62.148495911753727
293.44129382550057 62.087996007992729
297.7094957286928 62.030006851191338
302.0397800581479 61.972002946103331
306.4330498235497 61.912499340455597
310.89022116916016 61.853497089879468
315.41222356486645 61.793997076309509
320.00000000000654 61.733999999999924
324.6545071800142 61.675506193333874
329.3767157259242 61.615503612122943
334.16761037677935 61.561004432157276
339.02819019498156 61.506497782151399
343.95946877463007 61.448994659173714
348.9624744528898 61.391994718954237
354.03825052443415 61.335496935332159
359.187855459007 61.272501768171367
364.4123631221491 61.212995958459388
369.71286299913527 61.154001524816266
375.0904604221685 61.089994599153449
380.54627680087896 61.025996924434679
386.08144985617537 60.964495434152063
391.6971338574982 60.907498895875321
397.3944998635236 60.860504125379855
403.1747359663683 60.825501598819571
409.0390475393468 60.807500023969425
414.9886574883323 60.810499827305044
421.0248065067734 60.835499198586703
427.1487533344206 60.881998127049400
433.3617750198154 60.946497664377610
439.6651671865984 61.020001973821451
446.06024430368984 61.095502729965709
452.54833995940066 61.168003356731134
459.13080713953053 61.232998095711608
465.8090185095106 61.288500125673423
472.58436670065066 61.334501867111257
479.45826460054917 61.369501043377554
486.432145647728 61.397000401431896
493.50746413055253 61.416501616278566
500.6856954904994 61.441498939582459
507.9683366298358 61.471001252851600
515.3569062237735 61.498499650988464
522.8529450371643 61.532999747036044
530.4580162458005 61.572500096851584
538.1737057623901 61.618498245861844
546.0016225672724 61.670997468674216
553.9433990439449 61.730003169373603
562.0006913194694 61.793997548330367
570.1751796098309 61.860501472566739
578.4685685703187 61.928496462838396
586.8825876510039 61.996496667490874
595.4189914573883 62.062999933448495
604.0795601162986 62.128496673319198
612.8660996471021 62.190500609240189
621.780442338323 62.245002396569859
630.8244471297356 62.294002119675625
640.0000000000159 62.337500000000070
649.3090143600314 62.376000057020462
658.7534314518515 62.413501711038435
668.3352207535618 62.451500931066356
678.0563803899662 62.492501696964261
687.9189375492632 62.536499721399935
697.9249489057827 62.584999752341638
708.0765010488715 62.636002651180917
718.3757109180171 62.690498470391447
728.8247262443015 62.747998493544586
739.425725998274 62.806998475039919
750.1809208443404 62.866999558406363
761.0925536017613 62.928497484100831
772.1628997123541 62.991999424727595
783.3942677149998 63.056001538861999
794.7889997270506 63.121499998431048
806.34947193274 63.188502715957028
818.0780950786972 63.256000547347739
829.9773149766683 63.324501800164839
842.0496130135506 63.393497788282531
854.2975066688449 63.462502894784578
866.7235500396347 63.533497429211721
879.3303343732008 63.606502013036469
892.1204886073838 63.683503087447441
905.0966799188055 63.765497977447950
918.2616142790653 63.852497450989645
931.6180370190256 63.943000262255666
945.1687334013056 64.038998111322059
958.9165292011028 64.142496455652761
972.8642912954606 64.255002449590819
987.0149282611097 64.373999396726177
1001.3713909810035 64.496503341832693
1015.9366732596762 64.620997207251804
1030.7138124475518 64.746998400784435
1045.7058900743334 64.873999068799378
1060.916032491606 65.003500276887195
1076.3474115247852 65.135003509105701
1092.0032451345498 65.268502083427620
1107.8867980878947 65.403498283925060
1124.0013826389438 65.541003264917279
1140.350359219667 65.680503064422908
1156.9371371406426 65.822001173535341
1173.765175302013 65.966001514499325
1190.837982914782 66.113499852394455
1208.1591202326028 66.264001053651668
1225.73219929421 66.418001749371470
1243.5608846766518 66.574498987710811
1261.648894259477 66.732999073425873
1280.0000000000375 66.893500000000316
1298.6180287200684 67.054500244034671
1317.5068629037087 67.214998835091592
1336.6704415071292 67.373003417519058
1356.112760779938 67.523498148299154
1375.8378750985323 67.660499132496781
1395.8498978115715 67.777499402556174
1416.153002097749 67.862000004379212
1436.7514218360407 67.905000030278217
1457.6494524886093 67.906499477126161
1478.8514519965543 67.881999726839524
1500.3618416886875 67.869000095674167
1522.1851072035295 67.905500522920420
1544.3257994247153 68.013499021628178
1566.788535430007 68.185996432430045
1589.5779994541087 68.403999994777990
1612.6989438654878 68.647499408816500
1636.156190157402 68.905002081432130
1659.9546299533442 69.165495949529230
1684.099226027109 69.427002431341577
1708.5950133376978 69.690500139538130
1733.4471000792773 69.950501026036846
1758.6606687464096 70.208996603908417
1784.2409772147755 70.465999771078856
1810.193359837619 70.721003457611772
1836.5232285581387 70.974002139016022
1863.2360740380593 71.224000672030201
1890.3374668026197 71.469995160262869
1917.833058402214 71.710500488848467
1945.7285825909298 71.943996506129253
1974.0298565222283 72.168998859315977
2002.7427819620161 72.383998367353939
2031.8733465193618 72.584502169043532
2061.4276248951132 72.769497652024910
2091.411780148677 72.935998779174042
2121.832064983222 73.081000255822886
2152.694823049581 73.202499303389942
2184.0064902691106 73.297998445346821
2215.7735961758003 73.365499141935544
2248.002765277899 73.403999719606531
2280.7007184393456 73.412999922501513
2313.874274281297 73.392499600671982
2347.530350604038 73.343499214513884
2381.6759658295764 73.267000076554723
2416.318240465218 73.165499144763217
2451.4643985884327 73.040498384765584
2487.1217693533167 72.896000934669530
2523.2977885189675 72.734500944111744
2560.0000000000887 72.558499999999555
2597.236057440151 72.371999701988727
2635.0137258074315 72.176001422567197
2673.340883014273 71.975000613513487
2712.225521559891 71.770002522315096
2751.6757501970797 71.563001310752981
2791.699795623158 71.356501054462768
2832.3060041955137 71.151999979428268
2873.502843672097 70.950000766517860
2915.2989049772345 70.752500449014164
2957.7029039931244 70.560500434707109
3000.723683377391 70.375501361548601
3044.370214407075 70.196999176884447
3088.6515988494466 70.027001540029687
3133.57707086003 69.865999766023066
3179.1559989082334 69.715500003604973
3225.3978877309914 69.575000341114048
3272.3123803148205 69.446499073123960
3319.9092599067053 69.330499445621342
3368.198452054235 69.227499178787824
3417.190026675413 69.138499959748600
3466.8942001585724 69.063499759858928
3517.3213374928373 69.002999703149328
3568.4819544295697 68.958000040082666
3620.386719675257 68.928500159321459
3673.0464571162966 68.916500051336385
3726.472148076138 68.922500066931079
3780.6749336052594 68.946999969989264
3835.6661168044484 68.992000138178099
3891.45716518188 69.058000261183651
3948.059713044477 69.147499546269287
4005.4855639240527 69.260999138114784
4063.746693038744 69.399499270281424
4122.855249790247 69.564500791411348
4182.823560297375 69.754498606888575
4243.664129966465 69.970500506381995
4305.389646099183 70.210998621113518
4368.012980538242 70.474499918110382
4431.5471923516225 70.756000878828900
4496.00553055582 71.050502437947642
4561.401436878714 71.351001942473346
4627.748548562617 71.645997992795145
4695.060701208099 71.923498768202521
4763.351931659176 72.166999756322355
4832.63648093046 72.358498565319820
4902.928797176889 72.480999646534002
4974.243538706657 72.519499750966929
5046.595577037959 72.474500263065181
5120.000000000202 72.356499999999457
5194.472114880326 72.158499574263885
5270.027451614888 71.878497899671146
5346.6817660285715 71.522001088132725
5424.451043119808 71.097999743142537
5503.351500394186 70.628002976067890
5583.399591246343 70.135996410864678
5664.612008391055 69.642999951371110
5747.005687344222 69.165501811941809
5830.597809954497 68.717001019659875
5915.405807986278 68.306000930544769
6001.447366754812 67.936498634537543
6088.740428814181 67.611498658790595
6177.303197698925 67.334499504933092
6267.154141720092 67.109499735707061
6358.3119978165005 66.939500004072002
6450.795775462017 66.829000268278264
6544.624760629676 66.782000119903287
6639.818519813445 66.801000487094669
6736.396904108505 66.891499910144233
6834.380053350861 67.055000128266613
6933.788400317181 67.293998558237234
7034.642674985712 67.609498983262853
7136.963908859177 68.000499651722890
7240.773439350552 68.459502127504564
7346.092914232631 68.969499584681358
7452.944296152315 69.497001357744949
7561.349867210557 69.993999391211247
7671.332233608935 70.400500560035042
7782.914330363799 70.667998394668686
7896.119426088994 70.773999462615905
8010.971127848146 70.725999797566260
8127.49338607753 70.541499013725371
8245.710499580537 70.239501278372813
8365.647120594791 69.844499537168772
8487.328259932974 69.377498914585971
8610.77929219841 68.861998726194386
8736.025961076528 68.316000169682439
8863.094384703289 67.758002701961644
8992.011061111683 67.202499749090350
9122.802873757471 66.665500518320982
9255.497097125279 66.161499671737573
9390.121402416245 65.706498849464836
9526.7038633184 65.316000390781909
9665.272961860968 65.003500086010916
9805.857594353829 64.783499518699657
9948.487077413367 64.668000002139905
10093.19115407597 64.672000146405182
10240.000000000457 64.811500000000905
10388.944229760706 65.106500718425096
10540.05490322983 65.578999697415114
10693.363532057198 66.259503128259212
10848.902086239672 67.174000630398169
11006.703000788428 68.327500006572052
11166.799182492743 69.662001460054285
11329.224016782166 70.961500086870331
11494.0113746885 71.814496763170197
11661.195619909053 71.792496299557740
11830.811615972614 70.780002292386541
12002.894733509682 69.118002573798179
12177.48085762842 67.310992071369895
12354.606395397908 65.673496993309840
12534.308283440243 64.307005448873454
12716.62399563306 63.222500025976728
12901.591550924093 62.409001975061905
13089.249521259411 61.856001410776763
13279.637039626952 61.553999990665488
13472.793808217073 61.508500045176326
13668.760106701786 61.743500293834167
13867.576800634426 62.290999450989347
14069.285349971487 63.191502211231914
14273.927817718419 64.484498848286606
14481.54687870117 66.125499041266067
14692.18582846533 67.707498711692296
14905.888592304698 68.305498859155989
15122.699734421185 67.313001215745402
15342.664467217943 65.304995686139989
15565.828660727671 63.244503132528095
15792.238852178061 61.600001073685689
16021.942255696367 60.467499347713350
16254.986772155136 59.873000377201095
16491.42099916115 59.988499511085934
16731.294241189662 60.689997780886344
16974.65651986603 61.781001694965852
17221.558584396902 62.585998644971930
17472.051922153143 62.400000800336599
17726.188769406665 61.232001059798748
17984.022122223458 59.148988616199986
18245.605747515034 56.495492959716387
18510.99419425065 53.995998544462040
18780.242804832582 51.978495587896028
19053.40772663689 50.481001498580554
19330.545923722028 49.498503815569464
19611.71518870775 49.042500011907521
19896.974154826825 49.060499946669289
20186.382308152035 49.060499999999998
