20 65.778999999999996
20.290906698750476 65.809490221003045
20.586044732869844 65.843505385897373
20.885475648548283 65.879553197535003
21.189261887185914 65.913526358775215
21.49746679841394 65.944538775587091
21.810154653305165 65.970510733036946
22.12739065777668 65.992521838012365
22.449240966187475 66.010510685045006
22.77577269513385 66.024989920732224
23.107053937445478 66.037001444753002
23.44315377638505 66.046002931221409
23.784142300054445 66.052501439451419
24.130090616010463 66.056000645413178
24.481070866093134 66.058500995310297
24.837156241469714 66.063504328018553
25.1984209978975 66.073521221964867
25.56494047120865 66.091996999229863
25.936791093020236 66.118984837396624
26.3140504066728 66.148503224447737
26.69679708340074 66.172987019695341
27.08511093873791 66.186000281570401
27.47907294916184 66.186998632203213
27.878765268980047 66.179504401206628
28.284271247461966 66.172498354080929
28.695675446220072 66.170001969379740
29.11306365684382 66.172500450402197
29.536522918790062 66.175496624425392
29.966141537533712 66.176999675372628
30.402009102982383 66.175999989702518
30.844216508158908 66.175500241100394
31.29285596815558 66.175999839608181
31.74802103936409 66.174999886150630
32.20980663898519 66.172501046325834
32.67830906482211 66.166995454929094
33.153626015361866 66.160005499774087
33.63585661014871 66.151502528659194
34.125101410453844 66.141497750977834
34.62146244024586 66.130489907058120
35.12504320746613 66.119498943065906
35.635948725613716 66.107001254265811
36.15428553564419 66.090989414553107
36.68016172818701 66.071493942764533
37.21368696608603 66.051511724116637
37.754972507267915 66.032500965548820
38.30413122794313 66.011493638860912
38.86127764614443 65.984486019584594
39.4265279456077 65.956023769523284
40.000000000000206 65.931999999999988
40.58181339750116 65.911506572768431
41.1720894657399 65.884994548414852
41.77095129709678 65.848502967706111
42.37852377437204 65.813527414304247
42.9949335968281 65.789002641035239
43.62030930661056 65.767485143540753
44.25478131555359 65.737010503741118
44.89848193237519 65.696969787114099
45.55154539026795 65.656028499998484
46.21410787489121 65.618994461780133
46.88630755277036 65.584482863628637
47.56828460010916 65.546484371670303
48.260181232021196 65.508492125959208
48.962141732186545 65.477995421572629
49.674312482939705 65.454987898309383
50.39684199579528 65.427006119111667
51.129880942417586 65.391005847302807
51.873582186040764 65.356519374437624
52.628100813345895 65.318994209155065
53.393594166801776 65.275023311567537
54.17022187747612 65.238490285821157
54.95814589832399 65.203989695930858
55.75753053796041 65.147533155756548
56.56854249492426 65.080038078412599
57.39135089244048 65.026977727785209
58.226127313687975 64.973991808033063
59.073045837580466 64.919497358602754
59.932283075067765 64.869978574593489
60.804018205965114 64.803998733408520
61.68843301631817 64.742473961156804
62.58571193631152 64.688517322315334
63.49604207872855 64.621997153765648
64.41961327797075 64.559526158145914
65.35661812964459 64.514518339558165
66.3072520307241 64.464474927513450
67.27171322029778 64.368528529379688
68.25020282090806 64.305494485232117
69.2429248804921 64.278502042524394
70.25008641493265 64.220494884438921
71.27189745122783 64.160006070646489
72.30857107128878 64.084531228657369
73.36032345637442 64.024979082952356
74.42737393217246 63.955986016386902
75.50994501453623 63.915502056243106
76.60826245588666 63.873481639857260
77.72255529228926 63.795531109597704
78.85305589121582 63.750497782868067
80.00000000000082 63.704999999999970
81.16362679500274 63.652516832699618
82.34417893148023 63.589489992980660
83.541902594194 63.522505447570126
84.75704754874454 63.441496760669480
85.98986719365665 63.357509047634096
87.24061861322157 63.274525303839013
88.50956263110764 63.204524125943628
89.79696386475084 63.120002372516353
91.10309078053635 63.009493217152375
92.42821574978288 62.910486124642219
93.77261510554118 62.824024753435452
95.13656920021877 62.769517213041112
96.52036246404286 62.732998451008363
97.92428346437356 62.726998806465801
99.34862496587989 62.721001579091038
100.79368399159105 62.716500984109231
102.25976188483567 62.723498863024460
103.74716437208203 62.715497222340559
105.25620162669229 62.689994007828545
106.78718833360406 62.644494542812510
108.34044375495276 62.599483105775910
109.9162917966485 62.539485857260630
111.51506107592134 62.461996611077112
113.13708498984903 62.371995327107328
114.78270178488147 62.281516396396256
116.45225462737648 62.200986096202875
118.14609167516147 62.108494746943919
119.86456615013608 62.010024859925295
121.60803641193078 61.901497931374195
123.3768660326369 61.801007610921417
125.17142387262359 61.703483822544015
126.99208415745765 61.633996468758539
128.83922655594208 61.556491900081049
130.71323625928977 61.489492671241798
132.61450406144883 61.430515384003428
134.5434264405962 61.364491174836914
136.50040564181674 61.323992442725469
138.48584976098482 61.287002799014886
140.50017282986593 61.239497970686500
142.5437949024563 61.215502408190339
144.61714214257822 61.206500135116521
146.7206469127495 61.208499664365732
148.8547478643456 61.191002067654146
151.01989002907314 61.208999085692064
153.216524911774 61.291982051742025
155.4451105845792 61.434508632542340
157.70611178243232 61.611007041221214
160.00000000000236 61.755500000000154
162.3272535900062 61.908525777891356
164.6883578629612 62.148537414303746
167.08380518838874 62.398979632592400
169.51409509748981 62.640006536506291
171.97973438731407 62.809481743166963
174.4812372264439 62.979507804731305
177.01912526221608 63.063002262016717
179.5939277295025 63.109498694921115
182.20618156107355 63.133000342568060
184.85643149956664 63.138001604684149
187.54523021108326 63.147997932488437
190.27313840043846 63.123498499995250
193.04072492808663 63.093502981270731
195.84856692874806 63.064004549715790
198.69724993176072 63.008996065088198
201.58736798318304 62.963494228698799
204.5195237696723 62.917507469006154
207.49432874416505 62.882494335753279
210.5124032533856 62.830492164083466
213.57437666720915 62.770993211019082
216.68088750990657 62.715002027500880
219.83258359329807 62.660007265979885
223.03012215184378 62.604998870359026
226.2741699796992 62.574997236732329
229.5654035697641 62.521493777292562
232.90450925475412 62.470007566880284
236.2921833503241 62.421997386044254
239.72913230027333 62.372998406477926
243.21607282386276 62.330999279583040
246.75373206527502 62.296002650569633
250.34284774524843 62.266001272678338
253.9841683149166 62.244499362098310
257.67845311188546 62.230499999999999
261.42647251858085 62.230500559120067
265.22900812289896 62.235000011580084
269.08685288119375 62.240499790266085
273.0008112836349 62.249999541950572
276.97169952197106 62.254499659493547
281.00034565973334 62.247498816233794
285.0875898049141 62.233501404777698
289.23428428515797 62.214498310642036
293.44129382550057 62.189498072824072
297.7094957286928 62.161503307471676
302.0397800581479 62.128501676231203
306.4330498235497 62.096499636691640
310.89022116916016 62.063998043616451
315.41222356486645 62.023997953416654
320.00000000000654 61.981999999999942
324.6545071800142 61.940004446496111
329.3767157259242 61.901002347879910
334.16761037677935 61.858503456269432
339.02819019498156 61.814498380006242
343.95946877463007 61.772495783558199
348.9624744528898 61.727495934062112
354.03825052443415 61.683997689337744
359.187855459007 61.636501333145084
364.4123631221491 61.590496540715236
369.71286299913527 61.540001305139342
375.0904604221685 61.488995654006288
380.54627680087896 61.437497649567966
386.08144985617537 61.390496475485811
391.6971338574982 61.346499213017509
397.3944998635236 61.313002940430323
403.1747359663683 61.291001004972301
409.0390475393468 61.291000171780837
414.9886574883323 61.312498762352796
421.0248065067734 61.356998573484333
427.1487533344206 61.417997543011047
433.3617750198154 61.498997066892812
439.6651671865984 61.618003986857900
446.06024430368984 61.770506759018545
452.54833995940066 61.950009243921116
459.13080713953053 62.128994755882729
465.8090185095106 62.297000400242553
472.58436670065066 62.443506801619577
479.45826460054917 62.571004458067755
486.432145647728 62.688502264487646
493.50746413055253 62.798506756044404
500.6856954904994 62.902995567454681
507.9683366298358 62.993003690217442
515.3569062237735 63.073998972002386
522.8529450371643 63.144999479407510
530.4580162458005 63.208000123169953
538.1737057623901 63.266497769193862
546.0016225672724 63.316497589213540
553.9433990439449 63.376003194134327
562.0006913194694 63.440497529176696
570.1751796098309 63.523501970640780
578.4685685703187 63.614495266445502
586.8825876510039 63.723994633680164
595.4189914573883 63.836999886912473
604.0795601162986 63.949994260840754
612.8660996471021 64.050000961369847
621.780442338323 64.136003179123279
630.8244471297356 64.201002606957374
640.0000000000159 64.254500000000078
649.3090143600314 64.303000063102644
658.7534314518515 64.344501508415462
668.3352207535618 64.378000647204672
678.0563803899662 64.406500906333193
687.9189375492632 64.429999851202240
697.9249489057827 64.457999857021974
708.0765010488715 64.479501313429083
718.3757109180171 64.506499242212271
728.8247262443015 64.530999358118990
739.425725998274 64.557499315060312
750.1809208443404 64.578999841762283
761.0925536017613 64.606998854549971
772.1628997123541 64.634999746336575
783.3942677149998 64.664000763557482
794.7889997270506 64.696499999221516
806.34947193274 64.730001488746808
818.0780950786972 64.767000359571512
829.9773149766683 64.812001395779987
842.0496130135506 64.865498285117624
854.2975066688449 64.916002283210375
866.7235500396347 64.971997972335998
879.3303343732008 65.035001633958174
892.1204886073838 65.097502334411487
905.0966799188055 65.159498470753334
918.2616142790653 65.226998022319549
931.6180370190256 65.305500218546371
945.1687334013056 65.385498426101719
958.9165292011028 65.467497191918127
972.8642912954606 65.548501811462131
987.0149282611097 65.636499553881549
1001.3713909810035 65.734502523150780
1015.9366732596762 65.828497891419033
1030.7138124475518 65.923498794242221
1045.7058900743334 66.019499296100321
1060.916032491606 66.118000210560609
1076.3474115247852 66.218002628543587
1092.0032451345498 66.318001481548521
1107.8867980878947 66.413998779680043
1124.0013826389438 66.516502164909298
1140.350359219667 66.609002176498251
1156.9371371406426 66.709500835328967
1173.765175302013 66.812001031913098
1190.837982914782 66.912499899428070
1208.1591202326028 67.012000670505614
1225.73219929421 67.110001128987335
1243.5608846766518 67.210999346701556
1261.648894259477 67.313499400795905
1280.0000000000375 67.411500000000203
1298.6180287200684 67.507500139882808
1317.5068629037087 67.599499332264344
1336.6704415071292 67.694502020991337
1356.112760779938 67.783498904974266
1375.8378750985323 67.871499442771650
1395.8498978115715 67.959999548087339
1416.153002097749 68.037500008401992
1436.7514218360407 68.120001907527310
1457.6494524886093 68.214501888748316
1478.8514519965543 68.303001901617222
1500.3618416886875 68.393499333960591
1522.1851072035295 68.479500445450725
1544.3257994247153 68.571499166572153
1566.788535430007 68.664998066273682
1589.5779994541087 68.754999997844124
1612.6989438654878 68.850499768139542
1636.156190157402 68.944500763058613
1659.9546299533442 69.039998515086523
1684.099226027109 69.141000964232234
1708.5950133376978 69.245500058498678
1733.4471000792773 69.354500444549814
1758.6606687464096 69.466498528579280
1784.2409772147755 69.577999900682073
1810.193359837619 69.696001728805882
1836.5232285581387 69.822501082342100
1863.2360740380593 69.949000366065235
1890.3374668026197 70.082997363720438
1917.833058402214 70.220000298333645
1945.7285825909298 70.362497867766251
1974.0298565222283 70.508499259822813
2002.7427819620161 70.662498830569803
2031.8733465193618 70.824001934552342
2061.4276248951132 70.988997905860046
2091.411780148677 71.158498757177199
2121.832064983222 71.335000377944084
2152.694823049581 71.514498970851832
2184.0064902691106 71.698497004647308
2215.7735961758003 71.889497571995392
2248.002765277899 72.080498608957114
2280.7007184393456 72.275998316560404
2313.874274281297 72.475001629910253
2347.530350604038 72.675002007353399
2381.6759658295764 72.870499804360165
2416.318240465218 73.063001303380872
2451.4643985884327 73.253502190906175
2487.1217693533167 73.449498732212973
2523.2977885189675 73.637498900972076
2560.0000000000887 73.822000000000429
2597.236057440151 73.999500250116597
2635.0137258074315 74.163998806059681
2673.340883014273 74.306999563520264
2712.225521559891 74.434998425091067
2751.6757501970797 74.559499211648586
2791.699795623158 74.653499520002413
2832.3060041955137 74.713000003564417
2873.502843672097 74.747999867187502
2915.2989049772345 74.763999963624173
2957.7029039931244 74.754000022641009
3000.723683377391 74.706500349586804
3044.370214407075 74.627999460133026
3088.6515988494466 74.516501010078287
3133.57707086003 74.396999759804416
3179.1559989082334 74.242500003700783
3225.3978877309914 74.063000435800518
3272.3123803148205 73.878998429903930
3319.9092599067053 73.682498920845447
3368.198452054235 73.481998168420034
3417.190026675413 73.283499895614682
3466.8942001585724 73.088999245837968
3517.3213374928373 72.898998779613862
3568.4819544295697 72.714000164784295
3620.386719675257 72.537500953228346
3673.0464571162966 72.365498609639531
3726.472148076138 72.202999590217871
3780.6749336052594 72.053000183739115
3835.6661168044484 71.918499744579890
3891.45716518188 71.796499689206058
3948.059713044477 71.690000539914195
4005.4855639240527 71.600000683433208
4063.746693038744 71.529500371445181
4122.855249790247 71.474499860461691
4182.823560297375 71.441000245627535
4243.664129966465 71.425500022108153
4305.389646099183 71.435999939799132
4368.012980538242 71.466999990365935
4431.5471923516225 71.516000225302491
4496.00553055582 71.591500762619233
4561.401436878714 71.685500721019764
4627.748548562617 71.794999254952785
4695.060701208099 71.922499434038997
4763.351931659176 72.061499860898593
4832.63648093046 72.201498951147641
4902.928797176889 72.341999594596160
4974.243538706657 72.475499136469722
5046.595577037959 72.587999342337042
5120.000000000202 72.663500000000084
5194.472114880326 72.697499986315620
5270.027451614888 72.688499619996605
5346.6817660285715 72.624000196871151
5424.451043119808 72.501499905727854
5503.351500394186 72.329001092280237
5583.399591246343 72.111498201792244
5664.612008391055 71.864499973623282
5747.005687344222 71.605500982812430
5830.597809954497 71.337000610431829
5915.405807986278 71.074500594326025
6001.447366754812 70.833999102996216
6088.740428814181 70.620499159928414
6177.303197698925 70.446999719462070
6267.154141720092 70.319499868630857
6358.3119978165005 70.235000002024023
6450.795775462017 70.187500115323246
6544.624760629676 70.177000026786899
6639.818519813445 70.205999956941895
6736.396904108505 70.198000007943051
6834.380053350861 70.116499936671715
6933.788400317181 69.998500711832662
7034.642674985712 69.789500673527925
7136.963908859177 69.491000265884196
7240.773439350552 69.143498450258932
7346.092914232631 68.772000302531126
7452.944296152315 68.383998881294644
7561.349867210557 67.974500501607636
7671.332233608935 67.533499061025353
7782.914330363799 67.085002691555488
7896.119426088994 66.644502233185790
8010.971127848146 66.221999562216482
8127.49338607753 65.822998762258010
8245.710499580537 65.444001604315559
8365.647120594791 65.088499673441348
8487.328259932974 64.758999354647131
8610.77929219841 64.452499353765290
8736.025961076528 64.175500086084298
8863.094384703289 63.932501176660722
8992.011061111683 63.725999922671242
9122.802873757471 63.560500159743242
9255.497097125279 63.486999986292339
9390.121402416245 63.467999789338634
9526.7038633184 63.396500071551614
9665.272961860968 63.348000013348894
9805.857594353829 63.308500079174948
9948.487077413367 63.327500081049074
10093.19115407597 63.479000319047842
10240.000000000457 63.783000000001167
10388.944229760706 64.163000494154829
10540.05490322983 64.487999791872824
10693.363532057198 64.641499887115842
10848.902086239672 64.608500016122022
11006.703000788428 64.638000001871390
11166.799182492743 65.018000767946987
11329.224016782166 65.701500074598499
11494.0113746885 66.433997220424587
11661.195619909053 67.043501452766208
11830.811615972614 67.440999100026033
12002.894733509682 67.624499715829131
12177.48085762842 67.655499757904423
12354.606395397908 67.605499877884156
12534.308283440243 67.550000221304401
12716.62399563306 67.559999999760464
12901.591550924093 67.710999633393556
13089.249521259411 68.031999181086178
13279.637039626952 68.549000143094986
13472.793808217073 69.246499307461846
13668.760106701786 70.018000349380898
13867.576800634426 70.668999347203766
14069.285349971487 70.945499535692605
14273.927817718419 70.674000241833085
14481.54687870117 69.901000451615673
14692.18582846533 68.861000846927965
14905.888592304698 67.782002058479435
15122.699734421185 66.789001216357860
15342.664467217943 65.892498221487955
15565.828660727671 65.043001291474212
15792.238852178061 64.184500560510287
16021.942255696367 63.303499020747118
16254.986772155136 62.410997877223274
16491.42099916115 61.761002751464460
16731.294241189662 61.332501355509919
16974.65651986603 60.824998750357480
17221.558584396902 60.231500999017584
17472.051922153143 59.514503085168499
17726.188769406665 58.622000809820534
17984.022122223458 57.547494808970036
18245.605747515034 56.337496479154026
18510.99419425065 55.087499304155457
18780.242804832582 54.123001679398513
19053.40772663689 54.692999429588710
19330.545923722028 55.267997766969522
19611.71518870775 56.367501220851679
19896.974154826825 58.212994532121250
20186.382308152035 58.213000000000001
