20 101.966000000000008
20.290906698750476 101.966969692228133
20.586044732869844 101.961279104412256
20.885475648548283 101.950532559553224
21.189261887185914 101.939393766157295
21.49746679841394 101.930806991553169
21.810154653305165 101.923873054968411
22.12739065777668 101.920226093422229
22.449240966187475 101.917171727986329
22.77577269513385 101.914615993943414
23.107053937445478 101.910751033233254
23.44315377638505 101.906591276010616
23.784142300054445 101.901047331873983
24.130090616010463 101.894398179007055
24.481070866093134 101.886246887280620
24.837156241469714 101.877071107533624
25.1984209978975 101.867791448805193
25.56494047120865 101.859201182328775
25.936791093020236 101.852277139602734
26.3140504066728 101.846289253197426
26.69679708340074 101.839564058331973
27.08511093873791 101.831489276363087
27.47907294916184 101.820627820594694
27.878765268980047 101.807940128758148
28.284271247461966 101.794903320081218
28.695675446220072 101.781934061167178
29.11306365684382 101.769221153951534
29.536522918790062 101.757086927030258
29.966141537533712 101.746346461561657
30.402009102982383 101.735943075605235
30.844216508158908 101.722812984267307
31.29285596815558 101.707267901194172
31.74802103936409 101.689331137386077
32.20980663898519 101.671237154357556
32.67830906482211 101.653902564601580
33.153626015361866 101.635547707354789
33.63585661014871 101.614614739323017
34.125101410453844 101.591995537940036
34.62146244024586 101.571127352151152
35.12504320746613 101.553873746983484
35.635948725613716 101.538513692054750
36.15428553564419 101.520328578574237
36.68016172818701 101.498753045687948
37.21368696608603 101.476025147424394
37.754972507267915 101.452162007645398
38.30413122794313 101.425043925867527
38.86127764614443 101.390823389135562
39.4265279456077 101.356908328773955
40.000000000000206 101.341000000000008
40.58181339750116 101.342454538342224
41.1720894657399 101.328674525371994
41.77095129709678 101.280420649977430
42.37852377437204 101.224279919122722
42.9949335968281 101.188665683708223
43.62030930661056 101.159218927096873
44.25478131555359 101.101210860962453
44.89848193237519 101.034659432632054
45.55154539026795 101.002625907416245
46.21410787489121 101.010570534609570
46.88630755277036 101.010664151603038
47.56828460010916 100.986256605912359
48.260181232021196 100.942125401206283
48.962141732186545 100.887775688735701
49.674312482939705 100.851013772053790
50.39684199579528 100.849460531148111
51.129880942417586 100.846017333598780
51.873582186040764 100.814351944896231
52.628100813345895 100.778411111496723
53.393594166801776 100.764000000000010
54.17022187747612 100.768760001624699
54.95814589832399 100.769073040767168
55.75753053796041 100.739820401049926
56.56854249492426 100.689054839097679
57.39135089244048 100.637780025469553
58.226127313687975 100.588171088041832
59.073045837580466 100.528521562181467
59.932283075067765 100.464078769369920
60.804018205965114 100.421342102848371
61.68843301631817 100.384174578185451
62.58571193631152 100.338937637987044
63.49604207872855 100.307591032189237
64.41961327797075 100.281942955187986
65.35661812964459 100.247343729490098
66.3072520307241 100.204791024479164
67.27171322029778 100.146996806444236
68.25020282090806 100.065484991252816
69.2429248804921 100.007570751195090
70.25008641493265 99.999124697547728
71.27189745122783 99.979370460572653
72.30857107128878 99.902334321799827
73.36032345637442 99.799530403741741
74.42737393217246 99.716639685866170
75.50994501453623 99.664239581285671
76.60826245588666 99.620698345011562
77.72255529228926 99.575868190778223
78.85305589121582 99.535018936417572
80.00000000000082 99.502999999999986
81.16362679500274 99.478272868788366
82.34417893148023 99.454616414178673
83.541902594194 99.423448841043609
84.75704754874454 99.385794743964652
85.98986719365665 99.327269179498046
87.24061861322157 99.264869277568749
88.50956263110764 99.200525055988322
89.79696386475084 99.136584128050714
91.10309078053635 99.072724190009325
92.42821574978288 98.991945091390150
93.77261510554118 98.901353945500418
95.13656920021877 98.812862731477125
96.52036246404286 98.733851415368491
97.92428346437356 98.668375958304580
99.34862496587989 98.607540542872542
100.79368399159105 98.536963871106735
102.25976188483567 98.453148017101796
103.74716437208203 98.358400697119322
105.25620162669229 98.260114517416497
106.78718833360406 98.164243907761346
108.34044375495276 98.071693966376102
109.9162917966485 97.978595106567880
111.51506107592134 97.883096293878580
113.13708498984903 97.788301865638942
114.78270178488147 97.696360890560783
116.45225462737648 97.611557111293735
118.14609167516147 97.527583032324898
119.86456615013608 97.440337338021806
121.60803641193078 97.347197953342459
123.3768660326369 97.248460993851026
125.17142387262359 97.152828795404943
126.99208415745765 97.068996493439272
128.83922655594208 97.005899446593446
130.71323625928977 96.958781488337848
132.61450406144883 96.931656487815658
134.5434264405962 96.932526694575500
136.50040564181674 96.957884633993146
138.48584976098482 97.011840828477176
140.50017282986593 97.096092694951068
142.5437949024563 97.206788890549717
144.61714214257822 97.339444238017109
146.7206469127495 97.488886577717949
148.8547478643456 97.639832350504193
151.01989002907314 97.773442237523426
153.216524911774 97.877941336682710
155.4451105845792 97.954436344393088
157.70611178243232 97.999277893051072
160.00000000000236 98.013499999999993
162.3272535900062 98.004656436357976
164.6883578629612 97.981241078225196
167.08380518838874 97.949660249437912
169.51409509748981 97.909760383342672
171.97973438731407 97.861509365376264
174.4812372264439 97.804242801455928
177.01912526221608 97.737483617920162
179.5939277295025 97.661682168114936
182.20618156107355 97.578460953733426
184.85643149956664 97.491237760514309
187.54523021108326 97.399944080738734
190.27313840043846 97.306377177425361
193.04072492808663 97.213831642416295
195.84856692874806 97.119657864579807
198.69724993176072 97.024272402292837
201.58736798318304 96.927587733893887
204.5195237696723 96.830862223524036
207.49432874416505 96.733685261023936
210.5124032533856 96.635094827056065
213.57437666720915 96.536513540816117
216.68088750990657 96.439892487192907
219.83258359329807 96.343106200404407
223.03012215184378 96.246338804906728
226.2741699796992 96.150670042258767
229.5654035697641 96.058951401831479
232.90450925475412 95.970998674500606
236.2921833503241 95.883622370404325
239.72913230027333 95.796839409418098
243.21607282386276 95.712949297742199
246.75373206527502 95.630256512974199
250.34284774524843 95.551757341381631
253.9841683149166 95.474834444347394
257.67845311188546 95.397712291289395
261.42647251858085 95.320757313369086
265.22900812289896 95.246763349726379
269.08685288119375 95.175451123618700
273.0008112836349 95.106861512409580
276.97169952197106 95.042424507170438
281.00034565973334 94.984795782951252
285.0875898049141 94.935097825009393
289.23428428515797 94.892386871862868
293.44129382550057 94.854904873100693
297.7094957286928 94.820636882889062
302.0397800581479 94.786681759534815
306.4330498235497 94.750724584803748
310.89022116916016 94.710015454185253
315.41222356486645 94.665047985499442
320.00000000000654 94.615499999999940
324.6545071800142 94.560576815275823
329.3767157259242 94.502228724998531
334.16761037677935 94.439487543026502
339.02819019498156 94.374119432367735
343.95946877463007 94.306755277787573
348.9624744528898 94.239006594885993
354.03825052443415 94.171291268025016
359.187855459007 94.105733021216508
364.4123631221491 94.045199060407498
369.71286299913527 93.990900083708738
375.0904604221685 93.943886161421005
380.54627680087896 93.906864550279749
386.08144985617537 93.876184605733499
391.6971338574982 93.854766460632661
397.3944998635236 93.837253200327552
403.1747359663683 93.825708773389380
409.0390475393468 93.817707698499049
414.9886574883323 93.811760397302365
421.0248065067734 93.806839423923734
427.1487533344206 93.802567497777062
433.3617750198154 93.798425483320131
439.6651671865984 93.795619261830495
446.06024430368984 93.796888557278379
452.54833995940066 93.806616015902563
459.13080713953053 93.830793574475067
465.8090185095106 93.866354111057063
472.58436670065066 93.914210205019216
479.45826460054917 93.968166116804397
486.432145647728 94.025730023440929
493.50746413055253 94.089996814907906
500.6856954904994 94.152399851987681
507.9683366298358 94.209750650959961
515.3569062237735 94.261676796678302
522.8529450371643 94.318376869362140
530.4580162458005 94.379692755981765
538.1737057623901 94.441740755445636
546.0016225672724 94.496724368810902
553.9433990439449 94.546389168905137
562.0006913194694 94.596403940520972
570.1751796098309 94.643156185424886
578.4685685703187 94.697892552564099
586.8825876510039 94.761340054295275
595.4189914573883 94.824787688066067
604.0795601162986 94.888341728364964
612.8660996471021 94.953648168807050
621.780442338323 95.019384682917661
630.8244471297356 95.084018464047062
640.0000000000159 95.151000000000110
649.3090143600314 95.217559452674223
658.7534314518515 95.285962378025914
668.3352207535618 95.356680633576360
678.0563803899662 95.424991843710274
687.9189375492632 95.484429837785726
697.9249489057827 95.534143507302474
708.0765010488715 95.580344254719932
718.3757109180171 95.625434342493378
728.8247262443015 95.670005086538282
739.425725998274 95.713645476592916
750.1809208443404 95.759261375219921
761.0925536017613 95.805181163074081
772.1628997123541 95.854342167947422
783.3942677149998 95.907034199871532
794.7889997270506 95.964076498589762
806.34947193274 96.025657534299540
818.0780950786972 96.091332160258688
829.9773149766683 96.160863889860011
842.0496130135506 96.233803879708006
854.2975066688449 96.309180353902406
866.7235500396347 96.386976375251521
879.3303343732008 96.467430656707137
892.1204886073838 96.549808476707511
905.0966799188055 96.633628419472245
918.2616142790653 96.718959661495489
931.6180370190256 96.805771780509019
945.1687334013056 96.894694161558590
958.9165292011028 96.985572005957309
972.8642912954606 97.078707180208085
987.0149282611097 97.174793934700631
1001.3713909810035 97.272962597768924
1015.9366732596762 97.373431823049771
1030.7138124475518 97.474920207227768
1045.7058900743334 97.578227994261056
1060.916032491606 97.682759555359297
1076.3474115247852 97.788117484651039
1092.0032451345498 97.893896701837292
1107.8867980878947 98.000033730155309
1124.0013826389438 98.106731286188634
1140.350359219667 98.213679403293682
1156.9371371406426 98.320145418167726
1173.765175302013 98.427252992550336
1190.837982914782 98.534320547720668
1208.1591202326028 98.641686055706259
1225.73219929421 98.748256714829694
1243.5608846766518 98.854580765318062
1261.648894259477 98.960063586704962
1280.0000000000375 99.064000000000192
1298.6180287200684 99.165601242443813
1317.5068629037087 99.268035687099285
1336.6704415071292 99.366852773761721
1356.112760779938 99.463355346841198
1375.8378750985323 99.557729906718038
1395.8498978115715 99.650013282487947
1416.153002097749 99.739534775826826
1436.7514218360407 99.828524757257270
1457.6494524886093 99.915862755203307
1478.8514519965543 100.002405807986207
1500.3618416886875 100.088432893087202
1522.1851072035295 100.174853024525987
1544.3257994247153 100.261757133744894
1566.788535430007 100.349811058885635
1589.5779994541087 100.439437317849183
1612.6989438654878 100.530787817707335
1636.156190157402 100.624794132039057
1659.9546299533442 100.722411260605909
1684.099226027109 100.823580718354947
1708.5950133376978 100.928646158419127
1733.4471000792773 101.038343008355156
1758.6606687464096 101.152685502983331
1784.2409772147755 101.272487051542328
1810.193359837619 101.397855197597835
1836.5232285581387 101.529307536504177
1863.2360740380593 101.666857027959438
1890.3374668026197 101.811322320734149
1917.833058402214 101.962651804716302
1945.7285825909298 102.121896635723758
1974.0298565222283 102.287795556350702
2002.7427819620161 102.461913822099092
2031.8733465193618 102.641770860629990
2061.4276248951132 102.827684386825212
2091.411780148677 103.020747159973837
2121.832064983222 103.220137430513844
2152.694823049581 103.426190055584669
2184.0064902691106 103.637944458343412
2215.7735961758003 103.857126493421816
2248.002765277899 104.081786115787892
2280.7007184393456 104.312475100919357
2313.874274281297 104.548469823206588
2347.530350604038 104.788842006818868
2381.6759658295764 105.033254105254343
2416.318240465218 105.280087536628628
2451.4643985884327 105.525640960224905
2487.1217693533167 105.768715854667221
2523.2977885189675 106.003814624164903
2560.0000000000887 106.228500000000523
2597.236057440151 106.438282005868814
2635.0137258074315 106.630064511294933
2673.340883014273 106.793280009981729
2712.225521559891 106.930621668991648
2751.6757501970797 107.030333959840604
2791.699795623158 107.092794724091263
2832.3060041955137 107.109815080755197
2873.502843672097 107.088086985707577
2915.2989049772345 107.025424474751446
2957.7029039931244 106.921734474902536
3000.723683377391 106.780050990237129
3044.370214407075 106.599824176820675
3088.6515988494466 106.388008860767144
3133.57707086003 106.153683817355841
3179.1559989082334 105.898810806223068
3225.3978877309914 105.630660420141766
3272.3123803148205 105.353464460929970
3319.9092599067053 105.071336273951374
3368.198452054235 104.788676916167617
3417.190026675413 104.509751551417963
3466.8942001585724 104.237460739159573
3517.3213374928373 103.975393312535815
3568.4819544295697 103.726058911902498
3620.386719675257 103.491837105396399
3673.0464571162966 103.274849281817609
3726.472148076138 103.077612203214272
3780.6749336052594 102.904132519190057
3835.6661168044484 102.747991369156921
3891.45716518188 102.620256206048168
3948.059713044477 102.508819939943692
4005.4855639240527 102.423874453618140
4063.746693038744 102.360283647546908
4122.855249790247 102.318548250069909
4182.823560297375 102.299802524317585
4243.664129966465 102.306321156782118
4305.389646099183 102.335617983817912
4368.012980538242 102.389244799475449
4431.5471923516225 102.466175499229479
4496.00553055582 102.561441721342987
4561.401436878714 102.675174097060477
4627.748548562617 102.798980527221062
4695.060701208099 102.928185026546586
4763.351931659176 103.053412170999337
4832.63648093046 103.166191073302642
4902.928797176889 103.251193591482775
4974.243538706657 103.302838866772873
5046.595577037959 103.301186216314562
5120.000000000202 103.246857142856925
5194.472114880326 103.127232349873651
5270.027451614888 102.939173821768691
5346.6817660285715 102.691155013711608
5424.451043119808 102.391885738110503
5503.351500394186 102.050466905391545
5583.399591246343 101.683276890485672
5664.612008391055 101.308638641317231
5747.005687344222 100.942200402236239
5830.597809954497 100.596116365973813
5915.405807986278 100.282163588683503
6001.447366754812 100.010408721239628
6088.740428814181 99.799142911790597
6177.303197698925 99.649785934354227
6267.154141720092 99.565439234653439
6358.3119978165005 99.549748079803493
6450.795775462017 99.594136620369611
6544.624760629676 99.691958436424869
6639.818519813445 99.824625964918312
6736.396904108505 99.964999789587566
6834.380053350861 100.080207344547972
6933.788400317181 100.139054608038066
7034.642674985712 100.125348328133924
7136.963908859177 100.032750527597159
7240.773439350552 99.859079644560595
7346.092914232631 99.618154462420279
7452.944296152315 99.338020957427233
7561.349867210557 99.048178476338734
7671.332233608935 98.768420617664475
7782.914330363799 98.507367157609451
7896.119426088994 98.270007418981649
8010.971127848146 98.054300526265749
8127.49338607753 97.850242470785915
8245.710499580537 97.641089116126750
8365.647120594791 97.405319335134124
8487.328259932974 97.130145002154165
8610.77929219841 96.801895911064292
8736.025961076528 96.412410730001838
8863.094384703289 95.964475547606185
8992.011061111683 95.462130231868144
9122.802873757471 94.918087786530748
9255.497097125279 94.354792760336352
9390.121402416245 93.801490428187378
9526.7038633184 93.285315341065711
9665.272961860968 92.826377621522653
9805.857594353829 92.436863730734473
9948.487077413367 92.123947738801832
10093.19115407597 91.897638756096171
10240.000000000457 91.750399999999644
10388.944229760706 91.685258180157575
10540.05490322983 91.713583946574147
10693.363532057198 91.824761720133765
10848.902086239672 92.010858469181954
11006.703000788428 92.261228548217787
11166.799182492743 92.559876980209083
11329.224016782166 92.892639834823001
11494.0113746885 93.242174360791211
11661.195619909053 93.593510801809018
11830.811615972614 93.910780743715833
12002.894733509682 94.149711533834591
12177.48085762842 94.323404260594259
12354.606395397908 94.424692965142683
12534.308283440243 94.530531739193776
12716.62399563306 94.702835834570436
12901.591550924093 95.052932076384451
13089.249521259411 95.508136695854972
13279.637039626952 96.168267399824799
13472.793808217073 97.052480019441177
13668.760106701786 98.090087190594375
13867.576800634426 99.139179223029373
14069.285349971487 99.899331470697391
14273.927817718419 100.276896823690493
14481.54687870117 99.990046008796327
14692.18582846533 99.215315817094620
14905.888592304698 98.304095976382456
15122.699734421185 97.307394057781266
15342.664467217943 96.158706288086307
15565.828660727671 94.761983362404422
15792.238852178061 93.136206525673828
16021.942255696367 91.467552293168580
16254.986772155136 89.987467726565711
16491.42099916115 88.776924484294909
16731.294241189662 87.523793707060449
16974.65651986603 85.968877812148946
17221.558584396902 83.990821428126964
17472.051922153143 81.575673709078899
17726.188769406665 78.795280812512971
17984.022122223458 75.711533427207343
18245.605747515034 72.443524829616749
18510.99419425065 69.929077649478046
18780.242804832582 69.368109599263221
19053.40772663689 70.937877004729074
19330.545923722028 72.676503362662061
19611.71518870775 73.825666085178199
19896.974154826825 74.232500000000002
20186.382308152035 74.232500000000002
