20 67.222000000000008
20.290906698750476 67.246991984428732
20.586044732869844 67.280505685113894
20.885475648548283 67.318551632901631
21.189261887185914 67.351515305095290
21.49746679841394 67.369494780209436
21.810154653305165 67.365989998761023
22.12739065777668 67.345472095873092
22.449240966187475 67.322495210152240
22.77577269513385 67.316004518292459
23.107053937445478 67.339508347461802
23.44315377638505 67.391529086735588
23.784142300054445 67.456023236858613
24.130090616010463 67.512508519453974
24.481070866093134 67.545501891089572
24.837156241469714 67.554999783599072
25.1984209978975 67.554507456366025
25.56494047120865 67.560998945675351
25.936791093020236 67.581988206864054
26.3140504066728 67.613503882498293
26.69679708340074 67.642984370653579
27.08511093873791 67.659501970992807
27.47907294916184 67.666500729491617
27.878765268980047 67.670497652689789
28.284271247461966 67.680510533882028
28.695675446220072 67.696487395969712
29.11306365684382 67.713501951742856
29.536522918790062 67.726485372510069
29.966141537533712 67.736002759332649
30.402009102982383 67.744500144164874
30.844216508158908 67.751501928803194
31.29285596815558 67.755498716865532
31.74802103936409 67.755499954460248
32.20980663898519 67.754500418530341
32.67830906482211 67.758004220422990
33.153626015361866 67.764494893066910
33.63585661014871 67.771497917574777
34.125101410453844 67.775000000000006
34.62146244024586 67.775000917540169
35.12504320746613 67.776000253664193
35.635948725613716 67.778999698976207
36.15428553564419 67.781999728578285
36.68016172818701 67.781498637122013
37.21368696608603 67.777002637926245
37.754972507267915 67.773000203273426
38.30413122794313 67.772000235597744
38.86127764614443 67.772999509459112
39.4265279456077 67.772000834018357
40.000000000000206 67.769000000000005
40.58181339750116 67.765501122179970
41.1720894657399 67.763999850641511
41.77095129709678 67.763000081307013
42.37852377437204 67.758503524696266
42.9949335968281 67.751000808480171
43.62030930661056 67.745498538708915
44.25478131555359 67.742501033154866
44.89848193237519 67.732487104256023
45.55154539026795 67.715012164633492
46.21410787489121 67.705000561848379
46.88630755277036 67.708501127392850
47.56828460010916 67.710997121097165
48.260181232021196 67.703997676512557
48.962141732186545 67.694997511724253
49.674312482939705 67.682491572036895
50.39684199579528 67.663004261524193
51.129880942417586 67.649002273951098
51.873582186040764 67.639005615779013
52.628100813345895 67.615496512332044
53.393594166801776 67.589014039921352
54.17022187747612 67.572495213303185
54.95814589832399 67.555494984745110
55.75753053796041 67.528016137757618
56.56854249492426 67.493519462299759
57.39135089244048 67.453986552625040
58.226127313687975 67.421997294396249
59.073045837580466 67.403998852726460
59.932283075067765 67.382492533570456
60.804018205965114 67.359499763157700
61.68843301631817 67.347990114883601
62.58571193631152 67.327506576064167
63.49604207872855 67.298998975355630
64.41961327797075 67.276509416932527
65.35661812964459 67.245512633917841
66.3072520307241 67.201991250746886
67.27171322029778 67.168509955564787
68.25020282090806 67.130988459837553
69.2429248804921 67.074504274171403
70.25008641493265 67.020994377110554
71.27189745122783 66.954506672694095
72.30857107128878 66.886028333285168
73.36032345637442 66.829978931379557
74.42737393217246 66.760475485517787
75.50994501453623 66.689503604771858
76.60826245588666 66.621485406040378
77.72255529228926 66.559524728141753
78.85305589121582 66.509496491571454
80.00000000000082 66.437499999999943
81.16362679500274 66.360524687959440
82.34417893148023 66.302491934641125
83.541902594194 66.248504390578901
84.75704754874454 66.219499633647146
85.98986719365665 66.210001023244331
87.24061861322157 66.216498018374054
88.50956263110764 66.241991211263382
89.79696386475084 66.298998399604358
91.10309078053635 66.371506440279560
92.42821574978288 66.465517163737388
93.77261510554118 66.572469380143417
95.13656920021877 66.683464942246545
96.52036246404286 66.793524525700903
97.92428346437356 66.888517604629513
99.34862496587989 66.976976708407278
100.79368399159105 67.038486550507173
102.25976188483567 67.088491878746112
103.74716437208203 67.120502124092511
105.25620162669229 67.140002107137221
106.78718833360406 67.156001394614592
108.34044375495276 67.167499436859202
109.9162917966485 67.165498357617366
111.51506107592134 67.156499529316264
113.13708498984903 67.143999277121566
114.78270178488147 67.130002536459088
116.45225462737648 67.111997144084910
118.14609167516147 67.092998906724361
119.86456615013608 67.072505173893092
121.60803641193078 67.057499197249683
123.3768660326369 67.018502953491890
125.17142387262359 66.987491969464301
126.99208415745765 66.952998564721213
128.83922655594208 66.921495647804733
130.71323625928977 66.885495279782859
132.61450406144883 66.847509908341181
134.5434264405962 66.809991719600077
136.50040564181674 66.771991625722819
138.48584976098482 66.731003101611094
140.50017282986593 66.689996533256107
142.5437949024563 66.649004113991822
144.61714214257822 66.602496858540917
146.7206469127495 66.556007803496755
148.8547478643456 66.509505494052462
151.01989002907314 66.462502387359621
153.216524911774 66.413510595959522
155.4451105845792 66.363497603430176
157.70611178243232 66.314497393042672
160.00000000000236 66.260999999999939
162.3272535900062 66.204493770342921
164.6883578629612 66.146491337207124
167.08380518838874 66.088504715806948
169.51409509748981 66.030497801882831
171.97973438731407 65.973506139465968
174.4812372264439 65.927495373243119
177.01912526221608 65.877998127147450
179.5939277295025 65.839501080549184
182.20618156107355 65.802497567766750
184.85643149956664 65.766994624308126
187.54523021108326 65.733496835441485
190.27313840043846 65.695998424994997
193.04072492808663 65.664503130334282
195.84856692874806 65.630505243740231
198.69724993176072 65.599997232589487
201.58736798318304 65.567994730551078
204.5195237696723 65.526006819527367
207.49432874416505 65.480994880392387
210.5124032533856 65.433993546892268
213.57437666720915 65.384993514098582
216.68088750990657 65.331501936987451
219.83258359329807 65.270508058632231
223.03012215184378 65.208997740718061
226.2741699796992 65.148996901008218
229.5654035697641 65.088992327341316
232.90450925475412 65.025509330036869
236.2921833503241 64.961496479161653
239.72913230027333 64.895497325159369
243.21607282386276 64.824998590041105
246.75373206527502 64.756505187543439
250.34284774524843 64.683503096850615
253.9841683149166 64.606496491540724
257.67845311188546 64.529490691137894
261.42647251858085 64.452489997963255
265.22900812289896 64.371999827351544
269.08685288119375 64.290003126941969
273.0008112836349 64.211003809042623
276.97169952197106 64.129006204784275
281.00034565973334 64.042992770570649
285.0875898049141 63.957508579178047
289.23428428515797 63.866993850737018
293.44129382550057 63.775994080816808
297.7094957286928 63.690010158663014
302.0397800581479 63.596504749321745
306.4330498235497 63.499998932432355
310.89022116916016 63.404495353589070
315.41222356486645 63.309495297731118
320.00000000000654 63.212999999999859
324.6545071800142 63.112510639829985
329.3767157259242 63.011006110507978
334.16761037677935 62.908508335708646
339.02819019498156 62.799995834301761
343.95946877463007 62.691989224648722
348.9624744528898 62.576988970559299
354.03825052443415 62.458994211182976
359.187855459007 62.340003339879260
364.4123631221491 62.220992225171869
369.71286299913527 62.107502933332988
375.0904604221685 61.996991561177268
380.54627680087896 61.896995724214065
386.08144985617537 61.811494593074819
391.6971338574982 61.743998919367336
397.3944998635236 61.698004037605813
403.1747359663683 61.675001050652867
409.0390475393468 61.679000195750248
414.9886574883323 61.703498589657841
421.0248065067734 61.741498781851789
427.1487533344206 61.779498469416723
433.3617750198154 61.817498623974402
439.6651671865984 61.843000457508282
446.06024430368984 61.860500112964104
452.54833995940066 61.863499638505878
459.13080713953053 61.856500205077211
465.8090185095106 61.842499935797264
472.58436670065066 61.818998479637976
479.45826460054917 61.790498785887934
486.432145647728 61.758499361826210
493.50746413055253 61.727498125116867
500.6856954904994 61.698501230084347
507.9683366298358 61.673999134393441
515.3569062237735 61.655000241135241
522.8529450371643 61.641000102652043
530.4580162458005 61.642500062111345
538.1737057623901 61.671998875063565
546.0016225672724 61.733497034732657
553.9433990439449 61.809504209324317
562.0006913194694 61.894496743876260
570.1751796098309 61.994502306299367
578.4685685703187 62.100994460180722
586.8825876510039 62.188995687341134
595.4189914573883 62.236999951962815
604.0795601162986 62.250499314348232
612.8660996471021 62.269500553346589
621.780442338323 62.319003130213694
630.8244471297356 62.383002801870077
640.0000000000159 62.440500000000085
649.3090143600314 62.490500070705366
658.7534314518515 62.537001598470120
668.3352207535618 62.572500590432327
678.0563803899662 62.598500597794228
687.9189375492632 62.613999901856801
697.9249489057827 62.634999892766487
708.0765010488715 62.650500851296627
718.3757109180171 62.667999508841291
728.8247262443015 62.690999397417826
739.425725998274 62.713499418447427
750.1809208443404 62.730499874881801
761.0925536017613 62.747999284093737
772.1628997123541 62.770999791633621
783.3942677149998 62.796500681328212
794.7889997270506 62.825499999305350
806.34947193274 62.859501609456018
818.0780950786972 62.899500359571505
829.9773149766683 62.944501265333258
842.0496130135506 62.992998445387002
854.2975066688449 63.052502507454250
866.7235500396347 63.113997773190434
879.3303343732008 63.175001673173171
892.1204886073838 63.239002616799965
905.0966799188055 63.308498285763818
918.2616142790653 63.383997787927797
931.6180370190256 63.461000229473697
945.1687334013056 63.544998347406811
958.9165292011028 63.632996986448731
972.8642912954606 63.724501996725294
987.0149282611097 63.821499508255783
1001.3713909810035 63.921002778150068
1015.9366732596762 64.024497678317758
1030.7138124475518 64.128498680012541
1045.7058900743334 64.233499230109729
1060.916032491606 64.340500231616659
1076.3474115247852 64.450502957111539
1092.0032451345498 64.563001743906085
1107.8867980878947 64.675998563581715
1124.0013826389438 64.789502691508858
1140.350359219667 64.904502512177089
1156.9371371406426 65.020500982020891
1173.765175302013 65.141001278340099
1190.837982914782 65.265499875410910
1208.1591202326028 65.394000903130006
1225.73219929421 65.526001509042487
1243.5608846766518 65.660999126779302
1261.648894259477 65.799999187420795
1280.0000000000375 65.944500000000289
1298.6180287200684 66.089500222748171
1317.5068629037087 66.235998936703538
1336.6704415071292 66.385003383457388
1356.112760779938 66.533998166754657
1375.8378750985323 66.684499047012878
1395.8498978115715 66.837499218727288
1416.153002097749 66.988500015480042
1436.7514218360407 67.140503108563024
1457.6494524886093 67.294503297306392
1478.8514519965543 67.449003267419656
1500.3618416886875 67.604498855589739
1522.1851072035295 67.761000752908572
1544.3257994247153 67.916498591325734
1566.788535430007 68.070996804698225
1589.5779994541087 68.224999996311055
1612.6989438654878 68.377999628537680
1636.156190157402 68.531001222491795
1659.9546299533442 68.683997621028681
1684.099226027109 68.837001416360266
1708.5950133376978 68.990500082112817
1733.4471000792773 69.143500605302208
1758.6606687464096 69.295997996503033
1784.2409772147755 69.450499862380099
1810.193359837619 69.607502179798715
1836.5232285581387 69.767001377526299
1863.2360740380593 69.928000442556481
1890.3374668026197 70.089996812856043
1917.833058402214 70.253000342298606
1945.7285825909298 70.416497553542342
1974.0298565222283 70.583999150824113
2002.7427819620161 70.754498705273704
2031.8733465193618 70.927502057660234
2061.4276248951132 71.102997772596595
2091.411780148677 71.279998702185026
2121.832064983222 71.459500381102401
2152.694823049581 71.640498962251698
2184.0064902691106 71.823497020926396
2215.7735961758003 72.006997667335895
2248.002765277899 72.190998659937733
2280.7007184393456 72.375498411280788
2313.874274281297 72.558501487293114
2347.530350604038 72.741001858470412
2381.6759658295764 72.921999818870546
2416.318240465218 73.097501173384885
2451.4643985884327 73.269001838796271
2487.1217693533167 73.433498935964451
2523.2977885189675 73.591499076348867
2560.0000000000887 73.741000000000327
2597.236057440151 73.881500195379829
2635.0137258074315 74.009999067347536
2673.340883014273 74.125999645932524
2712.225521559891 74.227498751146427
2751.6757501970797 74.313499455435974
2791.699795623158 74.382999645108171
2832.3060041955137 74.434000003207970
2873.502843672097 74.465499880468741
2915.2989049772345 74.478499970444631
2957.7029039931244 74.472500013584593
3000.723683377391 74.445000202392364
3044.370214407075 74.400499707067695
3088.6515988494466 74.340000548069384
3133.57707086003 74.263999860080247
3179.1559989082334 74.174000002155793
3225.3978877309914 74.071500248855443
3272.3123803148205 73.956499005206325
3319.9092599067053 73.831999305681109
3368.198452054235 73.702998777408851
3417.190026675413 73.570499928352490
3466.8942001585724 73.436999468117307
3517.3213374928373 73.302999119342985
3568.4819544295697 73.169500118911913
3620.386719675257 73.039500702094529
3673.0464571162966 72.915999016052595
3726.472148076138 72.800999707688746
3780.6749336052594 72.694000131067227
3835.6661168044484 72.598999828324196
3891.45716518188 72.516999801558796
3948.059713044477 72.449000344733946
4005.4855639240527 72.397000394872521
4063.746693038744 72.363000179136691
4122.855249790247 72.348500020826606
4182.823560297375 72.353499963339175
4243.664129966465 72.379000104224147
4305.389646099183 72.428499716195915
4368.012980538242 72.505499976070212
4431.5471923516225 72.602000337207699
4496.00553055582 72.715000953274028
4561.401436878714 72.832500602495969
4627.748548562617 72.923999377426298
4695.060701208099 73.034999507281000
4763.351931659176 73.297499737308485
4832.63648093046 73.645497392852704
4902.928797176889 74.018998922289427
4974.243538706657 74.466997102160590
5046.595577037959 74.912997392731782
5120.000000000202 75.309000000001021
5194.472114880326 75.683500510123082
5270.027451614888 76.019001449315283
5346.6817660285715 76.264999249142647
5424.451043119808 76.411000040168133
5503.351500394186 76.484499534593652
5583.399591246343 76.427998645884031
5664.612008391055 76.241999975812860
5747.005687344222 76.004500901227601
5830.597809954497 75.679000740020712
5915.405807986278 75.347500750548875
6001.447366754812 75.020498680753207
6088.740428814181 74.706498644264869
6177.303197698925 74.426499497232044
6267.154141720092 74.197999689844465
6358.3119978165005 73.998500004778606
6450.795775462017 73.827000416377587
6544.624760629676 73.701000321442848
6639.818519813445 73.595499572110199
6736.396904108505 73.516000078934070
6834.380053350861 73.460499968335853
6933.788400317181 73.401500355916326
7034.642674985712 73.348000172410252
7136.963908859177 73.271000068586545
7240.773439350552 73.164999357577045
7346.092914232631 73.011000125409936
7452.944296152315 72.795499255562376
7561.349867210557 72.523000333792623
7671.332233608935 72.167999148956099
7782.914330363799 71.761502439503460
7896.119426088994 71.330502185024017
8010.971127848146 70.931499635180401
8127.49338607753 70.598999149256485
8245.710499580537 70.338501102702381
8365.647120594791 70.115999726959302
8487.328259932974 69.840499172516559
8610.77929219841 69.447498763522020
8736.025961076528 68.917500164710049
8863.094384703289 68.283003072391864
8992.011061111683 67.595999680171971
9122.802873757471 66.911500660690336
9255.497097125279 66.266499578669752
9390.121402416245 65.682498482648896
9526.7038633184 65.167500515371785
9665.272961860968 64.720000123167637
9805.857594353829 64.344998776955421
9948.487077413367 64.051499888457215
10093.19115407597 63.842999879307555
10240.000000000457 63.727999999999959
10388.944229760706 63.715500143685020
10540.05490322983 63.809999939483021
10693.363532057198 64.024501169890257
10848.902086239672 64.366500247568581
11006.703000788428 64.819500002642116
11166.799182492743 65.356000640423957
11329.224016782166 65.926000051837036
11494.0113746885 66.434998068527108
11661.195619909053 66.766000100505835
11830.811615972614 66.793499937737650
12002.894733509682 66.453500526529098
12177.48085762842 65.816496087735501
12354.606395397908 65.008498006541316
12534.308283440243 64.102503612644966
12716.62399563306 63.166000022431732
12901.591550924093 62.320502052753341
13089.249521259411 61.629001764108736
13279.637039626952 61.044999890037403
13472.793808217073 60.509000532187017
13668.760106701786 60.014999772177894
13867.576800634426 59.590500425671280
14069.285349971487 59.266999651128145
14273.927817718419 59.063000181708844
14481.54687870117 58.975000051412906
14692.18582846533 58.991999986155989
14905.888592304698 59.097499798730695
15122.699734421185 59.283499772162578
15342.664467217943 59.529000553756845
15565.828660727671 59.793499597887077
15792.238852178061 60.013499856363119
16021.942255696367 60.116499942945495
16254.986772155136 60.064499452976762
16491.42099916115 59.897000709031225
16731.294241189662 59.704000610533051
16974.65651986603 59.444999343069142
17221.558584396902 59.133000525178581
17472.051922153143 58.760501602824633
17726.188769406665 58.277500438255814
17984.022122223458 57.604496089567093
18245.605747515034 56.692996884755487
18510.99419425065 55.586999132809595
18780.242804832582 54.384996365722699
19053.40772663689 53.151501234390054
19330.545923722028 51.966504601984546
19611.71518870775 50.916499480369012
19896.974154826825 50.131002327292741
20186.382308152035 50.131000000000000
