20 100.402999999999992
20.290906698750476 100.466029994829256
20.586044732869844 100.518534577691753
20.885475648548283 100.557160248816103
21.189261887185914 100.586479787683373
21.49746679841394 100.616830543641981
21.810154653305165 100.653726452429623
22.12739065777668 100.715618327933072
22.449240966187475 100.792787424574414
22.77577269513385 100.884595005096500
23.107053937445478 100.975085149749447
23.44315377638505 101.050199316848762
23.784142300054445 101.100255653006002
24.130090616010463 101.130938189314520
24.481070866093134 101.145884806223989
24.837156241469714 101.160086377763861
25.1984209978975 101.186357889810779
25.56494047120865 101.225323786549552
25.936791093020236 101.272782883178209
26.3140504066728 101.319355393574199
26.69679708340074 101.354013784900815
27.08511093873791 101.378255516085176
27.47907294916184 101.396558269107956
27.878765268980047 101.418377459552573
28.284271247461966 101.448241699796952
28.695675446220072 101.481349711143821
29.11306365684382 101.512783819410629
29.536522918790062 101.537533962589180
29.966141537533712 101.555577944576413
30.402009102982383 101.577130591258566
30.844216508158908 101.608578079003507
31.29285596815558 101.647357037134000
31.74802103936409 101.685345641070398
32.20980663898519 101.714860912032307
32.67830906482211 101.732422799426089
33.153626015361866 101.743187024368680
33.63585661014871 101.758836256948030
34.125101410453844 101.788883417067666
34.62146244024586 101.829959920100166
35.12504320746613 101.867252160373312
35.635948725613716 101.887903282158589
36.15428553564419 101.893462856606931
36.68016172818701 101.895580970369124
37.21368696608603 101.898354747864346
37.754972507267915 101.898407262244191
38.30413122794313 101.897749562735328
38.86127764614443 101.911975014804767
39.4265279456077 101.945183511408842
40.000000000000206 101.982500000000016
40.58181339750116 101.988802999482928
41.1720894657399 101.957058386204267
41.77095129709678 101.918863900482620
42.37852377437204 101.906255983824536
42.9949335968281 101.918848057398378
43.62030930661056 101.950183388191135
44.25478131555359 101.984616602677761
44.89848193237519 102.003300434536243
45.55154539026795 101.991201825668554
46.21410787489121 101.955365188513852
46.88630755277036 101.927458778045121
47.56828460010916 101.915524507106284
48.260181232021196 101.905115854663507
48.962141732186545 101.889008220395425
49.674312482939705 101.873285179222677
50.39684199579528 101.858563150163036
51.129880942417586 101.845080518688121
51.873582186040764 101.835264183476468
52.628100813345895 101.826916308361902
53.393594166801776 101.815366096809328
54.17022187747612 101.802711109305903
54.95814589832399 101.791782314548016
55.75753053796041 101.772471005747391
56.56854249492426 101.744179656440338
57.39135089244048 101.721151359382304
58.226127313687975 101.708351790519970
59.073045837580466 101.700488679136924
59.932283075067765 101.694474018474523
60.804018205965114 101.687925357710142
61.68843301631817 101.670692965779921
62.58571193631152 101.652732189450177
63.49604207872855 101.640791558173348
64.41961327797075 101.628156767635517
65.35661812964459 101.609262855823715
66.3072520307241 101.587508585400883
67.27171322029778 101.568701592204192
68.25020282090806 101.547244118193674
69.2429248804921 101.515175692579078
70.25008641493265 101.471621068120555
71.27189745122783 101.424584871066685
72.30857107128878 101.370560022508812
73.36032345637442 101.303398813607487
74.42737393217246 101.236498624967908
75.50994501453623 101.173253133118223
76.60826245588666 101.109289253240618
77.72255529228926 101.045430683155047
78.85305589121582 100.983993661981913
80.00000000000082 100.918999999999954
81.16362679500274 100.847727680625297
82.34417893148023 100.778609518368427
83.541902594194 100.711394027876040
84.75704754874454 100.645957496460710
85.98986719365665 100.579382059632081
87.24061861322157 100.512366895984940
88.50956263110764 100.444958117570565
89.79696386475084 100.372005380997450
91.10309078053635 100.293395143088560
92.42821574978288 100.215696608020522
93.77261510554118 100.144443128031583
95.13656920021877 100.068179883768920
96.52036246404286 99.978799510093751
97.92428346437356 99.890043050884401
99.34862496587989 99.802525262238305
100.79368399159105 99.706500365910756
102.25976188483567 99.607349207677629
103.74716437208203 99.507032788857572
105.25620162669229 99.400157886753817
106.78718833360406 99.289322439980509
108.34044375495276 99.174126274623589
109.9162917966485 99.051555589271970
111.51506107592134 98.925602289602907
113.13708498984903 98.800639485820724
114.78270178488147 98.677116324578776
116.45225462737648 98.555381337619906
118.14609167516147 98.434054520617480
119.86456615013608 98.317065975983795
121.60803641193078 98.200757570419455
123.3768660326369 98.090421006015163
125.17142387262359 97.987357393460087
126.99208415745765 97.891731764074621
128.83922655594208 97.804193921046533
130.71323625928977 97.722005209771140
132.61450406144883 97.647567739956827
134.5434264405962 97.590088044747489
136.50040564181674 97.556747768970013
138.48584976098482 97.554451659572067
140.50017282986593 97.587421649927805
142.5437949024563 97.646346086354157
144.61714214257822 97.722568543560556
146.7206469127495 97.806325876509973
148.8547478643456 97.885187124824967
151.01989002907314 97.949977360697758
153.216524911774 97.990945589329471
155.4451105845792 98.001295203791031
157.70611178243232 97.982171652568923
160.00000000000236 97.933999999999912
162.3272535900062 97.855804279375775
164.6883578629612 97.758088969755619
167.08380518838874 97.647477917183409
169.51409509748981 97.526892426106002
171.97973438731407 97.399949758737137
174.4812372264439 97.268786921889046
177.01912526221608 97.135697836259880
179.5939277295025 97.002034543611757
182.20618156107355 96.868043504073029
184.85643149956664 96.734235852421847
187.54523021108326 96.600283719656915
190.27313840043846 96.466998612139136
193.04072492808663 96.336126653308014
195.84856692874806 96.208323628363587
198.69724993176072 96.083757702920650
201.58736798318304 95.963447035350555
204.5195237696723 95.848258096752460
207.49432874416505 95.738951329582136
210.5124032533856 95.635842759847165
213.57437666720915 95.538587917483312
216.68088750990657 95.445408485641536
219.83258359329807 95.354229513489329
223.03012215184378 95.267686701900217
226.2741699796992 95.182371580527814
229.5654035697641 95.098509776232646
232.90450925475412 95.017307693010110
236.2921833503241 94.938425874617707
239.72913230027333 94.861094523243850
243.21607282386276 94.789691716479425
246.75373206527502 94.727340472349525
250.34284774524843 94.672957267375466
253.9841683149166 94.624709769827362
257.67845311188546 94.582197789213325
261.42647251858085 94.542950347619723
265.22900812289896 94.510269081339430
269.08685288119375 94.489811818757417
273.0008112836349 94.481623478843176
276.97169952197106 94.472720514113348
281.00034565973334 94.458898755624958
285.0875898049141 94.444149640780353
289.23428428515797 94.427562862859361
293.44129382550057 94.406605272107385
297.7094957286928 94.378991630753404
302.0397800581479 94.346436732042093
306.4330498235497 94.311535601411606
310.89022116916016 94.274419397708286
315.41222356486645 94.234789987916201
320.00000000000654 94.193499999999943
324.6545071800142 94.152540336815875
329.3767157259242 94.114923945765199
334.16761037677935 94.078326161136488
339.02819019498156 94.038968840401168
343.95946877463007 93.995760727905804
348.9624744528898 93.952026472259860
354.03825052443415 93.910290170752091
359.187855459007 93.869834727419743
364.4123631221491 93.828642331335033
369.71286299913527 93.786768382306832
375.0904604221685 93.744808623916285
380.54627680087896 93.703110598736146
386.08144985617537 93.663429851006768
391.6971338574982 93.627642913390645
397.3944998635236 93.594069700736966
403.1747359663683 93.562009829523902
409.0390475393468 93.528525476648753
414.9886574883323 93.496805767349031
421.0248065067734 93.469468658757648
427.1487533344206 93.445658426107400
433.3617750198154 93.426989191620436
439.6651671865984 93.420213321762816
446.06024430368984 93.433301221518448
452.54833995940066 93.465996533792946
459.13080713953053 93.499744151003298
465.8090185095106 93.544654729866963
472.58436670065066 93.613737852764501
479.45826460054917 93.711376891194391
486.432145647728 93.836153981871604
493.50746413055253 93.980867833542789
500.6856954904994 94.134413876918359
507.9683366298358 94.292811321698920
515.3569062237735 94.453316577587358
522.8529450371643 94.605172865057895
530.4580162458005 94.744143146101791
538.1737057623901 94.872493918445741
546.0016225672724 94.981374759301815
553.9433990439449 95.064354978716239
562.0006913194694 95.137305979913407
570.1751796098309 95.207586113580945
578.4685685703187 95.259005125135985
586.8825876510039 95.300159903194611
595.4189914573883 95.332653621382249
604.0795601162986 95.359983707841621
612.8660996471021 95.382622513479092
621.780442338323 95.401060884676639
630.8244471297356 95.419607671902980
640.0000000000159 95.437500000000028
649.3090143600314 95.454721676566066
658.7534314518515 95.470443161895560
668.3352207535618 95.485002831130345
678.0563803899662 95.499584570584943
687.9189375492632 95.513982459446424
697.9249489057827 95.529679918249258
708.0765010488715 95.546326226730628
718.3757109180171 95.564576279652442
728.8247262443015 95.585149452488594
739.425725998274 95.608236597196210
750.1809208443404 95.632429687005313
761.0925536017613 95.658344814804195
772.1628997123541 95.685907249280888
783.3942677149998 95.715599951540383
794.7889997270506 95.747801249203903
806.34947193274 95.781783854467690
818.0780950786972 95.817669376786668
829.9773149766683 95.856346296844109
842.0496130135506 95.897842379422997
854.2975066688449 95.941578461674567
866.7235500396347 95.987122475147856
879.3303343732008 96.034671787336833
892.1204886073838 96.084507255189038
905.0966799188055 96.136736166328348
918.2616142790653 96.191991445026815
931.6180370190256 96.249517546929582
945.1687334013056 96.309460603080822
958.9165292011028 96.372238947555104
972.8642912954606 96.437060740259653
987.0149282611097 96.504301965552983
1001.3713909810035 96.573219815806908
1015.9366732596762 96.644652143856391
1030.7138124475518 96.718069062237760
1045.7058900743334 96.793136068501326
1060.916032491606 96.870110696874406
1076.3474115247852 96.947737057623925
1092.0032451345498 97.025891022851837
1107.8867980878947 97.104299219147478
1124.0013826389438 97.183562315123723
1140.350359219667 97.263653864464189
1156.9371371406426 97.344924388041278
1173.765175302013 97.425884582684546
1190.837982914782 97.505104614109968
1208.1591202326028 97.584061818172955
1225.73219929421 97.660793606532607
1243.5608846766518 97.736170352819386
1261.648894259477 97.809983873513218
1280.0000000000375 97.882500000000135
1298.6180287200684 97.953248509136259
1317.5068629037087 98.024775392743720
1336.6704415071292 98.094847111501025
1356.112760779938 98.165005938807781
1375.8378750985323 98.235224456599781
1395.8498978115715 98.305870889785794
1416.153002097749 98.376766290640489
1436.7514218360407 98.448629976426147
1457.6494524886093 98.521467105610583
1478.8514519965543 98.594748994868141
1500.3618416886875 98.668751972242859
1522.1851072035295 98.744260470924218
1544.3257994247153 98.821640297986505
1566.788535430007 98.900259874005030
1589.5779994541087 98.981189238045715
1612.6989438654878 99.064216197915755
1636.156190157402 99.149777903582390
1659.9546299533442 99.238429408624569
1684.099226027109 99.329941027944102
1708.5950133376978 99.424692452283779
1733.4471000792773 99.523126284320284
1758.6606687464096 99.625855168610130
1784.2409772147755 99.732866562934959
1810.193359837619 99.844646916088777
1836.5232285581387 99.961354528511634
1863.2360740380593 100.083415383536590
1890.3374668026197 100.211006341980465
1917.833058402214 100.344381986170845
1945.7285825909298 100.483557484606465
1974.0298565222283 100.629474656785135
2002.7427819620161 100.781948161692981
2031.8733465193618 100.941021962950416
2061.4276248951132 101.107232636895162
2091.411780148677 101.280400091884644
2121.832064983222 101.461583993148494
2152.694823049581 101.650683958771765
2184.0064902691106 101.846541375465577
2215.7735961758003 102.051817054951485
2248.002765277899 102.264251906783215
2280.7007184393456 102.484943230694881
2313.874274281297 102.712694968350320
2347.530350604038 102.947796799248408
2381.6759658295764 103.189128407817122
2416.318240465218 103.435131477977478
2451.4643985884327 103.684897229977878
2487.1217693533167 103.936923111118318
2523.2977885189675 104.187963518424397
2560.0000000000887 104.436250000000598
2597.236057440151 104.678518063308957
2635.0137258074315 104.911831668554214
2673.340883014273 105.128791334503148
2712.225521559891 105.330386757080788
2751.6757501970797 105.505601672724907
2791.699795623158 105.652449284681055
2832.3060041955137 105.762265010488790
2873.502843672097 105.836583639900283
2915.2989049772345 105.871264945248868
2957.7029039931244 105.864064631367981
3000.723683377391 105.813407896569743
3044.370214407075 105.714326378219482
3088.6515988494466 105.574719404026936
3133.57707086003 105.403628722859622
3179.1559989082334 105.203548644978454
3225.3978877309914 104.984304328995449
3272.3123803148205 104.750206860394414
3319.9092599067053 104.505670941084190
3368.198452054235 104.254504080276888
3417.190026675413 103.999283761554608
3466.8942001585724 103.742670637189690
3517.3213374928373 103.487239739285670
3568.4819544295697 103.235971438282363
3620.386719675257 102.991424956690565
3673.0464571162966 102.755708840686438
3726.472148076138 102.531523078810892
3780.6749336052594 102.322283638991934
3835.6661168044484 102.124018508705092
3891.45716518188 101.946640113690165
3948.059713044477 101.782138958964481
4005.4855639240527 101.641571741824890
4063.746693038744 101.521786734044085
4122.855249790247 101.424954731510439
4182.823560297375 101.351720983474252
4243.664129966465 101.302613952241359
4305.389646099183 101.274882561176156
4368.012980538242 101.270582792477569
4431.5471923516225 101.290283026113016
4496.00553055582 101.328936882106646
4561.401436878714 101.388285897071142
4627.748548562617 101.464202255607447
4695.060701208099 101.554515287440140
4763.351931659176 101.652646413727069
4832.63648093046 101.753943802921256
4902.928797176889 101.849101819247608
4974.243538706657 101.931028901529203
5046.595577037959 101.985831013292241
5120.000000000202 102.008785714285722
5194.472114880326 101.986675652742676
5270.027451614888 101.911716371771760
5346.6817660285715 101.783678795206612
5424.451043119808 101.605149840044504
5503.351500394186 101.378802252380424
5583.399591246343 101.116111369324756
5664.612008391055 100.834681030673266
5747.005687344222 100.553765975833585
5830.597809954497 100.289143252579919
5915.405807986278 100.058647803228808
6001.447366754812 99.879245067809791
6088.740428814181 99.781128144818197
6177.303197698925 99.776991872937941
6267.154141720092 99.875678346437638
6358.3119978165005 100.083567714137303
6450.795775462017 100.381666517068282
6544.624760629676 100.746969632810007
6639.818519813445 101.134977708857519
6736.396904108505 101.490606124106137
6834.380053350861 101.762088206434967
6933.788400317181 101.917496590229959
7034.642674985712 101.954241130629640
7136.963908859177 101.895851271596513
7240.773439350552 101.778882927254017
7346.092914232631 101.639235494928272
7452.944296152315 101.502407958694178
7561.349867210557 101.382883259449301
7671.332233608935 101.281052191438761
7782.914330363799 101.189795129287290
7896.119426088994 101.097119380940086
8010.971127848146 100.983874672895510
8127.49338607753 100.830271291501589
8245.710499580537 100.621572618048205
8365.647120594791 100.347122029396644
8487.328259932974 100.011244866772401
8610.77929219841 99.619621523812611
8736.025961076528 99.184801643625036
8863.094384703289 98.726054679425090
8992.011061111683 98.258946588572002
9122.802873757471 97.804030803976104
9255.497097125279 97.381608128049237
9390.121402416245 97.009130359301679
9526.7038633184 96.699151393597873
9665.272961860968 96.456376585630750
9805.857594353829 96.279716590152972
9948.487077413367 96.168476018954976
10093.19115407597 96.125210689708354
10240.000000000457 96.138100000000108
10388.944229760706 96.197925088770646
10540.05490322983 96.286534314518647
10693.363532057198 96.373171460216781
10848.902086239672 96.406626409828789
11006.703000788428 96.321803811859411
11166.799182492743 96.080158661084909
11329.224016782166 95.625802571223090
11494.0113746885 95.020204975191348
11661.195619909053 94.304091541754289
11830.811615972614 93.688706311561731
12002.894733509682 93.349173083498215
12177.48085762842 93.275520427712308
12354.606395397908 93.518590697749204
12534.308283440243 93.866209578526167
12716.62399563306 94.316661428092800
12901.591550924093 94.906536706011977
13089.249521259411 95.576207577294298
13279.637039626952 96.367945808099833
13472.793808217073 97.263726465195433
13668.760106701786 98.144165224673102
13867.576800634426 98.778170663048385
14069.285349971487 98.830830635651722
14273.927817718419 98.340029783838645
14481.54687870117 97.322563418031848
14692.18582846533 96.139650069170898
14905.888592304698 95.081882502090963
15122.699734421185 94.191909770956144
15342.664467217943 93.425711139410566
15565.828660727671 92.700003594063418
15792.238852178061 91.960041042560306
16021.942255696367 91.206590556201974
16254.986772155136 90.435828202266691
16491.42099916115 89.574261879056763
16731.294241189662 88.387916559498834
16974.65651986603 86.688205882957902
17221.558584396902 84.530254310010832
17472.051922153143 82.258492131472238
17726.188769406665 80.270989271267325
17984.022122223458 78.304315340168358
18245.605747515034 76.054571803529754
18510.99419425065 73.947897896141711
18780.242804832582 73.523587259166277
19053.40772663689 75.719216167401356
19330.545923722028 78.042480485475153
19611.71518870775 78.863775341884050
19896.974154826825 78.417514139880183
20186.382308152035 78.114000000000004
