20 101.614000000000004
20.290906698750476 101.611090923315572
20.586044732869844 101.600034950123487
20.885475648548283 101.586653595815335
21.189261887185914 101.579732680002053
21.49746679841394 101.586373352104076
21.810154653305165 101.602312448202170
22.12739065777668 101.629124397522133
22.449240966187475 101.658431672184633
22.77577269513385 101.687188042396073
23.107053937445478 101.712815376776689
23.44315377638505 101.735305029448256
23.784142300054445 101.756088182253137
24.130090616010463 101.775221370898436
24.481070866093134 101.791921854532291
24.837156241469714 101.806300449452948
25.1984209978975 101.818448682431665
25.56494047120865 101.829948226506829
25.936791093020236 101.841787699317209
26.3140504066728 101.855371908495499
26.69679708340074 101.870125886981782
27.08511093873791 101.885404412868141
27.47907294916184 101.900814065065191
27.878765268980047 101.914211414655625
28.284271247461966 101.924538238691625
28.695675446220072 101.932043780800853
29.11306365684382 101.936904509254759
29.536522918790062 101.940328706269099
29.966141537533712 101.944195273837806
30.402009102982383 101.950026787950463
30.844216508158908 101.955982968194604
31.29285596815558 101.962633909482520
31.74802103936409 101.969968336629819
32.20980663898519 101.977147099584784
32.67830906482211 101.982213236259298
33.153626015361866 101.981963739846378
33.63585661014871 101.977413147118824
34.125101410453844 101.975876115514993
34.62146244024586 101.983886798087866
35.12504320746613 102.000376512261312
35.635948725613716 102.014995435981746
36.15428553564419 102.016222860358397
36.68016172818701 102.004054662969821
37.21368696608603 101.987730451915667
37.754972507267915 101.978360893366286
38.30413122794313 101.976124781367645
38.86127764614443 101.979507980298365
39.4265279456077 101.983040799086041
40.000000000000206 101.983499999999992
40.58181339750116 101.980590923315575
41.1720894657399 101.973825632938201
41.77095129709678 101.965887303996396
42.37852377437204 101.960127991912273
42.9949335968281 101.955287985650415
43.62030930661056 101.948429731774212
44.25478131555359 101.935611867364031
44.89848193237519 101.919622558822169
45.55154539026795 101.906984546833684
46.21410787489121 101.900394198085650
46.88630755277036 101.894150533654170
47.56828460010916 101.878268619897611
48.260181232021196 101.850833511647238
48.962141732186545 101.829757192845989
49.674312482939705 101.816428143378147
50.39684199579528 101.799590778359345
51.129880942417586 101.783287407554880
51.873582186040764 101.786005321121849
52.628100813345895 101.800491756098239
53.393594166801776 101.804540033382523
54.17022187747612 101.808082224298218
54.95814589832399 101.836734508794279
55.75753053796041 101.877921880934053
56.56854249492426 101.910683258569804
57.39135089244048 101.940284307574075
58.226127313687975 101.967813991871665
59.073045837580466 101.986657412538221
59.932283075067765 101.994390547675607
60.804018205965114 102.003511483429207
61.68843301631817 102.003615672528724
62.58571193631152 101.991508980540573
63.49604207872855 101.979039579212724
64.41961327797075 101.966866574274491
65.35661812964459 101.941843729490103
66.3072520307241 101.905743317124376
67.27171322029778 101.880022309153446
68.25020282090806 101.852490670238240
69.2429248804921 101.802088420327763
70.25008641493265 101.737369771896567
71.27189745122783 101.682075743030182
72.30857107128878 101.646705724468262
73.36032345637442 101.612767223473213
74.42737393217246 101.569336607882676
75.50994501453623 101.528851700835602
76.60826245588666 101.499776858603099
77.72255529228926 101.480661678319478
78.85305589121582 101.463416834096421
80.00000000000082 101.439999999999998
81.16362679500274 101.420121325888687
82.34417893148023 101.404537655424519
83.541902594194 101.378055418623717
84.75704754874454 101.351662752496054
85.98986719365665 101.329589726499350
87.24061861322157 101.303986901288994
88.50956263110764 101.282369310708205
89.79696386475084 101.264774827181739
91.10309078053635 101.248211330771625
92.42821574978288 101.228576761268414
93.77261510554118 101.205474020156373
95.13656920021877 101.181496225069893
96.52036246404286 101.154976619496097
97.92428346437356 101.123219309011006
99.34862496587989 101.088284416564051
100.79368399159105 101.054009829523935
102.25976188483567 101.024324286072954
103.74716437208203 101.001393614653779
105.25620162669229 100.989789247386469
106.78718833360406 100.990935941668013
108.34044375495276 100.998982366693070
109.9162917966485 101.007081464710069
111.51506107592134 101.015402116617992
113.13708498984903 101.021790276982358
114.78270178488147 101.024409458850684
116.45225462737648 101.015588425361670
118.14609167516147 100.998926703826498
119.86456615013608 100.980420041398574
121.60803641193078 100.957019432217592
123.3768660326369 100.925757432027780
125.17142387262359 100.891457239965774
126.99208415745765 100.851861924116037
128.83922655594208 100.803861324957609
130.71323625928977 100.752192200279580
132.61450406144883 100.704827284632756
134.5434264405962 100.662452188137337
136.50040564181674 100.620741278700933
138.48584976098482 100.576718143296119
140.50017282986593 100.527912489944896
142.5437949024563 100.478524956523970
144.61714214257822 100.445264295539545
146.7206469127495 100.430708506671152
148.8547478643456 100.425416201708515
151.01989002907314 100.425111934017451
153.216524911774 100.426143304982361
155.4451105845792 100.425965867298515
157.70611178243232 100.422634330513787
160.00000000000236 100.412999999999982
162.3272535900062 100.392054717689945
164.6883578629612 100.360300661491124
167.08380518838874 100.315157418307592
169.51409509748981 100.256647622562753
171.97973438731407 100.190255277787600
174.4812372264439 100.120525357659560
177.01912526221608 100.047445367395738
179.5939277295025 99.972357310298534
182.20618156107355 99.896079498416654
184.85643149956664 99.820106059112391
187.54523021108326 99.746278784300742
190.27313840043846 99.672789146228425
193.04072492808663 99.600265586826609
195.84856692874806 99.529794966938539
198.69724993176072 99.460766001637751
201.58736798318304 99.392990536386790
204.5195237696723 99.325804207259154
207.49432874416505 99.258626658046978
210.5124032533856 99.189962657963235
213.57437666720915 99.119682930821000
216.68088750990657 99.052025807598270
219.83258359329807 98.984099452744090
223.03012215184378 98.914594843197392
226.2741699796992 98.844226317106518
229.5654035697641 98.775054092296585
232.90450925475412 98.707425730029115
236.2921833503241 98.641740699694168
239.72913230027333 98.579875618595082
243.21607282386276 98.521231898539071
246.75373206527502 98.467724802512720
250.34284774524843 98.418671547216235
253.9841683149166 98.372699875024182
257.67845311188546 98.334336048964190
261.42647251858085 98.301018365462426
265.22900812289896 98.269053430955353
269.08685288119375 98.236203848589057
273.0008112836349 98.199241684342752
276.97169952197106 98.157689842818073
281.00034565973334 98.111295610121374
285.0875898049141 98.059247465789724
289.23428428515797 97.999949734722236
293.44129382550057 97.936692333852392
297.7094957286928 97.869106169195177
302.0397800581479 97.798088656533295
306.4330498235497 97.724949169607498
310.89022116916016 97.652283906001145
315.41222356486645 97.580904422962135
320.00000000000654 97.507499999999908
324.6545071800142 97.434889687991770
329.3767157259242 97.364286935683737
334.16761037677935 97.294152888499013
339.02819019498156 97.223994061192258
343.95946877463007 97.156547171542485
348.9624744528898 97.089006594885987
354.03825052443415 97.019675967815260
359.187855459007 96.949963951303403
364.4123631221491 96.882521752036496
369.71286299913527 96.815146639910978
375.0904604221685 96.747953243686339
380.54627680087896 96.684821654161254
386.08144985617537 96.628409936395087
391.6971338574982 96.581629358273915
397.3944998635236 96.539914650859799
403.1747359663683 96.509742810812398
409.0390475393468 96.492941428690983
414.9886574883323 96.491986767069733
421.0248065067734 96.506734995596588
427.1487533344206 96.536541273340944
433.3617750198154 96.583181458498458
439.6651671865984 96.639390195526943
446.06024430368984 96.703475939239354
452.54833995940066 96.773786573549344
459.13080713953053 96.847324051493302
465.8090185095106 96.922034040022879
472.58436670065066 96.995290759885492
479.45826460054917 97.066537988419896
486.432145647728 97.138151100171598
493.50746413055253 97.210933916771396
500.6856954904994 97.284956938459175
507.9683366298358 97.364155660849462
515.3569062237735 97.444849488556400
522.8529450371643 97.525242686630932
530.4580162458005 97.602937032381192
538.1737057623901 97.677588166970423
546.0016225672724 97.748513791821821
553.9433990439449 97.813711105508844
562.0006913194694 97.870104182482791
570.1751796098309 97.919367139068655
578.4685685703187 97.960419414423086
586.8825876510039 97.995530350604014
595.4189914573883 98.023986024799299
604.0795601162986 98.049993652856159
612.8660996471021 98.076945877487532
621.780442338323 98.102872692395209
630.8244471297356 98.127308451963259
640.0000000000159 98.153000000000048
649.3090143600314 98.179996141644096
658.7534314518515 98.206947279637774
668.3352207535618 98.234672140185324
678.0563803899662 98.262460684111403
687.9189375492632 98.290173025137932
697.9249489057827 98.318982351826776
708.0765010488715 98.348018027989269
718.3757109180171 98.376533205024543
728.8247262443015 98.405267997171833
739.425725998274 98.433478173895423
750.1809208443404 98.461974917216395
761.0925536017613 98.490617953204634
772.1628997123541 98.519970772313556
783.3942677149998 98.550422807990969
794.7889997270506 98.581952624238014
806.34947193274 98.614754731806627
818.0780950786972 98.649234285236105
829.9773149766683 98.686080556078466
842.0496130135506 98.725667443920742
854.2975066688449 98.768078461674563
866.7235500396347 98.813804150149394
879.3303343732008 98.862104820774150
892.1204886073838 98.913694003290274
905.0966799188055 98.967448527991635
918.2616142790653 99.023473107663662
931.6180370190256 99.082026626700269
945.1687334013056 99.142759300305869
958.9165292011028 99.206110469605136
972.8642912954606 99.271478597617161
987.0149282611097 99.338801965552989
1001.3713909810035 99.408219815806916
1015.9366732596762 99.479620921414394
1030.7138124475518 99.552569062237751
1045.7058900743334 99.627476141306843
1060.916032491606 99.703019093625258
1076.3474115247852 99.779057402753949
1092.0032451345498 99.855203218620474
1107.8867980878947 99.931827519625514
1124.0013826389438 100.006950819946240
1140.350359219667 100.081978684854349
1156.9371371406426 100.155113481678697
1173.765175302013 100.227891671577169
1190.837982914782 100.298602468149298
1208.1591202326028 100.369559369493530
1225.73219929421 100.438882873434522
1243.5608846766518 100.508458995964759
1261.648894259477 100.577765798186022
1280.0000000000375 100.647000000000133
1298.6180287200684 100.715620734425386
1317.5068629037087 100.785024706453356
1336.6704415071292 100.853596828387992
1356.112760779938 100.921894662729784
1375.8378750985323 100.989348775335003
1395.8498978115715 101.055804662778186
1416.153002097749 101.121189606712804
1436.7514218360407 101.186429407691719
1457.6494524886093 101.250601346515595
1478.8514519965543 101.314323268869870
1500.3618416886875 101.377542104063423
1522.1851072035295 101.440393108746179
1544.3257994247153 101.503385270366195
1566.788535430007 101.566507899204026
1589.5779994541087 101.629735278493342
1612.6989438654878 101.693295106191442
1636.156190157402 101.757121713424993
1659.9546299533442 101.821178408274960
1684.099226027109 101.885339972191019
1708.5950133376978 101.949175134411263
1733.4471000792773 102.012617750198189
1758.6606687464096 102.075132031741248
1784.2409772147755 102.136808706226873
1810.193359837619 102.197444727626532
1836.5232285581387 102.256620638256749
1863.2360740380593 102.313795755479930
1890.3374668026197 102.368868184269189
1917.833058402214 102.421526149796165
1945.7285825909298 102.472311448663675
1974.0298565222283 102.520850756087782
2002.7427819620161 102.566614172943019
2031.8733465193618 102.610153907569099
2061.4276248951132 102.651808324867147
2091.411780148677 102.689623547170982
2121.832064983222 102.724423668232390
2152.694823049581 102.755401396608988
2184.0064902691106 102.784205192215296
2215.7735961758003 102.808238687275264
2248.002765277899 102.830301659166736
2280.7007184393456 102.849028704527001
2313.874274281297 102.865474661331277
2347.530350604038 102.880888657771820
2381.6759658295764 102.896525134196182
2416.318240465218 102.913431090907039
2451.4643985884327 102.933915249117774
2487.1217693533167 102.958626689837530
2523.2977885189675 102.991215343805990
2560.0000000000887 103.032250000000104
2597.236057440151 103.083715889032220
2635.0137258074315 103.147025621507197
2673.340883014273 103.226349942631401
2712.225521559891 103.320415930696385
2751.6757501970797 103.433151569326455
2791.699795623158 103.564486810228161
2832.3060041955137 103.717847296278592
2873.502843672097 103.890147540593944
2915.2989049772345 104.081658656288909
2957.7029039931244 104.291286187884040
3000.723683377391 104.516425982322346
3044.370214407075 104.753390505425344
3088.6515988494466 104.994218633787000
3133.57707086003 105.230921914929155
3179.1559989082334 105.450492274945134
3225.3978877309914 105.643004015623148
3272.3123803148205 105.794458436424833
3319.9092599067053 105.890692019288977
3368.198452054235 105.919220619178304
3417.190026675413 105.870916644781886
3466.8942001585724 105.741336169421203
3517.3213374928373 105.533720099160888
3568.4819544295697 105.257999356156816
3620.386719675257 104.929593509388752
3673.0464571162966 104.568674800185931
3726.472148076138 104.197342178274653
3780.6749336052594 103.840652384943809
3835.6661168044484 103.505649679911613
3891.45716518188 103.223759009611669
3948.059713044477 102.976476628636945
4005.4855639240527 102.792288933549571
4063.746693038744 102.654755511602104
4122.855249790247 102.557835431482488
4182.823560297375 102.492382329776973
4243.664129966465 102.446751902525151
4305.389646099183 102.411535694645451
4368.012980538242 102.379026626721910
4431.5471923516225 102.341511307391528
4496.00553055582 102.293562426573871
4561.401436878714 102.229318275745555
4627.748548562617 102.147377177156073
4695.060701208099 102.041675584951022
4763.351931659176 101.913293346932761
4832.63648093046 101.760919716148294
4902.928797176889 101.582297864704771
4974.243538706657 101.383979100573242
5046.595577037959 101.167965934747201
5120.000000000202 100.943071428570804
5194.472114880326 100.717401313322455
5270.027451614888 100.502486493341280
5346.6817660285715 100.306004956343031
5424.451043119808 100.132922839251819
5503.351500394186 99.984729463581814
5583.399591246343 99.857126881013457
5664.612008391055 99.741689308336447
5747.005687344222 99.631392606452522
5830.597809954497 99.526394584253694
5915.405807986278 99.429710424333180
6001.447366754812 99.347541119524934
6088.740428814181 99.292440849915039
6177.303197698925 99.270609954318587
6267.154141720092 99.285030382673270
6358.3119978165005 99.337193078438787
6450.795775462017 99.421351479744359
6544.624760629676 99.532458436424875
6639.818519813445 99.661144112936967
6736.396904108505 99.797319634792998
6834.380053350861 99.932897371223405
6933.788400317181 100.063073384399644
7034.642674985712 100.186858716358358
7136.963908859177 100.301072826124951
7240.773439350552 100.399434220267452
7346.092914232631 100.472198779972132
7452.944296152315 100.510029973307411
7561.349867210557 100.502651284303937
7671.332233608935 100.448605961457844
7782.914330363799 100.352541049443175
7896.119426088994 100.226328331446922
8010.971127848146 100.094708880922951
8127.49338607753 99.975467745373393
8245.710499580537 99.864525531162883
8365.647120594791 99.737291336904775
8487.328259932974 99.578448452339643
8610.77929219841 99.385176293250865
8736.025961076528 99.169239582901866
8863.094384703289 98.951703703709910
8992.011061111683 98.751882855276889
9122.802873757471 98.591897844681895
9255.497097125279 98.495654292749947
9390.121402416245 98.481855908778599
9526.7038633184 98.573157296953681
9665.272961860968 98.780416557603871
9805.857594353829 99.109834796302977
9948.487077413367 99.565982753043016
10093.19115407597 100.152964511247689
10240.000000000457 100.834800000002218
10388.944229760706 101.562144383790894
10540.05490322983 102.236169980863821
10693.363532057198 102.729944277387006
10848.902086239672 102.891324333798337
11006.703000788428 102.621405304195150
11166.799182492743 101.954988323616192
11329.224016782166 100.968632715422387
11494.0113746885 99.950030614400148
11661.195619909053 99.398406723654261
11830.811615972614 99.333564723612255
12002.894733509682 99.836576913335989
12177.48085762842 100.402515341445095
12354.606395397908 100.887970726873988
12534.308283440243 101.271308141062804
12716.62399563306 101.540559194686892
12901.591550924093 101.694101952545353
13089.249521259411 101.790343683045904
13279.637039626952 101.789330665734298
13472.793808217073 101.704325544795722
13668.760106701786 101.600042251183936
13867.576800634426 101.534762797950833
14069.285349971487 101.551752237655450
14273.927817718419 101.632244941635904
14481.54687870117 101.687886719675291
14692.18582846533 101.504926631417845
14905.888592304698 100.939056080348251
15122.699734421185 99.952725069182009
15342.664467217943 98.616157675704756
15565.828660727671 97.080382801691741
15792.238852178061 95.511764772981607
16021.942255696367 94.040917540753568
16254.986772155136 92.832935265685123
16491.42099916115 92.023857340870549
16731.294241189662 91.280263383206318
16974.65651986603 90.527862040574234
17221.558584396902 89.756464748006493
17472.051922153143 88.904529595481790
17726.188769406665 87.925006666697570
17984.022122223458 86.827577051416924
18245.605747515034 85.678334710933854
18510.99419425065 84.515916183929576
18780.242804832582 83.292350651926284
19053.40772663689 81.960766070525665
19330.545923722028 80.559519514524851
19611.71518870775 79.322867586500536
19896.974154826825 78.646512859136777
20186.382308152035 78.523499999999999
