20 110.310499999999990
20.290906698750476 110.274621387558739
20.586044732869844 110.237744402576595
20.885475648548283 110.198888165688714
21.189261887185914 110.158431876935623
21.49746679841394 110.117841949318986
21.810154653305165 110.075654382665164
22.12739065777668 110.033461499522375
22.449240966187475 109.990270423719636
22.77577269513385 109.945518213900527
23.107053937445478 109.899333974975150
23.44315377638505 109.851004036116734
23.784142300054445 109.800148477116764
24.130090616010463 109.747552705720750
24.481070866093134 109.693886678487416
24.837156241469714 109.639698052370605
25.1984209978975 109.585236850315368
25.56494047120865 109.530258867465875
25.936791093020236 109.474481288640519
26.3140504066728 109.417322283039994
26.69679708340074 109.357996452072882
27.08511093873791 109.296882348527447
27.47907294916184 109.233499535696495
27.878765268980047 109.168003730618295
28.284271247461966 109.099958159178925
28.695675446220072 109.030626525035032
29.11306365684382 108.960618369307085
29.536522918790062 108.890083287156017
29.966141537533712 108.820485070919545
30.402009102982383 108.751181893088159
30.844216508158908 108.680564921336483
31.29285596815558 108.606696625333939
31.74802103936409 108.528596318111283
32.20980663898519 108.448413258094547
32.67830906482211 108.369257313369175
33.153626015361866 108.292380715588195
33.63585661014871 108.216127085766061
34.125101410453844 108.136232760222839
34.62146244024586 108.050879685636247
35.12504320746613 107.961492395485962
35.635948725613716 107.872388716645673
36.15428553564419 107.784734315547411
36.68016172818701 107.696912991392765
37.21368696608603 107.607600589697540
37.754972507267915 107.517975965279277
38.30413122794313 107.428839163529091
38.86127764614443 107.338486128003467
39.4265279456077 107.243806584493939
40.000000000000206 107.143499999999960
40.58181339750116 107.044591392729444
41.1720894657399 106.950442563656907
41.77095129709678 106.853696060956224
42.37852377437204 106.748171540507244
42.9949335968281 106.640798777881699
43.62030930661056 106.535348291901272
44.25478131555359 106.425309854560865
44.89848193237519 106.313181122381735
45.55154539026795 106.209452292921782
46.21410787489121 106.112043044433264
46.88630755277036 105.992491718592703
47.56828460010916 105.855708789539221
48.260181232021196 105.733634947749053
48.962141732186545 105.636362079259882
49.674312482939705 105.530281433781497
50.39684199579528 105.409032829500589
51.129880942417586 105.292695927437535
51.873582186040764 105.180061155810535
52.628100813345895 105.050336560968390
53.393594166801776 104.912628941387368
54.17022187747612 104.786259981316050
54.95814589832399 104.674014159069159
55.75753053796041 104.561400397927372
56.56854249492426 104.440581540771518
57.39135089244048 104.316101690687702
58.226127313687975 104.193068303397382
59.073045837580466 104.074908353550839
59.932283075067765 103.950318954115176
60.804018205965114 103.817839702820436
61.68843301631817 103.672812381181927
62.58571193631152 103.534053983597701
63.49604207872855 103.408526403529095
64.41961327797075 103.281495301250175
65.35661812964459 103.149286698109037
66.3072520307241 103.019635479913688
67.27171322029778 102.890954571869955
68.25020282090806 102.759848126229684
69.2429248804921 102.629284152856769
70.25008641493265 102.501489457378213
71.27189745122783 102.378459895657585
72.30857107128878 102.256045758231480
73.36032345637442 102.126139729681398
74.42737393217246 101.996283562969737
75.50994501453623 101.869081310995270
76.60826245588666 101.739322307977417
77.72255529228926 101.605865436596801
78.85305589121582 101.468133637138195
80.00000000000082 101.330499999999901
81.16362679500274 101.189894744090694
82.34417893148023 101.055679657359761
83.541902594194 100.906961014589413
84.75704754874454 100.743703584680532
85.98986719365665 100.581816943116991
87.24061861322157 100.436829981435750
88.50956263110764 100.302989548646295
89.79696386475084 100.166954151624651
91.10309078053635 100.024159710790286
92.42821574978288 99.901543395400410
93.77261510554118 99.786827965656784
95.13656920021877 99.648623790784058
96.52036246404286 99.487418753444004
97.92428346437356 99.328276710190195
99.34862496587989 99.189452644088689
100.79368399159105 99.075854752605437
102.25976188483567 98.970550398253437
103.74716437208203 98.871335981530677
105.25620162669229 98.778290144594436
106.78718833360406 98.681332758315733
108.34044375495276 98.586254262212748
109.9162917966485 98.503044377532404
111.51506107592134 98.428975835957999
113.13708498984903 98.352540983755659
114.78270178488147 98.263175760904659
116.45225462737648 98.165675011775988
118.14609167516147 98.065504033809916
119.86456615013608 97.953803107012789
121.60803641193078 97.847317847708524
123.3768660326369 97.736642750434356
125.17142387262359 97.624057415387824
126.99208415745765 97.523215932389547
128.83922655594208 97.431339777122986
130.71323625928977 97.334962135236538
132.61450406144883 97.238235674973652
134.5434264405962 97.145002383732574
136.50040564181674 97.059109687021419
138.48584976098482 96.989139131572912
140.50017282986593 96.939080424030593
142.5437949024563 96.904679452475321
144.61714214257822 96.899021427678221
146.7206469127495 96.902597164442952
148.8547478643456 96.908064243593046
151.01989002907314 96.917619340174440
153.216524911774 96.927503134876474
155.4451105845792 96.925726938388038
157.70611178243232 96.902083876133787
160.00000000000236 96.858499999999935
162.3272535900062 96.788682392299819
164.6883578629612 96.704281445360806
167.08380518838874 96.607563987276052
169.51409509748981 96.501879815710453
171.97973438731407 96.386264643163855
174.4812372264439 96.261645643787233
177.01912526221608 96.134139911836741
179.5939277295025 96.007816326800281
182.20618156107355 95.879455867195176
184.85643149956664 95.750477429121062
187.54523021108326 95.622482732585695
190.27313840043846 95.502019836302367
193.04072492808663 95.393142047574500
195.84856692874806 95.296185285051564
198.69724993176072 95.210477001910704
201.58736798318304 95.139342465700508
204.5195237696723 95.081401826107509
207.49432874416505 95.034328452372392
210.5124032533856 94.997619765839460
213.57437666720915 94.969011392495531
216.68088750990657 94.945058232736969
219.83258359329807 94.921713768948592
223.03012215184378 94.895501492247291
226.2741699796992 94.868169555172557
229.5654035697641 94.838056233348865
232.90450925475412 94.808827586458790
236.2921833503241 94.779297304009503
239.72913230027333 94.747505526222483
243.21607282386276 94.716028335482264
246.75373206527502 94.683747194904370
250.34284774524843 94.644671547216234
253.9841683149166 94.598699875024181
257.67845311188546 94.545622236516650
261.42647251858085 94.483606585313765
265.22900812289896 94.414534341603456
269.08685288119375 94.339205040455326
273.0008112836349 94.258108064454120
276.97169952197106 94.175094310038617
281.00034565973334 94.090092602881697
285.0875898049141 94.002616819194344
289.23428428515797 93.913462887869102
293.44129382550057 93.826109347194688
297.7094957286928 93.740081034999008
302.0397800581479 93.653704398837050
306.4330498235497 93.567866545048616
310.89022116916016 93.484544630724400
315.41222356486645 93.401662420545364
320.00000000000654 93.319999999999879
324.6545071800142 93.235287969323736
329.3767157259242 93.148468430642993
334.16761037677935 93.061566252180299
339.02819019498156 92.976409490607324
343.95946877463007 92.893376871463673
348.9624744528898 92.811015418972602
354.03825052443415 92.728580341504170
359.187855459007 92.653113666936207
364.4123631221491 92.584580515724269
369.71286299913527 92.521859502910118
375.0904604221685 92.467815085375008
380.54627680087896 92.426506761364777
386.08144985617537 92.400806780517769
391.6971338574982 92.401903562991407
397.3944998635236 92.409070649767983
403.1747359663683 92.430961047815032
409.0390475393468 92.478409999163148
414.9886574883323 92.553084588371519
421.0248065067734 92.651662574729556
427.1487533344206 92.768265694467090
433.3617750198154 92.902230381700804
439.6651671865984 93.045346999867974
446.06024430368984 93.187966939554641
452.54833995940066 93.325495803163648
459.13080713953053 93.452714989734147
465.8090185095106 93.564722368688294
472.58436670065066 93.659734040930118
479.45826460054917 93.744225385320718
486.432145647728 93.819651100171598
493.50746413055253 93.884067177174984
500.6856954904994 93.942228428115058
507.9683366298358 93.997758566802503
515.3569062237735 94.051778769885090
522.8529450371643 94.109737160584260
530.4580162458005 94.164375959275091
538.1737057623901 94.204343713703054
546.0016225672724 94.242722746243629
553.9433990439449 94.284081382540464
562.0006913194694 94.325703525729296
570.1751796098309 94.367367139068648
578.4685685703187 94.408419414423065
586.8825876510039 94.448004032577174
595.4189914573883 94.487427360703990
604.0795601162986 94.526858020523349
612.8660996471021 94.565702291319525
621.780442338323 94.604543355902692
630.8244471297356 94.644627567370833
640.0000000000159 94.685000000000073
649.3090143600314 94.724563311030124
658.7534314518515 94.763389068952591
668.3352207535618 94.803507927164958
678.0563803899662 94.845142435676848
687.9189375492632 94.888343325216766
697.9249489057827 94.933162270076025
708.0765010488715 94.979248079772361
718.3757109180171 95.026947055768773
728.8247262443015 95.075976213348213
739.425725998274 95.126743484791717
750.1809208443404 95.179404604221702
761.0925536017613 95.233962768008809
772.1628997123541 95.290878021594438
783.3942677149998 95.350054190179620
794.7889997270506 95.411839498498779
806.34947193274 95.475951218291129
818.0780950786972 95.542332160258695
829.9773149766683 95.611098149094374
842.0496130135506 95.682803879707990
854.2975066688449 95.758538479458153
866.7235500396347 95.837339725254580
879.3303343732008 95.919296723581795
892.1204886073838 96.005656672150451
905.0966799188055 96.095176759431638
918.2616142790653 96.188535456545594
931.6180370190256 96.286126197871994
945.1687334013056 96.387564197734847
958.9165292011028 96.492731579258503
972.8642912954606 96.601742900933601
987.0149282611097 96.714157313463460
1001.3713909810035 96.830928258175021
1015.9366732596762 96.952430500265251
1030.7138124475518 97.077516419200791
1045.7058900743334 97.203680211242897
1060.916032491606 97.330011466431174
1076.3474115247852 97.456458947068256
1092.0032451345498 97.583651163897315
1107.8867980878947 97.711324842119183
1124.0013826389438 97.837399565934064
1140.350359219667 97.963421489049963
1156.9371371406426 98.089028528554820
1173.765175302013 98.214907844395967
1190.837982914782 98.339909067125603
1208.1591202326028 98.466653621686362
1225.73219929421 98.593307799737346
1243.5608846766518 98.720068464107499
1261.648894259477 98.847430556291656
1280.0000000000375 98.974500000000248
1298.6180287200684 99.098442876907882
1317.5068629037087 99.223293236293358
1336.6704415071292 99.341523215268850
1356.112760779938 99.457065288601626
1375.8378750985323 99.572255622448949
1395.8498978115715 99.686844417525947
1416.153002097749 99.799072294835980
1436.7514218360407 99.911120106822821
1457.6494524886093 100.021777152940757
1478.8514519965543 100.131180230942832
1500.3618416886875 100.238273024274577
1522.1851072035295 100.345207025297299
1544.3257994247153 100.452150353227125
1566.788535430007 100.559749199355423
1589.5779994541087 100.667808157423394
1612.6989438654878 100.776431057290480
1636.156190157402 100.885764722330350
1659.9546299533442 100.995990390384449
1684.099226027109 101.107720408765786
1708.5950133376978 101.221037061353400
1733.4471000792773 101.335525602366261
1758.6606687464096 101.452012289608405
1784.2409772147755 101.569823675643676
1810.193359837619 101.688889455253047
1836.5232285581387 101.810237315938593
1863.2360740380593 101.933650662055840
1890.3374668026197 102.058245597956002
1917.833058402214 102.184888729818226
1945.7285825909298 102.313351479918282
1974.0298565222283 102.444017937132699
2002.7427819620161 102.576162510057969
2031.8733465193618 102.710586171547078
2061.4276248951132 102.846019487021010
2091.411780148677 102.982876540338196
2121.832064983222 103.120244292424502
2152.694823049581 103.258333277282517
2184.0064902691106 103.397028394927361
2215.7735961758003 103.534629293603743
2248.002765277899 103.672244993588464
2280.7007184393456 103.808872945601323
2313.874274281297 103.943959572934560
2347.530350604038 104.076784022335602
2381.6759658295764 104.206013922288037
2416.318240465218 104.332157782977106
2451.4643985884327 104.452674040253612
2487.1217693533167 104.569218936285495
2523.2977885189675 104.678728476130956
2560.0000000000887 104.782000000000238
2597.236057440151 104.877581988574363
2635.0137258074315 104.965029739249445
2673.340883014273 105.042139438764792
2712.225521559891 105.110301685214495
2751.6757501970797 105.166158209643527
2791.699795623158 105.210784785404314
2832.3060041955137 105.242114202936861
2873.502843672097 105.261785881538344
2915.2989049772345 105.268623098552041
2957.7029039931244 105.262033693203080
3000.723683377391 105.242439145382519
3044.370214407075 105.207484111779351
3088.6515988494466 105.157219211466952
3133.57707086003 105.093750253552713
3179.1559989082334 105.015144521997939
3225.3978877309914 104.922140562501056
3272.3123803148205 104.813888420622391
3319.9092599067053 104.690351350058421
3368.198452054235 104.550766783152412
3417.190026675413 104.394053909303594
3466.8942001585724 104.218977807403775
3517.3213374928373 104.022789662779644
3568.4819544295697 103.803407107345464
3620.386719675257 103.558066401623705
3673.0464571162966 103.284396808716181
3726.472148076138 102.980784883389262
3780.6749336052594 102.642112931565805
3835.6661168044484 102.276210537696684
3891.45716518188 101.875180548524540
3948.059713044477 101.454906630644757
4005.4855639240527 101.030195321956739
4063.746693038744 100.634018078054865
4122.855249790247 100.318077013118767
4182.823560297375 100.151698343374392
4243.664129966465 100.199067072616742
4305.389646099183 100.473562944349354
4368.012980538242 100.964454817846303
4431.5471923516225 101.613996458419194
4496.00553055582 102.325928378452033
4561.401436878714 103.035735951309846
4627.748548562617 103.695541514970813
4695.060701208099 104.257393096391496
4763.351931659176 104.715406899329835
4832.63648093046 105.058754979442710
4902.928797176889 105.272265822118612
4974.243538706657 105.388675273303647
5046.595577037959 105.398230104532132
5120.000000000202 105.333142857142576
5194.472114880326 105.198290900787882
5270.027451614888 105.011927253220549
5346.6817660285715 104.792746462951953
5424.451043119808 104.553296721623468
5503.351500394186 104.305704938049658
5583.399591246343 104.060527494143940
5664.612008391055 103.827471076295268
5747.005687344222 103.610690866949597
5830.597809954497 103.414285631946242
5915.405807986278 103.240847952183742
6001.447366754812 103.092500824669912
6088.740428814181 102.974572823207566
6177.303197698925 102.886657441840867
6267.154141720092 102.828038788982695
6358.3119978165005 102.798754480458541
6450.795775462017 102.793047746527719
6544.624760629676 102.800908723669266
6639.818519813445 102.799434481235437
6736.396904108505 102.755606755343422
6834.380053350861 102.630755594098531
6933.788400317181 102.386633090931099
7034.642674985712 101.995656239694227
7136.963908859177 101.457401366389234
7240.773439350552 100.815084245811676
7346.092914232631 100.113880750079488
7452.944296152315 99.335064198146426
7561.349867210557 98.448725508689876
7671.332233608935 97.499040387589545
7782.914330363799 96.551862945174236
7896.119426088994 95.692193893248827
8010.971127848146 95.041978130231911
8127.49338607753 94.680282127676918
8245.710499580537 94.621628252131202
8365.647120594791 94.808983359128391
8487.328259932974 95.116025486656270
8610.77929219841 95.459220437771393
8736.025961076528 95.775511156387779
8863.094384703289 96.042435045791620
8992.011061111683 96.263312284704682
9122.802873757471 96.459074947232011
9255.497097125279 96.652499357862922
9390.121402416245 96.863007661798903
9526.7038633184 97.120920280506766
9665.272961860968 97.477953167557899
9805.857594353829 97.936724133758815
9948.487077413367 98.475304398121139
10093.19115407597 99.110058034388956
10240.000000000457 99.834500000002350
10388.944229760706 100.626340104415263
10540.05490322983 101.430664271392175
10693.363532057198 102.161656505880998
10848.902086239672 102.699986376474243
11006.703000788428 102.938697550670156
11166.799182492743 102.868428027516785
11329.224016782166 102.486466799505536
11494.0113746885 101.930083055836150
11661.195619909053 101.180787942001189
11830.811615972614 100.350698435345151
12002.894733509682 99.438657912398696
12177.48085762842 98.487757410586042
12354.606395397908 97.480034883440524
12534.308283440243 96.431980074475348
12716.62399563306 95.346698906041524
12901.591550924093 94.270863552093772
13089.249521259411 93.202017369626759
13279.637039626952 92.217918617366379
13472.793808217073 91.373567343021648
13668.760106701786 90.712817118840803
13867.576800634426 90.272730363114960
14069.285349971487 90.105436813076153
14273.927817718419 90.156938500792464
14481.54687870117 90.484837975301076
14692.18582846533 90.977592873345998
14905.888592304698 91.318343392811499
15122.699734421185 91.202953314160595
15342.664467217943 90.399215894151297
15565.828660727671 88.829470925587501
15792.238852178061 86.625187855189608
16021.942255696367 84.165800276175730
16254.986772155136 82.080082012638144
16491.42099916115 80.614189805200880
16731.294241189662 79.485481778468071
16974.65651986603 78.606361110952392
17221.558584396902 78.051726972766502
17472.051922153143 77.908952581114733
17726.188769406665 78.254068745507283
17984.022122223458 79.177975798982459
18245.605747515034 80.817744956521665
18510.99419425065 83.160863640930131
18780.242804832582 85.334345626434512
19053.40772663689 85.743267271085202
19330.545923722028 83.495816684056138
19611.71518870775 80.225976314456346
19896.974154826825 79.151684556345913
20186.382308152035 79.284999999999997
