20 102.569000000000003
20.290906698750476 102.546697078752715
20.586044732869844 102.529314054535732
20.885475648548283 102.518984145048393
21.189261887185914 102.515125289231861
21.49746679841394 102.511659828171389
21.810154653305165 102.507220720930505
22.12739065777668 102.495789705433381
22.449240966187475 102.479627619880333
22.77577269513385 102.460579969717088
23.107053937445478 102.441433589990055
23.44315377638505 102.422387923045108
23.784142300054445 102.401300572621381
24.130090616010463 102.375725442363901
24.481070866093134 102.341534871720626
24.837156241469714 102.300626944836978
25.1984209978975 102.254453296520694
25.56494047120865 102.208707093972691
25.936791093020236 102.166136902048351
26.3140504066728 102.128235519184500
26.69679708340074 102.097232211453445
27.08511093873791 102.072627449509156
27.47907294916184 102.053941730892035
27.878765268980047 102.033864823378551
28.284271247461966 101.999925688996200
28.695675446220072 101.948865981282111
29.11306365684382 101.884022878561836
29.536522918790062 101.818957276877370
29.966141537533712 101.777284270859241
30.402009102982383 101.760439727111446
30.844216508158908 101.741044349519342
31.29285596815558 101.692366254975695
31.74802103936409 101.606179434457999
32.20980663898519 101.512056351870797
32.67830906482211 101.443056965749406
33.153626015361866 101.415924617892472
33.63585661014871 101.409696014915824
34.125101410453844 101.386989858954621
34.62146244024586 101.331402096403366
35.12504320746613 101.256493605295020
35.635948725613716 101.184278306749519
36.15428553564419 101.121448592329628
36.68016172818701 101.057398813607506
37.21368696608603 100.984088015985350
37.754972507267915 100.905393285180423
38.30413122794313 100.829004372646835
38.86127764614443 100.766077901434812
39.4265279456077 100.712025773983470
40.000000000000206 100.658499999999975
40.58181339750116 100.590621544030014
41.1720894657399 100.504593671223120
41.77095129709678 100.414381376459161
42.37852377437204 100.340990357642255
42.9949335968281 100.281543381766056
43.62030930661056 100.220836310668403
44.25478131555359 100.140878662008518
44.89848193237519 100.050550971529475
45.55154539026795 99.976885916085095
46.21410787489121 99.943694350025197
46.88630755277036 99.924218623398573
47.56828460010916 99.865269578169162
48.260181232021196 99.756491523340657
48.962141732186545 99.655730400188602
49.674312482939705 99.570811225153761
50.39684199579528 99.464288749828370
51.129880942417586 99.337535112925039
51.873582186040764 99.222066476932383
52.628100813345895 99.121276703827547
53.393594166801776 99.026982610900305
54.17022187747612 98.967806662334155
54.95814589832399 98.952900287369900
55.75753053796041 98.917548185907606
56.56854249492426 98.839038969321024
57.39135089244048 98.756843823250108
58.226127313687975 98.685392241993355
59.073045837580466 98.608093528474370
59.932283075067765 98.468037858763950
60.804018205965114 98.354313394275323
61.68843301631817 98.306387000952199
62.58571193631152 98.202286173047867
63.49604207872855 98.074986824316397
64.41961327797075 97.973136738592785
65.35661812964459 97.872531188470305
66.3072520307241 97.767609723711047
67.27171322029778 97.701191629493763
68.25020282090806 97.639231948939184
69.2429248804921 97.548328974391040
70.25008641493265 97.446740926432071
71.27189745122783 97.337547485462480
72.30857107128878 97.234091453938504
73.36032345637442 97.174370458036947
74.42737393217246 97.127079633510533
75.50994501453623 97.043317311574413
76.60826245588666 96.955276856232985
77.72255529228926 96.881222793605588
78.85305589121582 96.796374710037028
80.00000000000082 96.717999999999947
81.16362679500274 96.637515612134678
82.34417893148023 96.557107794415856
83.541902594194 96.502820338196472
84.75704754874454 96.440558726901799
85.98986719365665 96.366045591424466
87.24061861322157 96.280556893332900
88.50956263110764 96.189381616521700
89.79696386475084 96.106129670079440
91.10309078053635 96.027733632319013
92.42821574978288 95.974288535592578
93.77261510554118 95.927937506531464
95.13656920021877 95.879695794480199
96.52036246404286 95.814169161699212
97.92428346437356 95.728011721025666
99.34862496587989 95.653126170643489
100.79368399159105 95.559505280672710
102.25976188483567 95.439939763558641
103.74716437208203 95.337939706315964
105.25620162669229 95.285108423343345
106.78718833360406 95.260816136107948
108.34044375495276 95.245216154123739
109.9162917966485 95.205139014674444
111.51506107592134 95.129825218271094
113.13708498984903 95.051067835077248
114.78270178488147 94.997160845511189
116.45225462737648 94.972196500803733
118.14609167516147 94.942100139349350
119.86456615013608 94.872700155244615
121.60803641193078 94.779997689257613
123.3768660326369 94.686328807244962
125.17142387262359 94.613085848984781
126.99208415745765 94.565650401008298
128.83922655594208 94.533671822644891
130.71323625928977 94.505026245750855
132.61450406144883 94.455729951373058
134.5434264405962 94.379110353900927
136.50040564181674 94.332124695768641
138.48584976098482 94.325777115069400
140.50017282986593 94.300496889062416
142.5437949024563 94.263711691755788
144.61714214257822 94.231242867861326
146.7206469127495 94.238576916536886
148.8547478643456 94.281891041055943
151.01989002907314 94.322679010261652
153.216524911774 94.327831616005767
155.4451105845792 94.300645296997487
157.70611178243232 94.264754097281894
160.00000000000236 94.217499999999944
162.3272535900062 94.173747632507883
164.6883578629612 94.107037621974115
167.08380518838874 94.019232163878911
169.51409509748981 93.946702518250788
171.97973438731407 93.904491824822671
174.4812372264439 93.854601523354091
177.01912526221608 93.782118592028638
179.5939277295025 93.707194881390322
182.20618156107355 93.635933097851009
184.85643149956664 93.563433776911879
187.54523021108326 93.495495889313958
190.27313840043846 93.435100210550530
193.04072492808663 93.374671471639630
195.84856692874806 93.311331527567546
198.69724993176072 93.250336651405732
201.58736798318304 93.192810885658446
204.5195237696723 93.134603016683329
207.49432874416505 93.076854918232939
210.5124032533856 93.024801547945827
213.57437666720915 92.978171538325455
216.68088750990657 92.940164460819858
219.83258359329807 92.906174164067025
223.03012215184378 92.876471370095445
226.2741699796992 92.848169555172547
229.5654035697641 92.819338935133743
232.90450925475412 92.796136604968311
236.2921833503241 92.779196495786607
239.72913230027333 92.769744886174252
243.21607282386276 92.770405136544753
246.75373206527502 92.777038247622386
250.34284774524843 92.789342806630714
253.9841683149166 92.808914904692671
257.67845311188546 92.834289365144201
261.42647251858085 92.860485307630057
265.22900812289896 92.887545804829571
269.08685288119375 92.913448739886178
273.0008112836349 92.932127940903172
276.97169952197106 92.945672173685409
281.00034565973334 92.955800622187525
285.0875898049141 92.963035035921962
289.23428428515797 92.964693713714070
293.44129382550057 92.962935223704704
297.7094957286928 92.958477655552699
302.0397800581479 92.953715192449124
306.4330498235497 92.950783475088230
310.89022116916016 92.947582334123126
315.41222356486645 92.945417555287037
320.00000000000654 92.944500000000005
324.6545071800142 92.942638197127991
329.3767157259242 92.944688357862958
334.16761037677935 92.950417893489799
339.02819019498156 92.957139466272963
343.95946877463007 92.964439203161945
348.9624744528898 92.969962474452885
354.03825052443415 92.975845900629324
359.187855459007 92.983700568734406
364.4123631221491 92.996030907805363
369.71286299913527 93.012581161597240
375.0904604221685 93.030342457312486
380.54627680087896 93.050996619317601
386.08144985617537 93.074050234381559
391.6971338574982 93.101779240153590
397.3944998635236 93.133585349140205
403.1747359663683 93.170635783781393
409.0390475393468 93.211792856545102
414.9886574883323 93.258158314697354
421.0248065067734 93.311019604206720
427.1487533344206 93.371957223900750
433.3617750198154 93.443915816917666
439.6651671865984 93.530548615053249
446.06024430368984 93.631524153162729
452.54833995940066 93.742841115293572
459.13080713953053 93.865460623915197
465.8090185095106 94.001306806908843
472.58436670065066 94.148683522178644
479.45826460054917 94.304540085812633
486.432145647728 94.467155422721603
493.50746413055253 94.632030950468589
500.6856954904994 94.798099572408859
507.9683366298358 94.963779658328775
515.3569062237735 95.127198977112826
522.8529450371643 95.288305227650810
530.4580162458005 95.445916048516580
538.1737057623901 95.587291699752697
546.0016225672724 95.713025961076369
553.9433990439449 95.839608534942130
562.0006913194694 95.964010024132307
570.1751796098309 96.082277334927809
578.4685685703187 96.190091391414143
586.8825876510039 96.292591051812053
595.4189914573883 96.389067006885540
604.0795601162986 96.480050573670255
612.8660996471021 96.565380368101245
621.780442338323 96.644102394495505
630.8244471297356 96.715100908760036
640.0000000000159 96.783000000000115
649.3090143600314 96.847232199084218
658.7534314518515 96.905395931856290
668.3352207535618 96.959677236219946
678.0563803899662 97.012907273125307
687.9189375492632 97.064678475256159
697.9249489057827 97.116709734310064
708.0765010488715 97.167882505244364
718.3757109180171 97.218122197952397
728.8247262443015 97.267034977036005
739.425725998274 97.313501908092491
750.1809208443404 97.357693529903301
761.0925536017613 97.399521455473405
772.1628997123541 97.438961029751397
783.3942677149998 97.476442798299047
794.7889997270506 97.512149874169779
806.34947193274 97.546519293137152
818.0780950786972 97.580766739460813
829.9773149766683 97.615931944929997
842.0496130135506 97.652486306791786
854.2975066688449 97.690787833895882
866.7235500396347 97.730942375129587
879.3303343732008 97.772939653587542
892.1204886073838 97.817659059746092
905.0966799188055 97.864400188032235
918.2616142790653 97.913601469205702
931.6180370190256 97.965472148076088
945.1687334013056 98.020272328055341
958.9165292011028 98.077152205004595
972.8642912954606 98.136382166684456
987.0149282611097 98.199567177174998
1001.3713909810035 98.266036963676115
1015.9366732596762 98.335620921414403
1030.7138124475518 98.408671035444556
1045.7058900743334 98.485955922890255
1060.916032491606 98.565946575454674
1076.3474115247852 98.649410763386314
1092.0032451345498 98.735830855292306
1107.8867980878947 98.825849089005388
1124.0013826389438 98.919063697762667
1140.350359219667 99.015504223683848
1156.9371371406426 99.115253471674819
1173.765175302013 99.217922022181213
1190.837982914782 99.324237393217388
1208.1591202326028 99.432648724327521
1225.73219929421 99.544486333541215
1243.5608846766518 99.659503479027308
1261.648894259477 99.776329516211291
1280.0000000000375 99.895000000000252
1298.6180287200684 100.016815102197029
1317.5068629037087 100.140294608874115
1336.6704415071292 100.266108152909368
1356.112760779938 100.394344221147605
1375.8378750985323 100.524925922527785
1395.8498978115715 100.657901820446938
1416.153002097749 100.793455897353283
1436.7514218360407 100.930896955209676
1457.6494524886093 101.070251331673688
1478.8514519965543 101.212227699336978
1500.3618416886875 101.355902628812885
1522.1851072035295 101.500809111831444
1544.3257994247153 101.647823308180108
1566.788535430007 101.795968563129435
1589.5779994541087 101.945048556440781
1612.6989438654878 102.095035177371045
1636.156190157402 102.245899617007382
1659.9546299533442 102.396815983507935
1684.099226027109 102.546869247806455
1708.5950133376978 102.696413880559703
1733.4471000792773 102.845337890467732
1758.6606687464096 102.993058665354255
1784.2409772147755 103.139434291947026
1810.193359837619 103.283655744713400
1836.5232285581387 103.425803575929308
1863.2360740380593 103.565798142036385
1890.3374668026197 103.702267086004952
1917.833058402214 103.834528696826482
1945.7285825909298 103.963022336614642
1974.0298565222283 104.086308980176028
2002.7427819620161 104.202922571455645
2031.8733465193618 104.313087935259745
2061.4276248951132 104.416568399664357
2091.411780148677 104.512023573423733
2121.832064983222 104.598263368956381
2152.694823049581 104.674380722437803
2184.0064902691106 104.744312656024761
2215.7735961758003 104.800540583929077
2248.002765277899 104.848603318333474
2280.7007184393456 104.884273955980774
2313.874274281297 104.908399612950021
2347.530350604038 104.920798242630866
2381.6759658295764 104.920790504271295
2416.318240465218 104.910884821116227
2451.4643985884327 104.887596786111615
2487.1217693533167 104.855022142179024
2523.2977885189675 104.810921652568851
2560.0000000000887 104.757499999999851
2597.236057440151 104.695405998043725
2635.0137258074315 104.625973463438953
2673.340883014273 104.548859428783061
2712.225521559891 104.465974277927572
2751.6757501970797 104.376937668301650
2791.699795623158 104.283109232840289
2832.3060041955137 104.185965589930760
2873.502843672097 104.085683004566647
2915.2989049772345 103.982864693755999
2957.7029039931244 103.878858972336644
3000.723683377391 103.774799344063126
3044.370214407075 103.672521343770512
3088.6515988494466 103.573199627516829
3133.57707086003 103.477872291351190
3179.1559989082334 103.389186722052528
3225.3978877309914 103.307077569734616
3272.3123803148205 103.232477677134057
3319.9092599067053 103.165817054720350
3368.198452054235 103.105889795617088
3417.190026675413 103.050950471990816
3466.8942001585724 103.000450509849358
3517.3213374928373 102.954450076506021
3568.4819544295697 102.914617090532175
3620.386719675257 102.884733710539649
3673.0464571162966 102.868773496003712
3726.472148076138 102.870029708134467
3780.6749336052594 102.892028533488713
3835.6661168044484 102.929382810964228
3891.45716518188 102.989894314736446
3948.059713044477 103.063477626957820
4005.4855639240527 103.154462597768998
4063.746693038744 103.255150380143760
4122.855249790247 103.359758749650410
4182.823560297375 103.458710964962265
4243.664129966465 103.538672856527370
4305.389646099183 103.586695913037744
4368.012980538242 103.584198701946178
4431.5471923516225 103.505747141152938
4496.00553055582 103.345651918517802
4561.401436878714 103.076909506873122
4627.748548562617 102.714617864438821
4695.060701208099 102.261987186929673
4763.351931659176 101.767987398041114
4832.63648093046 101.292697492128895
4902.928797176889 100.953750713080836
4974.243538706657 100.804661133227114
5046.595577037959 100.929209618123053
5120.000000000202 101.239071428572501
5194.472114880326 101.659932503903633
5270.027451614888 102.062013287509998
5346.6817660285715 102.360047562989990
5424.451043119808 102.516753714489482
5503.351500394186 102.520205331948574
5583.399591246343 102.396295745975436
5664.612008391055 102.188316976924597
5747.005687344222 101.945987454543086
5830.597809954497 101.694072329231503
5915.405807986278 101.456140915633270
6001.447366754812 101.248268095250296
6088.740428814181 101.087576104756991
6177.303197698925 100.973391825141789
6267.154141720092 100.903296941739441
6358.3119978165005 100.869713560534962
6450.795775462017 100.861785809895792
6544.624760629676 100.882073028055004
6639.818519813445 100.941531223426495
6736.396904108505 101.051913371642229
6834.380053350861 101.214556804834444
6933.788400317181 101.419523900713656
7034.642674985712 101.648524579216996
7136.963908859177 101.877678667237149
7240.773439350552 102.076645237354398
7346.092914232631 102.212100835382387
7452.944296152315 102.262706100730668
7561.349867210557 102.226633835206556
7671.332233608935 102.113975966263865
7782.914330363799 101.922664072271658
7896.119426088994 101.650149185863569
8010.971127848146 101.308703852035705
8127.49338607753 100.921196734414991
8245.710499580537 100.498343213038851
8365.647120594791 100.031531433062639
8487.328259932974 99.498783645464371
8610.77929219841 98.850753947506831
8736.025961076528 98.021002284912129
8863.094384703289 97.001924133846231
8992.011061111683 95.873903215272776
9122.802873757471 94.762551342422256
9255.497097125279 93.730853439410694
9390.121402416245 92.870742189905314
9526.7038633184 92.192074675503676
9665.272961860968 91.724140751669751
9805.857594353829 91.521879515778892
9948.487077413367 91.533026441287134
10093.19115407597 91.646235861749886
10240.000000000457 91.835600000000696
10388.944229760706 92.127759832888444
10540.05490322983 92.543164709689478
10693.363532057198 93.056619021217728
10848.902086239672 93.631531191502773
11006.703000788428 94.227470721731237
11166.799182492743 94.866876648220256
11329.224016782166 95.606045411650115
11494.0113746885 96.395480119844692
11661.195619909053 97.172960571532258
11830.811615972614 97.893089037813837
12002.894733509682 98.482804644450482
12177.48085762842 98.899615757036344
12354.606395397908 98.946417325582800
12534.308283440243 98.696362368575279
12716.62399563306 98.076290898399378
12901.591550924093 97.184242687509752
13089.249521259411 96.185366119696340
13279.637039626952 95.153959986014456
13472.793808217073 94.150040107544484
13668.760106701786 93.250271163589701
13867.576800634426 92.497085295968247
14069.285349971487 91.942628066470320
14273.927817718419 91.557559156326505
14481.54687870117 91.495791718490921
14692.18582846533 91.861959304025703
14905.888592304698 92.472902381298070
15122.699734421185 93.105062285592993
15342.664467217943 93.576488938367390
15565.828660727671 93.806822529645160
15792.238852178061 93.734676901346333
16021.942255696367 93.085412713021739
16254.986772155136 91.602293283263407
16491.42099916115 89.577470563183908
16731.294241189662 87.537536361405500
16974.65651986603 85.741652596256117
17221.558584396902 84.134593888171892
17472.051922153143 82.589045301824001
17726.188769406665 81.004724946285975
17984.022122223458 79.384000851214466
18245.605747515034 77.763200422881937
18510.99419425065 76.154971699391453
18780.242804832582 74.818668454193443
19053.40772663689 75.050092818170725
19330.545923722028 78.033728626823205
19611.71518870775 82.305883388886144
19896.974154826825 85.443415743514379
20186.382308152035 86.297499999999999
