20 104.618499999999997
20.290906698750476 104.633045383422129
20.586044732869844 104.645418532474466
20.885475648548283 104.655991647699182
21.189261887185914 104.665177827689490
21.49746679841394 104.674058509854646
21.810154653305165 104.682228501056869
22.12739065777668 104.688888574833300
22.449240966187475 104.694492408020523
22.77577269513385 104.697252573159020
23.107053937445478 104.697821576176182
23.44315377638505 104.696784228503986
23.784142300054445 104.694849110624659
24.130090616010463 104.692415907919610
24.481070866093134 104.689415629093531
24.837156241469714 104.685214071689074
25.1984209978975 104.677539475052555
25.56494047120865 104.666520892970908
25.936791093020236 104.651844386592160
26.3140504066728 104.635438008526449
26.69679708340074 104.621112102080971
27.08511093873791 104.609372241957416
27.47907294916184 104.601616228680228
27.878765268980047 104.595666977551531
28.284271247461966 104.590873016277925
28.695675446220072 104.585760543752912
29.11306365684382 104.578560344922067
29.536522918790062 104.566418193628962
29.966141537533712 104.541929932360574
30.402009102982383 104.503282347902427
30.844216508158908 104.455316524279027
31.29285596815558 104.410384032826187
31.74802103936409 104.376622695559419
32.20980663898519 104.350090054772778
32.67830906482211 104.323053292656908
33.153626015361866 104.289670796817148
33.63585661014871 104.253897607120038
34.125101410453844 104.223370030887764
34.62146244024586 104.198076640905981
35.12504320746613 104.165746284157919
35.635948725613716 104.118137794005662
36.15428553564419 104.059874305543488
36.68016172818701 104.006726738288648
37.21368696608603 103.968533529899176
37.754972507267915 103.938658655093093
38.30413122794313 103.907106753816038
38.86127764614443 103.866097852180758
39.4265279456077 103.820877771698605
40.000000000000206 103.774999999999977
40.58181339750116 103.727000234706935
41.1720894657399 103.680209652080663
41.77095129709678 103.643742867983761
42.37852377437204 103.611834108430443
42.9949335968281 103.562605611960265
43.62030930661056 103.488895002454171
44.25478131555359 103.417974252468753
44.89848193237519 103.372091104361175
45.55154539026795 103.338839556586152
46.21410787489121 103.284877703979845
46.88630755277036 103.208622561539954
47.56828460010916 103.139695817282416
48.260181232021196 103.079681075637779
48.962141732186545 102.999421753498950
49.674312482939705 102.909582632322667
50.39684199579528 102.839744706881746
51.129880942417586 102.789178370975009
51.873582186040764 102.741616128372698
52.628100813345895 102.687160036582441
53.393594166801776 102.628996413943383
54.17022187747612 102.567353323043619
54.95814589832399 102.505811860109958
55.75753053796041 102.449518252749257
56.56854249492426 102.391780669117992
57.39135089244048 102.331735709405621
58.226127313687975 102.269249005875508
59.073045837580466 102.201451076673493
59.932283075067765 102.118534683255959
60.804018205965114 102.024103821692265
61.68843301631817 101.940559975049098
62.58571193631152 101.870107365070055
63.49604207872855 101.794596318111246
64.41961327797075 101.713993644816554
65.35661812964459 101.634435622433969
66.3072520307241 101.556498081449888
67.27171322029778 101.475496806444241
68.25020282090806 101.391733165864622
69.2429248804921 101.309094310038660
70.25008641493265 101.224367697938192
71.27189745122783 101.139656050078614
72.30857107128878 101.057042886618675
73.36032345637442 100.968651859295420
74.42737393217246 100.874322659138386
75.50994501453623 100.773417669645056
76.60826245588666 100.671669417080381
77.72255529228926 100.576952411679315
78.85305589121582 100.487866285225152
80.00000000000082 100.398499999999927
81.16362679500274 100.310742926484181
82.34417893148023 100.224826966918627
83.541902594194 100.132953100710921
84.75704754874454 100.035239936014335
85.98986719365665 99.940434883484926
87.24061861322157 99.847654273590706
88.50956263110764 99.756747739686205
89.79696386475084 99.655472175972932
91.10309078053635 99.560904585398248
92.42821574978288 99.484086170967345
93.77261510554118 99.383575154906723
95.13656920021877 99.274887003039453
96.52036246404286 99.201510288533854
97.92428346437356 99.123164463310701
99.34862496587989 99.052597880387935
100.79368399159105 98.984199309776216
102.25976188483567 98.895842699754397
103.74716437208203 98.795566476932350
105.25620162669229 98.699325270030030
106.78718833360406 98.614115791097390
108.34044375495276 98.541300622700390
109.9162917966485 98.472412183786858
111.51506107592134 98.399361373761735
113.13708498984903 98.319014132434091
114.78270178488147 98.235136561366232
116.45225462737648 98.150396994653860
118.14609167516147 98.063054937750366
119.86456615013608 97.975478767332504
121.60803641193078 97.884718045772161
123.3768660326369 97.784994040502539
125.17142387262359 97.685471676041828
126.99208415745765 97.591223848232090
128.83922655594208 97.501816572854750
130.71323625928977 97.413202685453584
132.61450406144883 97.324000943250155
134.5434264405962 97.246919916273455
136.50040564181674 97.200995537940017
138.48584976098482 97.184378537559752
140.50017282986593 97.193503283767456
142.5437949024563 97.232332103146661
144.61714214257822 97.298004260525886
146.7206469127495 97.394091051811984
148.8547478643456 97.497340746207200
151.01989002907314 97.596855271250149
153.216524911774 97.685148456965024
155.4451105845792 97.755135145340844
157.70611178243232 97.795948114199192
160.00000000000236 97.806499999999971
162.3272535900062 97.789278323433962
164.6883578629612 97.749484901611879
167.08380518838874 97.693571914440980
169.51409509748981 97.626299699231282
171.97973438731407 97.551128233993268
174.4812372264439 97.470411666417931
177.01912526221608 97.391310941923749
179.5939277295025 97.310331883747722
182.20618156107355 97.225578481109011
184.85643149956664 97.141536764613704
187.54523021108326 97.058134047625288
190.27313840043846 96.975860475666934
193.04072492808663 96.893818977085488
195.84856692874806 96.812730985837817
198.69724993176072 96.732455901883412
201.58736798318304 96.654434748445652
204.5195237696723 96.578758651796591
207.49432874416505 96.505885164930731
210.5124032533856 96.436475061216612
213.57437666720915 96.369257307488198
216.68088750990657 96.304371584169445
219.83258359329807 96.241264619930689
223.03012215184378 96.179670148577003
226.2741699796992 96.120443968695355
229.5654035697641 96.066881110145403
232.90450925475412 96.015948276302893
236.2921833503241 95.968176414390072
239.72913230027333 95.929081120084390
243.21607282386276 95.894109362791198
246.75373206527502 95.863154844428834
250.34284774524843 95.837800032891636
253.9841683149166 95.825055410897789
257.67845311188546 95.828678453111891
261.42647251858085 95.841420962879852
265.22900812289896 95.860631682875663
269.08685288119375 95.888209298529745
273.0008112836349 95.919506084627272
276.97169952197106 95.947344347370844
281.00034565973334 95.967401175243097
285.0875898049141 95.981122625726883
289.23428428515797 95.986927997999217
293.44129382550057 95.986967611852350
297.7094957286928 95.978642462386787
302.0397800581479 95.961801099709248
306.4330498235497 95.938618225970473
310.89022116916016 95.917021449446494
315.41222356486645 95.895315215106208
320.00000000000654 95.870999999999967
324.6545071800142 95.846331111945929
329.3767157259242 95.824804779233347
334.16761037677935 95.802828992266811
339.02819019498156 95.782081601181076
343.95946877463007 95.761766178024004
348.9624744528898 95.741253854743150
354.03825052443415 95.722462298112049
359.187855459007 95.703923720347575
364.4123631221491 95.687762910633552
369.71286299913527 95.672803983602421
375.0904604221685 95.656222157274769
380.54627680087896 95.639465006968720
386.08144985617537 95.623163795417099
391.6971338574982 95.607582881891886
397.3944998635236 95.592992650313903
403.1747359663683 95.580121405406203
409.0390475393468 95.567668650959689
414.9886574883323 95.555522685023334
421.0248065067734 95.544314617416958
427.1487533344206 95.535351246665584
433.3617750198154 95.529138224980187
439.6651671865984 95.526261476339030
446.06024430368984 95.530933740506157
452.54833995940066 95.542087011926924
459.13080713953053 95.555646787237535
465.8090185095106 95.574061891946783
472.58436670065066 95.609161109732568
479.45826460054917 95.661576801633203
486.432145647728 95.724218954523877
493.50746413055253 95.782954169643830
500.6856954904994 95.843128321217279
507.9683366298358 95.940078481384688
515.3569062237735 96.037818234020932
522.8529450371643 96.139707775844414
530.4580162458005 96.249127877825273
538.1737057623901 96.369279292198243
546.0016225672724 96.494239783199987
553.9433990439449 96.618501222740889
562.0006913194694 96.740809955000373
570.1751796098309 96.858093396337480
578.4685685703187 96.957199394415312
586.8825876510039 97.046390652805343
595.4189914573883 97.125103326533534
604.0795601162986 97.196881508423118
612.8660996471021 97.263800590260828
621.780442338323 97.318729702100299
630.8244471297356 97.360792456796787
640.0000000000159 97.403000000000077
649.3090143600314 97.444890564620152
658.7534314518515 97.485639755242971
668.3352207535618 97.526424688202638
678.0563803899662 97.567336797637864
687.9189375492632 97.610343325216760
697.9249489057827 97.654369775185444
708.0765010488715 97.699844254719920
718.3757109180171 97.747865841314677
728.8247262443015 97.797858685972642
739.425725998274 97.850157343691450
750.1809208443404 97.900836758905072
761.0925536017613 97.951303060408151
772.1628997123541 97.998496883398417
783.3942677149998 98.043431357958838
794.7889997270506 98.086675873987815
806.34947193274 98.128752274425651
818.0780950786972 98.170273332775437
829.9773149766683 98.211537732035524
842.0496130135506 98.253342379423003
854.2975066688449 98.297078461674573
866.7235500396347 98.342440800146335
879.3303343732008 98.389238753899505
892.1204886073838 98.438269905568802
905.0966799188055 98.489174358011937
918.2616142790653 98.542028119753112
931.6180370190256 98.596990307617489
945.1687334013056 98.653967116955556
958.9165292011028 98.713138293204793
972.8642912954606 98.773717881399506
987.0149282611097 98.836605064549559
1001.3713909810035 98.900716972447213
1015.9366732596762 98.966746252110539
1030.7138124475518 99.033763142617374
1045.7058900743334 99.102336432528972
1060.916032491606 99.172244283877774
1076.3474115247852 99.243698093014018
1092.0032451345498 99.315827610157754
1107.8867980878947 99.389692748333516
1124.0013826389438 99.463728520910749
1140.350359219667 99.538174548122655
1156.9371371406426 99.613217117132876
1173.765175302013 99.688943288859051
1190.837982914782 99.765145654871432
1208.1591202326028 99.841984706736071
1225.73219929421 99.918703049339342
1243.5608846766518 99.995454895561238
1261.648894259477 100.072313652365125
1280.0000000000375 100.149000000000143
1298.6180287200684 100.225599889591138
1317.5068629037087 100.303027451614838
1336.6704415071292 100.380098527066195
1356.112760779938 100.456742586061267
1375.8378750985323 100.533371766006809
1395.8498978115715 100.610522106574550
1416.153002097749 100.687881407971446
1436.7514218360407 100.766324188522859
1457.6494524886093 100.846373897556262
1478.8514519965543 100.928020662786565
1500.3618416886875 101.011983550923617
1522.1851072035295 101.101458939534467
1544.3257994247153 101.198033517468758
1566.788535430007 101.303584970064037
1589.5779994541087 101.420263397106794
1612.6989438654878 101.550423768806382
1636.156190157402 101.696407731235695
1659.9546299533442 101.859969706060355
1684.099226027109 102.040291978490913
1708.5950133376978 102.232760106701591
1733.4471000792773 102.430732090626293
1758.6606687464096 102.627494295847640
1784.2409772147755 102.819459133667863
1810.193359837619 103.006057386060093
1836.5232285581387 103.188357954195340
1863.2360740380593 103.367622810131962
1890.3374668026197 103.544580035544925
1917.833058402214 103.718991606765911
1945.7285825909298 103.891273497108301
1974.0298565222283 104.061198542002927
2002.7427819620161 104.228588144150791
2031.8733465193618 104.393865850740468
2061.4276248951132 104.557137793188843
2091.411780148677 104.717317727103975
2121.832064983222 104.874660324916107
2152.694823049581 105.026117780061753
2184.0064902691106 105.174629368467720
2215.7735961758003 105.314629293603744
2248.002765277899 105.450110922847699
2280.7007184393456 105.576414312918246
2313.874274281297 105.693978818842339
2347.530350604038 105.801467569342321
2381.6759658295764 105.897212259021245
2416.318240465218 105.983531953070013
2451.4643985884327 106.055782357318023
2487.1217693533167 106.116968016852525
2523.2977885189675 106.163001234440316
2560.0000000000887 106.196250000000063
2597.236057440151 106.216101718668057
2635.0137258074315 106.223750228763464
2673.340883014273 106.217581257171076
2712.225521559891 106.200775963142064
2751.6757501970797 106.172347240474721
2791.699795623158 106.135488946712712
2832.3060041955137 106.089701975091259
2873.502843672097 106.037976246352827
2915.2989049772345 105.981122565882558
2957.7029039931244 105.919945644010312
3000.723683377391 105.855405428891686
3044.370214407075 105.789299004575810
3088.6515988494466 105.721789456740197
3133.57707086003 105.654429107095694
3179.1559989082334 105.587140681604893
3225.3978877309914 105.520181020544683
3272.3123803148205 105.452870172346650
3319.9092599067053 105.383932480536217
3368.198452054235 105.312156368357023
3417.190026675413 105.234792655452054
3466.8942001585724 105.148407845703474
3517.3213374928373 105.049259124390403
3568.4819544295697 104.932795113926090
3620.386719675257 104.794266911351500
3673.0464571162966 104.627298329235288
3726.472148076138 104.425228914368603
3780.6749336052594 104.179131038671443
3835.6661168044484 103.896919828374422
3891.45716518188 103.555334671434252
3948.059713044477 103.175036302982420
4005.4855639240527 102.732695541234165
4063.746693038744 102.244185654397171
4122.855249790247 101.718255164391266
4182.823560297375 101.178959400896630
4243.664129966465 100.660945407714095
4305.389646099183 100.208656128470039
4368.012980538242 99.882051006777388
4431.5471923516225 99.759896185359537
4496.00553055582 99.854644210093113
4561.401436878714 100.209722862020612
4627.748548562617 100.752387774579802
4695.060701208099 101.422410069569025
4763.351931659176 102.111100738787812
4832.63648093046 102.729262688504008
4902.928797176889 103.172084808660927
4974.243538706657 103.435547962089970
5046.595577037959 103.471075878550479
5120.000000000202 103.342714285713726
5194.472114880326 103.067587563978023
5270.027451614888 102.698795266320360
5346.6817660285715 102.286166764767501
5424.451043119808 101.860559322447898
5503.351500394186 101.447501937261279
5583.399591246343 101.066399405813925
5664.612008391055 100.731521146561647
5747.005687344222 100.442432084865700
5830.597809954497 100.205125037104651
5915.405807986278 100.022699404180301
6001.447366754812 99.896405428891683
6088.740428814181 99.835439209140318
6177.303197698925 99.834446164876042
6267.154141720092 99.892438727548083
6358.3119978165005 100.010342676692005
6450.795775462017 100.181187043979477
6544.624760629676 100.402193749046603
6639.818519813445 100.662274614859925
6736.396904108505 100.942596975476292
6834.380053350861 101.216700537645224
6933.788400317181 101.448508540586786
7034.642674985712 101.597155219614223
7136.963908859177 101.625060932861686
7240.773439350552 101.506749254102147
7346.092914232631 101.237506635030456
7452.944296152315 100.849458093909973
7561.349867210557 100.443207971402529
7671.332233608935 100.164122031286126
7782.914330363799 100.107276773533812
7896.119426088994 100.320044862181504
8010.971127848146 100.752118763275504
8127.49338607753 101.220588038830925
8245.710499580537 101.537500839260133
8365.647120594791 101.553003169559048
8487.328259932974 101.263266497097916
8610.77929219841 100.687104628996110
8736.025961076528 99.900772610199567
8863.094384703289 99.010811628861603
8992.011061111683 98.093354615088515
9122.802873757471 97.221463044830926
9255.497097125279 96.443641370461108
9390.121402416245 95.782333560053118
9526.7038633184 95.242656113729396
9665.272961860968 94.832327427061443
9805.857594353829 94.551498771567893
9948.487077413367 94.380073807263301
10093.19115407597 94.314497946103288
10240.000000000457 94.364100000000320
10388.944229760706 94.545587161873101
10540.05490322983 94.843619414524881
10693.363532057198 95.203674288860697
10848.902086239672 95.567507735764053
11006.703000788428 95.869229910747350
11166.799182492743 96.091684721598341
11329.224016782166 96.236456080232244
11494.0113746885 96.321679407691803
11661.195619909053 96.328762597860958
11830.811615972614 96.335676928854269
12002.894733509682 96.381345140816023
12177.48085762842 96.509365538221587
12354.606395397908 96.821439157068937
12534.308283440243 97.297765157709648
12716.62399563306 97.992149421178482
12901.591550924093 98.803147009251120
13089.249521259411 99.637420728798986
13279.637039626952 100.210674800757431
13472.793808217073 100.321184235071286
13668.760106701786 99.874896769991807
13867.576800634426 98.985308826613760
14069.285349971487 97.948586258552439
14273.927817718419 96.974147041297471
14481.54687870117 96.356192489932823
14692.18582846533 96.285243930525752
14905.888592304698 96.764748853621455
15122.699734421185 97.753952893636978
15342.664467217943 98.997330292568137
15565.828660727671 100.024031620564500
15792.238852178061 100.269629686246105
16021.942255696367 99.306540067988195
16254.986772155136 96.911173179446394
16491.42099916115 93.458287728250568
16731.294241189662 89.787259282562474
16974.65651986603 86.069994941645746
17221.558584396902 82.216494388526073
17472.051922153143 77.986847038821821
17726.188769406665 73.235532258214050
17984.022122223458 69.028508849824618
18245.605747515034 68.765123039069579
18510.99419425065 71.350268865459327
18780.242804832582 74.179710601968893
19053.40772663689 77.021753627762365
19330.545923722028 79.998561487044540
19611.71518870775 82.975535962928944
19896.974154826825 85.441147640377892
20186.382308152035 86.192000000000007
