20 66.728000000000009
20.290906698750476 66.745494389100116
20.586044732869844 66.755000897649566
20.885475648548283 66.761010952433679
21.189261887185914 66.768011478821450
21.49746679841394 66.781537284218359
21.810154653305165 66.806517563151374
22.12739065777668 66.842550955362185
22.449240966187475 66.884528370636758
22.77577269513385 66.922973237806275
23.107053937445478 66.947500481584342
23.44315377638505 66.950492108250032
23.784142300054445 66.932987044937249
24.130090616010463 66.901492125959209
24.481070866093134 66.870996715476025
24.837156241469714 66.854501082004646
25.1984209978975 66.857020648398247
25.56494047120865 66.874997080331752
25.936791093020236 66.897987083708244
26.3140504066728 66.918002171566840
26.69679708340074 66.934491258162183
27.08511093873791 66.951506476119221
27.47907294916184 66.974504741695512
27.878765268980047 67.000484742483707
28.284271247461966 67.021505925308631
28.695675446220072 67.030492910232965
29.11306365684382 67.026998573726388
29.536522918790062 67.017510689319565
29.966141537533712 67.010498539176837
30.402009102982383 67.005999804347653
30.844216508158908 66.996490355984008
31.29285596815558 66.976506415672361
31.74802103936409 66.948998793196651
32.20980663898519 66.922511091053877
32.67830906482211 66.902488312674791
33.153626015361866 66.884514142276231
33.63585661014871 66.860007288488291
34.125101410453844 66.827493559618347
34.62146244024586 66.795977979035911
35.12504320746613 66.771998012963877
35.635948725613716 66.748502358019721
36.15428553564419 66.713472857828492
36.68016172818701 66.663484856911325
37.21368696608603 66.613529310291568
37.754972507267915 66.581001651596651
38.30413122794313 66.572499764402266
38.86127764614443 66.571496566213767
39.4265279456077 66.564505838128525
40.000000000000206 66.554000000000002
40.58181339750116 66.551000961868553
41.1720894657399 66.558501792301968
41.77095129709678 66.570499024315794
42.37852377437204 66.579992558974567
42.9949335968281 66.576500377290742
43.62030930661056 66.556986117734795
44.25478131555359 66.528509814971216
44.89848193237519 66.504485262006881
45.55154539026795 66.484513902438295
46.21410787489121 66.460495746005023
46.88630755277036 66.433988726071476
47.56828460010916 66.408985605485810
48.260181232021196 66.373988898893288
48.962141732186545 66.330996615944997
49.674312482939705 66.313999783898382
50.39684199579528 66.313500109269853
51.129880942417586 66.277005928515365
51.873582186040764 66.206039872031056
52.628100813345895 66.142992695638767
53.393594166801776 66.087529404363579
54.17022187747612 66.040490426606368
54.95814589832399 66.006484954235347
55.75753053796041 65.924048413272828
56.56854249492426 65.811563464020992
57.39135089244048 65.769488863892605
58.226127313687975 65.742986396825557
59.073045837580466 65.652494984013316
59.932283075067765 65.558479710789300
60.804018205965114 65.495999104118226
61.68843301631817 65.452480470867613
62.58571193631152 65.412012991736503
63.49604207872855 65.349996288510411
64.41961327797075 65.268534110222276
65.35661812964459 65.175038105526397
66.3072520307241 65.070472838139580
67.27171322029778 64.966530906828012
68.25020282090806 64.883481617440367
69.2429248804921 64.793506808414605
70.25008641493265 64.714992136410231
71.27189745122783 64.622009331737587
72.30857107128878 64.523540742023187
73.36032345637442 64.445969837011006
74.42737393217246 64.346494820884033
75.50994501453623 64.331500761571519
76.60826245588666 64.277500000000003
77.72255529228926 64.277500000000003
78.85305589121582 64.362001534937491
80.00000000000082 64.393500000000031
81.16362679500274 64.432987335397428
82.34417893148023 64.540520014038691
83.541902594194 64.674489104859759
84.75704754874454 64.776002660878646
85.98986719365665 64.844992568014845
87.24061861322157 64.874491006466855
88.50956263110764 64.879998104390154
89.79696386475084 64.873000196539820
91.10309078053635 64.857497978848443
92.42821574978288 64.827995027328427
93.77261510554118 64.797008871173404
95.13656920021877 64.753513738849335
96.52036246404286 64.704988253480082
97.92428346437356 64.659490451726356
99.34862496587989 64.611512632728250
100.79368399159105 64.559511371928906
102.25976188483567 64.504009014591830
103.74716437208203 64.436491667021699
105.25620162669229 64.359989332617843
106.78718833360406 64.278989995156252
108.34044375495276 64.196475644160273
109.9162917966485 64.109983758660590
111.51506107592134 64.020996592249759
113.13708498984903 63.930495275473163
114.78270178488147 63.839016577571897
116.45225462737648 63.737484292467030
118.14609167516147 63.632994426960806
119.86456615013608 63.528526374235469
121.60803641193078 63.417997735832458
123.3768660326369 63.308008330361751
125.17142387262359 63.199975675623740
126.99208415745765 63.095495853639065
128.83922655594208 63.004491476950946
130.71323625928977 62.933994037620451
132.61450406144883 62.886012515799393
134.5434264405962 62.854494988178992
136.50040564181674 62.831495097984089
138.48584976098482 62.807501815577226
140.50017282986593 62.784999577226358
142.5437949024563 62.780000501706319
144.61714214257822 62.797502668551253
146.7206469127495 62.836993371223201
148.8547478643456 62.895493088127566
151.01989002907314 62.954996977704326
153.216524911774 62.993991566481199
155.4451105845792 63.004998972898647
157.70611178243232 62.983997758503975
160.00000000000236 62.937999999999946
162.3272535900062 62.876992159224713
164.6883578629612 62.803987976640911
167.08380518838874 62.723506545214818
169.51409509748981 62.641496741387719
171.97973438731407 62.557009101489037
174.4812372264439 62.469991868124261
177.01912526221608 62.382995889453490
179.5939277295025 62.298502371594964
182.20618156107355 62.212494107829315
184.85643149956664 62.126486279950555
187.54523021108326 62.040992869194824
190.27313840043846 61.956495749986537
193.04072492808663 61.871508446933760
195.84856692874806 61.788512800895269
198.69724993176072 61.706492865269809
201.58736798318304 61.623989962954433
204.5195237696723 61.544012989575933
207.49432874416505 61.466991558093838
210.5124032533856 61.389489991098202
213.57437666720915 61.313491028846641
216.68088750990657 61.239502679197592
219.83258359329807 61.167009577882581
223.03012215184378 61.095997364171069
226.2741699796992 61.025996126260267
229.5654035697641 60.950990816975427
232.90450925475412 60.875011166658290
236.2921833503241 60.801495892355263
239.72913230027333 60.724497040601861
243.21607282386276 60.646498384207682
246.75373206527502 60.568005944849041
250.34284774524843 60.487003436231504
253.9841683149166 60.405496377629703
257.67845311188546 60.325990268007800
261.42647251858085 60.245490246461060
265.22900812289896 60.166999829457026
269.08685288119375 60.086003088808532
273.0008112836349 60.005003905474084
276.97169952197106 59.925506015614026
281.00034565973334 59.842992981957465
285.0875898049141 59.760008328324886
289.23428428515797 59.675494121034291
293.44129382550057 59.588493530195123
297.7094957286928 59.494511103654929
302.0397800581479 59.405004546142209
306.4330498235497 59.315999005094028
310.89022116916016 59.226995769320574
315.41222356486645 59.140495809376958
320.00000000000654 59.054499999999891
324.6545071800142 58.973508575385360
329.3767157259242 58.894004786062901
334.16761037677935 58.819506058637018
339.02819019498156 58.749497531438081
343.95946877463007 58.685495221365954
348.9624744528898 58.634496588350970
354.03825052443415 58.597998710893691
359.187855459007 58.571500743754626
364.4123631221491 58.565000993259979
369.71286299913527 58.579499625257014
375.0904604221685 58.608004050634918
380.54627680087896 58.656002700496380
386.08144985617537 58.710005006412210
391.6971338574982 58.772501632695004
397.3944998635236 58.841993899704264
403.1747359663683 58.915496642478907
409.0390475393468 58.992000615215076
414.9886574883323 59.068995567496060
421.0248065067734 59.142497643844905
427.1487533344206 59.212997160365234
433.3617750198154 59.283497447110413
439.6651671865984 59.340001542456491
446.06024430368984 59.399002146317869
452.54833995940066 59.456002995237014
459.13080713953053 59.513998300788813
465.8090185095106 59.570000140699605
472.58436670065066 59.621502533936706
479.45826460054917 59.669001916020605
486.432145647728 59.719501029312568
493.50746413055253 59.769503426510553
500.6856954904994 59.822497751914817
507.9683366298358 59.881003166297688
515.3569062237735 59.950499117952667
522.8529450371643 60.030999409750763
530.4580162458005 60.123500218968800
538.1737057623901 60.227496034122417
546.0016225672724 60.336494744485520
553.9433990439449 60.447505496882343
562.0006913194694 60.558495747885473
570.1751796098309 60.660501992296169
578.4685685703187 60.752495214428421
586.8825876510039 60.832496079401039
595.4189914573883 60.897999934449267
604.0795601162986 60.952997206603904
612.8660996471021 61.003000519810442
621.780442338323 61.049502347660273
630.8244471297356 61.097502460772844
640.0000000000159 61.148000000000081
649.3090143600314 61.197000072225904
658.7534314518515 61.244502116284387
668.3352207535618 61.291501067319970
678.0563803899662 61.338501735531629
687.9189375492632 61.383499715068112
697.9249489057827 61.425999782979787
708.0765010488715 61.468501970143620
718.3757109180171 61.508998863318418
728.8247262443015 61.549498938931407
739.425725998274 61.585499069515876
750.1809208443404 61.622499727683923
761.0925536017613 61.654998670459790
772.1628997123541 61.676499805222733
783.3942677149998 61.712002772301005
794.7889997270506 61.829999997173495
806.34947193274 61.939002615366022
818.0780950786972 62.004000467442964
829.9773149766683 62.062501578405403
842.0496130135506 62.122998060740485
854.2975066688449 62.186002731698125
866.7235500396347 62.252997574044869
879.3303343732008 62.324002013036477
892.1204886073838 62.401003106273343
905.0966799188055 62.483497965115319
918.2616142790653 62.568997494938102
931.6180370190256 62.660000262255664
945.1687334013056 62.755998111322072
958.9165292011028 62.855496592632363
972.8642912954606 62.959002192280863
987.0149282611097 63.065499460095268
1001.3713909810035 63.172502925781231
1015.9366732596762 63.281497554943343
1030.7138124475518 63.394498565782868
1045.7058900743334 63.510999145788404
1060.916032491606 63.629000255831130
1076.3474115247852 63.750503285679500
1092.0032451345498 63.875501975398038
1107.8867980878947 64.003498372906733
1124.0013826389438 64.135503171299590
1140.350359219667 64.271003010281163
1156.9371371406426 64.410001157236223
1173.765175302013 64.552001493963729
1190.837982914782 64.697499854395886
1208.1591202326028 64.844001002337478
1225.73219929421 64.990501604056277
1243.5608846766518 65.133999071798726
1261.648894259477 65.276499166960164
1280.0000000000375 65.416000000000253
1298.6180287200684 65.547000177894432
1317.5068629037087 65.663999150814448
1336.6704415071292 65.760001691728689
1356.112760779938 65.834499083377324
1375.8378750985323 65.896499607407293
1395.8498978115715 65.969999624682714
1416.153002097749 66.076500014207014
1436.7514218360407 66.216003209490395
1457.6494524886093 66.375003553407851
1478.8514519965543 66.541503540580138
1500.3618416886875 66.709998759915578
1522.1851072035295 66.877500806168996
1544.3257994247153 67.043998491676760
1566.788535430007 67.208496597882572
1589.5779994541087 67.372499996071511
1612.6989438654878 67.535499604259087
1636.156190157402 67.697001290408011
1659.9546299533442 67.858497488863605
1684.099226027109 68.021001494790653
1708.5950133376978 68.183000086942982
1733.4471000792773 68.345000644994144
1758.6606687464096 68.507497865126183
1784.2409772147755 68.669499855699513
1810.193359837619 68.832002227631293
1836.5232285581387 68.995001398916486
1863.2360740380593 69.158500445288297
1890.3374668026197 69.321496793182320
1917.833058402214 69.485000341251833
1945.7285825909298 69.647997561023857
1974.0298565222283 69.810499176172641
2002.7427819620161 69.973998758429616
2031.8733465193618 70.136501899378672
2061.4276248951132 70.298497943935317
2091.411780148677 70.461498804837049
2121.832064983222 70.625500346361008
2152.694823049581 70.789999056853063
2184.0064902691106 70.953497338368663
2215.7735961758003 71.114497953357386
2248.002765277899 71.272498849294365
2280.7007184393456 71.423998695441952
2313.874274281297 71.565001063516434
2347.530350604038 71.695501216733390
2381.6759658295764 71.813999881415242
2416.318240465218 71.921000667084698
2451.4643985884327 72.018500972494081
2487.1217693533167 72.105499437257805
2523.2977885189675 72.179499567403894
2560.0000000000887 72.242500000000121
2597.236057440151 72.290000047134441
2635.0137258074315 72.320999775002122
2673.340883014273 72.336499952689266
2712.225521559891 72.336500000000001
2751.6757501970797 72.319500107646377
2791.699795623158 72.288000160850245
2832.3060041955137 72.238999993023938
2873.502843672097 72.170500259933036
2915.2989049772345 72.078000210297773
2957.7029039931244 71.962500261503493
3000.723683377391 71.826501000922221
3044.370214407075 71.675499268879719
3088.6515988494466 71.524501367908698
3133.57707086003 71.384999817326985
3179.1559989082334 71.267500002814529
3225.3978877309914 71.174500225790794
3272.3123803148205 71.106999612469934
3319.9092599067053 71.058499833148176
3368.198452054235 71.027499820071483
3417.190026675413 71.007999993828122
3466.8942001585724 70.996499980153629
3517.3213374928373 70.991499973613273
3568.4819544295697 70.987500003562900
3620.386719675257 70.986500005400728
3673.0464571162966 70.989500064170500
3726.472148076138 70.997000025952872
3780.6749336052594 71.006499988363188
3835.6661168044484 71.022000051293375
3891.45716518188 71.046500099220609
3948.059713044477 71.080499827633020
4005.4855639240527 71.124999662080242
4063.746693038744 71.180999704951333
4122.855249790247 71.249000312399204
4182.823560297375 71.323999450087598
4243.664129966465 71.405500180023537
4305.389646099183 71.490999509792971
4368.012980538242 71.575499973739397
4431.5471923516225 71.656500199937312
4496.00553055582 71.723500462439318
4561.401436878714 71.780500253509217
4627.748548562617 71.818999738042749
4695.060701208099 71.831499944513638
4763.351931659176 71.823500008005823
4832.63648093046 71.793000228499977
4902.928797176889 71.739000155813585
4974.243538706657 71.667500462489983
5046.595577037959 71.572000558282781
5120.000000000202 71.456499999999636
5194.472114880326 71.326999778769277
5270.027451614888 71.181499030844051
5346.6817660285715 71.017000502097716
5424.451043119808 70.836999891245455
5503.351500394186 70.638001260079818
5583.399591246343 70.428998409277739
5664.612008391055 70.210499978511635
5747.005687344222 69.999500800669580
5830.597809954497 69.812500425142474
5915.405807986278 69.612000453951879
6001.447366754812 69.405499184923954
6088.740428814181 69.211499159928408
6177.303197698925 69.037999668855235
6267.154141720092 68.887499808776283
6358.3119978165005 68.764500002946207
6450.795775462017 68.667000236716120
6544.624760629676 68.602000165823696
6639.818519813445 68.572500051131485
6736.396904108505 68.581999990567624
6834.380053350861 68.628000042397758
6933.788400317181 68.706999523434064
7034.642674985712 68.814999651956867
7136.963908859177 68.939999888658207
7240.773439350552 69.061000373356194
7346.092914232631 69.150499927115646
7452.944296152315 69.172999793742974
7561.349867210557 69.097500092481994
7671.332233608935 68.907999353081010
7782.914330363799 68.599001854382706
7896.119426088994 68.181002119118403
8010.971127848146 67.677999381726806
8127.49338607753 67.114498055210134
8245.710499580537 66.519002520764928
8365.647120594791 65.906999391976541
8487.328259932974 65.293498725085939
8610.77929219841 64.687998631708808
8736.025961076528 64.101500182268765
8863.094384703289 63.546502687434973
8992.011061111683 63.032499784367225
9122.802873757471 62.571000445447176
9255.497097125279 62.165999752179900
9390.121402416245 61.822499180925028
9526.7038633184 61.544500278200687
9665.272961860968 61.338500056698393
9805.857594353829 61.209499810396835
9948.487077413367 61.164000025411426
10093.19115407597 61.211500168444672
10240.000000000457 61.372000000000938
10388.944229760706 61.676500762518906
10540.05490322983 62.177999678843761
10693.363532057198 62.960003988573234
10848.902086239672 64.126000811565916
11006.703000788428 65.611000007460945
11166.799182492743 67.126001308936708
11329.224016782166 68.291000059780629
11494.0113746885 68.877997772545029
11661.195619909053 68.850997997192735
11830.811615972614 68.303001240718828
12002.894733509682 67.413001378267367
12177.48085762842 66.376995037040686
12354.606395397908 65.351997993339609
12534.308283440243 64.440003636569770
12716.62399563306 63.696000017820822
12901.591550924093 63.152001320754366
13089.249521259411 62.833500812535981
13279.637039626952 62.754500037338047
13472.793808217073 62.936499819294703
13668.760106701786 63.390500393120597
13867.576800634426 64.122999265478896
14069.285349971487 65.068501513488201
14273.927817718419 65.953499211704298
14481.54687870117 66.330999779450295
14692.18582846533 65.828000409619960
14905.888592304698 64.362502795830949
15122.699734421185 62.350002465176431
15342.664467217943 60.300996192790862
15565.828660727671 58.482502764621373
15792.238852178061 56.968500988482901
16021.942255696367 55.759998976310435
16254.986772155136 54.826997891919419
16491.42099916115 54.181502732415865
16731.294241189662 53.810001175197044
16974.65651986603 53.601499883142111
17221.558584396902 53.546000093421185
17472.051922153143 53.584499834338928
17726.188769406665 53.612499974593867
17984.022122223458 53.531000274566878
18245.605747515034 53.594999498631537
18510.99419425065 53.416998439490158
18780.242804832582 51.253998962897768
19053.40772663689 50.902000352253992
19330.545923722028 50.766500526218486
19611.71518870775 50.537999905732121
19896.974154826825 50.395500422201422
20186.382308152035 50.395499999999998
