20 97.749500000000012
20.290906698750476 97.829499608821749
20.586044732869844 97.911139055630471
20.885475648548283 97.992078425108048
21.189261887185914 98.070725738437233
21.49746679841394 98.142333580244937
21.810154653305165 98.208878786467523
22.12739065777668 98.265337935177598
22.449240966187475 98.319042664335072
22.77577269513385 98.373260090848731
23.107053937445478 98.433375587387161
23.44315377638505 98.501539583830208
23.784142300054445 98.573439705136366
24.130090616010463 98.642566844184756
24.481070866093134 98.699349934503360
24.837156241469714 98.743486977034436
25.1984209978975 98.775125653584425
25.56494047120865 98.806050855624932
25.936791093020236 98.845282883178214
26.3140504066728 98.897557882916132
26.69679708340074 98.960701500532366
27.08511093873791 99.024809134269731
27.47907294916184 99.079279444089650
27.878765268980047 99.122528070311773
28.284271247461966 99.158947327281723
28.695675446220072 99.196480518283352
29.11306365684382 99.238889256880185
29.536522918790062 99.287273181498449
29.966141537533712 99.337538559891442
30.402009102982383 99.384697561134743
30.844216508158908 99.426799158346995
31.29285596815558 99.465169547412643
31.74802103936409 99.500849598991664
32.20980663898519 99.533637431534032
32.67830906482211 99.562306998565219
33.153626015361866 99.586913170691275
33.63585661014871 99.607526694575498
34.125101410453844 99.625503650776338
34.62146244024586 99.643615572729345
35.12504320746613 99.663626944335974
35.635948725613716 99.687025538829459
36.15428553564419 99.711442849103989
36.68016172818701 99.733665983942927
37.21368696608603 99.753192730779091
37.754972507267915 99.772059779087158
38.30413122794313 99.789499125470627
38.86127764614443 99.802225536954808
39.4265279456077 99.813530557075353
40.000000000000206 99.828500000000020
40.58181339750116 99.848863536791001
41.1720894657399 99.862371993619178
41.77095129709678 99.864427380500672
42.37852377437204 99.867392619739547
42.9949335968281 99.877073812854547
43.62030930661056 99.881601543525335
44.25478131555359 99.869715596276166
44.89848193237519 99.851545552180582
45.55154539026795 99.838374092583763
46.21410787489121 99.830452976926949
46.88630755277036 99.830226168589462
47.56828460010916 99.844158337919310
48.260181232021196 99.859259279071921
48.962141732186545 99.847388871917275
49.674312482939705 99.816784430134447
50.39684199579528 99.784874326883468
51.129880942417586 99.760281703976545
51.873582186040764 99.743295210990340
52.628100813345895 99.727635304877197
53.393594166801776 99.706462176927417
54.17022187747612 99.679513328730053
54.95814589832399 99.658009848520649
55.75753053796041 99.644288590080109
56.56854249492426 99.620316741430187
57.39135089244048 99.586606508055297
58.226127313687975 99.547937334540876
59.073045837580466 99.509884231039763
59.932283075067765 99.467351987784156
60.804018205965114 99.425827748561858
61.68843301631817 99.388462690114864
62.58571193631152 99.353053682535034
63.49604207872855 99.315918211654036
64.41961327797075 99.276246822408268
65.35661812964459 99.235308802295634
66.3072520307241 99.191791024479159
67.27171322029778 99.143099199324212
68.25020282090806 99.090989047670973
69.2429248804921 99.037382056453424
70.25008641493265 98.983120376801111
71.27189745122783 98.927637794005634
72.30857107128878 98.869220020007830
73.36032345637442 98.810502048171230
74.42737393217246 98.751280746764422
75.50994501453623 98.689115700256480
76.60826245588666 98.622561980297888
77.72255529228926 98.553561115286101
78.85305589121582 98.485427345702121
80.00000000000082 98.418999999999954
81.16362679500274 98.348212526335317
82.34417893148023 98.272068415038774
83.541902594194 98.191471371766767
84.75704754874454 98.109399331458079
85.98986719365665 98.029483362948781
87.24061861322157 97.946358560441581
88.50956263110764 97.862907116871327
89.79696386475084 97.783088240385439
91.10309078053635 97.697420053089587
92.42821574978288 97.606914448866135
93.77261510554118 97.519769675250402
95.13656920021877 97.432179883768910
96.52036246404286 97.342922727295559
97.92428346437356 97.252095267315582
99.34862496587989 97.157467924722923
100.79368399159105 97.057148436597032
102.25976188483567 96.951790636368600
103.74716437208203 96.842763284259235
105.25620162669229 96.728679571422489
106.78718833360406 96.608524933311671
108.34044375495276 96.483143907930511
109.9162917966485 96.354478515372548
111.51506107592134 96.222680596308521
113.13708498984903 96.087111362610386
114.78270178488147 95.947151476759700
116.45225462737648 95.802747780103687
118.14609167516147 95.655104590292154
119.86456615013608 95.503416053606102
121.60803641193078 95.351376804573405
123.3768660326369 95.199810624649018
125.17142387262359 95.045314688245242
126.99208415745765 94.890821042983504
128.83922655594208 94.740841433556596
130.71323625928977 94.591991519976418
132.61450406144883 94.446180325468148
134.5434264405962 94.305145009497380
136.50040564181674 94.166722213535564
138.48584976098482 94.033270002617712
140.50017282986593 93.911824461400215
142.5437949024563 93.806918528340574
144.61714214257822 93.720835741975094
146.7206469127495 93.655412980765163
148.8547478643456 93.604863143567343
151.01989002907314 93.570893143697646
153.216524911774 93.557076354805901
155.4451105845792 93.570258300159253
157.70611178243232 93.620791025375951
160.00000000000236 93.707500000000095
162.3272535900062 93.803382847908253
164.6883578629612 93.884028824195497
167.08380518838874 93.947011890747405
169.51409509748981 93.992948073715823
171.97973438731407 94.017733821975980
174.4812372264439 94.020018762773560
177.01912526221608 94.003750822954714
179.5939277295025 93.976129223883675
182.20618156107355 93.937524803959462
184.85643149956664 93.887756515208309
187.54523021108326 93.828914474934010
190.27313840043846 93.762843773908514
193.04072492808663 93.690981876797835
195.84856692874806 93.622652674024550
198.69724993176072 93.556266001637738
201.58736798318304 93.485844923081487
204.5195237696723 93.413265159719799
207.49432874416505 93.337896507442395
210.5124032533856 93.259425448203075
213.57437666720915 93.181927771653363
216.68088750990657 93.108834254455928
219.83258359329807 93.035850577354140
223.03012215184378 92.963443486314532
226.2741699796992 92.893363402096355
229.5654035697641 92.825836794081454
232.90450925475412 92.757457560277544
236.2921833503241 92.690313745531739
239.72913230027333 92.629307901670145
243.21607282386276 92.572407789303284
246.75373206527502 92.513594204414801
250.34284774524843 92.458371555439143
253.9841683149166 92.409213727748636
257.67845311188546 92.369456629047235
261.42647251858085 92.341586383305099
265.22900812289896 92.322984731723480
269.08685288119375 92.314528950960408
273.0008112836349 92.317376521156817
276.97169952197106 92.326279485886658
281.00034565973334 92.341801831996577
285.0875898049141 92.363455466985556
289.23428428515797 92.385018278282828
293.44129382550057 92.404141692832212
297.7094957286928 92.422108932487646
302.0397800581479 92.435069615101753
306.4330498235497 92.439716524911773
310.89022116916016 92.438054889415412
315.41222356486645 92.428180884592422
320.00000000000654 92.413499999999971
324.6545071800142 92.396743774151957
329.3767157259242 92.378868480241493
334.16761037677935 92.357745753304499
339.02819019498156 92.331844953927600
343.95946877463007 92.303931027984618
348.9624744528898 92.277395132844973
354.03825052443415 92.248578146958295
359.187855459007 92.214522582878743
364.4123631221491 92.180319639706028
369.71286299913527 92.148694108305108
375.0904604221685 92.115970160384450
380.54627680087896 92.084014664451985
386.08144985617537 92.056317185675965
391.6971338574982 92.033211464570002
397.3944998635236 92.011379800491312
403.1747359663683 91.994327721414606
409.0390475393468 91.984967460383871
414.9886574883323 91.984990547906946
421.0248065067734 91.997222592343206
427.1487533344206 92.020922829449972
433.3617750198154 92.055654723043830
439.6651671865984 92.100511706577549
446.06024430368984 92.155587381960970
452.54833995940066 92.221267237565598
459.13080713953053 92.295594397410241
465.8090185095106 92.376930149578016
472.58436670065066 92.464424221872790
479.45826460054917 92.555549677164478
486.432145647728 92.650220395373864
493.50746413055253 92.746780403495393
500.6856954904994 92.844885457026209
507.9683366298358 92.944566607620885
515.3569062237735 93.045792740719250
522.8529450371643 93.146461448936890
530.4580162458005 93.248540089241502
538.1737057623901 93.350245767356625
546.0016225672724 93.451020282090909
553.9433990439449 93.549442250967587
562.0006913194694 93.645107811910009
570.1751796098309 93.737339385903226
578.4685685703187 93.824419969988341
586.8825876510039 93.907605229597294
595.4189914573883 93.988125670980850
604.0795601162986 94.067216041046692
612.8660996471021 94.145947318277706
621.780442338323 94.224571029115268
630.8244471297356 94.304213912385194
640.0000000000159 94.384500000000131
649.3090143600314 94.464092072778271
658.7534314518515 94.542653481050365
668.3352207535618 94.619681766028492
678.0563803899662 94.695436948022234
687.9189375492632 94.770683925374414
697.9249489057827 94.844748374457509
708.0765010488715 94.918150807551882
718.3757109180171 94.991886333063832
728.8247262443015 95.065273083710110
739.425725998274 95.138537509388087
750.1809208443404 95.211213677330790
761.0925536017613 95.284412547078489
772.1628997123541 95.358513251921138
783.3942677149998 95.433677022400389
794.7889997270506 95.510042873168970
806.34947193274 95.588388058207045
818.0780950786972 95.669312892663243
829.9773149766683 95.752532640028079
842.0496130135506 95.838359694348242
854.2975066688449 95.927515048904866
866.7235500396347 96.019244950295729
879.3303343732008 96.113694024517656
892.1204886073838 96.211090412656603
905.0966799188055 96.311211631034027
918.2616142790653 96.413888757640393
931.6180370190256 96.518680676496160
945.1687334013056 96.625752472760340
958.9165292011028 96.734217667458694
972.8642912954606 96.844160758291139
987.0149282611097 96.954808862961741
1001.3713909810035 97.067151136619117
1015.9366732596762 97.180212384099519
1030.7138124475518 97.293955566563426
1045.7058900743334 97.408347484622325
1060.916032491606 97.522809174854274
1076.3474115247852 97.637381017848426
1092.0032451345498 97.751898324404578
1107.8867980878947 97.865977129199251
1124.0013826389438 97.980731977508100
1140.350359219667 98.095854582903513
1156.9371371406426 98.210298662322572
1173.765175302013 98.324804609832213
1190.837982914782 98.436946888946082
1208.1591202326028 98.549148724327523
1225.73219929421 98.659621524185440
1243.5608846766518 98.770007579430825
1261.648894259477 98.878505069081555
1280.0000000000375 98.987000000000222
1298.6180287200684 99.093920679220957
1317.5068629037087 99.202038432260764
1336.6704415071292 99.308937711402251
1356.112760779938 99.416523003309152
1375.8378750985323 99.525900206796848
1395.8498978115715 99.636966932854222
1416.153002097749 99.750187595045759
1436.7514218360407 99.865307962281832
1457.6494524886093 99.982642912035757
1478.8514519965543 100.102299218300502
1500.3618416886875 100.224062497625511
1522.1851072035295 100.348455111060119
1544.3257994247153 100.474657056720872
1566.788535430007 100.603366193368231
1589.5779994541087 100.734177716866583
1612.6989438654878 100.866637958910587
1636.156190157402 101.001482779109779
1659.9546299533442 101.138838668531264
1684.099226027109 101.278093526436692
1708.5950133376978 101.419851077358658
1733.4471000792773 101.564331064462976
1758.6606687464096 101.711751518853958
1784.2409772147755 101.862206585111466
1810.193359837619 102.015844690238708
1836.5232285581387 102.172639371348822
1863.2360740380593 102.333181165709107
1890.3374668026197 102.496945048823875
1917.833058402214 102.664638317421549
1945.7285825909298 102.835773497108306
1974.0298565222283 103.010504513307353
2002.7427819620161 103.188596674229899
2031.8733465193618 103.370208415746006
2061.4276248951132 103.554898861846198
2091.411780148677 103.741847155598379
2121.832064983222 103.932404604520556
2152.694823049581 104.124842644059868
2184.0064902691106 104.320440401925211
2215.7735961758003 104.517599126337771
2248.002765277899 104.716316868195179
2280.7007184393456 104.914882655943387
2313.874274281297 105.113551931973717
2347.530350604038 105.311176033503429
2381.6759658295764 105.505969206937110
2416.318240465218 105.698706381209860
2451.4643985884327 105.885919787606923
2487.1217693533167 106.068323483944027
2523.2977885189675 106.241708383682663
2560.0000000000887 106.406250000000384
2597.236057440151 106.559720624016592
2635.0137258074315 106.700797811562552
2673.340883014273 106.824481454231204
2712.225521559891 106.933656781415038
2751.6757501970797 107.021310969168795
2791.699795623158 107.088927178106474
2832.3060041955137 107.131398463817931
2873.502843672097 107.151730511860976
2915.2989049772345 107.148085602262512
2957.7029039931244 107.119448399048522
3000.723683377391 107.065652139709613
3044.370214407075 106.982375669956951
3088.6515988494466 106.871474958178396
3133.57707086003 106.735579806319151
3179.1559989082334 106.572665004094119
3225.3978877309914 106.386558977143295
3272.3123803148205 106.178470555339231
3319.9092599067053 105.951449163461803
3368.198452054235 105.709687894523398
3417.190026675413 105.459658963688639
3466.8942001585724 105.209556303226179
3517.3213374928373 104.971266474906741
3568.4819544295697 104.754420377724671
3620.386719675257 104.561981285907365
3673.0464571162966 104.390477841224140
3726.472148076138 104.232289656502246
3780.6749336052594 104.080863039254155
3835.6661168044484 103.930074839955807
3891.45716518188 103.776858688467456
3948.059713044477 103.620847915921161
4005.4855639240527 103.460640421012656
4063.746693038744 103.297540481933510
4122.855249790247 103.132671856825070
4182.823560297375 102.968436892060623
4243.664129966465 102.805471080446964
4305.389646099183 102.644948500526283
4368.012980538242 102.485550341131969
4431.5471923516225 102.329269755935996
4496.00553055582 102.174086726666019
4561.401436878714 102.021602450518344
4627.748548562617 101.871453193162239
4695.060701208099 101.724227068839781
4763.351931659176 101.578747056336994
4832.63648093046 101.435221578901860
4902.928797176889 101.292436788563862
4974.243538706657 101.149012922586678
5046.595577037959 101.004308845924086
5120.000000000202 100.856642857142447
5194.472114880326 100.704832164495343
5270.027451614888 100.549631052616888
5346.6817660285715 100.391427096528389
5424.451043119808 100.231375361604393
5503.351500394186 100.071153752774620
5583.399591246343 99.912682054733764
5664.612008391055 99.757237184056990
5747.005687344222 99.605154734343685
5830.597809954497 99.457177744977812
5915.405807986278 99.313927736261888
6001.447366754812 99.176883226121078
6088.740428814181 99.050637442541557
6177.303197698925 98.939991368327640
6267.154141720092 98.847882418908910
6358.3119978165005 98.778722521452025
6450.795775462017 98.732459541956359
6544.624760629676 98.711153142952782
6639.818519813445 98.715162796561756
6736.396904108505 98.745152498492615
6834.380053350861 98.802300740813408
6933.788400317181 98.887977820333049
7034.642674985712 99.002881904231288
7136.963908859177 99.142836946022982
7240.773439350552 99.295640823042064
7346.092914232631 99.441077071933108
7452.944296152315 99.554532094690984
7561.349867210557 99.618517449097368
7671.332233608935 99.640605136664533
7782.914330363799 99.633163946770594
7896.119426088994 99.606552229564400
8010.971127848146 99.556588801983082
8127.49338607753 99.462509259491469
8245.710499580537 99.297005300587244
8365.647120594791 99.031683571897062
8487.328259932974 98.669912801789167
8610.77929219841 98.212346591566842
8736.025961076528 97.669663293441971
8863.094384703289 97.065047949044441
8992.011061111683 96.415737622200822
9122.802873757471 95.742173002985851
9255.497097125279 95.064789369229871
9390.121402416245 94.400802891113443
9526.7038633184 93.764279074330290
9665.272961860968 93.161443081500607
9805.857594353829 92.595092772441845
9948.487077413367 92.067656238005100
10093.19115407597 91.584613846695120
10240.000000000457 91.142599999998680
10388.944229760706 90.744780503927359
10540.05490322983 90.404446688499576
10693.363532057198 90.119281995502774
10848.902086239672 89.883877732022867
11006.703000788428 89.699961849172155
11166.799182492743 89.574961957031491
11329.224016782166 89.531244752665287
11494.0113746885 89.556228365012004
11661.195619909053 89.696848045330754
11830.811615972614 89.923730368681376
12002.894733509682 90.282457482931733
12177.48085762842 90.749327253478441
12354.606395397908 91.409394069955781
12534.308283440243 92.231208866638923
12716.62399563306 93.294445571687675
12901.591550924093 94.649038584476045
13089.249521259411 96.152715092491476
13279.637039626952 97.728510113927015
13472.793808217073 99.145479809028785
13668.760106701786 99.984576548315488
13867.576800634426 99.934366863815995
14069.285349971487 98.966596739293990
14273.927817718419 97.454629973423749
14481.54687870117 95.726567273384845
14692.18582846533 94.232117890567437
14905.888592304698 93.132677992398001
15122.699734421185 92.396416283068703
15342.664467217943 91.935748496140604
15565.828660727671 91.655652155524763
15792.238852178061 91.477037879858131
16021.942255696367 91.321068505215052
16254.986772155136 91.127076428732607
16491.42099916115 91.012169394407678
16731.294241189662 90.825277549460168
16974.65651986603 90.354896577711685
17221.558584396902 89.609578513668907
17472.051922153143 88.664711892021785
17726.188769406665 87.614697586651843
17984.022122223458 86.562093874061645
18245.605747515034 85.587767522699352
18510.99419425065 84.715138825061615
18780.242804832582 83.948707556208490
19053.40772663689 83.296818864104495
19330.545923722028 82.677367599372246
19611.71518870775 81.907595927832062
19896.974154826825 80.795558665111713
20186.382308152035 80.330500000000001
