20 108.053500000000000
20.290906698750476 108.045742462174871
20.586044732869844 108.039302363113279
20.885475648548283 108.033766279776614
21.189261887185914 108.029161086155256
21.49746679841394 108.024050659158377
21.810154653305165 108.017746109936823
22.12739065777668 108.008700565300046
22.449240966187475 107.997776571928199
22.77577269513385 107.986347981830249
23.107053937445478 107.975288371171203
23.44315377638505 107.965443961522553
23.784142300054445 107.955936086748494
24.130090616010463 107.946314086926662
24.481070866093134 107.934936177673237
24.837156241469714 107.920827993560508
25.1984209978975 107.904571055094607
25.56494047120865 107.888283836344215
25.936791093020236 107.872699332898804
26.3140504066728 107.858128091504511
26.69679708340074 107.843620109372466
27.08511093873791 107.828904104334697
27.47907294916184 107.814383616551936
27.878765268980047 107.800243215585709
28.284271247461966 107.787187591328674
28.695675446220072 107.773651359382299
29.11306365684382 107.757799071785186
29.536522918790062 107.737918193628957
29.966141537533712 107.713429932360583
30.402009102982383 107.688899545185734
30.844216508158908 107.667510285908563
31.29285596815558 107.648044691313572
31.74802103936409 107.629331137386060
32.20980663898519 107.609978314523630
32.67830906482211 107.589297783018196
33.153626015361866 107.567586829308709
33.63585661014871 107.545750595933157
34.125101410453844 107.523495537940022
34.62146244024586 107.501534190188934
35.12504320746613 107.478622969249088
35.635948725613716 107.454610409896162
36.15428553564419 107.430094294289077
36.68016172818701 107.405032398775205
37.21368696608603 107.378888277763537
37.754972507267915 107.347791056622171
38.30413122794313 107.312627404955748
38.86127764614443 107.278536955642807
39.4265279456077 107.250627687220231
40.000000000000206 107.227499999999992
40.58181339750116 107.198409233155729
41.1720894657399 107.162697943177761
41.77095129709678 107.132452389986469
42.37852377437204 107.110751661823173
42.9949335968281 107.087527482213204
43.62030930661056 107.057484564746659
44.25478131555359 107.024968481673710
44.89848193237519 106.989252709674446
45.55154539026795 106.948186372502249
46.21410787489121 106.905747630831243
46.88630755277036 106.869753036379009
47.56828460010916 106.831463958044239
48.260181232021196 106.785829005846722
48.962141732186545 106.747390927016127
49.674312482939705 106.717941915431936
50.39684199579528 106.685413795735357
51.129880942417586 106.644000222863724
51.873582186040764 106.599919321045803
52.628100813345895 106.558222043551879
53.393594166801776 106.515122310457542
54.17022187747612 106.468757770015372
54.95814589832399 106.419375052356472
55.75753053796041 106.369851273114023
56.56854249492426 106.318897551572306
57.39135089244048 106.264105437529167
58.226127313687975 106.208158488492415
59.073045837580466 106.158993799796136
59.932283075067765 106.117750412396745
60.804018205965114 106.073758847986596
61.68843301631817 106.019482681797882
62.58571193631152 105.961634105983364
63.49604207872855 105.907229559433745
64.41961327797075 105.852823203321748
65.35661812964459 105.798029384739891
66.3072520307241 105.743872130187270
67.27171322029778 105.685202784070498
68.25020282090806 105.619735599715526
69.2429248804921 105.547916246642359
70.25008641493265 105.471993778124840
71.27189745122783 105.400326665670178
72.30857107128878 105.334022879115736
73.36032345637442 105.268799622248409
74.42737393217246 105.199438572612280
75.50994501453623 105.125228714983024
76.60826245588666 105.049235533664302
77.72255529228926 104.972434753441746
78.85305589121582 104.895941026316848
80.00000000000082 104.818999999999946
81.16362679500274 104.740454994974797
82.34417893148023 104.660987932332063
83.541902594194 104.577166255871134
84.75704754874454 104.489614096751268
85.98986719365665 104.399822003350891
87.24061861322157 104.310856178857762
88.50956263110764 104.221311490560254
89.79696386475084 104.128618601737941
91.10309078053635 104.033566096167789
92.42821574978288 103.937218150762362
93.77261510554118 103.839001418437945
95.13656920021877 103.738314188352490
96.52036246404286 103.635465514451823
97.92428346437356 103.532494741461761
99.34862496587989 103.428953401092997
100.79368399159105 103.324061068613844
102.25976188483567 103.215771112598929
103.74716437208203 103.104195908109659
105.25620162669229 102.989447134140292
106.78718833360406 102.871886498312477
108.34044375495276 102.751725535031994
109.9162917966485 102.628341930816333
111.51506107592134 102.500314635181184
113.13708498984903 102.367190644686389
114.78270178488147 102.230608229863776
116.45225462737648 102.092688829862567
118.14609167516147 101.953003616677023
119.86456615013608 101.811890315664073
121.60803641193078 101.668696963024303
123.3768660326369 101.521105403555580
125.17142387262359 101.368257546954368
126.99208415745765 101.213157014931014
128.83922655594208 101.062241986016645
130.71323625928977 100.912053494076929
132.61450406144883 100.755842536884387
134.5434264405962 100.598927877294386
136.50040564181674 100.456599951617818
138.48584976098482 100.343472847598392
140.50017282986593 100.264411452965703
142.5437949024563 100.202762187109244
144.61714214257822 100.167977152146477
146.7206469127495 100.178141692832199
148.8547478643456 100.226726234221843
151.01989002907314 100.306263227261780
153.216524911774 100.402886926012187
155.4451105845792 100.501393445500085
157.70611178243232 100.591461246524034
160.00000000000236 100.674500000000080
162.3272535900062 100.760142932112217
164.6883578629612 100.844843211494009
167.08380518838874 100.928933181593607
169.51409509748981 101.024063803899594
171.97973438731407 101.129024525531960
174.4812372264439 101.229560746721887
177.01912526221608 101.315015833443354
179.5939277295025 101.382010622145756
182.20618156107355 101.426857668664965
184.85643149956664 101.447052447897136
187.54523021108326 101.444674342480198
190.27313840043846 101.423613083834567
193.04072492808663 101.386915821208149
195.84856692874806 101.337877228353790
198.69724993176072 101.282555001364784
201.58736798318304 101.222371588361568
204.5195237696723 101.156291191412691
207.49432874416505 101.086134219721430
210.5124032533856 101.014454389127650
213.57437666720915 100.941214959986979
216.68088750990657 100.866658699762240
219.83258359329807 100.791017993760846
223.03012215184378 100.717307190507597
226.2741699796992 100.646105345436467
229.5654035697641 100.578336794081451
232.90450925475412 100.514314324159670
236.2921833503241 100.451204176775377
239.72913230027333 100.388909477057553
243.21607282386276 100.326826761994340
246.75373206527502 100.266686554890327
250.34284774524843 100.217628691248080
253.9841683149166 100.171201853984826
257.67845311188546 100.115823203321725
261.42647251858085 100.052321658119297
265.22900812289896 99.991580146433037
269.08685288119375 99.942399863504875
273.0008112836349 99.892239250491826
276.97169952197106 99.841811305258318
281.00034565973334 99.798896681666562
285.0875898049141 99.759729209716753
289.23428428515797 99.723238298290624
293.44129382550057 99.690002037543650
297.7094957286928 99.656053084597588
302.0397800581479 99.619651924491208
306.4330498235497 99.580602551588058
310.89022116916016 99.540488009477556
315.41222356486645 99.500207543203231
320.00000000000654 99.457999999999942
324.6545071800142 99.417505787533884
329.3767157259242 99.378610931047419
334.16761037677935 99.341826161136481
339.02819019498156 99.303677297459643
343.95946877463007 99.274222921739522
348.9624744528898 99.250668864961995
354.03825052443415 99.204002194545879
359.187855459007 99.148771161042731
364.4123631221491 99.114408293891529
369.71286299913527 99.087435685004323
375.0904604221685 99.072129229174521
380.54627680087896 99.079923252572684
386.08144985617537 99.094244349568527
391.6971338574982 99.122540665350158
397.3944998635236 99.166839498498760
403.1747359663683 99.240739987520755
409.0390475393468 99.330384522514379
414.9886574883323 99.437525985394558
421.0248065067734 99.566354492048163
427.1487533344206 99.709070080026095
433.3617750198154 99.856608083795692
439.6651671865984 100.004702536139334
446.06024430368984 100.158662733541632
452.54833995940066 100.315621487058095
459.13080713953053 100.459246949930133
465.8090185095106 100.591236515262437
472.58436670065066 100.707159686267744
479.45826460054917 100.810189494293567
486.432145647728 100.902345035161375
493.50746413055253 100.980152467703135
500.6856954904994 101.043299868433493
507.9683366298358 101.094278356408850
515.3569062237735 101.139013970834156
522.8529450371643 101.180818034250649
530.4580162458005 101.219261455213640
538.1737057623901 101.257318898594121
546.0016225672724 101.294221934960007
553.9433990439449 101.331609683018485
562.0006913194694 101.369003110937626
570.1751796098309 101.405718236400304
578.4685685703187 101.439721131138299
586.8825876510039 101.467680151100666
595.4189914573883 101.496737419673721
604.0795601162986 101.527533432914311
612.8660996471021 101.559921662949733
621.780442338323 101.594153134733531
630.8244471297356 101.626885564954080
640.0000000000159 101.659000000000049
649.3090143600314 101.691581550260111
658.7534314518515 101.724199338508882
668.3352207535618 101.758506794712829
678.0563803899662 101.795114245481869
687.9189375492632 101.832987909564665
697.9249489057827 101.871114805841984
708.0765010488715 101.909690703985717
718.3757109180171 101.946733773758965
728.8247262443015 101.982062832918402
739.425725998274 102.017104895794290
750.1809208443404 102.052065377638570
761.0925536017613 102.086164230005494
772.1628997123541 102.120270460653401
783.3942677149998 102.154828516046166
794.7889997270506 102.189366999181146
806.34947193274 102.224048415798222
818.0780950786972 102.260403149674303
829.9773149766683 102.299346296844107
842.0496130135506 102.340842379422995
854.2975066688449 102.384399398896690
866.7235500396347 102.429440800146352
879.3303343732008 102.476671787336812
892.1204886073838 102.527219304049780
905.0966799188055 102.580023804665075
918.2616142790653 102.635473107663671
931.6180370190256 102.694281166585625
945.1687334013056 102.756454089206102
958.9165292011028 102.821725035755293
972.8642912954606 102.890821456477312
987.0149282611097 102.964809429683527
1001.3713909810035 103.044271215559036
1015.9366732596762 103.126995149790105
1030.7138124475518 103.213731888081924
1045.7058900743334 103.302682031381181
1060.916032491606 103.393648867031573
1076.3474115247852 103.488943778888654
1092.0032451345498 103.587020282090933
1107.8867980878947 103.686157716757350
1124.0013826389438 103.785452893904647
1140.350359219667 103.885298018586312
1156.9371371406426 103.985307498428369
1173.765175302013 104.085591051812074
1190.837982914782 104.187402629243621
1208.1591202326028 104.290146275648112
1225.73219929421 104.392801348280642
1243.5608846766518 104.496296222576206
1261.648894259477 104.601063586704967
1280.0000000000375 104.707000000000221
1298.6180287200684 104.814186651059828
1317.5068629037087 104.923039804841522
1336.6704415071292 105.033355038666002
1356.112760779938 105.145954012523646
1375.8378750985323 105.261151569326415
1395.8498978115715 105.378221902197694
1416.153002097749 105.497264278973461
1436.7514218360407 105.618333388832639
1457.6494524886093 105.741478780633031
1478.8514519965543 105.866069508699809
1500.3618416886875 105.992134865963266
1522.1851072035295 106.120892132500828
1544.3257994247153 106.250749184628830
1566.788535430007 106.383052359037038
1589.5779994541087 106.516927076801082
1612.6989438654878 106.651653874419821
1636.156190157402 106.787259655306627
1659.9546299533442 106.923940483333126
1684.099226027109 107.061501619313447
1708.5950133376978 107.199632074691110
1733.4471000792773 107.338465876440779
1758.6606687464096 107.477960464730316
1784.2409772147755 107.618140555136961
1810.193359837619 107.759951877516642
1836.5232285581387 107.903186363356269
1863.2360740380593 108.046915913882472
1890.3374668026197 108.190175075381774
1917.833058402214 108.334088564859556
1945.7285825909298 108.478874057821031
1974.0298565222283 108.624513462524249
2002.7427819620161 108.770213909810082
2031.8733465193618 108.915804287712831
2061.4276248951132 109.062471568237811
2091.411780148677 109.208753015044493
2121.832064983222 109.354064903796569
2152.694823049581 109.497078815451829
2184.0064902691106 109.639828881697539
2215.7735961758003 109.779615143364737
2248.002765277899 109.918478234745876
2280.7007184393456 110.054194600293997
2313.874274281297 110.187572145506437
2347.530350604038 110.316446642255073
2381.6759658295764 110.438323981257781
2416.318240465218 110.555306252186369
2451.4643985884327 110.665198110712367
2487.1217693533167 110.768584865721635
2523.2977885189675 110.861370804227960
2560.0000000000887 110.945250000000186
2597.236057440151 111.019024903392278
2635.0137258074315 111.083271275001522
2673.340883014273 111.137134908956227
2712.225521559891 111.182707222997209
2751.6757501970797 111.217924387667523
2791.699795623158 111.245604867155052
2832.3060041955137 111.263599341636251
2873.502843672097 111.271910170620316
2915.2989049772345 111.270440219004541
2957.7029039931244 111.259879635123241
3000.723683377391 111.239502467678051
3044.370214407075 111.208858154660760
3088.6515988494466 111.170014126078655
3133.57707086003 111.125244075596981
3179.1559989082334 111.072721241321034
3225.3978877309914 111.014482745949707
3272.3123803148205 110.951485791362387
3319.9092599067053 110.884131573135278
3368.198452054235 110.813202321918652
3417.190026675413 110.739371159453384
3466.8942001585724 110.663820815758982
3517.3213374928373 110.586825140261027
3568.4819544295697 110.508037790178463
3620.386719675257 110.429123787683864
3673.0464571162966 110.352274030894861
3726.472148076138 110.277203714174163
3780.6749336052594 110.203965266307335
3835.6661168044484 110.132574015162476
3891.45716518188 110.065860689170393
3948.059713044477 110.002182822824963
4005.4855639240527 109.942743001239450
4063.746693038744 109.887252866033094
4122.855249790247 109.836310975160814
4182.823560297375 109.790705022382383
4243.664129966465 109.752027803092744
4305.389646099183 109.717997275029603
4368.012980538242 109.685526626721895
4431.5471923516225 109.647571684589025
4496.00553055582 109.597695575555349
4561.401436878714 109.531144031084935
4627.748548562617 109.451393747060251
4695.060701208099 109.350896807946228
4763.351931659176 109.231177620443333
4832.63648093046 109.092710660427429
4902.928797176889 108.944349525928530
4974.243538706657 108.798012922586679
5046.595577037959 108.660298182479778
5120.000000000202 108.532214285713962
5194.472114880326 108.419921381204119
5270.027451614888 108.328344460078426
5346.6817660285715 108.250360561235169
5424.451043119808 108.179764090995604
5503.351500394186 108.115962046121666
5583.399591246343 108.059809028463434
5664.612008391055 108.008763614839495
5747.005687344222 107.958561559156749
5830.597809954497 107.908600281176618
5915.405807986278 107.859988979847145
6001.447366754812 107.815366777044773
6088.740428814181 107.777815986646260
6177.303197698925 107.748869223415966
6267.154141720092 107.732605732284981
6358.3119978165005 107.730249359934504
6450.795775462017 107.741659155092407
6544.624760629676 107.767788037629828
6639.818519813445 107.807909259906722
6736.396904108505 107.859292188903481
6834.380053350861 107.917299932277274
6933.788400317181 107.974569968164928
7034.642674985712 108.020432082745288
7136.963908859177 108.042739278177180
7240.773439350552 108.025040350702000
7346.092914232631 107.945415006917131
7452.944296152315 107.783376394349077
7561.349867210557 107.518397254003204
7671.332233608935 107.151199152260602
7782.914330363799 106.687897369302021
7896.119426088994 106.138395398974623
8010.971127848146 105.522244536181176
8127.49338607753 104.871738782975612
8245.710499580537 104.212905715799238
8365.647120594791 103.564505548788134
8487.328259932974 102.930681852680749
8610.77929219841 102.314334601697084
8736.025961076528 101.720500460761627
8863.094384703289 101.154463839124418
8992.011061111683 100.622467687812446
9122.802873757471 100.133610372912472
9255.497097125279 99.691241278117928
9390.121402416245 99.296726526227843
9526.7038633184 98.950971243144949
9665.272961860968 98.652262485029439
9805.857594353829 98.398983338329799
9948.487077413367 98.188469259604730
10093.19115407597 98.022770562580746
10240.000000000457 97.899899999999690
10388.944229760706 97.832722678852377
10540.05490322983 97.863837378026020
10693.363532057198 98.051896486911915
10848.902086239672 98.508514573050007
11006.703000788428 99.346555539196729
11166.799182492743 100.566561727724959
11329.224016782166 102.105869986034804
11494.0113746885 103.751114694775708
11661.195619909053 105.415396418095071
11830.811615972614 107.086673007121817
12002.894733509682 108.738009077333288
12177.48085762842 110.227525158993473
12354.606395397908 111.099311453707799
12534.308283440243 111.280591090464895
12716.62399563306 110.526488347235158
12901.591550924093 109.154727410894992
13089.249521259411 107.581349371040744
13279.637039626952 106.067708591783884
13472.793808217073 104.723455940149890
13668.760106701786 103.609997781696080
13867.576800634426 102.721790069646289
14069.285349971487 102.061559221652857
14273.927817718419 101.562572671129928
14481.54687870117 101.267527729656010
14692.18582846533 101.184806764832672
14905.888592304698 101.276745568982506
15122.699734421185 101.542509768168856
15342.664467217943 101.965778866486687
15565.828660727671 102.502048000748658
15792.238852178061 103.058210538790775
16021.942255696367 103.484395536886211
16254.986772155136 103.660678201013098
16491.42099916115 103.692833255885915
16731.294241189662 103.431249742008532
16974.65651986603 102.775120674858613
17221.558584396902 101.867337902486099
17472.051922153143 100.880230284429246
17726.188769406665 99.935315818428222
17984.022122223458 99.071950686951453
18245.605747515034 98.242885837852498
18510.99419425065 97.375641727936298
18780.242804832582 96.463396316004150
19053.40772663689 95.540207274149154
19330.545923722028 94.304328271873914
19611.71518870775 91.915666595893498
19896.974154826825 88.253150023262322
20186.382308152035 86.817999999999998
