20 63.831499999999998
20.290906698750476 63.858491343183033
20.586044732869844 63.885503889814771
20.885475648548283 63.911541462784641
21.189261887185914 63.938021257076784
21.49746679841394 63.963034301480903
21.810154653305165 63.986009513373659
22.12739065777668 64.005519411566539
22.449240966187475 64.021511053494834
22.77577269513385 64.036489573171281
23.107053937445478 64.053003611882502
23.44315377638505 64.075512175842803
23.784142300054445 64.102512132519095
24.130090616010463 64.132006583214434
24.481070866093134 64.157503782179134
24.837156241469714 64.176504977221327
25.1984209978975 64.188007456366023
25.56494047120865 64.194498945675363
25.936791093020236 64.202495507376767
26.3140504066728 64.215002039956730
26.69679708340074 64.230491787970536
27.08511093873791 64.244002956489197
27.47907294916184 64.254501185423877
27.878765268980047 64.260996185620925
28.284271247461966 64.268507242043881
28.695675446220072 64.279491334729173
29.11306365684382 64.294002176943948
29.536522918790062 64.308483684722773
29.966141537533712 64.320502759332655
30.402009102982383 64.329000154462364
30.844216508158908 64.336504098706797
31.29285596815558 64.344997273339246
31.74802103936409 64.357000683096231
32.20980663898519 64.371993722044976
32.67830906482211 64.384505519014681
33.153626015361866 64.392993321702889
33.63585661014871 64.398498363808756
34.125101410453844 64.406002657935289
34.62146244024586 64.419012845562392
35.12504320746613 64.433000549605737
35.635948725613716 64.439499347781776
36.15428553564419 64.435997014361135
36.68016172818701 64.430500757154434
37.21368696608603 64.432998534485421
37.754972507267915 64.441499568043952
38.30413122794313 64.448500353396611
38.86127764614443 64.450000981081786
39.4265279456077 64.451998331963267
40.000000000000206 64.457999999999998
40.58181339750116 64.464497915951469
41.1720894657399 64.466000149358507
41.77095129709678 64.466999918692977
42.37852377437204 64.470996866936659
42.9949335968281 64.475499514911888
43.62030930661056 64.477001704839580
44.25478131555359 64.480498794652647
44.89848193237519 64.486999263100344
45.55154539026795 64.486000695121916
46.21410787489121 64.475999036831325
46.88630755277036 64.470002029307125
47.56828460010916 64.474502261995084
48.260181232021196 64.479999354586823
48.962141732186545 64.477499900468970
49.674312482939705 64.477002377117799
50.39684199579528 64.482498798031642
51.129880942417586 64.481500162425078
51.873582186040764 64.468507300512726
52.628100813345895 64.457499868389888
53.393594166801776 64.456500529808352
54.17022187747612 64.455999436859202
54.95814589832399 64.453999908813557
55.75753053796041 64.453500293413782
56.56854249492426 64.448502820623162
57.39135089244048 64.441497478617194
58.226127313687975 64.435499098132084
59.073045837580466 64.429499839915309
59.932283075067765 64.426500000000004
60.804018205965114 64.426499814645155
61.68843301631817 64.417494213590402
62.58571193631152 64.405503849403416
63.49604207872855 64.399499612912138
64.41961327797075 64.391003557507844
65.35661812964459 64.381503871684501
66.3072520307241 64.374497649454383
67.27171322029778 64.365502674629340
68.25020282090806 64.358998161744040
69.2429248804921 64.350000680841461
70.25008641493265 64.336998900788529
71.27189745122783 64.324001304436436
72.30857107128878 64.309505997556712
73.36032345637442 64.299496210679777
74.42737393217246 64.286994648246832
75.50994501453623 64.271500786957233
76.60826245588666 64.261995763043984
77.72255529228926 64.244007179137924
78.85305589121582 64.222499147256954
80.00000000000082 64.204999999999984
81.16362679500274 64.184506572768413
82.34417893148023 64.164996714113059
83.541902594194 64.143001788754361
84.75704754874454 64.118499016631802
85.98986719365665 64.093002746603204
87.24061861322157 64.067507774071018
88.50956263110764 64.038509995033792
89.79696386475084 64.004500954621960
91.10309078053635 63.969997430739532
92.42821574978288 63.932493744058341
93.77261510554118 63.893511160508467
95.13656920021877 63.850513580931519
96.52036246404286 63.801486317240560
97.92428346437356 63.748488164119145
99.34862496587989 63.689015659319395
100.79368399159105 63.630012902765486
102.25976188483567 63.560011369755458
103.74716437208203 63.492991939341238
105.25620162669229 63.418990320338409
106.78718833360406 63.345492299302087
108.34044375495276 63.281986484620731
109.9162917966485 63.233994707878168
111.51506107592134 63.204999999999998
113.13708498984903 63.205001265037239
114.78270178488147 63.229495561196600
116.45225462737648 63.273006463386771
118.14609167516147 63.316001973229184
119.86456615013608 63.352990661753950
121.60803641193078 63.352500236708430
123.3768660326369 63.363999129098545
125.17142387262359 63.375503724306412
126.99208415745765 63.391500637901686
128.83922655594208 63.405501269390285
130.71323625928977 63.416000248432482
132.61450406144883 63.417999478508364
134.5434264405962 63.431501089526307
136.50040564181674 63.436498876621357
138.48584976098482 63.431000416069779
140.50017282986593 63.420997886131772
142.5437949024563 63.396002508531595
144.61714214257822 63.358497905693952
146.7206469127495 63.327505202331160
148.8547478643456 63.293004076232464
151.01989002907314 63.251002133385185
153.216524911774 63.202010595959521
155.4451105845792 63.150497481156208
157.70611178243232 63.098996735212310
160.00000000000236 63.031999999999925
162.3272535900062 62.961492266632597
164.6883578629612 62.889488574074903
167.08380518838874 62.813006219986754
169.51409509748981 62.732996567852155
171.97973438731407 62.644009586183714
174.4812372264439 62.546489811787865
177.01912526221608 62.437494648992711
179.5939277295025 62.327503087283390
182.20618156107355 62.201990784919097
184.85643149956664 62.067476732079896
187.54523021108326 61.922486371301332
190.27313840043846 61.760991174972041
193.04072492808663 61.584517539809504
195.84856692874806 61.390529920164838
198.69724993176072 61.189983049610689
201.58736798318304 60.993974970117620
204.5195237696723 60.794532392754988
207.49432874416505 60.615984967960642
210.5124032533856 60.477988410745283
213.57437666720915 60.389995938734629
216.68088750990657 60.356501212879991
219.83258359329807 60.424491016606680
223.03012215184378 60.570007700385958
226.2741699796992 60.774513041590410
229.5654035697641 61.027031596854286
232.90450925475412 61.288461577879701
236.2921833503241 61.554513389854918
239.72913230027333 61.805507910698879
243.21607282386276 62.014003396251368
246.75373206527502 62.178987504457432
250.34284774524843 62.303494718384911
253.9841683149166 62.388002460477935
257.67845311188546 62.442002901463511
261.42647251858085 62.466000000000001
265.22900812289896 62.465999964207029
269.08685288119375 62.449000648268452
273.0008112836349 62.420001398256147
276.97169952197106 62.381502913221887
281.00034565973334 62.341495983650361
285.0875898049141 62.294004766210023
289.23428428515797 62.238496891581349
293.44129382550057 62.192497005994547
297.7094957286928 62.149005138393505
302.0397800581479 62.094502768321234
306.4330498235497 62.035999278972639
310.89022116916016 61.971496527419205
315.41222356486645 61.900496832668630
320.00000000000654 61.835499999999890
324.6545071800142 61.757508257778497
329.3767157259242 61.681504575355731
334.16761037677935 61.600006627904925
339.02819019498156 61.514996451442244
343.95946877463007 61.422991426568331
348.9624744528898 61.331491540979798
354.03825052443415 61.240995573257578
359.187855459007 61.150002554025313
364.4123631221491 61.060494280192522
369.71286299913527 60.977002158002676
375.0904604221685 60.895993628688828
380.54627680087896 60.820496274315175
386.08144985617537 60.745993792048864
391.6971338574982 60.668498214606899
397.3944998635236 60.592506670826992
403.1747359663683 60.515003540243335
409.0390475393468 60.430499272927634
414.9886574883323 60.339505238413743
421.0248065067734 60.242503109483593
427.1487533344206 60.147003846597457
433.3617750198154 60.047003621119984
439.6651671865984 59.956497908533564
446.06024430368984 59.876497345343694
452.54833995940066 59.805997262973079
459.13080713953053 59.753001552727461
465.8090185095106 59.717999971313674
472.58436670065066 59.707500453441313
479.45826460054917 59.716000948525057
486.432145647728 59.741000967553809
493.50746413055253 59.788003620463982
500.6856954904994 59.843997624664716
507.9683366298358 59.902502801831758
515.3569062237735 59.963999219483298
522.8529450371643 60.030499512402805
530.4580162458005 60.097000122117208
538.1737057623901 60.154997788260580
546.0016225672724 60.203497661537142
553.9433990439449 60.248002426551665
562.0006913194694 60.296998122940437
570.1751796098309 60.349001266840503
578.4685685703187 60.407496957000674
586.8825876510039 60.469996937032064
595.4189914573883 60.525499944457010
604.0795601162986 60.576997384365470
612.8660996471021 60.620500413612604
621.780442338323 60.657501345013699
630.8244471297356 60.685001315660735
640.0000000000159 60.712000000000046
649.3090143600314 60.740500051698547
658.7534314518515 60.774501688524779
668.3352207535618 60.812000908357419
678.0563803899662 60.852001504127415
687.9189375492632 60.890999753059035
697.9249489057827 60.926999816171119
708.0765010488715 60.962001435042886
718.3757109180171 60.991499172046744
728.8247262443015 61.019499266421704
739.425725998274 61.044499353830474
750.1809208443404 61.066499838082329
761.0925536017613 61.087499140912485
772.1628997123541 61.107999814282138
783.3942677149998 61.133000740063409
794.7889997270506 61.164499999245464
806.34947193274 61.195501649692417
818.0780950786972 61.236500363566748
829.9773149766683 61.282001382735316
842.0496130135506 61.334998301144552
854.2975066688449 61.391002507454246
866.7235500396347 61.452497773190430
879.3303343732008 61.517001777746493
892.1204886073838 61.585002748581260
905.0966799188055 61.657998199435369
918.2616142790653 61.737497670731912
931.6180370190256 61.820500247230598
945.1687334013056 61.910998219527571
958.9165292011028 62.008496661122166
972.8642912954606 62.115002295204846
987.0149282611097 62.226499434747630
1001.3713909810035 62.344003288148627
1015.9366732596762 62.466497252115225
1030.7138124475518 62.593498388092243
1045.7058900743334 62.724499039470231
1060.916032491606 62.858000284256811
1076.3474115247852 62.993003614247442
1092.0032451345498 63.130502145158800
1107.8867980878947 63.269498233078401
1124.0013826389438 63.409503323428346
1140.350359219667 63.551503096907965
1156.9371371406426 63.694501181684885
1173.765175302013 63.839501519633224
1190.837982914782 63.987499851894086
1208.1591202326028 64.136001029705042
1225.73219929421 64.286501710248146
1243.5608846766518 64.439499010349863
1261.648894259477 64.595499088040611
1280.0000000000375 64.754500000000320
1298.6180287200684 64.917000249356306
1317.5068629037087 65.080998809688623
1336.6704415071292 65.248503814904993
1356.112760779938 65.416497932985123
1375.8378750985323 65.585498929868280
1395.8498978115715 65.755499131919208
1416.153002097749 65.926000017364117
1436.7514218360407 66.096503461808823
1457.6494524886093 66.268003702800385
1478.8514519965543 66.441503656148043
1500.3618416886875 66.615498719438037
1522.1851072035295 66.792500873954964
1544.3257994247153 66.972998364850781
1566.788535430007 67.157996173910490
1589.5779994541087 67.346999995472657
1612.6989438654878 67.541499527781554
1636.156190157402 67.741501641974281
1659.9546299533442 67.946996804714999
1684.099226027109 68.158001983827091
1708.5950133376978 68.373000117802377
1733.4471000792773 68.592500885130448
1758.6606687464096 68.815497070296232
1784.2409772147755 69.041999798246536
1810.193359837619 69.270503150116639
1836.5232285581387 69.501001976450794
1863.2360740380593 69.732000639248241
1890.3374668026197 69.965995396347608
1917.833058402214 70.199500485708114
1945.7285825909298 70.431496528573831
1974.0298565222283 70.660498839037160
2002.7427819620161 70.884998295213762
2031.8733465193618 71.104502485606659
2061.4276248951132 71.316497309347454
2091.411780148677 71.521498496880952
2121.832064983222 71.719000398999469
2152.694823049581 71.908498913517661
2184.0064902691106 72.091497020926397
2215.7735961758003 72.266497775388444
2248.002765277899 72.435998765540461
2280.7007184393456 72.599498592110621
2313.874274281297 72.759001275404771
2347.530350604038 72.915501570972225
2381.6759658295764 73.068499846890560
2416.318240465218 73.219501016021312
2451.4643985884327 73.368001654357727
2487.1217693533167 73.515999042691433
2523.2977885189675 73.662999140653710
2560.0000000000887 73.809000000000353
2597.236057440151 73.953500216666356
2635.0137258074315 74.095998965735589
2673.340883014273 74.235499574203345
2712.225521559891 74.369998345115221
2751.6757501970797 74.499499179987879
2791.699795623158 74.621999374471244
2832.3060041955137 74.737000010744154
2873.502843672097 74.842499599665175
2915.2989049772345 74.937499784018499
2957.7029039931244 75.020499812079748
3000.723683377391 75.091499477459720
3044.370214407075 75.148000203357967
3088.6515988494466 75.189999619522069
3133.57707086003 75.215500017101306
3179.1559989082334 75.226499999736518
3225.3978877309914 75.221000013353233
3272.3123803148205 75.199499716343965
3319.9092599067053 75.163999741648780
3368.198452054235 75.115999474055116
3417.190026675413 75.058999966993838
3466.8942001585724 74.997499718181558
3517.3213374928373 74.926499379911917
3568.4819544295697 74.832500083728235
3620.386719675257 74.710000661589078
3673.0464571162966 74.592999182895852
3726.472148076138 74.497499778717653
3780.6749336052594 74.416500099219121
3835.6661168044484 74.344499868102730
3891.45716518188 74.281499842414334
3948.059713044477 74.227500273759318
4005.4855639240527 74.178500372091406
4063.746693038744 74.133000239727039
4122.855249790247 74.092499854213699
4182.823560297375 74.057500256625787
4243.664129966465 74.023499937886612
4305.389646099183 73.994000169135774
4368.012980538242 73.970500007303244
4431.5471923516225 73.953999983587238
4496.00553055582 73.948500012169461
4561.401436878714 73.950000072431209
4627.748548562617 73.960999925155079
4695.060701208099 73.977999924538523
4763.351931659176 73.994999982987594
4832.63648093046 74.016499838926251
4902.928797176889 74.037499939405834
4974.243538706657 74.052999899739930
5046.595577037959 74.066499921080435
5120.000000000202 74.078500000000020
5194.472114880326 74.087499996198773
5270.027451614888 74.084999917518644
5346.6817660285715 74.071000042731725
5424.451043119808 74.051999981692077
5503.351500394186 74.018500212123996
5583.399591246343 73.963999457625590
5664.612008391055 73.889499990325135
5747.005687344222 73.794500360491043
5830.597809954497 73.683000253494043
5915.405807986278 73.561500275088036
6001.447366754812 73.427499413901501
6088.740428814181 73.287999302764774
6177.303197698925 73.143999671055539
6267.154141720092 72.994499768355013
6358.3119978165005 72.845500003568986
6450.795775462017 72.698000358108999
6544.624760629676 72.552500371189950
6639.818519813445 72.414999305688241
6736.396904108505 72.286000128081696
6834.380053350861 72.166999943111875
6933.788400317181 72.061000639442895
7034.642674985712 71.968500298092508
7136.963908859177 71.891500068586538
7240.773439350552 71.824499710075358
7346.092914232631 71.755000056597339
7452.944296152315 71.663999635293862
7561.349867210557 71.530500163527762
7671.332233608935 71.336499406467539
7782.914330363799 71.053001701351121
7896.119426088994 70.645002068421803
8010.971127848146 70.114999307665670
8127.49338607753 69.483997710667182
8245.710499580537 68.783002967348821
8365.647120594791 68.037999238360158
8487.328259932974 67.269498369247003
8610.77929219841 66.494998218771826
8736.025961076528 65.731500237275696
8863.094384703289 64.993003575983295
8992.011061111683 64.289999689984086
9122.802873757471 63.626500640420801
9255.497097125279 63.004999583719950
9390.121402416245 62.427998445819981
9526.7038633184 61.900500527880808
9665.272961860968 61.428000130048517
9805.857594353829 61.014498537347023
9948.487077413367 60.663499845124051
10093.19115407597 60.373999763337864
10240.000000000457 60.148499999999501
10388.944229760706 59.985999846431888
10540.05490322983 59.885000064679524
10693.363532057198 59.822500015393288
10848.902086239672 59.827000083342625
11006.703000788428 59.979500001184391
11166.799182492743 60.220000364592238
11329.224016782166 60.544500040074411
11494.0113746885 60.937998506808285
11661.195619909053 61.453002587568520
11830.811615972614 62.160998397027484
12002.894733509682 63.031998651156314
12177.48085762842 64.025004931486890
12354.606395397908 65.043501841638971
12534.308283440243 65.880496662490245
12716.62399563306 66.272999990598549
12901.591550924093 66.028000594825031
13089.249521259411 65.127002298571171
13279.637039626952 63.781499694217800
13472.793808217073 62.291001479896934
13668.760106701786 60.832499297749763
13867.576800634426 59.524001312110400
14069.285349971487 58.411998431786799
14273.927817718419 57.495000816799063
14481.54687870117 56.760500429122530
14692.18582846533 56.198000458074013
14905.888592304698 55.805500748798124
15122.699734421185 55.589000265197868
15342.664467217943 55.568500434421722
15565.828660727671 55.775999684542796
15792.238852178061 56.255499686936886
16021.942255696367 57.064001262879628
16254.986772155136 58.215005354296068
16491.42099916115 59.854493059960021
16731.294241189662 62.201492575538474
16974.65651986603 64.614001857093015
17221.558584396902 65.495998515360554
17472.051922153143 63.853007069639936
17726.188769406665 60.896002683069256
17984.022122223458 58.153990975759058
18245.605747515034 56.050495698934554
18510.99419425065 54.523499204233772
18780.242804832582 53.420497751963055
19053.40772663689 52.657500763550559
19330.545923722028 52.187001827201463
19611.71518870775 51.989999998676936
19896.974154826825 51.988000005925628
20186.382308152035 51.988000000000000
