20 103.946500000000000
20.290906698750476 103.953287845597004
20.586044732869844 103.959220895587748
20.885475648548283 103.962354756485482
21.189261887185914 103.961535796923386
21.49746679841394 103.956685157750570
21.810154653305165 103.949195331924187
22.12739065777668 103.937767420400050
22.449240966187475 103.922627619880330
22.77577269513385 103.902443390501475
23.107053937445478 103.877257232632729
23.44315377638505 103.849570475066329
23.784142300054445 103.823379861121126
24.130090616010463 103.801929084349794
24.481070866093134 103.790152242084304
24.837156241469714 103.785271407168906
25.1984209978975 103.785744078742113
25.56494047120865 103.785262943373297
25.936791093020236 103.778199332898794
26.3140504066728 103.759826431943225
26.69679708340074 103.726328298951429
27.08511093873791 103.682669726989900
27.47907294916184 103.632569396718907
27.878765268980047 103.584941994067293
28.284271247461966 103.546836943965729
28.695675446220072 103.516563797780577
29.11306365684382 103.490650862305159
29.536522918790062 103.462249460227696
29.966141537533712 103.424013403159506
30.402009102982383 103.380812484346706
30.844216508158908 103.341462730504119
31.29285596815558 103.308705432030081
31.74802103936409 103.279626653480705
32.20980663898519 103.245666435686260
32.67830906482211 103.202277548193678
33.153626015361866 103.152983772448451
33.63585661014871 103.106859757967811
34.125101410453844 103.068117799857774
34.62146244024586 103.032268854541314
35.12504320746613 102.991996024913107
35.635948725613716 102.943361332536170
36.15428553564419 102.888528591079137
36.68016172818701 102.829961562986682
37.21368696608603 102.769994433730531
37.754972507267915 102.714277646412910
38.30413122794313 102.663981972448383
38.86127764614443 102.620396256121083
39.4265279456077 102.574469611881398
40.000000000000206 102.521499999999975
40.58181339750116 102.467197235224006
41.1720894657399 102.415918987540948
41.77095129709678 102.362114301975623
42.37852377437204 102.300407911034995
42.9949335968281 102.234382014950341
43.62030930661056 102.169668357730643
44.25478131555359 102.119495264686279
44.89848193237519 102.080252709674440
45.55154539026795 102.024510475922071
46.21410787489121 101.921143348312356
46.88630755277036 101.789122193431751
47.56828460010916 101.688829887663331
48.260181232021196 101.638412250023094
48.962141732186545 101.609576115029924
49.674312482939705 101.575855537668062
50.39684199579528 101.509863113437433
51.129880942417586 101.425799260439049
51.873582186040764 101.368556733905905
52.628100813345895 101.346135304877180
53.393594166801776 101.298148540797001
54.17022187747612 101.206755538406043
54.95814589832399 101.110622283370418
55.75753053796041 101.037503755622964
56.56854249492426 101.009256133823612
57.39135089244048 101.004369728123550
58.226127313687975 100.985130968856481
59.073045837580466 100.900604849337441
59.932283075067765 100.766563840289422
60.804018205965114 100.617385636537279
61.68843301631817 100.492022130467774
62.58571193631152 100.415669827437227
63.49604207872855 100.348076528504890
64.41961327797075 100.262020992535099
65.35661812964459 100.170544077109867
66.3072520307241 100.093148845664970
67.27171322029778 100.016589236613783
68.25020282090806 99.933984991252800
69.2429248804921 99.854207511950790
70.25008641493265 99.752616056054478
71.27189745122783 99.659909691456846
72.30857107128878 99.594814314296897
73.36032345637442 99.498062802516955
74.42737393217246 99.380266798020159
75.50994501453623 99.273617490609738
76.60826245588666 99.173070243389560
77.72255529228926 99.073042079957844
78.85305589121582 98.969998917784778
80.00000000000082 98.883499999999941
81.16362679500274 98.791379315093906
82.34417893148023 98.701806415253799
83.541902594194 98.615864794186677
84.75704754874454 98.532500561899170
85.98986719365665 98.451658471558503
87.24061861322157 98.374362132817296
88.50956263110764 98.301521868444610
89.79696386475084 98.237151806762455
91.10309078053635 98.176901168470238
92.42821574978288 98.117230283805270
93.77261510554118 98.060158715937774
95.13656920021877 98.000854370626087
96.52036246404286 97.938953238992184
97.92428346437356 97.878865515018333
99.34862496587989 97.825212555418716
100.79368399159105 97.771752640336359
102.25976188483567 97.704498889911775
103.74716437208203 97.631810275138662
105.25620162669229 97.565111470379918
106.78718833360406 97.504898823879046
108.34044375495276 97.446502841475166
109.9162917966485 97.404964873514743
111.51506107592134 97.408033157628481
113.13708498984903 97.437162379818218
114.78270178488147 97.438854069882296
116.45225462737648 97.401183759766653
118.14609167516147 97.365336717761437
119.86456615013608 97.339890056923025
121.60803641193078 97.318559617076971
123.3768660326369 97.319089557813129
125.17142387262359 97.342028488416346
126.99208415745765 97.368944589102199
128.83922655594208 97.385591160639336
130.71323625928977 97.407008414391896
132.61450406144883 97.432063934906367
134.5434264405962 97.465542234574315
136.50040564181674 97.509131997321333
138.48584976098482 97.536214624402461
140.50017282986593 97.536915600882494
142.5437949024563 97.524313264768182
144.61714214257822 97.518265715714847
146.7206469127495 97.509240894818802
148.8547478643456 97.491681571783673
151.01989002907314 97.462865847511580
153.216524911774 97.424959246605709
155.4451105845792 97.385378230646737
157.70611178243232 97.348789987916220
160.00000000000236 97.307499999999948
162.3272535900062 97.253973167429848
164.6883578629612 97.180847891530419
167.08380518838874 97.100150623594786
169.51409509748981 97.037661717660242
171.97973438731407 96.989572887273425
174.4812372264439 96.942752740142851
177.01912526221608 96.890598369493460
179.5939277295025 96.837365088772259
182.20618156107355 96.786641314027378
184.85643149956664 96.737641660407974
187.54523021108326 96.692794408707101
190.27313840043846 96.650184413273067
193.04072492808663 96.608186865906106
195.84856692874806 96.576032611027017
198.69724993176072 96.553837600436736
201.58736798318304 96.538885966736743
204.5195237696723 96.533000000000001
207.49432874416505 96.534245273953474
210.5124032533856 96.540037209760158
213.57437666720915 96.551584695002447
216.68088750990657 96.562883106284673
219.83258359329807 96.566583708203353
223.03012215184378 96.554379511392625
226.2741699796992 96.536475951791857
229.5654035697641 96.534992970831382
232.90450925475412 96.533079575621045
236.2921833503241 96.497105928882078
239.72913230027333 96.439537033970424
243.21607282386276 96.374677880333110
246.75373206527502 96.320286369496387
250.34284774524843 96.229900139789436
253.9841683149166 96.175735496315610
257.67845311188546 96.198030525310287
261.42647251858085 96.179441164888516
265.22900812289896 96.108633577388389
269.08685288119375 96.026878746217719
273.0008112836349 95.952733977148213
276.97169952197106 95.875887946164283
281.00034565973334 95.808395644687351
285.0875898049141 95.756948922341024
289.23428428515797 95.707188588578106
293.44129382550057 95.646724722000044
297.7094957286928 95.588818454672733
302.0397800581479 95.532472914229544
306.4330498235497 95.474059335686007
310.89022116916016 95.417872235385502
315.41222356486645 95.358512094865119
320.00000000000654 95.302999999999940
324.6545071800142 95.260178533943872
329.3767157259242 95.210169141732607
334.16761037677935 95.151404870290264
339.02819019498156 95.092661717660221
343.95946877463007 95.041009365376226
348.9624744528898 94.988894018244650
354.03825052443415 94.942867220437421
359.187855459007 94.909372867245963
364.4123631221491 94.876702112330463
369.71286299913527 94.842366390505617
375.0904604221685 94.807105851017695
380.54627680087896 94.783334079653315
386.08144985617537 94.767204520345189
391.6971338574982 94.752082881891880
397.3944998635236 94.743478899972700
403.1747359663683 94.754053330560168
409.0390475393468 94.771357380733207
414.9886574883323 94.776511342511668
421.0248065067734 94.778469324975418
427.1487533344206 94.791088134447520
433.3617750198154 94.802787258339947
439.6651671865984 94.819800634034834
446.06024430368984 94.856831343670294
452.54833995940066 94.888183691845725
459.13080713953053 94.931136572421892
465.8090185095106 94.983702475239568
472.58436670065066 95.023749288267595
479.45826460054917 95.051603926101919
486.432145647728 95.078228582590910
493.50746413055253 95.109783588587476
500.6856954904994 95.132728551458655
507.9683366298358 95.140466357669197
515.3569062237735 95.159411997627359
522.8529450371643 95.200330906482279
530.4580162458005 95.248062983643791
538.1737057623901 95.299616679901078
546.0016225672724 95.349939002218179
553.9433990439449 95.401982330867355
562.0006913194694 95.457304597274458
570.1751796098309 95.511621149502915
578.4685685703187 95.564698838850035
586.8825876510039 95.615107267140928
595.4189914573883 95.662762553869896
604.0795601162986 95.707387855566964
612.8660996471021 95.750482919689290
621.780442338323 95.795870846311374
630.8244471297356 95.842787125074622
640.0000000000159 95.890500000000088
649.3090143600314 95.939372325390167
658.7534314518515 95.988080171977032
668.3352207535618 96.019505662260684
678.0563803899662 96.072032644300805
687.9189375492632 96.151602862923653
697.9249489057827 96.220219672997018
708.0765010488715 96.279132230926123
718.3757109180171 96.338997908870397
728.8247262443015 96.384240141289425
739.425725998274 96.415392032795154
750.1809208443404 96.470243830804833
761.0925536017613 96.545261306012108
772.1628997123541 96.606223306143448
783.3942677149998 96.654754214409422
794.7889997270506 96.700438873896829
806.34947193274 96.749014378375207
818.0780950786972 96.799215017640648
829.9773149766683 96.848983565480893
842.0496130135506 96.898873387556463
854.2975066688449 96.951338780009806
866.7235500396347 97.007982675184451
879.3303343732008 97.066419538116719
892.1204886073838 97.125491597214221
905.0966799188055 97.184722697971353
918.2616142790653 97.244640589529496
931.6180370190256 97.307817485668380
945.1687334013056 97.372551483656196
958.9165292011028 97.436738947555099
972.8642912954606 97.502396454974672
987.0149282611097 97.571188303429267
1001.3713909810035 97.641856954905023
1015.9366732596762 97.714745811182354
1030.7138124475518 97.789696528746248
1045.7058900743334 97.867455922890258
1060.916032491606 97.947293903372753
1076.3474115247852 98.027961626211393
1092.0032451345498 98.108704029904118
1107.8867980878947 98.189568761731465
1124.0013826389438 98.271006913194725
1140.350359219667 98.352458001195870
1156.9371371406426 98.432766725833545
1173.765175302013 98.513384582684552
1190.837982914782 98.593021459606689
1208.1591202326028 98.672716041046698
1225.73219929421 98.751385454017225
1243.5608846766518 98.830239438303082
1261.648894259477 98.909366838266379
1280.0000000000375 98.988000000000156
1298.6180287200684 99.066195720624279
1317.5068629037087 99.145528824195566
1336.6704415071292 99.225182332254576
1356.112760779938 99.305062319197745
1375.8378750985323 99.385143394149054
1395.8498978115715 99.465399591246296
1416.153002097749 99.545265924882841
1436.7514218360407 99.625155402976958
1457.6494524886093 99.703496996108299
1478.8514519965543 99.780788198147661
1500.3618416886875 99.857744735409085
1522.1851072035295 99.932816768780143
1544.3257994247153 100.006275138101557
1566.788535430007 100.078723313376031
1589.5779994541087 100.150191798307731
1612.6989438654878 100.220850810473763
1636.156190157402 100.291245446669052
1659.9546299533442 100.361965704661898
1684.099226027109 100.433251724519693
1708.5950133376978 100.505269339212830
1733.4471000792773 100.578503416234668
1758.6606687464096 100.653308792864294
1784.2409772147755 100.729907751188620
1810.193359837619 100.808487813906368
1836.5232285581387 100.888991543959065
1863.2360740380593 100.972061272479507
1890.3374668026197 101.057773144432332
1917.833058402214 101.145565786887090
1945.7285825909298 101.236075179246427
1974.0298565222283 101.328817929392898
2002.7427819620161 101.424916884736263
2031.8733465193618 101.525056712817772
2061.4276248951132 101.628615655874157
2091.411780148677 101.736129467873525
2121.832064983222 101.846824442062513
2152.694823049581 101.962740327588421
2184.0064902691106 102.081924987536084
2215.7735961758003 102.206002874846604
2248.002765277899 102.334411199375495
2280.7007184393456 102.467907981523297
2313.874274281297 102.606271951981455
2347.530350604038 102.749088335087293
2381.6759658295764 102.896519501785789
2416.318240465218 103.048344199395800
2451.4643985884327 103.204784878700877
2487.1217693533167 103.365118687735048
2523.2977885189675 103.529213715404808
2560.0000000000887 103.696750000000407
2597.236057440151 103.868216765660691
2635.0137258074315 104.043564053768023
2673.340883014273 104.222618628091723
2712.225521559891 104.404959951331492
2751.6757501970797 104.589584132171353
2791.699795623158 104.775111554757103
2832.3060041955137 104.957584778711990
2873.502843672097 105.134741886549364
2915.2989049772345 105.303176871764180
2957.7029039931244 105.459573641257180
3000.723683377391 105.602098681794445
3044.370214407075 105.727289720551610
3088.6515988494466 105.835932387382485
3133.57707086003 105.930770001562806
3179.1559989082334 106.010232718231350
3225.3978877309914 106.077525211804897
3272.3123803148205 106.134543618346299
3319.9092599067053 106.184311982109506
3368.198452054235 106.230060591369352
3417.190026675413 106.273955323207602
3466.8942001585724 106.316015360126869
3517.3213374928373 106.352546375745845
3568.4819544295697 106.375011571341616
3620.386719675257 106.371622108949381
3673.0464571162966 106.325504495466021
3726.472148076138 106.220790186848120
3780.6749336052594 106.043182398951132
3835.6661168044484 105.813326077145803
3891.45716518188 105.519157729333728
3948.059713044477 105.195108142820374
4005.4855639240527 104.848220912194080
4063.746693038744 104.495269621303464
4122.855249790247 104.145106107454325
4182.823560297375 103.801530923227958
4243.664129966465 103.468211516540862
4305.389646099183 103.151474385278334
4368.012980538242 102.860656848019602
4431.5471923516225 102.614543309446248
4496.00553055582 102.423317663425166
4561.401436878714 102.317880720395493
4627.748548562617 102.295844551230317
4695.060701208099 102.373197166788202
4763.351931659176 102.526197456513728
4832.63648093046 102.733568563023994
4902.928797176889 102.958255299718957
4974.243538706657 103.163247837814751
5046.595577037959 103.306591479756150
5120.000000000202 103.376928571428650
5194.472114880326 103.353875281986035
5270.027451614888 103.237697155641342
5346.6817660285715 103.046081683705538
5424.451043119808 102.797143901236666
5503.351500394186 102.510075119958827
5583.399591246343 102.208270295599760
5664.612008391055 101.910635349498506
5747.005687344222 101.627351288637513
5830.597809954497 101.366255208779009
5915.405807986278 101.133373380272189
6001.447366754812 100.932195726912553
6088.740428814181 100.765703155725376
6177.303197698925 100.626495431858672
6267.154141720092 100.506852036235642
6358.3119978165005 100.413227641976064
6450.795775462017 100.362801056134501
6544.624760629676 100.373035504117979
6639.818519813445 100.446393112587330
6736.396904108505 100.570323294244929
6834.380053350861 100.722867586695145
6933.788400317181 100.878831064463071
7034.642674985712 101.017937276857495
7136.963908859177 101.148825374681365
7240.773439350552 101.296252424632314
7346.092914232631 101.416304110820505
7452.944296152315 101.426763130443078
7561.349867210557 101.298449601295346
7671.332233608935 101.051018544208176
7782.914330363799 100.717901832739329
7896.119426088994 100.359820835067126
8010.971127848146 100.064686353322685
8127.49338607753 99.817955586413575
8245.710499580537 99.580611996995998
8365.647120594791 99.371841522047475
8487.328259932974 99.224466903243183
8610.77929219841 99.171227247730570
8736.025961076528 99.240739352521061
8863.094384703289 99.438890680993381
8992.011061111683 99.767628205834797
9122.802873757471 100.225192500844997
9255.497097125279 100.806154627076410
9390.121402416245 101.487577298148409
9526.7038633184 102.233706441417127
9665.272961860968 102.993013838850629
9805.857594353829 103.711182920786129
9948.487077413367 104.335880044250473
10093.19115407597 104.804662877575751
10240.000000000457 105.086000000000610
10388.944229760706 105.136457809400909
10540.05490322983 104.924080267129227
10693.363532057198 104.505747003228777
10848.902086239672 103.909589279518173
11006.703000788428 103.163485336690258
11166.799182492743 102.294084618916003
11329.224016782166 101.307464829563614
11494.0113746885 100.257176538470105
11661.195619909053 99.186848032582077
11830.811615972614 98.156398933626335
12002.894733509682 97.217553155832761
12177.48085762842 96.370622948807636
12354.606395397908 95.688226017257847
12534.308283440243 95.115170794392981
12716.62399563306 94.690859848399072
12901.591550924093 94.434423418983215
13089.249521259411 94.256952595608965
13279.637039626952 94.203728315326316
13472.793808217073 94.287736876299633
13668.760106701786 94.486513745114422
13867.576800634426 94.788834487162575
14069.285349971487 95.198824120181143
14273.927817718419 95.693035679789972
14481.54687870117 96.296555831332739
14692.18582846533 97.010313019979151
14905.888592304698 97.788717340558094
15122.699734421185 98.500228018135971
15342.664467217943 99.045687948615452
15565.828660727671 99.279282323738570
15792.238852178061 98.983372087151608
16021.942255696367 98.206226725766371
16254.986772155136 97.190717065173459
16491.42099916115 95.991995534252979
16731.294241189662 94.590802804216679
16974.65651986603 93.021631246950278
17221.558584396902 91.399144514668393
17472.051922153143 89.842827848003722
17726.188769406665 88.456771063363846
17984.022122223458 87.302110927683458
18245.605747515034 86.334556598580065
18510.99419425065 85.433560450671436
18780.242804832582 84.597546189383237
19053.40772663689 83.959752100979188
19330.545923722028 83.619143415850644
19611.71518870775 83.598932480392520
19896.974154826825 83.914125510535300
20186.382308152035 84.083500000000001
