20 72.613000000000000
20.290906698750476 72.577121387558734
20.586044732869844 72.543581591669451
20.885475648548283 72.511549264154837
21.189261887185914 72.480591806163403
21.49746679841394 72.445560287345018
21.810154653305165 72.407128993658844
22.12739065777668 72.363346831266824
22.449240966187475 72.317852491723045
22.77577269513385 72.275033652854660
23.107053937445478 72.237616146746859
23.44315377638505 72.205116113071625
23.784142300054445 72.173966837244961
24.130090616010463 72.139039529290557
24.481070866093134 72.093923726795708
24.837156241469714 72.040826495384053
25.1984209978975 71.982256587841647
25.56494047120865 71.925377395779222
25.936791093020236 71.874585030912414
26.3140504066728 71.830644606425793
26.69679708340074 71.789098317180162
27.08511093873791 71.744478244192749
27.47907294916184 71.693871715101807
27.878765268980047 71.640018232101468
28.284271247461966 71.586260466582473
28.695675446220072 71.534714621899809
29.11306365684382 71.485723806776647
29.536522918790062 71.437726818501574
29.966141537533712 71.387461440108552
30.402009102982383 71.334752211458124
30.844216508158908 71.279792746576803
31.29285596815558 71.223875143900955
31.74802103936409 71.168985496315671
32.20980663898519 71.114452623238734
32.67830906482211 71.059281221286170
33.153626015361866 71.002104000110478
33.63585661014871 70.942925493561859
34.125101410453844 70.883487830745537
34.62146244024586 70.824531819371714
35.12504320746613 70.766745074348847
35.635948725613716 70.708501845280040
36.15428553564419 70.648948592329631
36.68016172818701 70.586700430889380
37.21368696608603 70.521716503171419
37.754972507267915 70.456996080593171
38.30413122794313 70.394149805154200
38.86127764614443 70.332553960539684
39.4265279456077 70.267903376725343
40.000000000000206 70.196999999999974
40.58181339750116 70.125242775117442
41.1720894657399 70.061023734426172
41.77095129709678 70.000428986472699
42.37852377437204 69.936754985469520
42.9949335968281 69.871206907028025
43.62030930661056 69.804066814205299
44.25478131555359 69.735266794644474
44.89848193237519 69.665497827318774
45.55154539026795 69.596161377920282
46.21410787489121 69.527507017430736
46.88630755277036 69.456437614905383
47.56828460010916 69.385171549744015
48.260181232021196 69.316042157029898
48.962141732186545 69.246660450455252
49.674312482939705 69.176068860268899
50.39684199579528 69.100839432126293
51.129880942417586 69.022155556661602
51.873582186040764 68.947276587063897
52.628100813345895 68.878506094073174
53.393594166801776 68.808354504076220
54.17022187747612 68.738266655835389
54.95814589832399 68.669421421260694
55.75753053796041 68.585974761370352
56.56854249492426 68.501577208012662
57.39135089244048 68.428844358513189
58.226127313687975 68.362583223483853
59.073045837580466 68.284462397536544
59.932283075067765 68.207560664781425
60.804018205965114 68.131626788550676
61.68843301631817 68.050310242397188
62.58571193631152 67.972696668704742
63.49604207872855 67.892860170835704
64.41961327797075 67.811332871372485
65.35661812964459 67.736145185600776
66.3072520307241 67.662769073327013
67.27171322029778 67.579404376274681
68.25020282090806 67.498109281379612
69.2429248804921 67.419715772478909
70.25008641493265 67.336618130012852
71.27189745122783 67.255112255176158
72.30857107128878 67.173357169653343
73.36032345637442 67.095736872869224
74.42737393217246 67.014100589697506
75.50994501453623 66.922442087780240
76.60826245588666 66.834293384786463
77.72255529228926 66.754578773523676
78.85305589121582 66.674272607715892
80.00000000000082 66.604499999999945
81.16362679500274 66.522561075004575
82.34417893148023 66.433306415253810
83.541902594194 66.346162601659969
84.75704754874454 66.259310405427968
85.98986719365665 66.171059340436301
87.24061861322157 66.089560465708615
88.50956263110764 66.009324240735054
89.79696386475084 65.918347886890942
91.10309078053635 65.832758542320050
92.42821574978288 65.747138356233208
93.77261510554118 65.658311810375409
95.13656920021877 65.565850595695963
96.52036246404286 65.477060206882811
97.92428346437356 65.380984298175520
99.34862496587989 65.286911344211831
100.79368399159105 65.208199309776205
102.25976188483567 65.125920794833092
103.74716437208203 65.041172862278572
105.25620162669229 64.959211649821526
106.78718833360406 64.881739752209413
108.34044375495276 64.808499143517224
109.9162917966485 64.734548768343060
111.51506107592134 64.655439680467353
113.13708498984903 64.572382419603684
114.78270178488147 64.491821691022352
116.45225462737648 64.423409735690939
118.14609167516147 64.365319193604080
119.86456615013608 64.292614448351515
121.60803641193078 64.222978587146088
123.3768660326369 64.160465294078293
125.17142387262359 64.090143045095061
126.99208415745765 64.018464830069092
128.83922655594208 63.947290606286288
130.71323625928977 63.873133365168101
132.61450406144883 63.791579187157993
134.5434264405962 63.703589236613766
136.50040564181674 63.618107658812335
138.48584976098482 63.534808934441102
140.50017282986593 63.455243173220296
142.5437949024563 63.374520101352978
144.61714214257822 63.287771458940426
146.7206469127495 63.200953476577268
148.8547478643456 63.110745841833136
151.01989002907314 63.015604948691703
153.216524911774 62.916326464023108
155.4451105845792 62.814702957343187
157.70611178243232 62.713538753475945
160.00000000000236 62.630499999999941
162.3272535900062 62.574645913839845
164.6883578629612 62.568749313709631
167.08380518838874 62.595172706411375
169.51409509748981 62.666965138217165
171.97973438731407 62.796636753831827
174.4812372264439 62.944581738696058
177.01912526221608 63.100685766257399
179.5939277295025 63.249435095035736
182.20618156107355 63.377955478619313
184.85643149956664 63.479187965483966
187.54523021108326 63.539861841688662
190.27313840043846 63.558462074078335
193.04072492808663 63.542862430949256
195.84856692874806 63.500028661425034
198.69724993176072 63.441618301446667
201.58736798318304 63.377490536386787
204.5195237696723 63.305745635950132
207.49432874416505 63.226405959535462
210.5124032533856 63.142148574487408
213.57437666720915 63.055130264984541
216.68088750990657 62.965924484090188
219.83258359329807 62.873938783997701
223.03012215184378 62.779990161789591
226.2741699796992 62.686686155578570
229.5654035697641 62.594596267308233
232.90450925475412 62.504562334997431
236.2921833503241 62.417987599592223
239.72913230027333 62.335500824793442
243.21607282386276 62.268042834818189
246.75373206527502 62.211440286955600
250.34284774524843 62.168500082229073
253.9841683149166 62.136638527244479
257.67845311188546 62.113509668050710
261.42647251858085 62.096080873666381
265.22900812289896 62.074954195170434
269.08685288119375 62.048776225990053
273.0008112836349 62.014366785753197
276.97169952197106 61.974647392101026
281.00034565973334 61.936596923628372
285.0875898049141 61.900246727677739
289.23428428515797 61.864585155147637
293.44129382550057 61.831846166926198
297.7094957286928 61.798324034170463
302.0397800581479 61.761896951983942
306.4330498235497 61.721791534980198
310.89022116916016 61.676138955369964
315.41222356486645 61.629341873717010
320.00000000000654 61.577499999999922
324.6545071800142 61.521645913839833
329.3767157259242 61.464104068143726
334.16761037677935 61.407738958591679
339.02819019498156 61.352481450796702
343.95946877463007 61.297153949724148
348.9624744528898 61.240724038682345
354.03825052443415 61.185386894336112
359.187855459007 61.131027517680423
364.4123631221491 61.078817605090720
369.71286299913527 61.029170374108041
375.0904604221685 60.977127703071943
380.54627680087896 60.924518045134377
386.08144985617537 60.875807676222507
391.6971338574982 60.831597212604386
397.3944998635236 60.793069700736972
403.1747359663683 60.764184565490282
409.0390475393468 60.741629603420350
414.9886574883323 60.729760397302364
421.0248065067734 60.730240864114400
427.1487533344206 60.742020636670475
433.3617750198154 60.767308875099076
439.6651671865984 60.803965801221430
446.06024430368984 60.850310267404211
452.54833995940066 60.902141553671143
459.13080713953053 60.957997033644482
465.8090185095106 61.016328911958219
472.58436670065066 61.077086755070184
479.45826460054917 61.139442828876412
486.432145647728 61.206378241912510
493.50746413055253 61.280328373370800
500.6856954904994 61.360628362331809
507.9683366298358 61.441647745006925
515.3569062237735 61.523053434969995
522.8529450371643 61.608628722316325
530.4580162458005 61.698853064872793
538.1737057623901 61.788910763386291
546.0016225672724 61.874731670363630
553.9433990439449 61.959770077282158
562.0006913194694 62.045307189722479
570.1751796098309 62.130199242215355
578.4685685703187 62.210645115132095
586.8825876510039 62.288475677006687
595.4189914573883 62.363874276106415
604.0795601162986 62.435881508423122
612.8660996471021 62.501757854622156
621.780442338323 62.562525827128738
630.8244471297356 62.620446682778407
640.0000000000159 62.675500000000085
649.3090143600314 62.724372325390163
658.7534314518515 62.772204828831853
668.3352207535618 62.821009625843168
678.0563803899662 62.868170625871841
687.9189375492632 62.915114953359002
697.9249489057827 62.963832249638337
708.0765010488715 63.013574855139467
718.3757109180171 63.066553696773688
728.8247262443015 63.121329812782584
739.425725998274 63.179812779290415
750.1809208443404 63.241070448329012
761.0925536017613 63.305630942143750
772.1628997123541 63.371195636757790
783.3942677149998 63.439011319191152
794.7889997270506 63.509431248294064
806.34947193274 63.581948760910151
818.0780950786972 63.656773845123894
829.9773149766683 63.734235417731171
842.0496130135506 63.815009823343729
854.2975066688449 63.900082546681915
866.7235500396347 63.987609875282018
879.3303343732008 64.077678407487042
892.1204886073838 64.170479566833905
905.0966799188055 64.265375652737902
918.2616142790653 64.361517119182437
931.6180370190256 64.459626197871998
945.1687334013056 64.560765500509788
958.9165292011028 64.663873969008279
972.8642912954606 64.769317899430987
987.0149282611097 64.878846750336322
1001.3713909810035 64.991425414815325
1015.9366732596762 65.107555830961388
1030.7138124475518 65.226812472787216
1045.7058900743334 65.349073593113246
1060.916032491606 65.474542000847549
1076.3474115247852 65.601773343090713
1092.0032451345498 65.732714576591405
1107.8867980878947 65.864729155995150
1124.0013826389438 65.995733705806771
1140.350359219667 66.131292531928096
1156.9371371406426 66.266470083748359
1173.765175302013 66.402121402416100
1190.837982914782 66.537453326828086
1208.1591202326028 66.674118738987062
1225.73219929421 66.811400937513298
1243.5608846766518 66.946491177816739
1261.648894259477 67.085196485797965
1280.0000000000375 67.224000000000260
1298.6180287200684 67.357251891267921
1317.5068629037087 67.491797354035583
1336.6704415071292 67.619858436022412
1356.112760779938 67.743510392913606
1375.8378750985323 67.862235356836266
1395.8498978115715 67.972193200737195
1416.153002097749 68.070419109859415
1436.7514218360407 68.163518400619580
1457.6494524886093 68.247567919456714
1478.8514519965543 68.327288198147670
1500.3618416886875 68.404338814248149
1522.1851072035295 68.485084896653063
1544.3257994247153 68.572030165721870
1566.788535430007 68.670048409435026
1589.5779994541087 68.781347797215957
1612.6989438654878 68.906122043401353
1636.156190157402 69.043552759960150
1659.9546299533442 69.192904187295809
1684.099226027109 69.350872907258378
1708.5950133376978 69.512398988295558
1733.4471000792773 69.676581918521634
1758.6606687464096 69.841447920101800
1784.2409772147755 70.005772615085974
1810.193359837619 70.169810432583503
1836.5232285581387 70.332100300491163
1863.2360740380593 70.493710608670639
1890.3374668026197 70.657024800815719
1917.833058402214 70.822355011581323
1945.7285825909298 70.990286067197388
1974.0298565222283 71.161620930524705
2002.7427819620161 71.337368109066404
2031.8733465193618 71.516583525978064
2061.4276248951132 71.699208511860192
2091.411780148677 71.881900091884631
2121.832064983222 72.062534373653534
2152.694823049581 72.235869415043979
2184.0064902691106 72.403932289088829
2215.7735961758003 72.552903823173523
2248.002765277899 72.687909816736550
2280.7007184393456 72.796318702244804
2313.874274281297 72.879211024371969
2347.530350604038 72.931575558174515
2381.6759658295764 72.947396647010095
2416.318240465218 72.930777964813842
2451.4643985884327 72.868814933070155
2487.1217693533167 72.783412674036271
2523.2977885189675 72.701157088823152
2560.0000000000887 72.650999999999925
2597.236057440151 72.638731760770028
2635.0137258074315 72.649255719086426
2673.340883014273 72.661043459715899
2712.225521559891 72.660554895688023
2751.6757501970797 72.636826974862046
2791.699795623158 72.594941482478660
2832.3060041955137 72.547378915049293
2873.502843672097 72.518509033151489
2915.2989049772345 72.520821189683147
2957.7029039931244 72.554973194392431
3000.723683377391 72.602069900659700
3044.370214407075 72.634820922669604
3088.6515988494466 72.646432579942470
3133.57707086003 72.639837451970493
3179.1559989082334 72.617589520633217
3225.3978877309914 72.585689647569822
3272.3123803148205 72.547311352929256
3319.9092599067053 72.506178943881167
3368.198452054235 72.464713300274440
3417.190026675413 72.424763679459929
3466.8942001585724 72.387336175885821
3517.3213374928373 72.351201850380079
3568.4819544295697 72.315247451443597
3620.386719675257 72.282695038572115
3673.0464571162966 72.260086062865113
3726.472148076138 72.248823342230878
3780.6749336052594 72.249067493360528
3835.6661168044484 72.257229851537204
3891.45716518188 72.275753402484682
3948.059713044477 72.300163251250424
4005.4855639240527 72.332611329583330
4063.746693038744 72.371278797337069
4122.855249790247 72.414974881104925
4182.823560297375 72.455367236377043
4243.664129966465 72.474053982775416
4305.389646099183 72.445535694645443
4368.012980538242 72.352112997156752
4431.5471923516225 72.228103729309311
4496.00553055582 72.159228171481232
4561.401436878714 72.223037693169516
4627.748548562617 72.385826786830052
4695.060701208099 72.586303281764259
4763.351931659176 72.749143623978199
4832.63648093046 72.823368175953476
4902.928797176889 72.776340506728843
4974.243538706657 72.639320427588245
5046.595577037959 72.409085701515238
5120.000000000202 72.094785714284740
5194.472114880326 71.652895751972693
5270.027451614888 71.053576587684546
5346.6817660285715 70.529622172599460
5424.451043119808 70.532544530120305
5503.351500394186 71.010863188428530
5583.399591246343 71.307377577387939
5664.612008391055 71.308156293916483
5747.005687344222 71.172741720051249
5830.597809954497 70.957818526335586
5915.405807986278 70.704012285641852
6001.447366754812 70.441757406199955
6088.740428814181 70.187526252395386
6177.303197698925 69.949876845867749
6267.154141720092 69.730187766957783
6358.3119978165005 69.525588284770947
6450.795775462017 69.325543061633965
6544.624760629676 69.129634859724916
6639.818519813445 68.974695091200545
6736.396904108505 68.926742575889918
6834.380053350861 69.011695686428396
6933.788400317181 69.199261102762819
7034.642674985712 69.457231623709276
7136.963908859177 69.748107862071464
7240.773439350552 70.029452934360151
7346.092914232631 70.272799080463415
7452.944296152315 70.459533950901616
7561.349867210557 70.569155535920416
7671.332233608935 70.592705466581862
7782.914330363799 70.525331589792103
7896.119426088994 70.357365613400646
8010.971127848146 70.048278437220276
8127.49338607753 69.529514831172619
8245.710499580537 68.748827200846989
8365.647120594791 67.907411782895082
8487.328259932974 67.254206662428231
8610.77929219841 66.661413620905080
8736.025961076528 66.033353911349337
8863.094384703289 65.389293867004881
8992.011061111683 64.757172430349044
9122.802873757471 64.165299285253795
9255.497097125279 63.640170425724151
9390.121402416245 63.237196812295011
9526.7038633184 62.965784977686070
9665.272961860968 62.827609702690332
9805.857594353829 62.832092599428627
9948.487077413367 63.004132827811731
10093.19115407597 63.382354294292213
10240.000000000457 63.825100000001370
10388.944229760706 63.980993310706097
10540.05490322983 63.801158723380404
10693.363532057198 63.878268287361621
10848.902086239672 64.421987873937752
11006.703000788428 65.243036123150404
11166.799182492743 66.180150818001181
11329.224016782166 67.101577627173612
11494.0113746885 67.928004124559450
11661.195619909053 68.633155249936408
11830.811615972614 69.278921072726746
12002.894733509682 69.739243412138393
12177.48085762842 69.945285960424314
12354.606395397908 69.744572703421426
12534.308283440243 69.306944990326301
12716.62399563306 68.492524985299156
12901.591550924093 67.216215118069869
13089.249521259411 65.750874452565796
13279.637039626952 65.029430479836890
13472.793808217073 65.069470093147316
13668.760106701786 65.426335037944980
13867.576800634426 65.871892511435391
14069.285349971487 66.282933937870808
14273.927817718419 66.612067240163782
14481.54687870117 66.796968166977166
14692.18582846533 66.789590815554959
14905.888592304698 66.539813796004665
15122.699734421185 65.953980350240997
15342.664467217943 65.104305356454873
15565.828660727671 64.299787930865364
15792.238852178061 63.813453016128520
16021.942255696367 63.171498800313088
16254.986772155136 61.998764287326033
16491.42099916115 60.849693944076812
16731.294241189662 60.344948929138297
16974.65651986603 60.298513739205362
17221.558584396902 60.476519336192695
17472.051922153143 60.535916515233119
17726.188769406665 60.109836583049713
17984.022122223458 59.201426413239886
18245.605747515034 57.879595246277695
18510.99419425065 55.976978594122073
18780.242804832582 53.742783604253809
19053.40772663689 51.652166840125396
19330.545923722028 49.572975937375531
19611.71518870775 47.354673439586200
19896.974154826825 46.262500000000003
20186.382308152035 46.262500000000003
