20 100.552500000000009
20.290906698750476 100.566075691194001
20.586044732869844 100.579372015072423
20.885475648548283 100.590943233194338
21.189261887185914 100.600659929227788
21.49746679841394 100.608693008446835
21.810154653305165 100.615703112050539
22.12739065777668 100.621729336511095
22.449240966187475 100.627320680034188
22.77577269513385 100.632257719477067
23.107053937445478 100.635213695295278
23.44315377638505 100.636977180997349
23.784142300054445 100.636809466374785
24.130090616010463 100.634915907919606
24.481070866093134 100.631236612990762
24.837156241469714 100.625756886026892
25.1984209978975 100.617539475052567
25.56494047120865 100.607757949597612
25.936791093020236 100.597922193296085
26.3140504066728 100.590479336175491
26.69679708340074 100.587262010937252
27.08511093873791 100.585574448391483
27.47907294916184 100.579418547063142
27.878765268980047 100.563061736550992
28.284271247461966 100.536532470182749
28.695675446220072 100.508672446888141
29.11306365684382 100.487351790519966
29.536522918790062 100.480438275025477
29.966141537533712 100.485593698450401
30.402009102982383 100.488459818074290
30.844216508158908 100.475289206565066
31.29285596815558 100.448035802388318
31.74802103936409 100.413650401008326
32.20980663898519 100.381072375104949
32.67830906482211 100.352514692369965
33.153626015361866 100.325589691109002
33.63585661014871 100.297484460001229
34.125101410453844 100.269369625245957
34.62146244024586 100.244398577509685
35.12504320746613 100.224123487738694
35.635948725613716 100.206649640780356
36.15428553564419 100.190062862859392
36.68016172818701 100.172514177785274
37.21368696608603 100.149460903831354
37.754972507267915 100.113784351517552
38.30413122794313 100.069544800396898
38.86127764614443 100.025218600956549
39.4265279456077 99.989183849322316
40.000000000000206 99.961499999999987
40.58181339750116 99.929985002585369
41.1720894657399 99.888953797629227
41.77095129709678 99.843226997979230
42.37852377437204 99.802982711994531
42.9949335968281 99.767366115397493
43.62030930661056 99.731148658871092
44.25478131555359 99.690835602092122
44.89848193237519 99.648267893734641
45.55154539026795 99.606833644835476
46.21410787489121 99.566153584685139
46.88630755277036 99.525883143109837
47.56828460010916 99.485256605912355
48.260181232021196 99.442329005846716
48.962141732186545 99.401269523439126
49.674312482939705 99.363555837303352
50.39684199579528 99.323437477046497
51.129880942417586 99.274523260040866
51.873582186040764 99.220082440297915
52.628100813345895 99.172651792680696
53.393594166801776 99.129606297104516
54.17022187747612 99.083464436411248
54.95814589832399 99.031411572740055
55.75753053796041 98.977715165542861
56.56854249492426 98.926534636562167
57.39135089244048 98.875736244668687
58.226127313687975 98.822171088041841
59.073045837580466 98.763032883044531
59.932283075067765 98.704604750895385
60.804018205965114 98.645721526841669
61.68843301631817 98.585117276617268
62.58571193631152 98.527151966710306
63.49604207872855 98.469997370079454
64.41961327797075 98.412903590043783
65.35661812964459 98.355033057832387
66.3072520307241 98.294221365972206
67.27171322029778 98.231110353900945
68.25020282090806 98.168487019461878
69.2429248804921 98.104466957887524
70.25008641493265 98.037869253406967
71.27189745122783 97.969782870767730
72.30857107128878 97.900325738223643
73.36032345637442 97.832020269161163
74.42737393217246 97.767784938001824
75.50994501453623 97.705103043600559
76.60826245588666 97.643074377305496
77.72255529228926 97.578277145408990
78.85305589121582 97.503794713142497
80.00000000000082 97.434499999999957
81.16362679500274 97.372439749115898
82.34417893148023 97.311530759614271
83.541902594194 97.255813029774131
84.75704754874454 97.204920583227732
85.98986719365665 97.157054996047322
87.24061861322157 97.111377613112126
88.50956263110764 97.063591994406067
89.79696386475084 97.008662875103965
91.10309078053635 96.951739657700671
92.42821574978288 96.895537018962216
93.77261510554118 96.839148182156507
95.13656920021877 96.775443907015131
96.52036246404286 96.705590718579430
97.92428346437356 96.642049587162063
99.34862496587989 96.579626170643479
100.79368399159105 96.511667729734157
102.25976188483567 96.443557461220792
103.74716437208203 96.375577119176057
105.25620162669229 96.305098029612992
106.78718833360406 96.231427771653401
108.34044375495276 96.153917516415731
109.9162917966485 96.072967303632993
111.51506107592134 95.989132449369237
113.13708498984903 95.903171424697305
114.78270178488147 95.816408184814179
116.45225462737648 95.726776178174731
118.14609167516147 95.633993046259832
119.86456615013608 95.539807353546280
121.60803641193078 95.445138006159439
123.3768660326369 95.349255772757587
125.17142387262359 95.254314523787073
126.99208415745765 95.160591483549780
128.83922655594208 95.056865743691432
130.71323625928977 94.946031455522004
132.61450406144883 94.830400748190158
134.5434264405962 94.710128277632293
136.50040564181674 94.585974038923723
138.48584976098482 94.458662690416475
140.50017282986593 94.326321350462621
142.5437949024563 94.184630220096352
144.61714214257822 94.047885760732413
146.7206469127495 93.930773325476636
148.8547478643456 93.827765396531575
151.01989002907314 93.756826067453432
153.216524911774 93.733299149470639
155.4451105845792 93.740172048972624
157.70611178243232 93.723118335347294
160.00000000000236 93.730000000000103
162.3272535900062 93.834260960832268
164.6883578629612 94.017506300609483
167.08380518838874 94.251714040914223
169.51409509748981 94.506994080333925
171.97973438731407 94.755681544976483
174.4812372264439 94.977886401474180
177.01912526221608 95.154954617201383
179.5939277295025 95.277376463460399
182.20618156107355 95.344418466968051
184.85643149956664 95.374093028695739
187.54523021108326 95.380120066226894
190.27313840043846 95.354747391832376
193.04072492808663 95.304969211467039
195.84856692874806 95.247010381110542
198.69724993176072 95.184463251569497
201.58736798318304 95.115609484412005
204.5195237696723 95.044024921604631
207.49432874416505 94.975124767628373
210.5124032533856 94.914272607021260
213.57437666720915 94.864958726659069
216.68088750990657 94.828840015513549
219.83258359329807 94.796132309965344
223.03012215184378 94.767607665902389
226.2741699796992 94.743080810142118
229.5654035697641 94.720042175011656
232.90450925475412 94.697636604968309
236.2921833503241 94.677246899898051
239.72913230027333 94.656625206198356
243.21607282386276 94.630420299070323
246.75373206527502 94.596370328871728
250.34284774524843 94.553871555439144
253.9841683149166 94.504713727748623
257.67845311188546 94.448863396682739
261.42647251858085 94.387463203443417
265.22900812289896 94.320877853787820
269.08685288119375 94.251349795257312
273.0008112836349 94.176859484200477
276.97169952197106 94.102495258365508
281.00034565973334 94.032994296614390
285.0875898049141 93.965537250257938
289.23428428515797 93.896287452437861
293.44129382550057 93.827751040026897
297.7094957286928 93.759148068340920
302.0397800581479 93.691903299127773
306.4330498235497 93.627220777558534
310.89022116916016 93.562105515401029
315.41222356486645 93.494481535952957
320.00000000000654 93.427499999999895
324.6545071800142 93.359544195171793
329.3767157259242 93.291037621974112
334.16761037677935 93.223653454725081
339.02819019498156 93.157619432367753
343.95946877463007 93.092235012174882
348.9624744528898 93.026987832112439
354.03825052443415 92.961406568234793
359.187855459007 92.895814235670613
364.4123631221491 92.829904224660922
369.71286299913527 92.764060498810721
375.0904604221685 92.701479089521243
380.54627680087896 92.639906304675804
386.08144985617537 92.579420341553316
391.6971338574982 92.521941519692831
397.3944998635236 92.463357751432994
403.1747359663683 92.403988079005785
409.0390475393468 92.347895318184271
414.9886574883323 92.295098301767794
421.0248065067734 92.245881835983937
427.1487533344206 92.203860919438554
433.3617750198154 92.174930602015621
439.6651671865984 92.159644463728640
446.06024430368984 92.158948801582071
452.54833995940066 92.180261035780759
459.13080713953053 92.230382206602940
465.8090185095106 92.301708222114115
472.58436670065066 92.398730229095747
479.45826460054917 92.521025474881895
486.432145647728 92.658142912954560
493.50746413055253 92.796860369412244
500.6856954904994 92.933656782223949
507.9683366298358 93.073392459084971
515.3569062237735 93.204379086658292
522.8529450371643 93.315588285483130
530.4580162458005 93.413509552688453
538.1737057623901 93.497650204742712
546.0016225672724 93.570727613945451
553.9433990439449 93.633846718188110
562.0006913194694 93.689604355312653
570.1751796098309 93.740963487854060
578.4685685703187 93.786577127136752
586.8825876510039 93.825971644429515
595.4189914573883 93.860592167538073
604.0795601162986 93.892278460407056
612.8660996471021 93.921293456033752
621.780442338323 93.947372692395220
630.8244471297356 93.972726007250287
640.0000000000159 93.997500000000031
649.3090143600314 94.023099789490090
658.7534314518515 94.052135637500740
668.3352207535618 94.084339750562108
678.0563803899662 94.118197331364883
687.9189375492632 94.156279803319592
697.9249489057827 94.198973527740151
708.0765010488715 94.244344254719920
718.3757109180171 94.293203412406484
728.8247262443015 94.346006103845951
739.425725998274 94.402898920390669
750.1809208443404 94.464040294854954
761.0925536017613 94.526782183210130
772.1628997123541 94.592195636757793
783.3942677149998 94.660979888542869
794.7889997270506 94.732496998271316
806.34947193274 94.802009463613260
818.0780950786972 94.861150109191215
829.9773149766683 94.914089352586416
842.0496130135506 94.981040831477188
854.2975066688449 95.083796003910578
866.7235500396347 95.200468500335376
879.3303343732008 95.300379307175092
892.1204886073838 95.383884378986011
905.0966799188055 95.466340781135514
918.2616142790653 95.564482890053625
931.6180370190256 95.683353192139350
945.1687334013056 95.804830325586266
958.9165292011028 95.916717667458684
972.8642912954606 96.022482184715955
987.0149282611097 96.128149849332900
1001.3713909810035 96.235331145390234
1015.9366732596762 96.345181161657507
1030.7138124475518 96.458532046468534
1045.7058900743334 96.574880575270555
1060.916032491606 96.694206122267303
1076.3474115247852 96.815644551045807
1092.0032451345498 96.939275555434591
1107.8867980878947 97.064324842119163
1124.0013826389438 97.190399565934058
1140.350359219667 97.316421489049958
1156.9371371406426 97.441870866347074
1173.765175302013 97.567518167852342
1190.837982914782 97.691866953383808
1208.1591202326028 97.816768064501986
1225.73219929421 97.940488914123904
1243.5608846766518 98.064641649994712
1261.648894259477 98.188212480964438
1280.0000000000375 98.311500000000251
1298.6180287200684 98.434378989552457
1317.5068629037087 98.559045295164481
1336.6704415071292 98.683024347720988
1356.112760779938 98.807218849972102
1375.8378750985323 98.931778613120755
1395.8498978115715 99.057854356212914
1416.153002097749 99.184148613006045
1436.7514218360407 99.311352458745745
1457.6494524886093 99.439161660180503
1478.8514519965543 99.568108711979335
1500.3618416886875 99.697156576464579
1522.1851072035295 99.827223238933030
1544.3257994247153 99.957635700617317
1566.788535430007 100.089380817619841
1589.5779994541087 100.222343956822911
1612.6989438654878 100.356907853297145
1636.156190157402 100.493875274322377
1659.9546299533442 100.633135038927534
1684.099226027109 100.774503449039400
1708.5950133376978 100.918882478959176
1733.4471000792773 101.066344716472486
1758.6606687464096 101.216964012478456
1784.2409772147755 101.370815502377241
1810.193359837619 101.527975627812722
1836.5232285581387 101.688061229633490
1863.2360740380593 101.851534216074441
1890.3374668026197 102.019092294176232
1917.833058402214 102.189921623261768
1945.7285825909298 102.364260927019231
1974.0298565222283 102.541426901829141
2002.7427819620161 102.722279526360694
2031.8733465193618 102.905802083071990
2061.4276248951132 103.091970243090969
2091.411780148677 103.280417744605813
2121.832064983222 103.472542009394317
2152.694823049581 103.666818699924249
2184.0064902691106 103.863540564181932
2215.7735961758003 104.061099126337751
2248.002765277899 104.259816868195173
2280.7007184393456 104.458382655943396
2313.874274281297 104.656589456164340
2347.530350604038 104.853383860993347
2381.6759658295764 105.047427307791367
2416.318240465218 105.238890469186600
2451.4643985884327 105.424614872659845
2487.1217693533167 105.605182032653801
2523.2977885189675 105.776543494256714
2560.0000000000887 105.939500000000379
2597.236057440151 106.091574271862584
2635.0137258074315 106.232298269089469
2673.340883014273 106.357648498381934
2712.225521559891 106.469508908211708
2751.6757501970797 106.563354225453281
2791.699795623158 106.639163384676394
2832.3060041955137 106.694059445202441
2873.502843672097 106.731276848386869
2915.2989049772345 106.749570923348415
2957.7029039931244 106.748456664163157
3000.723683377391 106.728339638918129
3044.370214407075 106.687182905804718
3088.6515988494466 106.627789456740203
3133.57707086003 106.552471845680458
3179.1559989082334 106.461272402292707
3225.3978877309914 106.357814963832169
3272.3123803148205 106.242880306394056
3319.9092599067053 106.117846813053774
3368.198452054235 105.984498380686517
3417.190026675413 105.845164623441576
3466.8942001585724 105.702513645544897
3517.3213374928373 105.558653828270195
3568.4819544295697 105.416044264407276
3620.386719675257 105.277198396041086
3673.0464571162966 105.143344786351577
3726.472148076138 105.013231566098028
3780.6749336052594 104.883599266015977
3835.6661168044484 104.751431336165183
3891.45716518188 104.615295838022007
3948.059713044477 104.476265829834489
4005.4855639240527 104.336926072647671
4063.746693038744 104.197914269381045
4122.855249790247 104.053648063076821
4182.823560297375 103.887686458214631
4243.664129966465 103.697776965747522
4305.389646099183 103.564912805880823
4368.012980538242 103.484434098840651
4431.5471923516225 103.394075439497684
4496.00553055582 103.286323885300476
4561.401436878714 103.167744464104686
4627.748548562617 103.043906900207077
4695.060701208099 102.917314973453415
4763.351931659176 102.789798926430535
4832.63648093046 102.661875239897256
4902.928797176889 102.533287342305115
4974.243538706657 102.403290904682905
5046.595577037959 102.270880627192753
5120.000000000202 102.135214285713914
5194.472114880326 101.996591271544531
5270.027451614888 101.854573185076902
5346.6817660285715 101.709596405583397
5424.451043119808 101.563313047875795
5503.351500394186 101.417180806416425
5583.399591246343 101.272776983201879
5664.612008391055 101.131221225483472
5747.005687344222 100.993145701192191
5830.597809954497 100.859991328869171
5915.405807986278 100.732931868819207
6001.447366754812 100.612681745514266
6088.740428814181 100.504447959938787
6177.303197698925 100.411561962186028
6267.154141720092 100.334455540166942
6358.3119978165005 100.275470601255506
6450.795775462017 100.233975457465618
6544.624760629676 100.211198781118156
6639.818519813445 100.206389111188798
6736.396904108505 100.218917241506588
6834.380053350861 100.248080121073585
6933.788400317181 100.292245736171282
7034.642674985712 100.350690952115642
7136.963908859177 100.420114014378612
7240.773439350552 100.494245274742127
7346.092914232631 100.562733890254918
7452.944296152315 100.611206896249499
7561.349867210557 100.618831266598676
7671.332233608935 100.568262464767855
7782.914330363799 100.443893547550061
7896.119426088994 100.228507399632122
8010.971127848146 99.905321087615874
8127.49338607753 99.478115563405908
8245.710499580537 98.959324307610018
8365.647120594791 98.364933176732080
8487.328259932974 97.723765820189129
8610.77929219841 97.056907080976103
8736.025961076528 96.384922347151218
8863.094384703289 95.725357387514762
8992.011061111683 95.088938728312002
9122.802873757471 94.487217149934935
9255.497097125279 93.931780172373948
9390.121402416245 93.428846336965989
9526.7038633184 92.986170062473803
9665.272961860968 92.604907116664236
9805.857594353829 92.284425463686901
9948.487077413367 92.025706038961175
10093.19115407597 91.837572721533647
10240.000000000457 91.718999999999724
10388.944229760706 91.679823420365693
10540.05490322983 91.736469584074939
10693.363532057198 91.890071685712641
10848.902086239672 92.152221679200977
11006.703000788428 92.548268061575214
11166.799182492743 93.114279663025229
11329.224016782166 93.922785043708529
11494.0113746885 94.931999077658858
11661.195619909053 96.288774192756506
11830.811615972614 97.847819894187950
12002.894733509682 99.566996424197697
12177.48085762842 101.032871964925164
12354.606395397908 101.556045494297621
12534.308283440243 101.163631867882344
12716.62399563306 99.732300522126422
12901.591550924093 97.970281936359868
13089.249521259411 96.201203441727358
13279.637039626952 94.745804798368852
13472.793808217073 93.630269875352624
13668.760106701786 92.772745421742172
13867.576800634426 92.152073358540832
14069.285349971487 91.799231206186533
14273.927817718419 91.656663620322831
14481.54687870117 91.803707659618070
14692.18582846533 92.238311991083634
14905.888592304698 92.818571135160511
15122.699734421185 93.361712418382396
15342.664467217943 93.603248884178385
15565.828660727671 93.273393924052925
15792.238852178061 92.224816385292016
16021.942255696367 90.548174291239093
16254.986772155136 88.559666378077679
16491.42099916115 86.837006600111863
16731.294241189662 85.327523227117481
16974.65651986603 83.666211082440924
17221.558584396902 81.888358966135229
17472.051922153143 80.137462725658438
17726.188769406665 78.632462270057786
17984.022122223458 77.565900219017323
18245.605747515034 76.957255240516616
18510.99419425065 76.655126270209294
18780.242804832582 76.320062304505910
19053.40772663689 75.462023546286687
19330.545923722028 73.709883477088795
19611.71518870775 71.748026651736012
19896.974154826825 71.287814289810314
20186.382308152035 71.478000000000009
