20 104.164500000000004
20.290906698750476 104.150924308806012
20.586044732869844 104.136674502329612
20.885475648548283 104.121726217572586
21.189261887185914 104.103644344621031
21.49746679841394 104.084299140856899
21.810154653305165 104.062763718816782
22.12739065777668 104.040241892277848
22.449240966187475 104.018299347866659
22.77577269513385 103.997579969717094
23.107053937445478 103.978612013813887
23.44315377638505 103.959649332546434
23.784142300054445 103.938760928371522
24.130090616010463 103.915459989692522
24.481070866093134 103.888514323140924
24.837156241469714 103.859341765614289
25.1984209978975 103.829378293920826
25.56494047120865 103.800423257628481
25.936791093020236 103.772240644320263
26.3140504066728 103.744136348965156
26.69679708340074 103.715494222390703
27.08511093873791 103.685191174263721
27.47907294916184 103.653674188252523
27.878765268980047 103.622047235067825
28.284271247461966 103.589758300203044
28.695675446220072 103.556650288856176
29.11306365684382 103.522954907452487
29.536522918790062 103.489187735253168
29.966141537533712 103.456107101609902
30.402009102982383 103.423339272297170
30.844216508158908 103.387421920996502
31.29285596815558 103.348401892905798
31.74802103936409 103.306186022299769
32.20980663898519 103.263407595852357
32.67830906482211 103.221665420425296
33.153626015361866 103.180941788694241
33.63585661014871 103.139816331527214
34.125101410453844 103.097616177290519
34.62146244024586 103.054432767698614
35.12504320746613 103.010621240950456
35.635948725613716 102.965764614694763
36.15428553564419 102.919114301792021
36.68016172818701 102.871605282734976
37.21368696608603 102.823695546984425
37.754972507267915 102.776827367843126
38.30413122794313 102.730253060852775
38.86127764614443 102.683291467942055
39.4265279456077 102.635245132429759
40.000000000000206 102.586999999999989
40.58181339750116 102.540454773049149
41.1720894657399 102.493709652080668
41.77095129709678 102.446775410978788
42.37852377437204 102.398631315558617
42.9949335968281 102.350642518387559
43.62030930661056 102.303476847119981
44.25478131555359 102.253513909246948
44.89848193237519 102.199629064511669
45.55154539026795 102.144229102336226
46.21410787489121 102.089359690478602
46.88630755277036 102.035280272276779
47.56828460010916 101.982427436952690
48.260181232021196 101.930926302366402
48.962141732186545 101.876341528271325
49.674312482939705 101.817226345566382
50.39684199579528 101.756012467865105
51.129880942417586 101.697052000796361
51.873582186040764 101.640214532036140
52.628100813345895 101.581519534840083
53.393594166801776 101.520758423958142
54.17022187747612 101.459411101182440
54.95814589832399 101.397830120301748
55.75753053796041 101.335442950400534
56.56854249492426 101.273575041633222
57.39135089244048 101.212235709405633
58.226127313687975 101.150766578787085
59.073045837580466 101.088094608019048
59.932283075067765 101.024511052444979
60.804018205965114 100.961204301697848
61.68843301631817 100.896271328423495
62.58571193631152 100.831276991798859
63.49604207872855 100.766032991370906
64.41961327797075 100.699158424069140
65.35661812964459 100.630823494665592
66.3072520307241 100.562838731833949
67.27171322029778 100.495115931189304
68.25020282090806 100.427361106767790
69.2429248804921 100.359481108126545
70.25008641493265 100.291369253406970
71.27189745122783 100.223282870767733
72.30857107128878 100.153825738223645
73.36032345637442 100.083178166694722
74.42737393217246 100.011579633510536
75.50994501453623 99.939291103085949
76.60826245588666 99.865991732168112
77.72255529228926 99.792705135368038
78.85305589121582 99.720139975156272
80.00000000000082 99.647499999999951
81.16362679500274 99.574773143495179
82.34417893148023 99.502088966703596
83.541902594194 99.429184526927003
84.75704754874454 99.355678413959382
85.98986719365665 99.282020265595293
87.24061861322157 99.207062847292448
88.50956263110764 99.130416679502432
89.79696386475084 99.051885204250198
91.10309078053635 98.970097031550495
92.42821574978288 98.885583137706618
93.77261510554118 98.800238073906641
95.13656920021877 98.715976539428510
96.52036246404286 98.636372808946618
97.92428346437356 98.563928174735778
99.34862496587989 98.491182751154568
100.79368399159105 98.393415455308542
102.25976188483567 98.286569922023119
103.74716437208203 98.186434385194119
105.25620162669229 98.091825270030029
106.78718833360406 98.002942245540567
108.34044375495276 97.919516776824139
109.9162917966485 97.837753645177372
111.51506107592134 97.754459257143765
113.13708498984903 97.666776286206115
114.78270178488147 97.576860890560781
116.45225462737648 97.489746703054180
118.14609167516147 97.406734909880498
119.86456615013608 97.333038736283584
121.60803641193078 97.266578719188516
123.3768660326369 97.216283537494959
125.17142387262359 97.177157207074146
126.99208415745765 97.155883467002766
128.83922655594208 97.150219337047957
130.71323625928977 97.151825631079390
132.61450406144883 97.155536260153610
134.5434264405962 97.158320716949248
136.50040564181674 97.152746957686375
138.48584976098482 97.135912727748675
140.50017282986593 97.110580596860444
142.5437949024563 97.078223247377764
144.61714214257822 97.032997159649412
146.7206469127495 96.971692333852417
148.8547478643456 96.901667623039373
151.01989002907314 96.829047607046391
153.216524911774 96.754131883246714
155.4451105845792 96.670517532383002
157.70611178243232 96.579585307554595
160.00000000000236 96.491499999999917
162.3272535900062 96.410046124349776
164.6883578629612 96.332221862094869
167.08380518838874 96.256568517084588
169.51409509748981 96.188716613348276
171.97973438731407 96.136301259131187
174.4812372264439 96.103810143063839
177.01912526221608 96.090327324003582
179.5939277295025 96.093944212096716
182.20618156107355 96.110884507239732
184.85643149956664 96.137978173895405
187.54523021108326 96.171078946701869
190.27313840043846 96.205176756324306
193.04072492808663 96.230136204582905
195.84856692874806 96.243197133857507
198.69724993176072 96.242908250204721
201.58736798318304 96.225507372142943
204.5195237696723 96.196025476648771
207.49432874416505 96.158328452372388
210.5124032533856 96.113805682363619
213.57437666720915 96.064522784991055
216.68088750990657 96.009914246699168
219.83258359329807 95.952597203523993
223.03012215184378 95.891927679114957
226.2741699796992 95.829911742055771
229.5654035697641 95.768112466697744
232.90450925475412 95.706266578787051
236.2921833503241 95.640838947587469
239.72913230027333 95.574248061682198
243.21607282386276 95.506205552625730
246.75373206527502 95.435894575202653
250.34284774524843 95.363143045095029
253.9841683149166 95.290316633701664
257.67845311188546 95.216430937762297
261.42647251858085 95.141898858693210
265.22900812289896 95.066977089572745
269.08685288119375 94.990820844296920
273.0008112836349 94.915359484200479
276.97169952197106 94.839294784202053
281.00034565973334 94.761693328767137
285.0875898049141 94.682853311667614
289.23428428515797 94.604895455439021
293.44129382550057 94.523738899785286
297.7094957286928 94.439310085426143
302.0397800581479 94.353979261373382
306.4330498235497 94.269366545048626
310.89022116916016 94.184099520139810
315.41222356486645 94.098832641693491
320.00000000000654 94.013499999999880
324.6545071800142 93.928787969323736
329.3767157259242 93.844156788505956
334.16761037677935 93.760066818406358
339.02819019498156 93.678229223743813
343.95946877463007 93.597460658973532
348.9624744528898 93.518289151089618
354.03825052443415 93.442637717290822
359.187855459007 93.370288809119813
364.4123631221491 93.302521752036483
369.71286299913527 93.239859502910122
375.0904604221685 93.182685856200493
380.54627680087896 93.133583508792100
386.08144985617537 93.090297271064301
391.6971338574982 93.058840047248140
397.3944998635236 93.035034850368490
403.1747359663683 93.026941754677878
409.0390475393468 93.034104126771595
414.9886574883323 93.060430054511386
421.0248065067734 93.108383834637237
427.1487533344206 93.174396605013868
433.3617750198154 93.259320254467198
439.6651671865984 93.360950056680707
446.06024430368984 93.474614519618257
452.54833995940066 93.595408791236736
459.13080713953053 93.717624874428481
465.8090185095106 93.836522987498171
472.58436670065066 93.946540048153082
479.45826460054917 94.046597256936224
486.432145647728 94.137845035161376
493.50746413055253 94.218441380901936
500.6856954904994 94.288699843764789
507.9683366298358 94.349236798235509
515.3569062237735 94.401166930644337
522.8529450371643 94.445977961445124
530.4580162458005 94.485561073106112
538.1737057623901 94.520244453267381
546.0016225672724 94.553506490269086
553.9433990439449 94.584666283974542
562.0006913194694 94.613802350486196
570.1751796098309 94.641595610673420
578.4685685703187 94.669793133139081
586.8825876510039 94.698744927395964
595.4189914573883 94.727382671809380
604.0795601162986 94.755758570377964
612.8660996471021 94.783098298941297
621.780442338323 94.808388375085315
630.8244471297356 94.830813783685414
640.0000000000159 94.851000000000028
649.3090143600314 94.869152578002058
658.7534314518515 94.885380833468147
668.3352207535618 94.901253114243374
678.0563803899662 94.918098665682436
687.9189375492632 94.937733821975996
697.9249489057827 94.960623629928591
708.0765010488715 94.987306552831953
718.3757109180171 95.016789561662250
728.8247262443015 95.047532942420688
739.425725998274 95.080691036894564
750.1809208443404 95.116163376429242
761.0925536017613 95.156172696539798
772.1628997123541 95.199369837333080
783.3942677149998 95.244722783761148
794.7889997270506 95.290938873896835
806.34947193274 95.338720694383625
818.0780950786972 95.388448790528287
829.9773149766683 95.439632176629374
842.0496130135506 95.492723258560972
854.2975066688449 95.548734093899157
866.7235500396347 95.607891050192080
879.3303343732008 95.669435155147340
892.1204886073838 95.733814491897647
905.0966799188055 95.800545207910446
918.2616142790653 95.869975553261156
931.6180370190256 95.941635583948596
945.1687334013056 96.015129336482119
958.9165292011028 96.090540910606052
972.8642912954606 96.167671459482563
987.0149282611097 96.246968443312397
1001.3713909810035 96.328408354657114
1015.9366732596762 96.412463927348114
1030.7138124475518 96.498731888081920
1045.7058900743334 96.587575413251528
1060.916032491606 96.677465660533244
1076.3474115247852 96.769539555431209
1092.0032451345498 96.863019470807302
1107.8867980878947 96.958320788527374
1124.0013826389438 97.054785996798159
1140.350359219667 97.151808360415544
1156.9371371406426 97.249019187389663
1173.765175302013 97.347370404899323
1190.837982914782 97.446526824508368
1208.1591202326028 97.546414941337474
1225.73219929421 97.647118943602763
1243.5608846766518 97.748511679834365
1261.648894259477 97.850622104328380
1280.0000000000375 97.954000000000207
1298.6180287200684 98.057463045315814
1317.5068629037087 98.162287745970389
1336.6704415071292 98.265603623100816
1356.112760779938 98.368091994094669
1375.8378750985323 98.468877216125051
1395.8498978115715 98.567664499276702
1416.153002097749 98.664188326561060
1436.7514218360407 98.759881398262195
1457.6494524886093 98.853004601900111
1478.8514519965543 98.945407185505331
1500.3618416886875 99.036998024591156
1522.1851072035295 99.127346343822609
1544.3257994247153 99.217462745664349
1566.788535430007 99.307654141720036
1589.5779994541087 99.398228877838278
1612.6989438654878 99.489279859952717
1636.156190157402 99.580562894007571
1659.9546299533442 99.672424871619910
1684.099226027109 99.765441027944092
1708.5950133376978 99.859161050683255
1733.4471000792773 99.953261096298093
1758.6606687464096 100.047890901111572
1784.2409772147755 100.143376435238963
1810.193359837619 100.239919298595936
1836.5232285581387 100.337405481093953
1863.2360740380593 100.435444030979298
1890.3374668026197 100.534021629825475
1917.833058402214 100.633199010247978
1945.7285825909298 100.733208325675520
1974.0298565222283 100.835007483480027
2002.7427819620161 100.937691162932452
2031.8733465193618 101.040619157701741
2061.4276248951132 101.145020480881158
2091.411780148677 101.250441230520366
2121.832064983222 101.356820624192110
2152.694823049581 101.463455824809188
2184.0064902691106 101.571722229171712
2215.7735961758003 101.679933057045531
2248.002765277899 101.789076022523560
2280.7007184393456 101.899347406771810
2313.874274281297 102.010016343032959
2347.530350604038 102.121350156993330
2381.6759658295764 102.233217838518996
2416.318240465218 102.345490340163110
2451.4643985884327 102.457917770500629
2487.1217693533167 102.571218936285504
2523.2977885189675 102.684514366765285
2560.0000000000887 102.797750000000264
2597.236057440151 102.910492721602452
2635.0137258074315 103.022540262368466
2673.340883014273 103.133313277628361
2712.225521559891 103.243231460367696
2751.6757501970797 103.351316419287031
2791.699795623158 103.457211963510787
2832.3060041955137 103.561380310698567
2873.502843672097 103.664081966996633
2915.2989049772345 103.765105415746277
2957.7029039931244 103.864562621104312
3000.723683377391 103.962601149472476
3044.370214407075 104.058895960975207
3088.6515988494466 104.153401502569452
3133.57707086003 104.247422422034560
3179.1559989082334 104.340686677783708
3225.3978877309914 104.433541796584677
3272.3123803148205 104.526009141613898
3319.9092599067053 104.618225779020875
3368.198452054235 104.709303167259250
3417.190026675413 104.797754446948730
3466.8942001585724 104.883544372263231
3517.3213374928373 104.965521286488823
3568.4819544295697 105.044222931644356
3620.386719675257 105.120653009135623
3673.0464571162966 105.194573646249324
3726.472148076138 105.267237399902783
3780.6749336052594 105.338220093681002
3835.6661168044484 105.407299340165338
3891.45716518188 105.471298238005744
3948.059713044477 105.531438445109757
4005.4855639240527 105.581519903517943
4063.746693038744 105.617842565005546
4122.855249790247 105.638333112475522
4182.823560297375 105.644737812258100
4243.664129966465 105.639088330788837
4305.389646099183 105.622806266938568
4368.012980538242 105.595394158757784
4431.5471923516225 105.554054702168941
4496.00553055582 105.499961873518288
4561.401436878714 105.430492520406148
4627.748548562617 105.347135462108156
4695.060701208099 105.245004384383435
4763.351931659176 105.126249846085869
4832.63648093046 104.990084295618118
4902.928797176889 104.834293355104904
4974.243538706657 104.663461878878479
5046.595577037959 104.475439276136427
5120.000000000202 104.274214285713725
5194.472114880326 104.060395550920191
5270.027451614888 103.835917645155334
5346.6817660285715 103.603912374650534
5424.451043119808 103.366289303582874
5503.351500394186 103.125277923797739
5583.399591246343 102.884697473706268
5664.612008391055 102.646979055582023
5747.005687344222 102.412854132309619
5830.597809954497 102.185445694118300
5915.405807986278 101.974419471147229
6001.447366754812 101.804971218865234
6088.740428814181 101.716755742711484
6177.303197698925 101.667713561035484
6267.154141720092 101.638479744884478
6358.3119978165005 101.641704599617896
6450.795775462017 101.674651866608315
6544.624760629676 101.729621713425033
6639.818519813445 101.797062982459153
6736.396904108505 101.873437368492233
6834.380053350861 101.960504851216825
6933.788400317181 102.060667240348906
7034.642674985712 102.176976557107068
7136.963908859177 102.310564652858545
7240.773439350552 102.459864026222576
7346.092914232631 102.620444017060578
7452.944296152315 102.785269494593805
7561.349867210557 102.942622940754660
7671.332233608935 103.074739938605759
7782.914330363799 103.159969021121015
7896.119426088994 103.167761173621386
8010.971127848146 103.052229222995692
8127.49338607753 102.790003714454116
8245.710499580537 102.379881266839817
8365.647120594791 101.843698364088098
8487.328259932974 101.232520276507955
8610.77929219841 100.579946590580107
8736.025961076528 99.920971196955335
8863.094384703289 99.280369095996519
8992.011061111683 98.673601272367677
9122.802873757471 98.113230496601091
9255.497097125279 97.605894440499057
9390.121402416245 97.154557517851941
9526.7038633184 96.761738946829553
9665.272961860968 96.429230272986416
9805.857594353829 96.156116274105301
9948.487077413367 95.944464339120515
10093.19115407597 95.801340704936706
10240.000000000457 95.722799999999836
10388.944229760706 95.711847396866361
10540.05490322983 95.778783628228268
10693.363532057198 95.914465343980623
10848.902086239672 96.109995858148352
11006.703000788428 96.353725823158669
11166.799182492743 96.633882805442227
11329.224016782166 96.933782342251348
11494.0113746885 97.225144668732199
11661.195619909053 97.457143977374955
11830.811615972614 97.620828713038307
12002.894733509682 97.670137144794126
12177.48085762842 97.628598720168839
12354.606395397908 97.448537296457999
12534.308283440243 97.196133361930777
12716.62399563306 96.881520967831378
12901.591550924093 96.564954464123389
13089.249521259411 96.256391144329172
13279.637039626952 96.009168404778649
13472.793808217073 95.853332863699592
13668.760106701786 95.791921495998679
13867.576800634426 95.795447100079315
14069.285349971487 95.810267866250712
14273.927817718419 95.805151804557042
14481.54687870117 95.717357498223436
14692.18582846533 95.495942473717349
14905.888592304698 95.135499897436461
15122.699734421185 94.623247521312067
15342.664467217943 93.950950417523970
15565.828660727671 93.108170466012794
15792.238852178061 92.071213777925209
16021.942255696367 90.794514918120427
16254.986772155136 89.260818626811300
16491.42099916115 87.497965030254477
16731.294241189662 85.371317957070602
16974.65651986603 83.016794809544621
17221.558584396902 81.389246902038508
17472.051922153143 81.610361148342747
17726.188769406665 82.693277921110834
17984.022122223458 83.157245581535207
18245.605747515034 82.418648548218300
18510.99419425065 80.682839841874284
18780.242804832582 79.009291028710550
19053.40772663689 78.058693714034547
19330.545923722028 77.556556156754013
19611.71518870775 77.276321114698050
19896.974154826825 77.144523029887097
20186.382308152035 77.116500000000002
