20 103.286000000000001
20.290906698750476 103.275333385490427
20.586044732869844 103.258314054535745
20.885475648548283 103.237992497349211
21.189261887185914 103.216751735391199
21.49746679841394 103.200601318316728
21.810154653305165 103.188246109936813
22.12739065777668 103.180633710200027
22.449240966187475 103.172858639931619
22.77577269513385 103.160963975773669
23.107053937445478 103.143719894694769
23.44315377638505 103.121479199055713
23.784142300054445 103.097610038996194
24.130090616010463 103.073393626524691
24.481070866093134 103.049277710150164
24.837156241469714 103.024670508263029
25.1984209978975 102.999110530147163
25.56494047120865 102.974278842568538
25.936791093020236 102.951134493978856
26.3140504066728 102.929917344701920
26.69679708340074 102.908438171350213
27.08511093873791 102.883542277480757
27.47907294916184 102.851081143401188
27.878765268980047 102.812971929688217
28.284271247461966 102.772572875253800
28.695675446220072 102.732606508055312
29.11306365684382 102.694615716481962
29.536522918790062 102.659979918603483
29.966141537533712 102.630336233910171
30.402009102982383 102.602856014766218
30.844216508158908 102.568340301981252
31.29285596815558 102.522821563662106
31.74802103936409 102.470229559433761
32.20980663898519 102.426103728632057
32.67830906482211 102.402825364027677
33.153626015361866 102.396002861800298
33.63585661014871 102.381854180679440
34.125101410453844 102.339361512409639
34.62146244024586 102.271645021283859
35.12504320746613 102.202120203971262
35.635948725613716 102.150847640481430
36.15428553564419 102.115742867861343
36.68016172818701 102.081668032114152
37.21368696608603 102.038340799120078
37.754972507267915 101.985592170901299
38.30413122794313 101.928670456293901
38.86127764614443 101.873186679763023
39.4265279456077 101.823020652978130
40.000000000000206 101.779499999999985
40.58181339750116 101.736348695847653
41.1720894657399 101.687325949558584
41.77095129709678 101.633614301975626
42.37852377437204 101.577693150514079
42.9949335968281 101.521130935727200
43.62030930661056 101.468140941244414
44.25478131555359 101.418702722510545
44.89848193237519 101.364298261855026
45.55154539026795 101.300050923670355
46.21410787489121 101.230195109722928
46.88630755277036 101.170143356571501
47.56828460010916 101.124744352359215
48.260181232021196 101.085546662830438
48.962141732186545 101.030343583370183
49.674312482939705 100.976727094654620
50.39684199579528 100.949071043933401
51.129880942417586 100.917615185885694
51.873582186040764 100.848470733829856
52.628100813345895 100.774414158533318
53.393594166801776 100.723820267060248
54.17022187747612 100.670708877696569
54.95814589832399 100.593721996000511
55.75753053796041 100.521109930035777
56.56854249492426 100.452742430426355
57.39135089244048 100.379713016110600
58.226127313687975 100.303844496620741
59.073045837580466 100.233791103805657
59.932283075067765 100.160755938619246
60.804018205965114 100.068623917693387
61.68843301631817 99.991521061075403
62.58571193631152 99.932241270344974
63.49604207872855 99.859848297071892
64.41961327797075 99.788854556848861
65.35661812964459 99.735417256971516
66.3072520307241 99.689522894402359
67.27171322029778 99.639642625764822
68.25020282090806 99.592241684342781
69.2429248804921 99.550932767698583
70.25008641493265 99.505620722460833
71.27189745122783 99.456264614694746
72.30857107128878 99.407762875364284
73.36032345637442 99.352682209899413
74.42737393217246 99.296344990357454
75.50994501453623 99.239315521221130
76.60826245588666 99.173177682542160
77.72255529228926 99.101858673114094
78.85305589121582 99.043510511605689
80.00000000000082 99.000499999999960
81.16362679500274 98.938439749115901
82.34417893148023 98.868729380452208
83.541902594194 98.808607183036258
84.75704754874454 98.746153805137396
85.98986719365665 98.678644722546665
87.24061861322157 98.607364514401127
88.50956263110764 98.535474055289086
89.79696386475084 98.464666987438704
91.10309078053635 98.393289477702751
92.42821574978288 98.329895939385025
93.77261510554118 98.266785121312793
95.13656920021877 98.197614618942197
96.52036246404286 98.127858546561185
97.92428346437356 98.057938618022007
99.34862496587989 97.988297426185355
100.79368399159105 97.911289135140379
102.25976188483567 97.826674048794700
103.74716437208203 97.743507082465541
105.25620162669229 97.667795341459595
106.78718833360406 97.589754226096574
108.34044375495276 97.510878551843945
109.9162917966485 97.440630233053128
111.51506107592134 97.392391533528070
113.13708498984903 97.382947569245587
114.78270178488147 97.373263528732963
116.45225462737648 97.367369358480687
118.14609167516147 97.416467871615552
119.86456615013608 97.527838322297910
121.60803641193078 97.645342561622968
123.3768660326369 97.748555529474729
125.17142387262359 97.841142606539933
126.99208415745765 97.938408516450238
128.83922655594208 98.034940885829073
130.71323625928977 98.129712233684074
132.61450406144883 98.192876910537677
134.5434264405962 98.189376489832853
136.50040564181674 98.132738033566397
138.48584976098482 98.077689842818089
140.50017282986593 98.033829819126055
142.5437949024563 97.992276170316728
144.61714214257822 97.944997159649404
146.7206469127495 97.888854274590670
148.8547478643456 97.827941362361102
151.01989002907314 97.759415782999881
153.216524911774 97.682131883246711
155.4451105845792 97.602434505527299
157.70611178243232 97.532388427795681
160.00000000000236 97.475499999999954
162.3272535900062 97.427093125327872
164.6883578629612 97.379295171168181
167.08380518838874 97.330073613119197
169.51409509748981 97.281620917069702
171.97973438731407 97.239532356048045
174.4812372264439 97.206432658392089
177.01912526221608 97.179808747377848
179.5939277295025 97.159504934801674
182.20618156107355 97.136203129638119
184.85643149956664 97.105222822005203
187.54523021108326 97.068939145382558
190.27313840043846 97.035386222235005
193.04072492808663 97.004484605733523
195.84856692874806 96.979069171656022
198.69724993176072 96.968739449986344
201.58736798318304 96.972703858627426
204.5195237696723 96.980052063385784
207.49432874416505 96.995705575162631
210.5124032533856 97.019599226027083
213.57437666720915 97.040552665836458
216.68088750990657 97.061766212569353
219.83258359329807 97.090242127729624
223.03012215184378 97.118892334097609
226.2741699796992 97.133185424949247
229.5654035697641 97.130724327383717
232.90450925475412 97.111120689844100
236.2921833503241 97.080212937308858
239.72913230027333 97.041547261621929
243.21607282386276 96.993285916745037
246.75373206527502 96.940663235529030
250.34284774524843 96.888400139789439
253.9841683149166 96.834235496315614
257.67845311188546 96.776983976765791
261.42647251858085 96.713749967184128
265.22900812289896 96.648007626125789
269.08685288119375 96.589443289945478
273.0008112836349 96.540739250491839
276.97169952197106 96.487639131572905
281.00034565973334 96.431695057065809
285.0875898049141 96.373308778653168
289.23428428515797 96.316913733721847
293.44129382550057 96.263483827181233
297.7094957286928 96.211486051255690
302.0397800581479 96.158247776765876
306.4330498235497 96.103492385509554
310.89022116916016 96.051762456554656
315.41222356486645 96.002006763142958
320.00000000000654 95.951999999999941
324.6545071800142 95.903127674609863
329.3767157259242 95.856608185885946
334.16761037677935 95.812574745571311
339.02819019498156 95.775191392557133
343.95946877463007 95.743847240474764
348.9624744528898 95.703422719705145
354.03825052443415 95.663405470961862
359.187855459007 95.635060722704964
364.4123631221491 95.619969092194623
369.71286299913527 95.617086141100259
375.0904604221685 95.631626761496449
380.54627680087896 95.669427774977521
386.08144985617537 95.712967888820629
391.6971338574982 95.782149881879661
397.3944998635236 95.869558797488835
403.1747359663683 95.972793318080917
409.0390475393468 96.071637776475995
414.9886574883323 96.169063793766782
421.0248065067734 96.268625364969381
427.1487533344206 96.369596304462192
433.3617750198154 96.469107512807142
439.6651671865984 96.564335293290441
446.06024430368984 96.655484985125128
452.54833995940066 96.741109083488453
459.13080713953053 96.820389455063065
465.8090185095106 96.893677276140735
472.58436670065066 96.964308395592496
479.45826460054917 97.035356435891359
486.432145647728 97.103605383653417
493.50746413055253 97.167567177174988
500.6856954904994 97.233356954904991
507.9683366298358 97.306183366298370
515.3569062237735 97.380467089030944
522.8529450371643 97.452783123464116
530.4580162458005 97.522007642150754
538.1737057623901 97.589253163000109
546.0016225672724 97.645725991378185
553.9433990439449 97.702360868427121
562.0006913194694 97.756904459010570
570.1751796098309 97.809594872561433
578.4685685703187 97.861428553564494
586.8825876510039 97.904724679489917
595.4189914573883 97.946553058141205
604.0795601162986 97.988887855566958
612.8660996471021 98.033373233874173
621.780442338323 98.082761067480533
630.8244471297356 98.134281793352471
640.0000000000159 98.187500000000099
649.3090143600314 98.243354086160195
658.7534314518515 98.302208946574069
668.3352207535618 98.357510758295291
678.0563803899662 98.413324187242296
687.9189375492632 98.467658209643488
697.9249489057827 98.522190971536517
708.0765010488715 98.578324580821231
718.3757109180171 98.636741552232706
728.8247262443015 98.696300939592504
739.425725998274 98.756255351890246
750.1809208443404 98.817025218117919
761.0925536017613 98.878857803743315
772.1628997123541 98.942632113725125
783.3942677149998 99.007105611135955
794.7889997270506 99.073385373396420
806.34947193274 99.143684199579639
818.0780950786972 99.216637434910396
829.9773149766683 99.291086806582712
842.0496130135506 99.367985016836940
854.2975066688449 99.447112856125358
866.7235500396347 99.528748100262192
879.3303343732008 99.612729757019110
892.1204886073838 99.699894021770703
905.0966799188055 99.789889121094916
918.2616142790653 99.883776287864009
931.6180370190256 99.981371657986642
945.1687334013056 100.082862894959902
958.9165292011028 100.188231579258513
972.8642912954606 100.298078615648649
987.0149282611097 100.412505763965157
1001.3713909810035 100.530973971207729
1015.9366732596762 100.652961722707261
1030.7138124475518 100.778592899105888
1045.7058900743334 100.906500065631832
1060.916032491606 101.035755741762273
1076.3474115247852 101.166273343090708
1092.0032451345498 101.297089373770490
1107.8867980878947 101.428229155995155
1124.0013826389438 101.557899911593793
1140.350359219667 101.687813215586573
1156.9371371406426 101.816132164009019
1173.765175302013 101.944959461677854
1190.837982914782 102.073576449112494
1208.1591202326028 102.202884955997007
1225.73219929421 102.331899647221974
1243.5608846766518 102.461995278220257
1261.648894259477 102.593148631618874
1280.0000000000375 102.725000000000279
1298.6180287200684 102.857719947590198
1317.5068629037087 102.992298726616326
1336.6704415071292 103.126276329512223
1356.112760779938 103.259872411342570
1375.8378750985323 103.393009710037632
1395.8498978115715 103.524816830665799
1416.153002097749 103.655648430127229
1436.7514218360407 103.786865172021152
1457.6494524886093 103.917426605429370
1478.8514519965543 104.048801973338698
1500.3618416886875 104.181743418469864
1522.1851072035295 104.317047664661885
1544.3257994247153 104.454706472421719
1566.788535430007 104.593417378248844
1589.5779994541087 104.730593316757407
1612.6989438654878 104.864122043401352
1636.156190157402 104.991958436424795
1659.9546299533442 105.112282223776049
1684.099226027109 105.223444687396025
1708.5950133376978 105.322613948282466
1733.4471000792773 105.405482938220388
1758.6606687464096 105.467089203743541
1784.2409772147755 105.505001699037592
1810.193359837619 105.523169609541554
1836.5232285581387 105.532648362280923
1863.2360740380593 105.548618302191969
1890.3374668026197 105.582426448212090
1917.833058402214 105.638516034325079
1945.7285825909298 105.716356604469155
1974.0298565222283 105.813104497827794
2002.7427819620161 105.929888231861767
2031.8733465193618 106.061929618408954
2061.4276248951132 106.202471899524511
2091.411780148677 106.337529472248988
2121.832064983222 106.455362607946313
2152.694823049581 106.545237057623950
2184.0064902691106 106.621613142794956
2215.7735961758003 106.683378322877431
2248.002765277899 106.742904977500217
2280.7007184393456 106.801404602576184
2313.874274281297 106.859086266278211
2347.530350604038 106.913379870926192
2381.6759658295764 106.961491604297066
2416.318240465218 107.003406123162904
2451.4643985884327 107.035439823853096
2487.1217693533167 107.059631610321759
2523.2977885189675 107.073198114199201
2560.0000000000887 107.077750000000009
2597.236057440151 107.070390126305938
2635.0137258074315 107.045736045429123
2673.340883014273 106.982359428783070
2712.225521559891 106.871321950618380
2751.6757501970797 106.688100983401910
2791.699795623158 106.453234999253453
2832.3060041955137 106.208987034868869
2873.502843672097 106.004758113450634
2915.2989049772345 105.867379905339618
2957.7029039931244 105.807385145199660
3000.723683377391 105.810142268997424
3044.370214407075 105.850025746568150
3088.6515988494466 105.901415628648095
3133.57707086003 105.953024204717536
3179.1559989082334 106.001822238864563
3225.3978877309914 106.048643908853677
3272.3123803148205 106.093750513692783
3319.9092599067053 106.137020148717909
3368.198452054235 106.178058761643399
3417.190026675413 106.216564420273315
3466.8942001585724 106.253494882112591
3517.3213374928373 106.288605296120195
3568.4819544295697 106.321589172657738
3620.386719675257 106.349877891050625
3673.0464571162966 106.371335795419540
3726.472148076138 106.390559416268928
3780.6749336052594 106.421191560192298
3835.6661168044484 106.467799340165342
3891.45716518188 106.541722176902368
3948.059713044477 106.628041062392825
4005.4855639240527 106.707625546381863
4063.746693038744 106.771840801292882
4122.855249790247 106.824712487300729
4182.823560297375 106.882327767493337
4243.664129966465 106.954032724603337
4305.389646099183 107.033044959544782
4368.012980538242 107.104264603105520
4431.5471923516225 107.150022657448659
4496.00553055582 107.152733010717583
4561.401436878714 107.085314535948612
4627.748548562617 106.961824050686204
4695.060701208099 106.818568008513822
4763.351931659176 106.704766584579119
4832.63648093046 106.640434489153364
4902.928797176889 106.614267800705775
4974.243538706657 106.598151292258663
5046.595577037959 106.574652991541299
5120.000000000202 106.527785714285542
5194.472114880326 106.445003908619000
5270.027451614888 106.337584165722859
5346.6817660285715 106.241941818406247
5424.451043119808 106.184544508243519
5503.351500394186 106.166402685669240
5583.399591246343 106.167669979562319
5664.612008391055 106.180130161510391
5747.005687344222 106.195901137468837
5830.597809954497 106.208947824796354
5915.405807986278 106.214422970960072
6001.447366754812 106.214325657519822
6088.740428814181 106.237493983826056
6177.303197698925 106.301938037813983
6267.154141720092 106.395548409435094
6358.3119978165005 106.501599717412546
6450.795775462017 106.606875353008206
6544.624760629676 106.703616646401343
6639.818519813445 106.803087668181732
6736.396904108505 106.934100845340652
6834.380053350861 107.105322101366639
6933.788400317181 107.288960758553486
7034.642674985712 107.441567662234718
7136.963908859177 107.509651804557038
7240.773439350552 107.449009450515717
7346.092914232631 107.238514021289092
7452.944296152315 106.887488067217390
7561.349867210557 106.431425597552490
7671.332233608935 105.910838831955317
7782.914330363799 105.336597776577435
7896.119426088994 104.710313299988286
8010.971127848146 104.051241692821478
8127.49338607753 103.397698591642040
8245.710499580537 102.769783846458765
8365.647120594791 102.166540413937696
8487.328259932974 101.576641145823402
8610.77929219841 101.010531059728919
8736.025961076528 100.491901052193342
8863.094384703289 100.039681003595632
8992.011061111683 99.672268475831714
9122.802873757471 99.407255134611546
9255.497097125279 99.259281148837459
9390.121402416245 99.251898399624281
9526.7038633184 99.391337447406599
9665.272961860968 99.632938937933048
9805.857594353829 99.931968608704267
9948.487077413367 100.280849303855192
10093.19115407597 100.730243552055768
10240.000000000457 101.305500000001956
10388.944229760706 101.991608882485707
10540.05490322983 102.766602286109958
10693.363532057198 103.622018791743557
10848.902086239672 104.518676016740500
11006.703000788428 105.326174744416846
11166.799182492743 105.913196040075746
11329.224016782166 106.099995610908422
11494.0113746885 105.929679715138846
11661.195619909053 105.312318303251388
11830.811615972614 104.607679677342148
12002.894733509682 103.907764689667346
12177.48085762842 103.294106787199169
12354.606395397908 102.840373778948958
12534.308283440243 102.509875249160530
12716.62399563306 102.365455681149967
12901.591550924093 102.422741409720800
13089.249521259411 102.569114626582348
13279.637039626952 102.696049371445184
13472.793808217073 102.676663897673237
13668.760106701786 102.366925407370346
13867.576800634426 101.717264467279904
14069.285349971487 100.805498237391561
14273.927817718419 99.789448385028038
14481.54687870117 98.865732405682380
14692.18582846533 98.181152126961933
14905.888592304698 97.870736022756319
15122.699734421185 98.132142065940144
15342.664467217943 98.986612070190120
15565.828660727671 100.186653727391928
15792.238852178061 101.255001003279233
16021.942255696367 101.693465147549020
16254.986772155136 101.186725001880376
16491.42099916115 99.846142934756273
16731.294241189662 97.772287624143331
16974.65651986603 95.100883925255403
17221.558584396902 92.204494938454147
17472.051922153143 89.378909744974649
17726.188769406665 86.750684133892193
17984.022122223458 84.342295369433018
18245.605747515034 82.181024081871755
18510.99419425065 80.553867271943005
18780.242804832582 80.043367966531434
19053.40772663689 80.199961748511328
19330.545923722028 78.982222046544905
19611.71518870775 75.316340564229733
19896.974154826825 72.952500000000001
20186.382308152035 72.952500000000001
