20 71.370000000000005
20.290906698750476 71.407987816331683
20.586044732869844 71.447005759918014
20.885475648548283 71.485559456068529
21.189261887185914 71.523532735898243
21.49746679841394 71.562055180643185
21.810154653305165 71.599017319218717
22.12739065777668 71.634542462801804
22.449240966187475 71.669526159937789
22.77577269513385 71.704975323172022
23.107053937445478 71.740005538219847
23.44315377638505 71.774515332542791
23.784142300054445 71.808513777606436
24.130090616010463 71.842008390371333
24.481070866093134 71.874506369985895
24.837156241469714 71.906513849659376
25.1984209978975 71.938537281830151
25.56494047120865 71.970994728376780
25.936791093020236 72.003981467929222
26.3140504066728 72.035003882498302
26.69679708340074 72.064484370653588
27.08511093873791 72.091507461615620
27.47907294916184 72.118004832881979
27.878765268980047 72.144484449069921
28.284271247461966 72.171518763477337
28.695675446220072 72.199977549071036
29.11306365684382 72.228504278820864
29.536522918790062 72.256967932041306
29.966141537533712 72.284008115684273
30.402009102982383 72.309000494279587
30.844216508158908 72.333011572819174
31.29285596815558 72.356992301193173
31.74802103936409 72.382501229573222
32.20980663898519 72.409488699680963
32.67830906482211 72.435514933804427
33.153626015361866 72.458481929313706
33.63585661014871 72.478993901468982
34.125101410453844 72.499004498044329
34.62146244024586 72.521021562193994
35.12504320746613 72.544501944758750
35.635948725613716 72.567497692150909
36.15428553564419 72.589011671133747
36.68016172818701 72.610506511528129
37.21368696608603 72.631987396574630
37.754972507267915 72.651998983632822
38.30413122794313 72.671004476357126
38.86127764614443 72.690009075006486
39.4265279456077 72.708484570660318
40.000000000000206 72.727499999999992
40.58181339750116 72.745994068477273
41.1720894657399 72.765502688452955
41.77095129709678 72.783498536473701
42.37852377437204 72.797988642645379
42.9949335968281 72.809998706431713
43.62030930661056 72.823008037100905
44.25478131555359 72.839494317648246
44.89848193237519 72.856510316595191
45.55154539026795 72.870490268293196
46.21410787489121 72.883502167129507
46.88630755277036 72.897005862442839
47.56828460010916 72.910004318354254
48.260181232021196 72.920502581652727
48.962141732186545 72.930502289213678
49.674312482939705 72.942005186438834
50.39684199579528 72.953997377523564
51.129880942417586 72.963498456961759
51.873582186040764 72.973494384220970
52.628100813345895 72.988002237371916
53.393594166801776 73.004990993258005
54.17022187747612 73.017000563140797
54.95814589832399 73.019000182372906
55.75753053796041 73.019999413172457
56.56854249492426 73.025496897314525
57.39135089244048 73.029001050576170
58.226127313687975 73.031501202490560
59.073045837580466 73.039500373530927
59.932283075067765 73.046500162313691
60.804018205965114 73.047000020594993
61.68843301631817 73.048002411003992
62.58571193631152 73.052998396081918
63.49604207872855 73.055999977230130
64.41961327797075 73.055500209265176
65.35661812964459 73.052501222637204
66.3072520307241 73.046498824727195
67.27171322029778 73.042001337314673
68.25020282090806 73.036999591498670
69.2429248804921 73.035000151298107
70.25008641493265 73.035999788613182
71.27189745122783 73.033500250853166
72.30857107128878 73.035499172750804
73.36032345637442 73.039999545281574
74.42737393217246 73.038499136814011
75.50994501453623 73.036000126928599
76.60826245588666 73.030497646135544
77.72255529228926 73.020503988409956
78.85305589121582 73.006999147256948
80.00000000000082 72.989499999999992
81.16362679500274 72.970006252145566
82.34417893148023 72.948496415396050
83.541902594194 72.924501951368399
84.75704754874454 72.899999035913538
85.98986719365665 72.875002692748239
87.24061861322157 72.851007316772723
88.50956263110764 72.825508788736613
89.79696386475084 72.805000575580891
91.10309078053635 72.786999177836663
92.42821574978288 72.774999197956191
93.77261510554118 72.770001430834412
95.13656920021877 72.776497947068492
96.52036246404286 72.784003227065909
97.92428346437356 72.796502685451955
99.34862496587989 72.809996447045179
100.79368399159105 72.815998687854361
102.25976188483567 72.812000649700309
103.74716437208203 72.797497167876656
105.25620162669229 72.771495258941258
106.78718833360406 72.735494785354177
108.34044375495276 72.692485639909521
109.9162917966485 72.641490419434618
111.51506107592134 72.588997891336874
113.13708498984903 72.532996953583776
114.78270178488147 72.474010689363297
116.45225462737648 72.413490981320791
118.14609167516147 72.353496613512078
119.86456615013608 72.290016026449308
121.60803641193078 72.226998703249492
123.3768660326369 72.164004771025361
125.17142387262359 72.096984637236062
126.99208415745765 72.030997152224629
128.83922655594208 71.968493532154270
130.71323625928977 71.914995528215343
132.61450406144883 71.879009386849546
134.5434264405962 71.866503595436811
136.50040564181674 71.883010314658478
138.48584976098482 71.933496179722937
140.50017282986593 72.010507990421885
142.5437949024563 72.104990517750537
144.61714214257822 72.204006350476391
146.7206469127495 72.297984225189381
148.8547478643456 72.381990075260092
151.01989002907314 72.457496164986154
153.216524911774 72.542481619253891
155.4451105845792 72.652006994071144
157.70611178243232 72.795008576158722
160.00000000000236 72.971000000000188
162.3272535900062 73.160019172306704
164.6883578629612 73.338520910189715
167.08380518838874 73.478488617017703
169.51409509748981 73.567001446129723
171.97973438731407 73.604495960877642
174.4812372264439 73.598496214471652
177.01912526221608 73.557996959654957
179.5939277295025 73.495501754138289
182.20618156107355 73.418494176342932
184.85643149956664 73.333485718311096
187.54523021108326 73.244492278477225
190.27313840043846 73.152995424985505
193.04072492808663 73.061509092875752
195.84856692874806 72.970014111830324
198.69724993176072 72.879492562584289
201.58736798318304 72.793489084712945
204.5195237696723 72.706514126163825
207.49432874416505 72.622990850062990
210.5124032533856 72.538988674137443
213.57437666720915 72.452990119608131
216.68088750990657 72.371502950737892
219.83258359329807 72.291010634752382
223.03012215184378 72.209996949969366
226.2741699796992 72.128995868010946
229.5654035697641 72.048990394072973
232.90450925475412 71.969511680912291
236.2921833503241 71.892495839009229
239.72913230027333 71.814497211336374
243.21607282386276 71.740998517999401
246.75373206527502 71.669005452600402
250.34284774524843 71.599502948371480
253.9841683149166 71.532497129442419
257.67845311188546 71.469492806788367
261.42647251858085 71.409992482941334
265.22900812289896 71.349499867355462
269.08685288119375 71.286502402406640
273.0008112836349 71.223503037590945
276.97169952197106 71.159004880592505
281.00034565973334 71.090493954336864
285.0875898049141 71.019007174400343
289.23428428515797 70.945494830564627
293.44129382550057 70.868994493783077
297.7094957286928 70.789009449919092
302.0397800581479 70.708004114385687
306.4330498235497 70.626499100113136
310.89022116916016 70.545996111687685
315.41222356486645 70.466496174838284
320.00000000000654 70.387999999999892
324.6545071800142 70.312008046040575
329.3767157259242 70.237504485052668
334.16761037677935 70.163506017975010
339.02819019498156 70.089997203582200
343.95946877463007 70.017492925747632
348.9624744528898 69.941992475678163
354.03825052443415 69.861495792162415
359.187855459007 69.775002427727358
364.4123631221491 69.683493526684941
369.71286299913527 69.589002442290465
375.0904604221685 69.490491645565484
380.54627680087896 69.391495149108351
386.08144985617537 69.294492630561223
391.6971338574982 69.202498003178775
397.3944998635236 69.117507460793348
403.1747359663683 69.042003448882213
409.0390475393468 68.983499680407760
414.9886574883323 68.943502302599441
421.0248065067734 68.923500641130644
427.1487533344206 68.926499879164481
433.3617750198154 68.953499022297621
439.6651671865984 69.009002104538098
446.06024430368984 69.089503727815242
452.54833995940066 69.188505783905953
459.13080713953053 69.300496718764606
465.8090185095106 69.413000282765211
472.58436670065066 69.516504614432108
479.45826460054917 69.603002257489635
486.432145647728 69.662500710225672
493.50746413055253 69.697000775813706
500.6856954904994 69.708999490999588
507.9683366298358 69.701999293847280
515.3569062237735 69.686500196715585
522.8529450371643 69.668500131981176
530.4580162458005 69.649999970523425
538.1737057623901 69.636000533868128
546.0016225672724 69.628000385725841
553.9433990439449 69.622999801914148
562.0006913194694 69.619000153229351
570.1751796098309 69.614499870067647
578.4685685703187 69.608500312102493
586.8825876510039 69.602000318548676
595.4189914573883 69.595000007005424
604.0795601162986 69.585500482495689
612.8660996471021 69.572999826729855
621.780442338323 69.557499217446576
630.8244471297356 69.541499244713279
640.0000000000159 69.525999999999968
649.3090143600314 69.509499971869900
658.7534314518515 69.490998986885131
668.3352207535618 69.468499443631089
678.0563803899662 69.443998920113643
687.9189375492632 69.416000177290954
697.9249489057827 69.386000153190736
708.0765010488715 69.353498394697795
718.3757109180171 69.320500926184991
728.8247262443015 69.288500838375185
739.425725998274 69.260000736633259
750.1809208443404 69.235500180317402
761.0925536017613 69.214000879541985
772.1628997123541 69.195000172128744
783.3942677149998 69.175999588853657
794.7889997270506 69.158500000419195
806.34947193274 69.138499094680995
818.0780950786972 69.115999804233297
829.9773149766683 69.091499321677020
842.0496130135506 69.065500833400790
854.2975066688449 69.037498797237390
866.7235500396347 69.008001068144438
879.3303343732008 68.976499163413422
892.1204886073838 68.944498719838862
905.0966799188055 68.910500838619143
918.2616142790653 68.877000981515465
931.6180370190256 68.841999901654134
945.1687334013056 68.806000708254231
958.9165292011028 68.771001198571525
972.8642912954606 68.734999197192920
987.0149282611097 68.696000197711584
1001.3713909810035 68.652998751845615
1015.9366732596762 68.606501043074644
1030.7138124475518 68.555000653647639
1045.7058900743334 68.498000417940432
1060.916032491606 68.436999858924395
1076.3474115247852 68.369998041735030
1092.0032451345498 68.295498749943434
1107.8867980878947 68.214501029644964
1124.0013826389438 68.125997753175213
1140.350359219667 68.029997736874947
1156.9371371406426 67.925499079100746
1173.765175302013 67.812498752463270
1190.837982914782 67.691000121586939
1208.1591202326028 67.561499055818643
1225.73219929421 67.423498367998505
1243.5608846766518 67.277500944372036
1261.648894259477 67.125000891498772
1280.0000000000375 66.966999999999672
1298.6180287200684 66.805499753684614
1317.5068629037087 66.643501175795393
1336.6704415071292 66.482996423526572
1356.112760779938 66.325501937826459
1375.8378750985323 66.174500956153196
1395.8498978115715 66.034500714890072
1416.153002097749 65.908999988899183
1436.7514218360407 65.799998193400057
1457.6494524886093 65.710498570100143
1478.8514519965543 65.643499138493851
1500.3618416886875 65.602500301741600
1522.1851072035295 65.588500075048771
1544.3257994247153 65.603999859585514
1566.788535430007 65.646999110692704
1589.5779994541087 65.717999998299263
1612.6989438654878 65.814499765711673
1636.156190157402 65.936001158570662
1659.9546299533442 66.080997745419353
1684.099226027109 66.245001665492055
1708.5950133376978 66.425500103580220
1733.4471000792773 66.618500795823564
1758.6606687464096 66.818997365894148
1784.2409772147755 67.022999818288270
1810.193359837619 67.226502740123152
1836.5232285581387 67.427001664154460
1863.2360740380593 67.621500514949972
1890.3374668026197 67.809996291502245
1917.833058402214 67.991500375795724
1945.7285825909298 68.170997314133643
1974.0298565222283 68.344999117871026
2002.7427819620161 68.513498720461115
2031.8733465193618 68.678001899378671
2061.4276248951132 68.839997943935316
2091.411780148677 68.999498830500059
2121.832064983222 69.158500335833338
2152.694823049581 69.317999085520142
2184.0064902691106 69.478497387205934
2215.7735961758003 69.640497940645318
2248.002765277899 69.804498805596694
2280.7007184393456 69.972498553361362
2313.874274281297 70.143001418021925
2347.530350604038 70.317001817399245
2381.6759658295764 70.493999822873405
2416.318240465218 70.674001269171399
2451.4643985884327 70.859502112659527
2487.1217693533167 71.048498777491076
2523.2977885189675 71.240998874665564
2560.0000000000887 71.436500000000478
2597.236057440151 71.635000305613602
2635.0137258074315 71.835998541142828
2673.340883014273 72.038999380381910
2712.225521559891 72.244497471532924
2751.6757501970797 72.449998698745247
2791.699795623158 72.657498940430884
2832.3060041955137 72.866500021488292
2873.502843672097 73.077499199330333
2915.2989049772345 73.291999512336517
2957.7029039931244 73.509999506426311
3000.723683377391 73.733498355102085
3044.370214407075 73.962001135415264
3088.6515988494466 74.196497875664946
3133.57707086003 74.436500380115348
3179.1559989082334 74.680999994143434
3225.3978877309914 74.926499403960861
3272.3123803148205 75.169001849756938
3319.9092599067053 75.400501135668890
3368.198452054235 75.611501628583696
3417.190026675413 75.788000069232424
3466.8942001585724 75.917000267925971
3517.3213374928373 75.984499960419910
3568.4819544295697 75.978500005344358
3620.386719675257 75.887500491466170
3673.0464571162966 75.710997869539966
3726.472148076138 75.461999199558903
3780.6749336052594 75.169000358903730
3835.6661168044484 74.861999380292218
3891.45716518188 74.565999226662925
3948.059713044477 74.301001343448462
4005.4855639240527 74.073001731364116
4063.746693038744 73.876001037939062
4122.855249790247 73.702999335631006
4182.823560297375 73.543501169480379
4243.664129966465 73.392999702066305
4305.389646099183 73.251500811278319
4368.012980538242 73.123500039779401
4431.5471923516225 73.017999776189583
4496.00553055582 72.942999720102506
4561.401436878714 72.908500065846553
4627.748548562617 72.918499931959161
4695.060701208099 72.980999722568129
4763.351931659176 73.099999880913174
4832.63648093046 73.277998666459155
4902.928797176889 73.507999336349584
4974.243538706657 73.779498243831696
5046.595577037959 74.084498217002675
5120.000000000202 74.410000000000849
5194.472114880326 74.718500374039564
5270.027451614888 74.964500745277974
5346.6817660285715 75.090999613888386
5424.451043119808 75.052999873484040
5503.351500394186 74.821501465871734
5583.399591246343 74.395995650084473
5664.612008391055 73.798499924383350
5747.005687344222 73.056002817522099
5830.597809954497 72.200501944969943
5915.405807986278 71.239502175799288
6001.447366754812 70.173994874264025
6088.740428814181 68.953992981649719
6177.303197698925 67.504495824935617
6267.154141720092 65.606997892652487
6358.3119978165005 64.251500032468158
6450.795775462017 67.848491266996191
6544.624760629676 72.312488611739155
6639.818519813445 74.418502887583358
6736.396904108505 74.954999467319112
6834.380053350861 74.890999885150393
6933.788400317181 74.677001290950756
7034.642674985712 74.518000512396839
7136.963908859177 74.459500052107956
7240.773439350552 74.488000350412520
7346.092914232631 74.571999931594576
7452.944296152315 74.677000256796845
7561.349867210557 74.770999884856849
7671.332233608935 74.824499986391672
7782.914330363799 74.818000039008041
7896.119426088994 74.734000425851548
8010.971127848146 74.561999753678194
8127.49338607753 74.337499194977823
8245.710499580537 74.091001043440059
8365.647120594791 73.831999734887887
8487.328259932974 73.564499423077706
8610.77929219841 73.290499338600924
8736.025961076528 73.007000088104348
8863.094384703289 72.701001481720908
8992.011061111683 72.350499799319010
9122.802873757471 71.921000414560268
9255.497097125279 71.378499531414406
9390.121402416245 70.728997964097829
9526.7038633184 70.038000691498837
9665.272961860968 69.422500169407101
9805.857594353829 68.988999133242686
9948.487077413367 68.781000005884749
10093.19115407597 68.792000199929646
10240.000000000457 68.982500000000996
10388.944229760706 69.308000675851758
10540.05490322983 69.752499715346062
10693.363532057198 70.298501963500030
10848.902086239672 70.872500308777603
11006.703000788428 71.437500002381114
11166.799182492743 71.921000319650204
11329.224016782166 72.205499988899334
11494.0113746885 72.096500413615999
11661.195619909053 71.620998872507215
11830.811615972614 71.312500698470359
12002.894733509682 71.078500362375905
12177.48085762842 70.745498266595689
12354.606395397908 70.387499358616779
12534.308283440243 70.096001162346596
12716.62399563306 69.961500003221644
12901.591550924093 70.035999819124640
13089.249521259411 70.171999653045859
13279.637039626952 70.295500017745837
13472.793808217073 70.381999914115340
13668.760106701786 70.445500112166840
13867.576800634426 70.654499790423330
14069.285349971487 70.415498117118062
14273.927817718419 69.314500980693310
14481.54687870117 68.246000624257888
14692.18582846533 67.195000855885837
14905.888592304698 66.472001379314761
15122.699734421185 65.986500594704665
15342.664467217943 65.630498939592286
15565.828660727671 65.124000770019649
15792.238852178061 64.204000600663335
16021.942255696367 62.820998108423566
16254.986772155136 61.096994815526067
16491.42099916115 59.509506719922825
16731.294241189662 57.933004987074384
16974.65651986603 56.474497368065443
17221.558584396902 55.224502104080848
17472.051922153143 54.202004399699838
17726.188769406665 53.424500705473903
17984.022122223458 52.929499884167100
18245.605747515034 52.902501016820317
18510.99419425065 53.263499892503020
18780.242804832582 53.114497215734048
19053.40772663689 52.169500945681882
19330.545923722028 50.519006409768352
19611.71518870775 48.306998388846239
19896.974154826825 45.871507215940767
20186.382308152035 45.871499999999997
