20 72.668000000000006
20.290906698750476 72.691272613475405
20.586044732869844 72.714883582350978
20.885475648548283 72.737410673641122
21.189261887185914 72.759712467685404
21.49746679841394 72.779348022524886
21.810154653305165 72.798033169132680
22.12739065777668 72.813732579599957
22.449240966187475 72.827969632082059
22.77577269513385 72.840652018169749
23.107053937445478 72.852246900300258
23.44315377638505 72.863771809973471
23.784142300054445 72.874524269001625
24.130090616010463 72.884685913073326
24.481070866093134 72.893800435317530
24.837156241469714 72.901514521142019
25.1984209978975 72.907228288721086
25.56494047120865 72.911649408835601
25.936791093020236 72.915025935567968
26.3140504066728 72.917950414890328
26.69679708340074 72.921467970834016
27.08511093873791 72.925351103217039
27.47907294916184 72.928244204042770
27.878765268980047 72.928303086827555
28.284271247461966 72.924020202535530
28.695675446220072 72.917477841968037
29.11306365684382 72.910530172461023
29.536522918790062 72.905317385406050
29.966141537533712 72.903169292312327
30.402009102982383 72.899976560543337
30.844216508158908 72.893435412790154
31.29285596815558 72.883419670756311
31.74802103936409 72.872547495055272
32.20980663898519 72.861045027386382
32.67830906482211 72.846367637407127
33.153626015361866 72.825511447201180
33.63585661014871 72.801386452543312
34.125101410453844 72.782247768970024
34.62146244024586 72.773028300478032
35.12504320746613 72.766748876605874
35.635948725613716 72.749114973914402
36.15428553564419 72.717354298040547
36.68016172818701 72.684852237047025
37.21368696608603 72.665226260678281
37.754972507267915 72.655311171936063
38.30413122794313 72.644563702477882
38.86127764614443 72.625351320179902
39.4265279456077 72.603801125575103
40.000000000000206 72.581499999999977
40.58181339750116 72.552894079269791
41.1720894657399 72.520535126708666
41.77095129709678 72.490452389986473
42.37852377437204 72.457594414256363
42.9949335968281 72.423366115397471
43.62030930661056 72.399722785910200
44.25478131555359 72.384319325188301
44.89848193237519 72.351091104361160
45.55154539026795 72.296207737419238
46.21410787489121 72.247876944282126
46.88630755277036 72.216574898718861
47.56828460010916 72.172976211597387
48.260181232021196 72.124875133735429
48.962141732186545 72.114310701788497
49.674312482939705 72.106441915431930
50.39684199579528 72.048119033765218
51.129880942417586 71.956230371771369
51.873582186040764 71.876913999923971
52.628100813345895 71.846416308361910
53.393594166801776 71.839786030044280
54.17022187747612 71.821897772452402
54.95814589832399 71.775929832931837
55.75753053796041 71.709170735258212
56.56854249492426 71.641732329158600
57.39135089244048 71.584888674577115
58.226127313687975 71.533427387816545
59.073045837580466 71.470909433095500
59.932283075067765 71.422792147796201
60.804018205965114 71.378770331415808
61.68843301631817 71.331866474572990
62.58571193631152 71.297071543261978
63.49604207872855 71.244288928252814
64.41961327797075 71.183162429877697
65.35661812964459 71.128281221286159
66.3072520307241 71.060811057081210
67.27171322029778 70.978017923731386
68.25020282090806 70.917237627924607
69.2429248804921 70.849150910994723
70.25008641493265 70.767245765668292
71.27189745122783 70.707524665371238
72.30857107128878 70.623937168402847
73.36032345637442 70.559006091375892
74.42737393217246 70.491326850375799
75.50994501453623 70.409027998841722
76.60826245588666 70.347103302866572
77.72255529228926 70.280506763482720
78.85305589121582 70.201344179798554
80.00000000000082 70.111499999999921
81.16362679500274 70.010652092313322
82.34417893148023 69.908484484426936
83.541902594194 69.820063332502201
84.75704754874454 69.740089487929282
85.98986719365665 69.670057168241811
87.24061861322157 69.593661418342151
88.50956263110764 69.505859303715781
89.79696386475084 69.419603421061694
91.10309078053635 69.324646851552572
92.42821574978288 69.223966634131983
93.77261510554118 69.122564621125463
95.13656920021877 69.022598708230902
96.52036246404286 68.923567338075514
97.92428346437356 68.829084824029337
99.34862496587989 68.736382296951973
100.79368399159105 68.635825629944378
102.25976188483567 68.535875239370512
103.74716437208203 68.439400697119339
105.25620162669229 68.344325270030026
106.78718833360406 68.257016622207772
108.34044375495276 68.158488049643410
109.9162917966485 68.037696564638821
111.51506107592134 67.913063136250088
113.13708498984903 67.811249434884530
114.78270178488147 67.722317643664866
116.45225462737648 67.631455944894995
118.14609167516147 67.546959666476724
119.86456615013608 67.475907301798060
121.60803641193078 67.412378785209725
123.3768660326369 67.358521805239917
125.17142387262359 67.306128718657789
126.99208415745765 67.252033868011068
128.83922655594208 67.202402208893659
130.71323625928977 67.148591358840406
132.61450406144883 67.106436065093618
134.5434264405962 67.085456573559398
136.50040564181674 67.087377738082267
138.48584976098482 67.102601422490352
140.50017282986593 67.124085263266835
142.5437949024563 67.146905709744090
144.61714214257822 67.152000000000001
146.7206469127495 67.131008107664456
148.8547478643456 67.102804479472027
151.01989002907314 67.082512483872080
153.216524911774 67.080155844488289
155.4451105845792 67.098957101107004
157.70611178243232 67.143152794560805
160.00000000000236 67.200500000000048
162.3272535900062 67.251234128262141
164.6883578629612 67.279509608065169
167.08380518838874 67.269246885756630
169.51409509748981 67.225412460011199
171.97973438731407 67.150564712096099
174.4812372264439 67.057024243059260
177.01912526221608 66.951792913934483
179.5939277295025 66.845230177544494
182.20618156107355 66.738929028620419
184.85643149956664 66.635099171516899
187.54523021108326 66.533326482189921
190.27313840043846 66.432339251503691
193.04072492808663 66.330142047574498
195.84856692874806 66.230979011036823
198.69724993176072 66.135948552197306
201.58736798318304 66.044262469860257
204.5195237696723 65.952388255216931
207.49432874416505 65.856687151442543
210.5124032533856 65.756082423802681
213.57437666720915 65.652864787481690
216.68088750990657 65.545674269969481
219.83258359329807 65.435401428336235
223.03012215184378 65.320794367802606
226.2741699796992 65.202234739081078
229.5654035697641 65.081007635180356
232.90450925475412 64.959469497077265
236.2921833503241 64.837883151495021
239.72913230027333 64.718878794103034
243.21607282386276 64.606017815284119
246.75373206527502 64.499888038041746
250.34284774524843 64.400428806368780
253.9841683149166 64.309395792127077
257.67845311188546 64.229913258094456
261.42647251858085 64.157468713082139
265.22900812289896 64.089377853787809
269.08685288119375 64.019849795257315
273.0008112836349 63.943357861633217
276.97169952197106 63.858015298315408
281.00034565973334 63.765691773298343
285.0875898049141 63.668275218955181
289.23428428515797 63.562949179156988
293.44129382550057 63.452993972389336
297.7094957286928 63.338572665752423
302.0397800581479 63.220151075893668
306.4330498235497 63.099091129852383
310.89022116916016 62.977005195494243
315.41222356486645 62.852581407253197
320.00000000000654 62.725499999999826
324.6545071800142 62.598431953985610
329.3767157259242 62.469953332254860
334.16761037677935 62.338807475676248
339.02819019498156 62.205224769638008
343.95946877463007 62.074365971227223
348.9624744528898 61.947541891232461
354.03825052443415 61.827812587833129
359.187855459007 61.718811391998557
364.4123631221491 61.624783645362392
369.71286299913527 61.555589212510810
375.0904604221685 61.518519384376177
380.54627680087896 61.519688487885901
386.08144985617537 61.553876033806254
391.6971338574982 61.631957007862475
397.3944998635236 61.727474397379652
403.1747359663683 61.842582087310547
409.0390475393468 61.959001665132426
414.9886574883323 62.066060012929569
421.0248065067734 62.156470657410935
427.1487533344206 62.228338780009778
433.3617750198154 62.277170650118890
439.6651671865984 62.310422145085425
446.06024430368984 62.334150610759224
452.54833995940066 62.352154687870083
459.13080713953053 62.376818286210948
465.8090185095106 62.406275419711051
472.58436670065066 62.436802195388594
479.45826460054917 62.466925295759538
486.432145647728 62.496171797155682
493.50746413055253 62.520811305590470
500.6856954904994 62.539114255172066
507.9683366298358 62.550948547023481
515.3569062237735 62.554101973206798
522.8529450371643 62.556693017842697
530.4580162458005 62.563301528430152
538.1737057623901 62.577045932396089
546.0016225672724 62.603365023898178
553.9433990439449 62.644767706464904
562.0006913194694 62.696904804670311
570.1751796098309 62.753691221346855
578.4685685703187 62.810086266278162
586.8825876510039 62.859042490845624
595.4189914573883 62.897363117110942
604.0795601162986 62.925198900290745
612.8660996471021 62.943341885109319
621.780442338323 62.956686346197607
630.8244471297356 62.969154225981626
640.0000000000159 62.982000000000028
649.3090143600314 63.001548930156062
658.7534314518515 63.023570563911846
668.3352207535618 63.046504529808544
678.0563803899662 63.071849408033415
687.9189375492632 63.098777078260468
697.9249489057827 63.124312372264455
708.0765010488715 63.150095077674621
718.3757109180171 63.183477417121253
728.8247262443015 63.222533959728345
739.425725998274 63.265174190293010
750.1809208443404 63.313002603012379
761.0925536017613 63.373471234543089
772.1628997123541 63.442213563581291
783.3942677149998 63.516499878850965
794.7889997270506 63.586819623419174
806.34947193274 63.629434382534953
818.0780950786972 63.673461977157544
829.9773149766683 63.764793288786301
842.0496130135506 63.888790186499776
854.2975066688449 63.992977860571258
866.7235500396347 64.066122475147864
879.3303343732008 64.100897300935884
892.1204886073838 64.128310864303131
905.0966799188055 64.191862184380895
918.2616142790653 64.303985335651120
931.6180370190256 64.432907670763512
945.1687334013056 64.565096453437675
958.9165292011028 64.698936159710755
972.8642912954606 64.835971483524531
987.0149282611097 64.976687169985667
1001.3713909810035 65.121033901038942
1015.9366732596762 65.270272624342624
1030.7138124475518 65.424597003906086
1045.7058900743334 65.584978027076957
1060.916032491606 65.754961855482890
1076.3474115247852 65.940926522387230
1092.0032451345498 66.141288535972777
1107.8867980878947 66.305006731098132
1124.0013826389438 66.128722395406754
1140.350359219667 65.481134640506468
1156.9371371406426 65.224300177500595
1173.765175302013 65.482260972684543
1190.837982914782 65.822458424220997
1208.1591202326028 66.123802346013889
1225.73219929421 66.351921582174754
1243.5608846766518 66.558958374588542
1261.648894259477 66.747207017921966
1280.0000000000375 66.923500000000331
1298.6180287200684 67.088668511930891
1317.5068629037087 67.255308334681530
1336.6704415071292 67.415281425546851
1356.112760779938 67.573110543298000
1375.8378750985323 67.726847585136170
1395.8498978115715 67.879062975922650
1416.153002097749 68.030570648926599
1436.7514218360407 68.183122950494891
1457.6494524886093 68.335117090768676
1478.8514519965543 68.486345309175533
1500.3618416886875 68.639083549657244
1522.1851072035295 68.794901665433201
1544.3257994247153 68.952986207892465
1566.788535430007 69.113705913678842
1589.5779994541087 69.276878476091412
1612.6989438654878 69.442424438076898
1636.156190157402 69.611047692936438
1659.9546299533442 69.783270613461283
1684.099226027109 69.959470303559527
1708.5950133376978 70.140618799499222
1733.4471000792773 70.326015366591406
1758.6606687464096 70.513415735348502
1784.2409772147755 70.702752870477923
1810.193359837619 70.896042464388643
1836.5232285581387 71.092002355901386
1863.2360740380593 71.289682226400885
1890.3374668026197 71.488463507659134
1917.833058402214 71.688468004000072
1945.7285825909298 71.888916651351053
1974.0298565222283 72.088189592786051
2002.7427819620161 72.286468065210912
2031.8733465193618 72.482114307491884
2061.4276248951132 72.672803686853200
2091.411780148677 72.857235384200621
2121.832064983222 73.034122159032307
2152.694823049581 73.200037023993460
2184.0064902691106 73.360331315548450
2215.7735961758003 73.506903823173531
2248.002765277899 73.644310646319923
2280.7007184393456 73.765025752079140
2313.874274281297 73.870235395415762
2347.530350604038 73.959365013959754
2381.6759658295764 74.030413385503323
2416.318240465218 74.087301595302463
2451.4643985884327 74.124513043782514
2487.1217693533167 74.146492619273658
2523.2977885189675 74.151000000000010
2560.0000000000887 74.141749999999945
2597.236057440151 74.117633900457861
2635.0137258074315 74.079483071504171
2673.340883014273 74.025405153403227
2712.225521559891 73.959623635832870
2751.6757501970797 73.883732287115691
2791.699795623158 73.802119171527238
2832.3060041955137 73.714572910853775
2873.502843672097 73.624763800794824
2915.2989049772345 73.534719310498033
2957.7029039931244 73.446479337213418
3000.723683377391 73.362688323878473
3044.370214407075 73.283924961694396
3088.6515988494466 73.209191151869646
3133.57707086003 73.138839680324196
3179.1559989082334 73.073764721506649
3225.3978877309914 73.013506619213572
3272.3123803148205 72.959348876866287
3319.9092599067053 72.913077129079312
3368.198452054235 72.876398944246915
3417.190026675413 72.851499191463859
3466.8942001585724 72.840662115996821
3517.3213374928373 72.844676761123054
3568.4819544295697 72.864219533569155
3620.386719675257 72.900032578920730
3673.0464571162966 72.953386213110718
3726.472148076138 73.025178779152668
3780.6749336052594 73.117625053844165
3835.6661168044484 73.227218746314136
3891.45716518188 73.363166131426297
3948.059713044477 73.515285478807044
4005.4855639240527 73.689602360949380
4063.746693038744 73.883050539823458
4122.855249790247 74.097564092937205
4182.823560297375 74.330294241189492
4243.664129966465 74.573656519865864
4305.389646099183 74.816865941323456
4368.012980538242 75.049164586487024
4431.5471923516225 75.264441585587974
4496.00553055582 75.462416729931363
4561.401436878714 75.636234671811948
4627.748548562617 75.781672532556456
4695.060701208099 75.887712229952115
4763.351931659176 75.956794482067892
4832.63648093046 75.982109987097658
4902.928797176889 75.954009019199702
4974.243538706657 75.880771222746006
5046.595577037959 75.756594736558412
5120.000000000202 75.596785714285232
5194.472114880326 75.405878263713419
5270.027451614888 75.195234434470166
5346.6817660285715 74.975206400592498
5424.451043119808 74.755807109067959
5503.351500394186 74.546286098975116
5583.399591246343 74.356388445242828
5664.612008391055 74.197175544308720
5747.005687344222 74.073888089876760
5830.597809954497 73.991906259276163
5915.405807986278 73.954002755038218
6001.447366754812 73.966121709234983
6088.740428814181 74.038362557458441
6177.303197698925 74.167925847220886
6267.154141720092 74.355928092884966
6358.3119978165005 74.603354153602339
6450.795775462017 74.901253383098577
6544.624760629676 75.240181595180175
6639.818519813445 75.600611282692029
6736.396904108505 75.952203520407295
6834.380053350861 76.251903030976365
6933.788400317181 76.447295226321941
7034.642674985712 76.484880512887216
7136.963908859177 76.322728762029868
7240.773439350552 75.946399092707608
7346.092914232631 75.373075569476754
7452.944296152315 74.648830245491922
7561.349867210557 73.835639769158973
7671.332233608935 72.997744204584819
7782.914330363799 72.164871104862442
7896.119426088994 71.347290881797221
8010.971127848146 70.568055558776166
8127.49338607753 70.111630087391546
8245.710499580537 70.192563342020520
8365.647120594791 70.008240623959978
8487.328259932974 69.753349838977996
8610.77929219841 69.593988010130232
8736.025961076528 69.557117285606012
8863.094384703289 69.625887853439991
8992.011061111683 69.782306754148848
9122.802873757471 69.984402462693083
9255.497097125279 70.164586831462657
9390.121402416245 70.226192015516659
9526.7038633184 70.069685406092646
9665.272961860968 69.647331179854774
9805.857594353829 68.970393016972281
9948.487077413367 68.082070776169559
10093.19115407597 67.049787566262637
10240.000000000457 65.965499999996609
10388.944229760706 64.889631284625850
10540.05490322983 63.874954427997949
10693.363532057198 62.962720279347316
10848.902086239672 62.181330521052743
11006.703000788428 61.519189700008248
11166.799182492743 60.967886892978498
11329.224016782166 60.545401158883692
11494.0113746885 60.210078956826280
11661.195619909053 60.061983723077304
11830.811615972614 60.036923649826669
12002.894733509682 60.159367406535736
12177.48085762842 60.333424688306565
12354.606395397908 60.500722529114753
12534.308283440243 60.587627668662392
12716.62399563306 60.525703363755568
12901.591550924093 60.150821785885100
13089.249521259411 59.590796785841562
13279.637039626952 58.664320410082127
13472.793808217073 57.451746509739799
13668.760106701786 56.193015438182172
13867.576800634426 55.015774696589958
14069.285349971487 54.024780039614903
14273.927817718419 53.200070894594774
14481.54687870117 52.626155185754229
14692.18582846533 52.342880174301513
14905.888592304698 52.328431670414304
15122.699734421185 52.631212418382397
15342.664467217943 53.276024645510873
15565.828660727671 54.171083913984205
15792.238852178061 54.993944838962165
16021.942255696367 55.239944202009852
16254.986772155136 54.847523096067853
16491.42099916115 54.255964660098797
16731.294241189662 53.889871580627400
16974.65651986603 52.304681004288696
17221.558584396902 50.127439748558388
17472.051922153143 48.314360129550771
17726.188769406665 47.193840310665550
17984.022122223458 46.808652789665146
18245.605747515034 46.730054620596391
18510.99419425065 45.130544992944444
18780.242804832582 45.248053641221645
19053.40772663689 47.917975853433546
19330.545923722028 48.970649399231661
19611.71518870775 47.932358463580783
19896.974154826825 46.997000000000000
20186.382308152035 46.997000000000000
