20 70.141000000000005
20.290906698750476 70.204979480137553
20.586044732869844 70.267509425320398
20.885475648548283 70.330596224953027
21.189261887185914 70.392051442125791
21.49746679841394 70.452588736439708
21.810154653305165 70.512028296188333
22.12739065777668 70.570069760317267
22.449240966187475 70.627542003280382
22.77577269513385 70.684460378050858
23.107053937445478 70.741009069838299
23.44315377638505 70.797524802642755
23.784142300054445 70.852522003043106
24.130090616010463 70.906012908263591
24.481070866093134 70.956009455447827
24.837156241469714 71.003520341687192
25.1984209978975 71.050553915262071
25.56494047120865 71.097492376421826
25.936791093020236 71.146472482682768
26.3140504066728 71.195006251480308
26.69679708340074 71.242474834103234
27.08511093873791 71.286511544386428
27.47907294916184 71.327507112543273
27.878765268980047 71.366477113725551
28.284271247461966 71.405026334705042
28.695675446220072 71.444968489924264
29.11306365684382 71.485005780161529
29.536522918790062 71.523456680126003
29.966141537533712 71.560011037330611
30.402009102982383 71.594000679634433
30.844216508158908 71.627016153726771
31.29285596815558 71.660489253748807
31.74802103936409 71.693001434502094
32.20980663898519 71.724486816294444
32.67830906482211 71.755018504931570
33.153626015361866 71.783477608062626
33.63585661014871 71.811491670299091
34.125101410453844 71.836004804729171
34.62146244024586 71.859521562194004
35.12504320746613 71.883002198422929
35.635948725613716 71.908997391127116
36.15428553564419 71.935012756820612
36.68016172818701 71.958506208666350
37.21368696608603 71.978987982780453
37.754972507267915 71.997499059860360
38.30413122794313 72.017504594155994
38.86127764614443 72.037009320276923
39.4265279456077 72.055984153651139
40.000000000000206 72.074500000000000
40.58181339750116 72.091494549411550
41.1720894657399 72.107002091018956
41.77095129709678 72.120998861701764
42.37852377437204 72.134989034278306
42.9949335968281 72.149498436938330
43.62030930661056 72.161003896776208
44.25478131555359 72.168997244920348
44.89848193237519 72.176005895197250
45.55154539026795 72.183994439024687
46.21410787489121 72.194001765809233
46.88630755277036 72.205003382178546
47.56828460010916 72.212500616907761
48.260181232021196 72.213999354586818
48.962141732186545 72.211500000000001
49.674312482939705 72.211500000000001
50.39684199579528 72.211500000000001
51.129880942417586 72.210000243637623
51.873582186040764 72.208001123155810
52.628100813345895 72.206499539364614
53.393594166801776 72.203001854329230
54.17022187747612 72.198498169792401
54.95814589832399 72.191998814576124
55.75753053796041 72.185503814379075
56.56854249492426 72.181002538560847
57.39135089244048 72.172494116773450
58.226127313687975 72.158498722353784
59.073045837580466 72.149999813234530
59.932283075067765 72.146495942157856
60.804018205965114 72.133999588100338
61.68843301631817 72.113991079285199
62.58571193631152 72.095505934496927
63.49604207872855 72.083999658451887
64.41961327797075 72.076503138977515
65.35661812964459 72.065504483003110
66.3072520307241 72.046994384807704
67.27171322029778 72.025506389392319
68.25020282090806 72.002495404360076
69.2429248804921 71.980001702103664
70.25008641493265 71.954997632467595
71.27189745122783 71.927002809555404
72.30857107128878 71.902510133802735
73.36032345637442 71.881991057204274
74.42737393217246 71.852489469130887
75.50994501453623 71.822001548528760
76.60826245588666 71.798493291486309
77.72255529228926 71.770011366968390
78.85305589121582 71.739998367606148
80.00000000000082 71.706499999999977
81.16362679500274 71.669012023356871
82.34417893148023 71.624996564754554
83.541902594194 71.602001870061386
84.75704754874454 71.563497821164589
85.98986719365665 71.507006085611039
87.24061861322157 71.464512956785029
88.50956263110764 71.424013958581668
89.79696386475084 71.379501249431698
91.10309078053635 71.332996985401053
92.42821574978288 71.288992861810158
93.77261510554118 71.244512734426337
95.13656920021877 71.191516739287692
96.52036246404286 71.131485800909999
97.92428346437356 71.076489158730979
99.34862496587989 71.022014343410206
100.79368399159105 70.964512574729071
102.25976188483567 70.899510557630066
103.74716437208203 70.840993355402901
105.25620162669229 70.779990912970760
106.78718833360406 70.710992178031248
108.34044375495276 70.646480853212694
109.9162917966485 70.578487134669345
111.51506107592134 70.507997119415549
113.13708498984903 70.431496024168666
114.78270178488147 70.354513950524989
116.45225462737648 70.279489553363248
118.14609167516147 70.209996266863698
119.86456615013608 70.140017666951991
121.60803641193078 70.060498497416091
123.3768660326369 69.987505528330985
125.17142387262359 69.910480447391336
126.99208415745765 69.826496035896696
128.83922655594208 69.739488998617560
130.71323625928977 69.648487888916534
132.61450406144883 69.551025422717530
134.5434264405962 69.449474069273919
136.50040564181674 69.330474264416466
138.48584976098482 69.204509531780417
140.50017282986593 69.073989134717337
142.5437949024563 68.945512893852424
144.61714214257822 68.818492095683624
146.7206469127495 68.701519634604708
148.8547478643456 68.601011874242388
151.01989002907314 68.518004215975481
153.216524911774 68.478008649762870
155.4451105845792 68.452499461994535
157.70611178243232 68.441500950199412
160.00000000000236 68.461000000000041
162.3272535900062 68.500007196327999
164.6883578629612 68.567009558943880
167.08380518838874 68.630994796350947
169.51409509748981 68.722004646896806
171.97973438731407 68.842487020953513
174.4812372264439 68.985514487824588
177.01912526221608 69.140507685992290
179.5939277295025 69.298495565538403
182.20618156107355 69.447008427174353
184.85643149956664 69.570013720049445
187.54523021108326 69.655504810128946
190.27313840043846 69.712501500004748
193.04072492808663 69.742497018729267
195.84856692874806 69.737500771138258
198.69724993176072 69.711996367773722
201.58736798318304 69.669992785873490
204.5195237696723 69.612509336257702
207.49432874416505 69.539491176846468
210.5124032533856 69.458488476593317
213.57437666720915 69.370988786058319
216.68088750990657 69.278503348996992
219.83258359329807 69.183012616383252
223.03012215184378 69.089496328666826
226.2741699796992 68.991994886663548
229.5654035697641 68.892988098316835
232.90450925475412 68.794514472576850
236.2921833503241 68.695994425339293
239.72913230027333 68.591495921342300
243.21607282386276 68.483997766707432
246.75373206527502 68.375508216765880
250.34284774524843 68.266004645275927
253.9841683149166 68.159995079044137
257.67845311188546 68.051986882967029
261.42647251858085 67.943486643242849
265.22900812289896 67.835999781031234
269.08685288119375 67.732003965877624
273.0008112836349 67.628504990327997
276.97169952197106 67.528507566810106
281.00034565973334 67.433491755913906
285.0875898049141 67.336009783273198
289.23428428515797 67.236493242568145
293.44129382550057 67.136492841917999
297.7094957286928 67.032512284894807
302.0397800581479 66.930505181078274
306.4330498235497 66.828498848591963
310.89022116916016 66.725494888947978
315.41222356486645 66.620994737357108
320.00000000000654 66.512999999999835
324.6545071800142 66.401511804388491
329.3767157259242 66.290506682427448
334.16761037677935 66.179009067624520
339.02819019498156 66.065995429303314
343.95946877463007 65.947488756155181
348.9624744528898 65.827487428306995
354.03825052443415 65.692994040923651
359.187855459007 65.570503438110990
364.4123631221491 65.447990375653291
369.71286299913527 65.307503631130260
375.0904604221685 65.164988902948096
380.54627680087896 65.033492898694703
386.08144985617537 64.891489426457412
391.6971338574982 64.759496969530147
397.3944998635236 64.630511322851078
403.1747359663683 64.481506806403303
409.0390475393468 64.337999049213067
414.9886574883323 64.219006850233356
421.0248065067734 64.095503958981681
427.1487533344206 64.001503786179697
433.3617750198154 63.925502752051187
439.6651671865984 63.874999202628416
446.06024430368984 63.844499435179507
452.54833995940066 63.829500800451271
459.13080713953053 63.844999545900464
465.8090185095106 63.877500109281243
472.58436670065066 63.917502773993860
479.45826460054917 63.969502598958648
486.432145647728 64.038001235175074
493.50746413055253 64.098004493254408
500.6856954904994 64.167497052039238
507.9683366298358 64.235001526201046
515.3569062237735 64.268499574840490
522.8529450371643 64.306499721373029
530.4580162458005 64.351500022107430
538.1737057623901 64.361999599598903
546.0016225672724 64.359500120539323
553.9433990439449 64.383001337079492
562.0006913194694 64.409998965701874
570.1751796098309 64.429500638834099
578.4685685703187 64.458998465496066
586.8825876510039 64.502997843670570
595.4189914573883 64.538499964472493
604.0795601162986 64.568498476329410
612.8660996471021 64.594500234753099
621.780442338323 64.615500562460284
630.8244471297356 64.627000121820430
640.0000000000159 64.629500000000007
649.3090143600314 64.629499994678085
658.7534314518515 64.625999639781384
668.3352207535618 64.617999591239169
678.0563803899662 64.599999556475240
687.9189375492632 64.588500072815933
697.9249489057827 64.581500035744511
708.0765010488715 64.570999562190309
718.3757109180171 64.562000252595908
728.8247262443015 64.555000183394583
739.425725998274 64.551500090463733
750.1809208443404 64.550500007359886
761.0925536017613 64.552999897727688
772.1628997123541 64.559499941113842
783.3942677149998 64.570000305422994
794.7889997270506 64.582999999688610
806.34947193274 64.601500905319000
818.0780950786972 64.624000179785753
829.9773149766683 64.646500639188957
842.0496130135506 64.670999214680023
854.2975066688449 64.701001467778099
866.7235500396347 64.736998696501729
879.3303343732008 64.776001163378226
892.1204886073838 64.820501863764008
905.0966799188055 64.869998779069192
918.2616142790653 64.927998300659766
931.6180370190256 64.991000185764420
945.1687334013056 65.058998662186468
958.9165292011028 65.129997568612026
972.8642912954606 65.208501698245740
987.0149282611097 65.290999581763941
1001.3713909810035 65.376502254730497
1015.9366732596762 65.460498115736158
1030.7138124475518 65.531999092508613
1045.7058900743334 65.585999604056440
1060.916032491606 65.636500193715747
1076.3474115247852 65.728503062253282
1092.0032451345498 65.845001782488083
1107.8867980878947 65.960498531802557
1124.0013826389438 66.071002574486755
1140.350359219667 66.181002393065242
1156.9371371406426 66.291500916824475
1173.765175302013 66.404001191063870
1190.837982914782 66.519999883916995
1208.1591202326028 66.639500844973895
1225.73219929421 66.763001425206795
1243.5608846766518 66.890499175291552
1261.648894259477 67.021999231264999
1280.0000000000375 67.157500000000283
1298.6180287200684 67.297500221227693
1317.5068629037087 67.442998943961541
1336.6704415071292 67.588503360749627
1356.112760779938 67.736498179058316
1375.8378750985323 67.884999059677170
1395.8498978115715 68.033999239152706
1416.153002097749 68.183500015632802
1436.7514218360407 68.337003169119470
1457.6494524886093 68.494003425357135
1478.8514519965543 68.654503372481372
1500.3618416886875 68.814998818791992
1522.1851072035295 68.980000815852691
1544.3257994247153 69.148498473558760
1566.788535430007 69.318496484133959
1589.5779994541087 69.493999995796045
1612.6989438654878 69.672999565413363
1636.156190157402 69.855501486166503
1659.9546299533442 70.041497107917223
1684.099226027109 70.230501776217281
1708.5950133376978 70.423000104385238
1733.4471000792773 70.617500768039193
1758.6606687464096 70.810997457857951
1784.2409772147755 71.004999827195718
1810.193359837619 71.197002589792220
1836.5232285581387 71.386501591427930
1863.2360740380593 71.572500493095333
1890.3374668026197 71.752996448892077
1917.833058402214 71.926000343345393
1945.7285825909298 72.089997546060815
1974.0298565222283 72.242499226869711
2002.7427819620161 72.381498944475339
2031.8733465193618 72.510001330737538
2061.4276248951132 72.623498559485540
2091.411780148677 72.718999299766494
2121.832064983222 72.796000123173968
2152.694823049581 72.854499664595153
2184.0064902691106 72.896999308138646
2215.7735961758003 72.920999694910421
2248.002765277899 72.926499959943783
2280.7007184393456 72.914000107636809
2313.874274281297 72.884499625120640
2347.530350604038 72.838499347995182
2381.6759658295764 72.775000063545420
2416.318240465218 72.699999421859928
2451.4643985884327 72.615498921314042
2487.1217693533167 72.519000624191051
2523.2977885189675 72.412000625510572
2560.0000000000887 72.297999999999718
2597.236057440151 72.180499816783893
2635.0137258074315 72.060000874588511
2673.340883014273 71.938000372381310
2712.225521559891 71.815001513389063
2751.6757501970797 71.694500763022859
2791.699795623158 71.576500602550155
2832.3060041955137 71.464499989306773
2873.502843672097 71.359500398437504
2915.2989049772345 71.263500218254990
2957.7029039931244 71.175000200372807
3000.723683377391 71.096000581418053
3044.370214407075 71.027499709488637
3088.6515988494466 70.967500543539899
3133.57707086003 70.911499908274820
3179.1559989082334 70.852500001413247
3225.3978877309914 70.789000154168974
3272.3123803148205 70.717499368765445
3319.9092599067053 70.638499585561590
3368.198452054235 70.561499414078952
3417.190026675413 70.497999978264232
3466.8942001585724 70.457499954353352
3517.3213374928373 70.446000128635291
3568.4819544295697 70.465499982630845
3620.386719675257 70.515999727263278
3673.0464571162966 70.597500988225434
3726.472148076138 70.713000407050231
3780.6749336052594 70.861999817485810
3835.6661168044484 71.045500458500015
3891.45716518188 71.264500728104139
3948.059713044477 71.513998735130599
4005.4855639240527 71.786997926919270
4063.746693038744 72.078998461531967
4122.855249790247 72.386001239183543
4182.823560297375 72.683497818680806
4243.664129966465 72.960000545334452
4305.389646099183 73.218998515045342
4368.012980538242 73.453499927122905
4431.5471923516225 73.654500419271500
4496.00553055582 73.795000425930951
4561.401436878714 73.847499446888946
4627.748548562617 73.763500571543076
4695.060701208099 73.497501180750021
4763.351931659176 73.030000467841077
4832.63648093046 72.392504776024126
4902.928797176889 71.720501939013417
4974.243538706657 71.279002855794857
5046.595577037959 71.360999520636781
5120.000000000202 71.934500000001606
5194.472114880326 72.531000327664756
5270.027451614888 72.746498786345740
5346.6817660285715 72.540500628766722
5424.451043119808 72.064499706253457
5503.351500394186 71.527003403481899
5583.399591246343 71.050496181538591
5664.612008391055 70.525999969447824
5747.005687344222 70.226001138392760
5830.597809954497 70.023500460381541
5915.405807986278 69.703000725643790
6001.447366754812 69.420999130305461
6088.740428814181 69.213999392340142
6177.303197698925 69.088499856980661
6267.154141720092 69.023500000777332
6358.3119978165005 69.023999999988035
6450.795775462017 69.093499831263898
6544.624760629676 69.228999654321385
6639.818519813445 69.427501356329941
6736.396904108505 69.679499749793877
6834.380053350861 69.958500151880543
6933.788400317181 70.241498292808132
7034.642674985712 70.488499204012442
7136.963908859177 70.649499856591774
7240.773439350552 70.664499257459198
7346.092914232631 70.486500144954334
7452.944296152315 70.102998433266123
7561.349867210557 69.529500702495682
7671.332233608935 68.805498241385294
7782.914330363799 67.965505041040387
7896.119426088994 67.110504334560403
8010.971127848146 66.284999145279798
8127.49338607753 65.505997668211648
8245.710499580537 64.792003022378111
8365.647120594791 64.222999509914260
8487.328259932974 63.728499085135994
8610.77929219841 63.293999155462217
8736.025961076528 62.932000112500070
8863.094384703289 62.649001370349723
8992.011061111683 62.451999950939452
9122.802873757471 62.347000101347682
9255.497097125279 62.332000050501918
9390.121402416245 62.402000477302678
9526.7038633184 62.563999837883053
9665.272961860968 62.829499926925124
9805.857594353829 63.198001946036868
9948.487077413367 63.665000297447421
10093.19115407597 64.221000643867939
10240.000000000457 64.834500000001910
10388.944229760706 65.458000834741540
10540.05490322983 66.006999648425179
10693.363532057198 66.435500927018296
10848.902086239672 66.706500043447463
11006.703000788428 66.785999999719280
11166.799182492743 66.728999871353437
11329.224016782166 66.614499990732469
11494.0113746885 66.523500345312442
11661.195619909053 66.490500063958251
11830.811615972614 66.507999960378498
12002.894733509682 66.524999973673545
12177.48085762842 66.407497775141650
12354.606395397908 65.947997876724486
12534.308283440243 64.983003847905508
12716.62399563306 63.559000034108678
12901.591550924093 61.892504046024172
13089.249521259411 60.244004205543384
13279.637039626952 58.816499777510373
13472.793808217073 57.732001076785124
13668.760106701786 57.040999872269353
13867.576800634426 56.803000238656686
14069.285349971487 57.121501722127256
14273.927817718419 58.128499103035267
14481.54687870117 59.878998977292056
14692.18582846533 61.573498620077487
14905.888592304698 62.748497758375038
15122.699734421185 63.500999078238380
15342.664467217943 63.823499499629925
15565.828660727671 63.584500363345896
15792.238852178061 62.766000534394486
16021.942255696367 61.857499611041852
16254.986772155136 61.503002635508949
16491.42099916115 62.309996583951040
16731.294241189662 63.598495923980110
16974.65651986603 64.670498925117926
17221.558584396902 64.160000859306621
17472.051922153143 61.891009763245904
17726.188769406665 58.898502715280607
17984.022122223458 56.156990711917459
18245.605747515034 53.991995308824826
18510.99419425065 52.326499048759949
18780.242804832582 51.007999368015824
19053.40772663689 50.793500214654777
19330.545923722028 51.288998075710261
19611.71518870775 50.286498936592210
19896.974154826825 48.679004762728312
20186.382308152035 48.679000000000002
