20 67.932999999999993
20.290906698750476 67.949494709722956
20.586044732869844 67.967002468536293
20.885475648548283 67.983521904867359
21.189261887185914 67.997509353113784
21.49746679841394 68.008512676634240
21.810154653305165 68.017003658989864
22.12739065777668 68.024512132229091
22.449240966187475 68.034508474346040
22.77577269513385 68.045992006097975
23.107053937445478 68.060002086865438
23.44315377638505 68.073004735049977
23.784142300054445 68.083503084538762
24.130090616010463 68.091001548991642
24.481070866093134 68.097001692027504
24.837156241469714 68.105505626424105
25.1984209978975 68.118519501265013
25.56494047120865 68.135497242535536
25.936791093020236 68.151990733964595
26.3140504066728 68.164000592245500
26.69679708340074 68.168497615862407
27.08511093873791 68.168500140785198
27.47907294916184 68.169001094237430
27.878765268980047 68.174996479034704
28.284271247461966 68.187510533882019
28.695675446220072 68.203487395969717
29.11306365684382 68.218501801608781
29.536522918790062 68.230486497701605
29.966141537533712 68.240003408587398
30.402009102982383 68.250500205949834
30.844216508158908 68.260503857606395
31.29285596815558 68.268497433731056
31.74802103936409 68.274500182158988
32.20980663898519 68.278498325878672
32.67830906482211 68.281502597183376
33.153626015361866 68.285496857271951
33.63585661014871 68.290998363808740
34.125101410453844 68.297000920054515
34.62146244024586 68.301501376310256
35.12504320746613 68.303000042277375
35.635948725613716 68.303499949829373
36.15428553564419 68.307003799904010
36.68016172818701 68.314000757154446
37.21368696608603 68.316498534485419
37.754972507267915 68.313000177864268
38.30413122794313 68.311001766983082
38.86127764614443 68.318502452704450
39.4265279456077 68.323495829908211
40.000000000000206 68.314499999999995
40.58181339750116 68.302004007785627
41.1720894657399 68.303501269547226
41.77095129709678 68.311999308890364
42.37852377437204 68.303506657759613
42.9949335968281 68.284502048149790
43.62030930661056 68.286011446780080
44.25478131555359 68.309491906953554
44.89848193237519 68.316973471612386
45.55154539026795 68.281025024388924
46.21410787489121 68.220492856499021
46.88630755277036 68.175998421650007
47.56828460010916 68.172508225436673
48.260181232021196 68.192503614313807
48.962141732186545 68.206500895779271
49.674312482939705 68.210999135593539
50.39684199579528 68.209000437079411
51.129880942417586 68.192502680013803
51.873582186040764 68.164016004970222
52.628100813345895 68.149000197415162
53.393594166801776 68.150499205287474
54.17022187747612 68.150496902725592
54.95814589832399 68.139496261355447
55.75753053796041 68.119012029964765
56.56854249492426 68.093514385178082
57.39135089244048 68.070492225736359
58.226127313687975 68.051997144084922
59.073045837580466 68.032998692641769
59.932283075067765 68.008491397374655
60.804018205965114 67.981999423340483
61.68843301631817 67.953986016176813
62.58571193631152 67.925009302724902
63.49604207872855 67.897998907046002
64.41961327797075 67.874010044728038
65.35661812964459 67.854008150914723
66.3072520307241 67.836995298908775
67.27171322029778 67.819005349258688
68.25020282090806 67.797994995858758
69.2429248804921 67.773501853401754
70.25008641493265 67.742997125139226
71.27189745122783 67.709003411602993
72.30857107128878 67.674514270048732
73.36032345637442 67.634487419456860
74.42737393217246 67.592984635289312
75.50994501453623 67.548502259328842
76.60826245588666 67.503488701450621
77.72255529228926 67.455519144367813
78.85305589121582 67.407497514863110
80.00000000000082 67.356499999999969
81.16362679500274 67.303017153322457
82.34417893148023 67.249991859961881
83.541902594194 67.195504431232422
84.75704754874454 67.140997956136687
85.98986719365665 67.088005708626270
87.24061861322157 67.036515700574810
88.50956263110764 66.986017405145049
89.79696386475084 66.938001347701601
91.10309078053635 66.891497088171477
92.42821574978288 66.848993744058333
93.77261510554118 66.810011160508481
95.13656920021877 66.774011370082206
96.52036246404286 66.738489673389097
97.92428346437356 66.698490451726371
99.34862496587989 66.650512632728251
100.79368399159105 66.597011699965321
102.25976188483567 66.537009745504676
103.74716437208203 66.473992211660800
105.25620162669229 66.402490781274679
106.78718833360406 66.332491389770837
108.34044375495276 66.261478178293885
109.9162917966485 66.183985218556273
111.51506107592134 66.102996893487344
113.13708498984903 66.020495998351578
114.78270178488147 65.943014041112818
116.45225462737648 65.861486396825512
118.14609167516147 65.770995573566950
119.86456615013608 65.688020947957369
121.60803641193078 65.606497982832551
123.3768660326369 65.508507421595013
125.17142387262359 65.408477886930669
126.99208415745765 65.313495420777215
128.83922655594208 65.212986580731297
130.71323625928977 65.101985528807958
132.61450406144883 64.985530376888136
134.5434264405962 64.866473851368653
136.50040564181674 64.746475694171096
138.48584976098482 64.627509002237076
140.50017282986593 64.512989937987243
142.5437949024563 64.394011940610426
144.61714214257822 64.280492940161878
146.7206469127495 64.176017536890527
148.8547478643456 64.086010633649892
151.01989002907314 64.016003555641973
153.216524911774 63.958512434034134
155.4451105845792 63.929999608723293
157.70611178243232 63.922000219276789
160.00000000000236 63.926500000000004
162.3272535900062 63.929498818513316
164.6883578629612 63.918497684943276
167.08380518838874 63.903001260258762
169.51409509748981 63.887499749337515
171.97973438731407 63.881000700114541
174.4812372264439 63.878500186939675
177.01912526221608 63.880500316195885
179.5939277295025 63.886999817569617
182.20618156107355 63.879498150132463
184.85643149956664 63.852491254471410
187.54523021108326 63.797993164553617
190.27313840043846 63.716994799983524
193.04072492808663 63.613010335071891
195.84856692874806 63.495518121749328
198.69724993176072 63.372488930358003
201.58736798318304 63.244485759941604
204.5195237696723 63.131018428960857
207.49432874416505 63.014987146517072
210.5124032533856 62.896984394014964
213.57437666720915 62.778487694972085
216.68088750990657 62.677003674845338
219.83258359329807 62.577513144818163
223.03012215184378 62.473496234530089
226.2741699796992 62.373494835013695
229.5654035697641 62.273488279560745
232.90450925475412 62.176514252182287
236.2921833503241 62.082495012145678
239.72913230027333 61.988996566339331
243.21607282386276 61.898498250415955
246.75373206527502 61.813506437097686
250.34284774524843 61.737003245329760
253.9841683149166 61.666996947184785
257.67845311188546 61.599993471707094
261.42647251858085 61.545994346674881
265.22900812289896 61.500499922097646
269.08685288119375 61.463501410937226
273.0008112836349 61.433501446471880
276.97169952197106 61.409501816034421
281.00034565973334 61.385498139795956
285.0875898049141 61.363502207507800
289.23428428515797 61.340998412003515
293.44129382550057 61.317498038410221
297.7094957286928 61.289003366533677
302.0397800581479 61.262501346064454
306.4330498235497 61.234999675817150
310.89022116916016 61.205998703895901
315.41222356486645 61.179498562518845
320.00000000000654 61.149999999999963
324.6545071800142 61.124002752592830
329.3767157259242 61.102501294344052
334.16761037677935 61.082501626479740
339.02819019498156 61.053499093574914
343.95946877463007 61.029998500820696
348.9624744528898 61.013998597952451
354.03825052443415 60.998999148703376
359.187855459007 60.981500491158712
364.4123631221491 60.961998013480041
369.71286299913527 60.933000749485956
375.0904604221685 60.910499409282409
380.54627680087896 60.903499474903484
386.08144985617537 60.892999639538324
391.6971338574982 60.888499870793922
397.3944998635236 60.883000482757218
403.1747359663683 60.895499428993006
409.0390475393468 60.917500619209974
414.9886574883323 60.994995538713567
421.0248065067734 61.100996602007612
427.1487533344206 61.219495226996870
433.3617750198154 61.346995383072020
439.6651671865984 61.493003633922939
446.06024430368984 61.632005365794669
452.54833995940066 61.774506351968142
459.13080713953053 61.897496396500415
465.8090185095106 62.009500288229276
472.58436670065066 62.115005734698855
479.45826460054917 62.222503794100220
486.432145647728 62.322501873348870
493.50746413055253 62.413505527672697
500.6856954904994 62.498996373372016
507.9683366298358 62.575503075181203
515.3569062237735 62.642999143335324
522.8529450371643 62.704499549064252
530.4580162458005 62.762000124222681
538.1737057623901 62.820997750127148
546.0016225672724 62.878997203487714
553.9433990439449 62.935002525594584
562.0006913194694 62.985998046325754
570.1751796098309 63.039501180218927
578.4685685703187 63.093997165069013
586.8825876510039 63.150497231076983
595.4189914573883 63.204499945958176
604.0795601162986 63.253497511338026
612.8660996471021 63.292000363308375
621.780442338323 63.324501369468493
630.8244471297356 63.352501291296647
640.0000000000159 63.379000000000048
649.3090143600314 63.404500041054732
658.7534314518515 63.431501035628528
668.3352207535618 63.454500386051905
678.0563803899662 63.471500597794233
687.9189375492632 63.486999901856798
697.9249489057827 63.503499915745095
708.0765010488715 63.528501848529814
718.3757109180171 63.566498933483942
728.8247262443015 63.617498663839541
739.425725998274 63.686498216572112
750.1809208443404 63.766999407528544
761.0925536017613 63.850496584104391
772.1628997123541 63.932499257128555
783.3942677149998 64.010001785549804
794.7889997270506 64.085999998179545
806.34947193274 64.155002514775020
818.0780950786972 64.217500487419144
829.9773149766683 64.278501591450080
842.0496130135506 64.339498044713537
854.2975066688449 64.398002446296829
866.7235500396347 64.457997827502865
879.3303343732008 64.521501673173177
892.1204886073838 64.585502597974056
905.0966799188055 64.654498298096442
918.2616142790653 64.727497861175209
931.6180370190256 64.802000208984978
945.1687334013056 64.878498494959771
958.9165292011028 64.959497226163023
972.8642912954606 65.042001749707737
987.0149282611097 65.126999569090117
1001.3713909810035 65.215002482887741
1015.9366732596762 65.307497925066599
1030.7138124475518 65.403498781550041
1045.7058900743334 65.499499296100311
1060.916032491606 65.597000208455000
1076.3474115247852 65.696002641686320
1092.0032451345498 65.796501550996112
1107.8867980878947 65.896998722477548
1124.0013826389438 66.000002434060193
1140.350359219667 66.104002284781757
1156.9371371406426 66.209500855702842
1173.765175302013 66.314501083252054
1190.837982914782 66.419999894424492
1208.1591202326028 66.531000776554961
1225.73219929421 66.644501279891585
1243.5608846766518 66.758999259379479
1261.648894259477 66.875999316030445
1280.0000000000375 66.995500000000249
1298.6180287200684 67.117000191578626
1317.5068629037087 67.242999085492471
1336.6704415071292 67.371002929302051
1356.112760779938 67.499998412827864
1375.8378750985323 67.632499160991415
1395.8498978115715 67.769999297875842
1416.153002097749 67.909000014156078
1436.7514218360407 68.048002765409976
1457.6494524886093 68.185002998521355
1478.8514519965543 68.325502994259168
1500.3618416886875 68.467998951263908
1522.1851072035295 68.609000673017960
1544.3257994247153 68.747998740799204
1566.788535430007 68.889997063217777
1589.5779994541087 69.031499996610492
1612.6989438654878 69.174499652816252
1636.156190157402 69.319001174550948
1659.9546299533442 69.465997714321674
1684.099226027109 69.612001342543451
1708.5950133376978 69.757500076745970
1733.4471000792773 69.900500571564038
1758.6606687464096 70.044498108173343
1784.2409772147755 70.188999871287535
1810.193359837619 70.332501933802632
1836.5232285581387 70.474001197848963
1863.2360740380593 70.614000376992550
1890.3374668026197 70.751997285025510
1917.833058402214 70.890000284725446
1945.7285825909298 71.025997965026050
1974.0298565222283 71.159999320659296
2002.7427819620161 71.292498993834386
2031.8733465193618 71.422501518330478
2061.4276248951132 71.551998356417428
2091.411780148677 71.681999046802559
2121.832064983222 71.810500273719953
2152.694823049581 71.940499254655919
2184.0064902691106 72.070497883718204
2215.7735961758003 72.199498360143480
2248.002765277899 72.326999071424240
2280.7007184393456 72.453998906410078
2313.874274281297 72.580001014619128
2347.530350604038 72.704501252670667
2381.6759658295764 72.826499877912738
2416.318240465218 72.949500827869201
2451.4643985884327 73.070501324603981
2487.1217693533167 73.188999233506308
2523.2977885189675 73.301499342337024
2560.0000000000887 73.410500000000241
2597.236057440151 73.516000153567035
2635.0137258074315 73.616999266942415
2673.340883014273 73.713499705452477
2712.225521559891 73.807498843426259
2751.6757501970797 73.898499423775263
2791.699795623158 73.986999548087397
2832.3060041955137 74.069000007281588
2873.502843672097 74.140499728683025
2915.2989049772345 74.199999864727374
2957.7029039931244 74.238999911700120
3000.723683377391 74.243999963201389
3044.370214407075 74.208499593284088
3088.6515988494466 74.124500760955840
3133.57707086003 73.992499735707128
3179.1559989082334 73.822500004072054
3225.3978877309914 73.627500473432292
3272.3123803148205 73.431998537773140
3319.9092599067053 73.248999144211609
3368.198452054235 73.089998841998550
3417.190026675413 72.964499948209848
3466.8942001585724 72.867999716196920
3517.3213374928373 72.796499666867561
3568.4819544295697 72.746000044981656
3620.386719675257 72.711000189025441
3673.0464571162966 72.675999563640715
3726.472148076138 72.624999766424196
3780.6749336052594 72.539500104731303
3835.6661168044484 72.399499558248849
3891.45716518188 72.188499165379611
3948.059713044477 71.902501449910432
4005.4855639240527 71.541502741326525
4063.746693038744 71.115502244477355
4122.855249790247 70.637497834032104
4182.823560297375 70.117503812726000
4243.664129966465 69.573998838795546
4305.389646099183 69.022503161978761
4368.012980538242 68.479500168751656
4431.5471923516225 67.973998681010613
4496.00553055582 67.531997160460321
4561.401436878714 67.181998472359965
4627.748548562617 66.950001578547557
4695.060701208099 66.854000426135343
4763.351931659176 66.898499955467543
4832.63648093046 67.078998647729634
4902.928797176889 67.376999140139873
4974.243538706657 67.764497493498283
5046.595577037959 68.214997366425251
5120.000000000202 68.699000000001320
5194.472114880326 69.183500682698252
5270.027451614888 69.632502197539026
5346.6817660285715 70.005498861504890
5424.451043119808 70.266500075144478
5503.351500394186 70.403999129341827
5583.399591246343 70.382498565801910
5664.612008391055 70.185499970364390
5747.005687344222 69.894501104240973
5830.597809954497 69.613500638850439
5915.405807986278 69.373000544515847
6001.447366754812 69.155999216434623
6088.740428814181 68.969499283397141
6177.303197698925 68.821499749166094
6267.154141720092 68.707499883400175
6358.3119978165005 68.632500001796473
6450.795775462017 68.604000069193944
6544.624760629676 68.625499945150636
6639.818519813445 68.694500570519736
6736.396904108505 68.800499894754566
6834.380053350861 68.929500072183515
6933.788400317181 69.063999188631414
7034.642674985712 69.183999613285408
7136.963908859177 69.272499921170009
7240.773439350552 69.309499906139507
7346.092914232631 69.287000018322885
7452.944296152315 69.201999592949704
7561.349867210557 69.053000182514126
7671.332233608935 68.844499468228406
7782.914330363799 68.590501524314590
7896.119426088994 68.300001472736596
8010.971127848146 68.025999777816622
8127.49338607753 67.823499479103305
8245.710499580537 67.664000675167102
8365.647120594791 67.538999922200745
8487.328259932974 67.460499921041659
8610.77929219841 67.422999956839931
8736.025961076528 67.404500005749313
8863.094384703289 67.371000162214543
8992.011061111683 67.286499923605732
9122.802873757471 67.123000157812811
9255.497097125279 66.861999744965345
9390.121402416245 66.508498783172797
9526.7038633184 66.095500413298140
9665.272961860968 65.673500116149143
9805.857594353829 65.265998393581981
9948.487077413367 64.880499803663298
10093.19115407597 64.513499601190205
10240.000000000457 64.133499999998662
10388.944229760706 63.699999308943489
10540.05490322983 63.245500291057851
10693.363532057198 62.837998773667664
10848.902086239672 62.479499860640196
11006.703000788428 62.224499999342548
11166.799182492743 62.090999967978803
11329.224016782166 62.062500003615355
11494.0113746885 62.097999865290198
11661.195619909053 62.141999928732218
11830.811615972614 62.122500044149660
12002.894733509682 61.986000211385957
12177.48085762842 61.714497956713338
12354.606395397908 61.292498718333690
12534.308283440243 60.710002322699445
12716.62399563306 60.023500016443549
12901.591550924093 59.327501689788676
13089.249521259411 58.707001582978265
13279.637039626952 58.222999937428000
13472.793808217073 57.918000302830301
13668.760106701786 57.807500039714569
13867.576800634426 57.881499925795822
14069.285349971487 58.130500713135120
14273.927817718419 58.547499628565745
14481.54687870117 59.078999689477705
14692.18582846533 59.551499615217836
14905.888592304698 59.700999714788992
15122.699734421185 59.478000273159921
15342.664467217943 58.971998268593914
15565.828660727671 58.145001257268007
15792.238852178061 56.786000887284189
16021.942255696367 54.886498009675378
16254.986772155136 53.072495710358112
16491.42099916115 51.759005560074726
16731.294241189662 50.241504800434754
16974.65651986603 48.747497034336149
17221.558584396902 47.339002370878305
17472.051922153143 46.021505669050889
17726.188769406665 44.751001152803340
17984.022122223458 43.462494547273479
18245.605747515034 42.191496676321400
18510.99419425065 41.011499232009825
18780.242804832582 39.946997407244410
19053.40772663689 39.067000880634978
19330.545923722028 38.538502052446276
19611.71518870775 38.522500290741974
19896.974154826825 38.961998697841935
20186.382308152035 38.962000000000003
