20 101.456500000000005
20.290906698750476 101.486560459072422
20.586044732869844 101.515150995340775
20.885475648548283 101.540765430126612
21.189261887185914 101.562248264608797
21.49746679841394 101.580238853511872
21.810154653305165 101.597083947145308
22.12739065777668 101.615484201144369
22.449240966187475 101.634864788140192
22.77577269513385 101.657051463180466
23.107053937445478 101.678601681481410
23.44315377638505 101.697896305458869
23.784142300054445 101.713135514127117
24.130090616010463 101.724318639409020
24.481070866093134 101.729358032205539
24.837156241469714 101.730771407168902
25.1984209978975 101.729755921257890
25.56494047120865 101.728793823895543
25.936791093020236 101.730380881874623
26.3140504066728 101.736851244670959
26.69679708340074 101.748141901564765
27.08511093873791 101.760553309651101
27.47907294916184 101.768186089702652
27.878765268980047 101.768954630241325
28.284271247461966 101.764804473782988
28.695675446220072 101.761217298215115
29.11306365684382 101.761243700225279
29.536522918790062 101.765719137512747
29.966141537533712 101.768296849225209
30.402009102982383 101.760433030123821
30.844216508158908 101.745812984267303
31.29285596815558 101.737258930039815
31.74802103936409 101.747664904692655
32.20980663898519 101.770249171783178
32.67830906482211 101.786856618129633
33.153626015361866 101.775670796817138
33.63585661014871 101.733648203053193
34.125101410453844 101.681866380111416
34.62146244024586 101.645627352151152
35.12504320746613 101.629124006228281
35.635948725613716 101.614246358621770
36.15428553564419 101.585928584826689
36.68016172818701 101.546668032114155
37.21368696608603 101.511460903831349
37.754972507267915 101.486165360197717
38.30413122794313 101.464418269970508
38.86127764614443 101.437323389135571
39.4265279456077 101.403408328773949
40.000000000000206 101.367999999999981
40.58181339750116 101.341818309840136
41.1720894657399 101.324790822849920
41.77095129709678 101.304968259990972
42.37852377437204 101.273834108430435
42.9949335968281 101.239041223319802
43.62030930661056 101.204383021221304
44.25478131555359 101.160769162301335
44.89848193237519 101.111452275138191
45.55154539026795 101.075321821334128
46.21410787489121 101.060053280806045
46.88630755277036 101.035150165545943
47.56828460010916 100.984098267993033
48.260181232021196 100.925106843062451
48.962141732186545 100.876522606087406
49.674312482939705 100.832998501823525
50.39684199579528 100.799614459670494
51.129880942417586 100.780287407554880
51.873582186040764 100.760857266018078
52.628100813345895 100.711576344944348
53.393594166801776 100.638910550811744
54.17022187747612 100.567117767578338
54.95814589832399 100.512356792164681
55.75753053796041 100.460215165542849
56.56854249492426 100.392262632961888
57.39135089244048 100.320126525034993
58.226127313687975 100.256676061404008
59.073045837580466 100.209898112232423
59.932283075067765 100.155766166270723
60.804018205965114 100.088684205696737
61.68843301631817 100.018387000952202
62.58571193631152 99.939839554520233
63.49604207872855 99.855612149796343
64.41961327797075 99.783693783404800
65.35661812964459 99.725176439702750
66.3072520307241 99.653582048958299
67.27171322029778 99.559594813902152
68.25020282090806 99.476863134976881
69.2429248804921 99.423404467220564
70.25008641493265 99.377369426236839
71.27189745122783 99.297459895657568
72.30857107128878 99.188314314296903
73.36032345637442 99.117506091375901
74.42737393217246 99.051536346104484
75.50994501453623 98.950492714403893
76.60826245588666 98.844557846381932
77.72255529228926 98.733906200449340
78.85305589121582 98.604738908468363
80.00000000000082 98.490999999999971
81.16362679500274 98.449303268937243
82.34417893148023 98.397392069818210
83.541902594194 98.313960409133259
84.75704754874454 98.212055931748637
85.98986719365665 98.099024609984269
87.24061861322157 97.988245699888950
88.50956263110764 97.878680801268445
89.79696386475084 97.768393428919694
91.10309078053635 97.658156293862277
92.42821574978288 97.547963600871270
93.77261510554118 97.454875013062917
95.13656920021877 97.368281555939120
96.52036246404286 97.272226211240877
97.92428346437356 97.162262359895408
99.34862496587989 97.043924353833148
100.79368399159105 96.933325629944392
102.25976188483567 96.828310160138273
103.74716437208203 96.725299632894959
105.25620162669229 96.628022581876650
106.78718833360406 96.543952563875791
108.34044375495276 96.477563137311790
109.9162917966485 96.394086324946556
111.51506107592134 96.281216751799164
113.13708498984903 96.176590870732568
114.78270178488147 96.082951431710086
116.45225462737648 96.000697577853245
118.14609167516147 95.922734909880518
119.86456615013608 95.849038736283575
121.60803641193078 95.773218375878216
123.3768660326369 95.688140109477288
125.17142387262359 95.590528872152092
126.99208415745765 95.472858417555315
128.83922655594208 95.349651931243898
130.71323625928977 95.223825565447683
132.61450406144883 95.090783382328425
134.5434264405962 94.999033463730157
136.50040564181674 94.960238033566412
138.48584976098482 94.889764112906818
140.50017282986593 94.780907305048927
142.5437949024563 94.670211109450292
144.61714214257822 94.589708596081053
146.7206469127495 94.519374522496719
148.8547478643456 94.439851984571916
151.01989002907314 94.361455563058030
153.216524911774 94.293723912435041
155.4451105845792 94.231413748813367
157.70611178243232 94.166547985499463
160.00000000000236 94.116999999999976
162.3272535900062 94.089538407637917
164.6883578629612 94.063428063507430
167.08380518838874 94.049997735095729
169.51409509748981 94.056459199409460
171.97973438731407 94.092155484584339
174.4812372264439 94.149342188325235
177.01912526221608 94.221766107761596
179.5939277295025 94.315988039266998
182.20618156107355 94.425924570813947
184.85643149956664 94.535584977782150
187.54523021108326 94.634865952374710
190.27313840043846 94.715719204650782
193.04072492808663 94.780449338676803
195.84856692874806 94.825325096058975
198.69724993176072 94.846570649767983
201.58736798318304 94.845444212058865
204.5195237696723 94.830876349458748
207.49432874416505 94.807552931721119
210.5124032533856 94.775351160959374
213.57437666720915 94.735065132492281
216.68088750990657 94.688451576412660
219.83258359329807 94.641927537897175
223.03012215184378 94.596699524605214
226.2741699796992 94.550782591954260
229.5654035697641 94.505011917284932
232.90450925475412 94.462693634315571
236.2921833503241 94.427468597740386
239.72913230027333 94.391810252384658
243.21607282386276 94.359014499335927
246.75373206527502 94.334693092051225
250.34284774524843 94.316628609019006
253.9841683149166 94.302063326740324
257.67845311188546 94.283147927801593
261.42647251858085 94.240382329777020
265.22900812289896 94.222019089351875
269.08685288119375 94.264151396608952
273.0008112836349 94.287251014104541
276.97169952197106 94.291850237081718
281.00034565973334 94.295400311093758
285.0875898049141 94.299061312863444
289.23428428515797 94.301963998999611
293.44129382550057 94.304220646912754
297.7094957286928 94.305541899145737
302.0397800581479 94.304980109970927
306.4330498235497 94.302783475088233
310.89022116916016 94.298123501184691
315.41222356486645 94.289763329305401
320.00000000000654 94.275999999999968
324.6545071800142 94.255520168407941
329.3767157259242 94.233429436088159
334.16761037677935 94.218413929907342
339.02819019498156 94.204721067454059
343.95946877463007 94.187745912411330
348.9624744528898 94.167753854743154
354.03825052443415 94.146135522744927
359.187855459007 94.123154650434458
364.4123631221491 94.094790766515956
369.71286299913527 94.064636680904925
375.0904604221685 94.036008929136798
380.54627680087896 94.006391640223796
386.08144985617537 93.977684605733515
391.6971338574982 93.948340047248138
397.3944998635236 93.916393550832510
403.1747359663683 93.881451584201784
409.0390475393468 93.849558016264879
414.9886574883323 93.822796315255971
421.0248065067734 93.800345292441534
427.1487533344206 93.780911865552468
433.3617750198154 93.767441410395207
439.6651671865984 93.763499999999993
446.06024430368984 93.765560244303686
452.54833995940066 93.775870849898496
459.13080713953053 93.794982536724234
465.8090185095106 93.817966401201545
472.58436670065066 93.864312207426877
479.45826460054917 93.931311778305769
486.432145647728 94.003207885606827
493.50746413055253 94.073609822439053
500.6856954904994 94.151342642172580
507.9683366298358 94.234637850203740
515.3569062237735 94.318680901478487
522.8529450371643 94.405349304760577
530.4580162458005 94.483507642150755
538.1737057623901 94.551075759415966
546.0016225672724 94.622014603105455
553.9433990439449 94.693490591395502
562.0006913194694 94.765606083611345
570.1751796098309 94.837453990761588
578.4685685703187 94.906289119133646
586.8825876510039 94.972684183677828
595.4189914573883 95.036287688066068
604.0795601162986 95.097037030785017
612.8660996471021 95.154434490613724
621.780442338323 95.210619923269462
630.8244471297356 95.270023795769220
640.0000000000159 95.331500000000091
649.3090143600314 95.389215889032187
658.7534314518515 95.442956887702962
668.3352207535618 95.485841449240326
678.0563803899662 95.523211426462382
687.9189375492632 95.559404122054815
697.9249489057827 95.593152331389078
708.0765010488715 95.624229503146609
718.3757109180171 95.656802274937661
728.8247262443015 95.689797887669556
739.425725998274 95.724604895794300
750.1809208443404 95.761625684586676
761.0925536017613 95.799361747872751
772.1628997123541 95.836897506718742
783.3942677149998 95.878462788607123
794.7889997270506 95.923155998908214
806.34947193274 95.970191571722552
818.0780950786972 96.019215017640647
829.9773149766683 96.069940741437961
842.0496130135506 96.122217056934289
854.2975066688449 96.175622528898316
866.7235500396347 96.230074300176838
879.3303343732008 96.286486504679402
892.1204886073838 96.343567499492735
905.0966799188055 96.401222697971349
918.2616142790653 96.460899758211070
931.6180370190256 96.522290246356306
945.1687334013056 96.585252786431155
958.9165292011028 96.651096557805332
972.8642912954606 96.719903599119789
987.0149282611097 96.791498866556395
1001.3713909810035 96.865222659166619
1015.9366732596762 96.941964368276274
1030.7138124475518 97.020323995254756
1045.7058900743334 97.100669159149533
1060.916032491606 97.182324437789134
1076.3474115247852 97.263461626211395
1092.0032451345498 97.344266631314568
1107.8867980878947 97.425366604793481
1124.0013826389438 97.504840016088224
1140.350359219667 97.583566274659262
1156.9371371406426 97.661163090379347
1173.765175302013 97.738943288859048
1190.837982914782 97.814311963877998
1208.1591202326028 97.889599149551685
1225.73219929421 97.963384163725877
1243.5608846766518 98.037243538706605
1261.648894259477 98.109595577037908
1280.0000000000375 98.181000000000154
1298.6180287200684 98.250950593619677
1317.5068629037087 98.321524706453346
1336.6704415071292 98.390930350463350
1356.112760779938 98.459394662729778
1375.8378750985323 98.527640669089948
1395.8498978115715 98.595889652559350
1416.153002097749 98.663843340325826
1436.7514218360407 98.732279692058938
1457.6494524886093 98.801090204162634
1478.8514519965543 98.870478704468837
1500.3618416886875 98.940150656570026
1522.1851072035295 99.009548640907212
1544.3257994247153 99.079183010193617
1566.788535430007 99.149380230541624
1589.5779994541087 99.219900238318658
1612.6989438654878 99.291366725983011
1636.156190157402 99.364084189487954
1659.9546299533442 99.438257538053506
1684.099226027109 99.514435538766207
1708.5950133376978 99.592847843214145
1733.4471000792773 99.673875430261617
1758.6606687464096 99.757773060362865
1784.2409772147755 99.844788961618832
1810.193359837619 99.935084493825173
1836.5232285581387 100.029675016522788
1863.2360740380593 100.128502916902335
1890.3374668026197 100.231702621858119
1917.833058402214 100.339975572440807
1945.7285825909298 100.453487188622802
1974.0298565222283 100.572886591654253
2002.7427819620161 100.698342518829065
2031.8733465193618 100.829742283757014
2061.4276248951132 100.967852599496553
2091.411780148677 101.112011841405092
2121.832064983222 101.263297729789855
2152.694823049581 101.421830450434058
2184.0064902691106 101.586034885196469
2215.7735961758003 101.758754778966903
2248.002765277899 101.937215623820123
2280.7007184393456 102.123385821640881
2313.874274281297 102.316858218259654
2347.530350604038 102.517474276134294
2381.6759658295764 102.725265290706147
2416.318240465218 102.939217032233188
2451.4643985884327 103.160798931036538
2487.1217693533167 103.388650049506339
2523.2977885189675 103.622935625373287
2560.0000000000887 103.862500000000580
2597.236057440151 104.107257979104986
2635.0137258074315 104.356340361565600
2673.340883014273 104.608758066856524
2712.225521559891 104.864447591576621
2751.6757501970797 105.120996429403561
2791.699795623158 105.377086197097640
2832.3060041955137 105.631589466180003
2873.502843672097 105.883252090469298
2915.2989049772345 106.130162725519554
2957.7029039931244 106.369979449243431
3000.723683377391 106.598509864380333
3044.370214407075 106.808156106484347
3088.6515988494466 106.992308655570369
3133.57707086003 107.149357199980599
3179.1559989082334 107.272349077347002
3225.3978877309914 107.363890599246901
3272.3123803148205 107.423358018480201
3319.9092599067053 107.451981851981344
3368.198452054235 107.450174665616686
3417.190026675413 107.419309973324587
3466.8942001585724 107.361158699762143
3517.3213374928373 107.278762672138527
3568.4819544295697 107.176709339343546
3620.386719675257 107.059887341566395
3673.0464571162966 106.933536180065076
3726.472148076138 106.802643237213459
3780.6749336052594 106.672913906027645
3835.6661168044484 106.546504526534349
3891.45716518188 106.431499600719206
3948.059713044477 106.324662291628556
4005.4855639240527 106.236188758127639
4063.746693038744 106.165096753823150
4122.855249790247 106.112334437622351
4182.823560297375 106.078253773349985
4243.664129966465 106.062174479937426
4305.389646099183 106.060038419615836
4368.012980538242 106.071602596107653
4431.5471923516225 106.093981140125578
4496.00553055582 106.121735775995489
4561.401436878714 106.152130646595424
4627.748548562617 106.181534848187027
4695.060701208099 106.207056092548441
4763.351931659176 106.229124095736069
4832.63648093046 106.247280025804713
4902.928797176889 106.262556170823615
4974.243538706657 106.277348707741325
5046.595577037959 106.292110337764072
5120.000000000202 106.308428571428607
5194.472114880326 106.326935686683512
5270.027451614888 106.347257549194097
5346.6817660285715 106.368629246695534
5424.451043119808 106.389747775681656
5503.351500394186 106.410218957244226
5583.399591246343 106.427972413139855
5664.612008391055 106.441191801258654
5747.005687344222 106.448850284367211
5830.597809954497 106.449664131402727
5915.405807986278 106.442649925522531
6001.447366754812 106.426620066226860
6088.740428814181 106.403502734624524
6177.303197698925 106.378394109212437
6267.154141720092 106.355890318112984
6358.3119978165005 106.342960360207428
6450.795775462017 106.344079577546211
6544.624760629676 106.363949294810936
6639.818519813445 106.404400185897401
6736.396904108505 106.463705770958128
6834.380053350861 106.537519743480942
6933.788400317181 106.618706488260088
7034.642674985712 106.698115939364641
7136.963908859177 106.764721232606774
7240.773439350552 106.804635351886347
7346.092914232631 106.801172125730204
7452.944296152315 106.738673740866716
7561.349867210557 106.603174579163763
7671.332233608935 106.399081927721710
7782.914330363799 106.133479217186263
7896.119426088994 105.814290972095037
8010.971127848146 105.451203852035718
8127.49338607753 105.066002391669613
8245.710499580537 104.679523366755944
8365.647120594791 104.312331485568222
8487.328259932974 103.978713698180968
8610.77929219841 103.693400271016941
8736.025961076528 103.469900821812516
8863.094384703289 103.314250537636937
8992.011061111683 103.233033031499644
9122.802873757471 103.229041580566616
9255.497097125279 103.304941093431552
9390.121402416245 103.454639931114286
9526.7038633184 103.665620494710041
9665.272961860968 103.908946570691398
9805.857594353829 104.141567696319854
9948.487077413367 104.307857927333700
10093.19115407597 104.329876671742767
10240.000000000457 104.162199999999217
10388.944229760706 103.774378464765732
10540.05490322983 103.177949871958390
10693.363532057198 102.463819598881457
10848.902086239672 101.710302923462393
11006.703000788428 101.012679821668883
11166.799182492743 100.425908482131717
11329.224016782166 99.978235467570727
11494.0113746885 99.595674975685284
11661.195619909053 99.212116427890791
11830.811615972614 98.780416604078738
12002.894733509682 98.285677641159680
12177.48085762842 97.800525513979494
12354.606395397908 97.482427005732518
12534.308283440243 97.457012880585239
12716.62399563306 97.937772622415793
12901.591550924093 98.893063329849937
13089.249521259411 100.037508866080600
13279.637039626952 101.278961813694053
13472.793808217073 102.561023722452063
13668.760106701786 103.797966435409137
13867.576800634426 104.903868643045257
14069.285349971487 105.699664634017424
14273.927817718419 106.172729805292406
14481.54687870117 106.139049490272157
14692.18582846533 105.697466257609932
14905.888592304698 105.140365257085136
15122.699734421185 104.632683340718472
15342.664467217943 104.268047836305982
15565.828660727671 104.001447881232195
15792.238852178061 103.611536259324893
16021.942255696367 102.753373920824231
16254.986772155136 101.199999368072042
16491.42099916115 99.066416903569774
16731.294241189662 96.637200155583514
16974.65651986603 94.258396183465152
17221.558584396902 92.154839062753965
17472.051922153143 90.346148806532966
17726.188769406665 88.741153476751748
17984.022122223458 87.260009991815181
18245.605747515034 85.942444896909933
18510.99419425065 84.954400726202579
18780.242804832582 84.408483238081885
19053.40772663689 84.265376841617254
19330.545923722028 84.407562648179692
19611.71518870775 84.714079973242775
19896.974154826825 84.885000000000005
20186.382308152035 84.885000000000005
