20 67.829830357142853
20.290906698750476 67.831654164241471
20.586044732869844 67.831446029170806
20.885475648548283 67.828584225320427
21.189261887185914 67.823626289675019
21.49746679841394 67.817240275033043
21.810154653305165 67.812387913155703
22.12739065777668 67.809201869127008
22.449240966187475 67.807056433435093
22.77577269513385 67.804075284425693
23.107053937445478 67.797230778368203
23.44315377638505 67.784683294487877
23.784142300054445 67.765491106246600
24.130090616010463 67.741399940379068
24.481070866093134 67.716971339523383
24.837156241469714 67.695930360273223
25.1984209978975 67.680876568533733
25.56494047120865 67.672134855982009
25.936791093020236 67.664292793044041
26.3140504066728 67.654289716408499
26.69679708340074 67.638108158997596
27.08511093873791 67.617493726678518
27.47907294916184 67.595216112993825
27.878765268980047 67.573522923318563
28.284271247461966 67.553211307639444
28.695675446220072 67.528813922340092
29.11306365684382 67.500026340505883
29.536522918790062 67.467530964617438
29.966141537533712 67.436178653904136
30.402009102982383 67.409677528318497
30.844216508158908 67.384371363365773
31.29285596815558 67.354271183560229
31.74802103936409 67.316694550056781
32.20980663898519 67.277359992367678
32.67830906482211 67.244177395551304
33.153626015361866 67.218861183746583
33.63585661014871 67.192086932053712
34.125101410453844 67.155185635302189
34.62146244024586 67.111044332061027
35.12504320746613 67.070453896204185
35.635948725613716 67.036753204649131
36.15428553564419 67.004507240119594
36.68016172818701 66.963922337982467
37.21368696608603 66.911845567320455
37.754972507267915 66.855845462927377
38.30413122794313 66.803708326034922
38.86127764614443 66.762200387560512
39.4265279456077 66.730078791899928
40.000000000000206 66.702809523809520
40.58181339750116 66.670881920688174
41.1720894657399 66.623812641757681
41.77095129709678 66.559350746161670
42.37852377437204 66.497335604150209
42.9949335968281 66.466038085827563
43.62030930661056 66.435977906670672
44.25478131555359 66.363757942936786
44.89848193237519 66.300328689613281
45.55154539026795 66.317482138648501
46.21410787489121 66.314757027915704
46.88630755277036 66.178469675587039
47.56828460010916 66.105987991705007
48.260181232021196 66.292782226429040
48.962141732186545 66.435931972710506
49.674312482939705 66.266344498547454
50.39684199579528 66.009042638118629
51.129880942417586 65.924996386499217
51.873582186040764 65.899756758264161
52.628100813345895 65.832798870918481
53.393594166801776 65.726336586278038
54.17022187747612 65.595402104771949
54.95814589832399 65.577703638486156
55.75753053796041 65.592284384977859
56.56854249492426 65.475706191442995
57.39135089244048 65.342543413902618
58.226127313687975 65.212888951164501
59.073045837580466 65.003260328887819
59.932283075067765 64.916504510278401
60.804018205965114 64.987326492501438
61.68843301631817 64.987623985223024
62.58571193631152 64.902810681130347
63.49604207872855 64.901284178289814
64.41961327797075 64.864425428179203
65.35661812964459 64.698552279870086
66.3072520307241 64.641187887133356
67.27171322029778 64.615734124296424
68.25020282090806 64.533590036116877
69.2429248804921 64.537903902515382
70.25008641493265 64.539050999555570
71.27189745122783 64.476481928475209
72.30857107128878 64.424094826216930
73.36032345637442 64.384189522683442
74.42737393217246 64.309473290559112
75.50994501453623 64.238030132625340
76.60826245588666 64.155607909379000
77.72255529228926 64.053382314678402
78.85305589121582 63.988277599447002
80.00000000000082 63.930526706231397
81.16362679500274 63.859612098400191
82.34417893148023 63.825475668103678
83.541902594194 63.804248535565236
84.75704754874454 63.825965134799006
85.98986719365665 63.831075273571678
87.24061861322157 63.827975771079309
88.50956263110764 63.826160436243363
89.79696386475084 63.809928693644622
91.10309078053635 63.736765584929230
92.42821574978288 63.674184870547350
93.77261510554118 63.593563431531891
95.13656920021877 63.517287547606024
96.52036246404286 63.443840012712435
97.92428346437356 63.375567526727210
99.34862496587989 63.283812502437151
100.79368399159105 63.169407561529525
102.25976188483567 63.059620462036676
103.74716437208203 62.959587207226647
105.25620162669229 62.853646464449099
106.78718833360406 62.736925902756823
108.34044375495276 62.615890429311619
109.9162917966485 62.497102420497441
111.51506107592134 62.365161577006560
113.13708498984903 62.237204125412241
114.78270178488147 62.104274851259873
116.45225462737648 61.963755187856464
118.14609167516147 61.825635360373298
119.86456615013608 61.692692869499680
121.60803641193078 61.550465769856856
123.3768660326369 61.414187343101162
125.17142387262359 61.312009173300858
126.99208415745765 61.230050190102148
128.83922655594208 61.164958538238508
130.71323625928977 61.205491391252785
132.61450406144883 61.268904955307093
134.5434264405962 61.388064276008620
136.50040564181674 61.537164994715809
138.48584976098482 61.662613751720890
140.50017282986593 61.761644649223314
142.5437949024563 61.803663080066833
144.61714214257822 61.808886897318523
146.7206469127495 61.865606786413295
148.8547478643456 61.967877849068188
151.01989002907314 62.165816650248821
153.216524911774 62.437756871280939
155.4451105845792 62.718766963823263
157.70611178243232 62.985654833832029
160.00000000000236 63.194660714285895
162.3272535900062 63.340661995967544
164.6883578629612 63.413133436932604
167.08380518838874 63.422802343095611
169.51409509748981 63.386337163002459
171.97973438731407 63.310268707851307
174.4812372264439 63.218684079137837
177.01912526221608 63.117203114074329
179.5939277295025 63.009187085822589
182.20618156107355 62.894549660129044
184.85643149956664 62.777186093769345
187.54523021108326 62.665715955622652
190.27313840043846 62.556463189268101
193.04072492808663 62.451036501077027
195.84856692874806 62.350408323973284
198.69724993176072 62.254076040904309
201.58736798318304 62.148281211256361
204.5195237696723 62.051421132197746
207.49432874416505 61.956605484232249
210.5124032533856 61.868426916081688
213.57437666720915 61.783631815019334
216.68088750990657 61.702931249764134
219.83258359329807 61.630362841806289
223.03012215184378 61.573106496263449
226.2741699796992 61.528153973486170
229.5654035697641 61.491588395521390
232.90450925475412 61.459930734711648
236.2921833503241 61.435405440057423
239.72913230027333 61.411719253718204
243.21607282386276 61.379935445449497
246.75373206527502 61.352022759159681
250.34284774524843 61.329911656920260
253.9841683149166 61.310242324540553
257.67845311188546 61.285352721721921
261.42647251858085 61.249506260907054
265.22900812289896 61.211947832053141
269.08685288119375 61.167546613198297
273.0008112836349 61.107799815845723
276.97169952197106 61.045093309973602
281.00034565973334 60.983528568069843
285.0875898049141 60.914048846203315
289.23428428515797 60.848251721947051
293.44129382550057 60.783660368927819
297.7094957286928 60.712308668713760
302.0397800581479 60.646311542250253
306.4330498235497 60.580671367603117
310.89022116916016 60.517943466484461
315.41222356486645 60.453234768379964
320.00000000000654 60.386008928571322
324.6545071800142 60.311879357440269
329.3767157259242 60.248211932849784
334.16761037677935 60.185511715478050
339.02819019498156 60.113955352900895
343.95946877463007 60.039494528566323
348.9624744528898 59.966647263310243
354.03825052443415 59.889844859047756
359.187855459007 59.816689650907634
364.4123631221491 59.743094557716105
369.71286299913527 59.672198263404439
375.0904604221685 59.605194831784345
380.54627680087896 59.542351724619948
386.08144985617537 59.491265208782082
391.6971338574982 59.457815626535620
397.3944998635236 59.452058779558811
403.1747359663683 59.472093666466478
409.0390475393468 59.520045004117847
414.9886574883323 59.594753321981628
421.0248065067734 59.699778994922696
427.1487533344206 59.822869861133761
433.3617750198154 59.962628906692302
439.6651671865984 60.103527790157102
446.06024430368984 60.244817589660201
452.54833995940066 60.377298749154178
459.13080713953053 60.500146417914493
465.8090185095106 60.605277061153430
472.58436670065066 60.698670089740858
479.45826460054917 60.777098096148947
486.432145647728 60.852629109101031
493.50746413055253 60.920452858114231
500.6856954904994 60.980845495450886
507.9683366298358 61.039899826114848
515.3569062237735 61.097299897498317
522.8529450371643 61.158499591050330
530.4580162458005 61.221307266283091
538.1737057623901 61.293104515735628
546.0016225672724 61.369300234378201
553.9433990439449 61.442920823374422
562.0006913194694 61.516059743923833
570.1751796098309 61.588272704269073
578.4685685703187 61.661395269171976
586.8825876510039 61.727263300974727
595.4189914573883 61.786691331286264
604.0795601162986 61.842834184666458
612.8660996471021 61.894832586659987
621.780442338323 61.944556037616167
630.8244471297356 61.994812742609710
640.0000000000159 62.046857142857235
649.3090143600314 62.100691479881490
658.7534314518515 62.159794876873896
668.3352207535618 62.220790627617575
678.0563803899662 62.279077925163008
687.9189375492632 62.339202009221808
697.9249489057827 62.400682189351826
708.0765010488715 62.464523745097161
718.3757109180171 62.529309428175196
728.8247262443015 62.591860393141260
739.425725998274 62.656216711296679
750.1809208443404 62.720631460269587
761.0925536017613 62.783127093182912
772.1628997123541 62.847481695144438
783.3942677149998 62.912737493857563
794.7889997270506 62.979970236470542
806.34947193274 63.048689744407952
818.0780950786972 63.119408576134703
829.9773149766683 63.194049814366977
842.0496130135506 63.272402458413993
854.2975066688449 63.351205396838360
866.7235500396347 63.434574480947390
879.3303343732008 63.524510886487839
892.1204886073838 63.616538622663001
905.0966799188055 63.709720177439209
918.2616142790653 63.810538681595439
931.6180370190256 63.914777722693060
945.1687334013056 64.011373413103001
958.9165292011028 64.093098096148964
972.8642912954606 64.189507044173240
987.0149282611097 64.317681853956472
1001.3713909810035 64.441575825751514
1015.9366732596762 64.544039721783790
1030.7138124475518 64.642879835997334
1045.7058900743334 64.745499345680557
1060.916032491606 64.870116361532197
1076.3474115247852 65.012209031471301
1092.0032451345498 65.146106720151565
1107.8867980878947 65.286333214562717
1124.0013826389438 65.434965398327307
1140.350359219667 65.585393405516328
1156.9371371406426 65.731489115629785
1173.765175302013 65.875831922339401
1190.837982914782 66.020562347453421
1208.1591202326028 66.165085461666195
1225.73219929421 66.310164683191474
1243.5608846766518 66.452612075232352
1261.648894259477 66.593537903716339
1280.0000000000375 66.737392857143135
1298.6180287200684 66.881733844643364
1317.5068629037087 67.024083552698130
1336.6704415071292 67.165975011213760
1356.112760779938 67.309441672469774
1375.8378750985323 67.452606027665468
1395.8498978115715 67.594703108717056
1416.153002097749 67.737559539417774
1436.7514218360407 67.882618856350462
1457.6494524886093 68.028896223873588
1478.8514519965543 68.177438071191062
1500.3618416886875 68.324765191136066
1522.1851072035295 68.474923643943100
1544.3257994247153 68.626438983814836
1566.788535430007 68.779841781473266
1589.5779994541087 68.934440472941134
1612.6989438654878 69.091475772808693
1636.156190157402 69.248816608079764
1659.9546299533442 69.406283511627038
1684.099226027109 69.566804916828033
1708.5950133376978 69.727415509422542
1733.4471000792773 69.888643452852847
1758.6606687464096 70.049521772975723
1784.2409772147755 70.209596556657544
1810.193359837619 70.368347379985821
1836.5232285581387 70.522861890552747
1863.2360740380593 70.677150291027047
1890.3374668026197 70.831062908617000
1917.833058402214 70.981643117867023
1945.7285825909298 71.126009420184090
1974.0298565222283 71.270181853956501
2002.7427819620161 71.412421321202473
2031.8733465193618 71.549579443567637
2061.4276248951132 71.680760385134207
2091.411780148677 71.804999018520874
2121.832064983222 71.921412655736560
2152.694823049581 72.030641908158998
2184.0064902691106 72.133203840086637
2215.7735961758003 72.227120821951786
2248.002765277899 72.311205007854028
2280.7007184393456 72.381797200058557
2313.874274281297 72.441191292503845
2347.530350604038 72.490110640779818
2381.6759658295764 72.528854115817822
2416.318240465218 72.554000000000002
2451.4643985884327 72.564999999999998
2487.1217693533167 72.565445283700427
2523.2977885189675 72.555499999999995
2560.0000000000887 72.534999999999997
2597.236057440151 72.500114072877892
2635.0137258074315 72.455666578920727
2673.340883014273 72.402500000000003
2712.225521559891 72.341499999999996
2751.6757501970797 72.273095981556310
2791.699795623158 72.195638588655314
2832.3060041955137 72.113949542446548
2873.502843672097 72.026253208821288
2915.2989049772345 71.933141090538228
2957.7029039931244 71.838499999999996
3000.723683377391 71.742693348104751
3044.370214407075 71.644331526179940
3088.6515988494466 71.548525894569281
3133.57707086003 71.453000000000003
3179.1559989082334 71.358059350420675
3225.3978877309914 71.266120511183999
3272.3123803148205 71.177091695960087
3319.9092599067053 71.091717329653690
3368.198452054235 71.010597541585952
3417.190026675413 70.938584490577398
3466.8942001585724 70.874356547147102
3517.3213374928373 70.819489113512105
3568.4819544295697 70.776000000000010
3620.386719675257 70.744000000000000
3673.0464571162966 70.727000000000004
3726.472148076138 70.721499999999992
3780.6749336052594 70.726499999999987
3835.6661168044484 70.735500000000002
3891.45716518188 70.747500000000002
3948.059713044477 70.764621235971035
4005.4855639240527 70.787000000000006
4063.746693038744 70.814500000000010
4122.855249790247 70.849500000000006
4182.823560297375 70.888997863942691
4243.664129966465 70.930000000000007
4305.389646099183 70.976640842409495
4368.012980538242 71.020703840086668
4431.5471923516225 71.061000000000007
4496.00553055582 71.091999999999999
4561.401436878714 71.109499999999997
4627.748548562617 71.104999999999990
4695.060701208099 71.074777891382638
4763.351931659176 71.018000000000001
4832.63648093046 70.939329641472540
4902.928797176889 70.836369737126290
4974.243538706657 70.707390567400807
5046.595577037959 70.558740127483816
5120.000000000202 70.386284866468543
5194.472114880326 70.202728145755714
5270.027451614888 70.003165322574745
5346.6817660285715 69.787837005867345
5424.451043119808 69.563196300238673
5503.351500394186 69.333191393489059
5583.399591246343 69.101775026052550
5664.612008391055 68.872899084893021
5747.005687344222 68.649506417642527
5830.597809954497 68.435064362152829
5915.405807986278 68.232751026726589
6001.447366754812 68.042386696209476
6088.740428814181 67.897162568524948
6177.303197698925 67.832999999999998
6267.154141720092 67.781499999999994
6358.3119978165005 67.723999999999990
6450.795775462017 67.659999999999997
6544.624760629676 67.614183391920136
6639.818519813445 67.594217976468087
6736.396904108505 67.598500000000001
6834.380053350861 67.626499999999993
6933.788400317181 67.670500000000004
7034.642674985712 67.724021772975831
7136.963908859177 67.782499999999999
7240.773439350552 67.828999999999994
7346.092914232631 67.836500000000001
7452.944296152315 67.779500000000013
7561.349867210557 67.621751685698570
7671.332233608935 67.329118352354357
7782.914330363799 66.883456496357269
7896.119426088994 66.290033178041710
8010.971127848146 65.576893393987007
8127.49338607753 64.789171299243151
8245.710499580537 63.985190655930737
8365.647120594791 63.220511186935767
8487.328259932974 62.558700833732296
8610.77929219841 62.054936630361880
8736.025961076528 61.760092045880519
8863.094384703289 61.713240926859477
8992.011061111683 61.906321519511437
9122.802873757471 62.262876479992499
9255.497097125279 62.664765170015713
9390.121402416245 63.016944217234787
9526.7038633184 63.279832926542859
9665.272961860968 63.454840717055021
9805.857594353829 63.594999999999999
9948.487077413367 63.757436431493666
10093.19115407597 63.992019745032557
10240.000000000457 64.340357566766926
10388.944229760706 64.835543708488743
10540.05490322983 65.497167368634507
10693.363532057198 66.357312552353093
10848.902086239672 67.459720751426616
11006.703000788428 68.718357149896690
11166.799182492743 69.929899895790143
11329.224016782166 70.697100915107072
11494.0113746885 70.579542842632804
11661.195619909053 69.512386172916436
11830.811615972614 67.898004585401623
12002.894733509682 66.207636307949258
12177.48085762842 64.689123083121871
12354.606395397908 63.412413083691938
12534.308283440243 62.380654984641772
12716.62399563306 61.586732155853987
12901.591550924093 61.023480503202109
13089.249521259411 60.686865695460810
13279.637039626952 60.564000000000000
13472.793808217073 60.661999999999999
13668.760106701786 60.978831018845383
13867.576800634426 61.465575076066550
14069.285349971487 62.014542187457572
14273.927817718419 62.428657466842886
14481.54687870117 62.425805240028026
14692.18582846533 61.792837558759658
14905.888592304698 60.562802434001796
15122.699734421185 58.995009416509035
15342.664467217943 57.375972004641284
15565.828660727671 55.876912733763866
15792.238852178061 54.553060403702020
16021.942255696367 53.386135382759718
16254.986772155136 52.398173297157335
16491.42099916115 51.963955359639428
16731.294241189662 51.520507081562997
16974.65651986603 50.949703809922539
17221.558584396902 50.354809891085253
17472.051922153143 49.681053918959179
17726.188769406665 48.893530448194454
17984.022122223458 48.016713921953993
18245.605747515034 47.147247040014733
18510.99419425065 46.433469659968303
18780.242804832582 45.909111235454759
19053.40772663689 45.572499999999998
19330.545923722028 45.324318565889840
19611.71518870775 44.947978885851562
19896.974154826825 44.048624539205875
20186.382308152035 43.773499999999999
