20 67.644499999999994
20.290906698750476 67.693954303635266
20.586044732869844 67.743174129897881
20.885475648548283 67.793079274758043
21.189261887185914 67.843228052292176
21.49746679841394 67.891363723917436
21.810154653305165 67.938972562366430
22.12739065777668 67.983379262155410
22.449240966187475 68.025573032253021
22.77577269513385 68.065592633724833
23.107053937445478 68.105346515315176
23.44315377638505 68.145917106403161
23.784142300054445 68.187787609631727
24.130090616010463 68.230761381205909
24.481070866093134 68.273275837886757
24.837156241469714 68.313858534020994
25.1984209978975 68.351590126037124
25.56494047120865 68.387669383938288
25.936791093020236 68.423850130167637
26.3140504066728 68.462475227618071
26.69679708340074 68.503401682819828
27.08511093873791 68.544936583778863
27.47907294916184 68.584209583067235
27.878765268980047 68.619695047863303
28.284271247461966 68.651888886054564
28.695675446220072 68.683762684805174
29.11306365684382 68.717110410831737
29.536522918790062 68.753214016853519
29.966141537533712 68.791020455302970
30.402009102982383 68.827147333727595
30.844216508158908 68.858734571137148
31.29285596815558 68.888776707890315
31.74802103936409 68.918621367558671
32.20980663898519 68.948427624895061
32.67830906482211 68.977876852954154
33.153626015361866 69.006410308890992
33.63585661014871 69.034515539998779
34.125101410453844 69.063380983216774
34.62146244024586 69.092787746414757
35.12504320746613 69.122377376410640
35.635948725613716 69.150341231183148
36.15428553564419 69.178485704460428
36.68016172818701 69.206868409865720
37.21368696608603 69.234611722236480
37.754972507267915 69.261884361232504
38.30413122794313 69.288498250941274
38.86127764614443 69.314858256178155
39.4265279456077 69.340647833328134
40.000000000000206 69.365000000000009
40.58181339750116 69.388757459589499
41.1720894657399 69.410953322698646
41.77095129709678 69.433410707510149
42.37852377437204 69.455161569568190
42.9949335968281 69.477235179670274
43.62030930661056 69.499210804677347
44.25478131555359 69.520228470041815
44.89848193237519 69.540369849147737
45.55154539026795 69.562304086082108
46.21410787489121 69.585423207657414
46.88630755277036 69.605096061858632
47.56828460010916 69.621707112563996
48.260181232021196 69.639245226728605
48.962141732186545 69.659302481393084
49.674312482939705 69.678586377763878
50.39684199579528 69.693944743607346
51.129880942417586 69.703356296222552
51.873582186040764 69.714005321121846
52.628100813345895 69.738124013938858
53.393594166801776 69.757673936573198
54.17022187747612 69.758004442910021
54.95814589832399 69.764471891287570
55.75753053796041 69.799967250124439
56.56854249492426 69.825792206135787
57.39135089244048 69.839804859816837
58.226127313687975 69.850344164332682
59.073045837580466 69.864522641726126
59.932283075067765 69.876551963050957
60.804018205965114 69.889545933716846
61.68843301631817 69.899922706748796
62.58571193631152 69.911803532003702
63.49604207872855 69.923204483905380
64.41961327797075 69.935713812447531
65.35661812964459 69.950170962879838
66.3072520307241 69.962726146322609
67.27171322029778 69.972445418982687
68.25020282090806 69.981001622567263
69.2429248804921 69.988336086842708
70.25008641493265 69.993625388867201
71.27189745122783 69.997815692353683
72.30857107128878 70.000925713213860
73.36032345637442 70.004080970369131
74.42737393217246 70.006641060898261
75.50994501453623 70.008987343344089
76.60826245588666 70.011314049625952
77.72255529228926 70.012770381926273
78.85305589121582 70.016831581399060
80.00000000000082 70.024000000000001
81.16362679500274 70.034181759910680
82.34417893148023 70.039780827497225
83.541902594194 70.043305115895635
84.75704754874454 70.047987695589001
85.98986719365665 70.051474674170834
87.24061861322157 70.052400238158384
88.50956263110764 70.051484062281475
89.79696386475084 70.049338393558742
91.10309078053635 70.049459622307609
92.42821574978288 70.048082827789869
93.77261510554118 70.044084270250025
95.13656920021877 70.038772384097271
96.52036246404286 70.035521393578136
97.92428346437356 70.026593989576142
99.34862496587989 70.010413615224763
100.79368399159105 69.991417546778791
102.25976188483567 69.978960952460653
103.74716437208203 69.969062055027734
105.25620162669229 69.951762365852616
106.78718833360406 69.936489681664767
108.34044375495276 69.928418372898506
109.9162917966485 69.924568292278110
111.51506107592134 69.917944267832951
113.13708498984903 69.908682871696044
114.78270178488147 69.898858117239783
116.45225462737648 69.886278017122123
118.14609167516147 69.872095271273650
119.86456615013608 69.855571465534439
121.60803641193078 69.843099801936376
123.3768660326369 69.828870454351005
125.17142387262359 69.812628609019015
126.99208415745765 69.797735270635371
128.83922655594208 69.781087292472549
130.71323625928977 69.763418058126689
132.61450406144883 69.746583967508400
134.5434264405962 69.732782867797027
136.50040564181674 69.724749391537273
138.48584976098482 69.723228774641484
140.50017282986593 69.726583707798028
142.5437949024563 69.731011555621990
144.61714214257822 69.736851426427734
146.7206469127495 69.738000000000000
148.8547478643456 69.730955311105404
151.01989002907314 69.714393143697635
153.216524911774 69.688538736288109
155.4451105845792 69.654844097945244
157.70611178243232 69.615954877342148
160.00000000000236 69.576499999999953
162.3272535900062 69.534609435379878
164.6883578629612 69.493860244757073
167.08380518838874 69.471412797455201
169.51409509748981 69.468805638038987
171.97973438731407 69.488797343873145
174.4812372264439 69.534417239419454
177.01912526221608 69.614861734072690
179.5939277295025 69.730333388832520
182.20618156107355 69.873046167420114
184.85643149956664 70.033242321473566
187.54523021108326 70.201114306200608
190.27313840043846 70.355892132500699
193.04072492808663 70.482196417181001
195.84856692874806 70.584796434633944
198.69724993176072 70.660860598526028
201.58736798318304 70.708842099789791
204.5195237696723 70.730805317347404
207.49432874416505 70.728773630232638
210.5124032533856 70.706115631421653
213.57437666720915 70.666384349991858
216.68088750990657 70.613419579515380
219.83258359329807 70.557971641218955
223.03012215184378 70.494397556963122
226.2741699796992 70.429895628735963
229.5654035697641 70.366329764912848
232.90450925475412 70.306202918290211
236.2921833503241 70.245667653856586
239.72913230027333 70.182943335520008
243.21607282386276 70.120421625449595
246.75373206527502 70.053648307267935
250.34284774524843 69.983814468967665
253.9841683149166 69.912808717859122
257.67845311188546 69.842149584235187
261.42647251858085 69.770897022146954
265.22900812289896 69.700435105818542
269.08685288119375 69.632023501019702
273.0008112836349 69.566111715230477
276.97169952197106 69.502181582289950
281.00034565973334 69.441094849669980
285.0875898049141 69.380264983750720
289.23428428515797 69.321796591579272
293.44129382550057 69.266951439033591
297.7094957286928 69.214757000828556
302.0397800581479 69.163787556824033
306.4330498235497 69.112614418725258
310.89022116916016 69.059317345970072
315.41222356486645 69.001934981874314
320.00000000000654 68.939999999999912
324.6545071800142 68.872044195171782
329.3767157259242 68.798285563102993
334.16761037677935 68.720984711896165
339.02819019498156 68.639423585704805
343.95946877463007 68.553709296443969
348.9624744528898 68.465364202183849
354.03825052443415 68.373503840455299
359.187855459007 68.278524674008366
364.4123631221491 68.182312518552465
369.71286299913527 68.087611038615393
375.0904604221685 67.992391096777141
380.54627680087896 67.895355505470079
386.08144985617537 67.799299062473793
391.6971338574982 67.709226570878315
397.3944998635236 67.625153151815141
403.1747359663683 67.553196852395160
409.0390475393468 67.490875794414592
414.9886574883323 67.441828452372363
421.0248065067734 67.409765004403425
427.1487533344206 67.393567497777056
433.3617750198154 67.395526735454638
439.6651671865984 67.414302883254948
446.06024430368984 67.447750023100525
452.54833995940066 67.495641553671149
459.13080713953053 67.555627840784013
465.8090185095106 67.624129530768101
472.58436670065066 67.698255488471489
479.45826460054917 67.772767120720175
486.432145647728 67.840332525394331
493.50746413055253 67.891517067780327
500.6856954904994 67.926585670821780
507.9683366298358 67.943426778456498
515.3569062237735 67.943143093776229
522.8529450371643 67.935647054962828
530.4580162458005 67.928328243907828
538.1737057623901 67.925524815108901
546.0016225672724 67.927358533629103
553.9433990439449 67.935658023446408
562.0006913194694 67.949501382638942
570.1751796098309 67.965894154122111
578.4685685703187 67.984554279283216
586.8825876510039 68.002453434067107
595.4189914573883 68.018483235050425
604.0795601162986 68.032364367667185
612.8660996471021 68.043561256739537
621.780442338323 68.050358855788915
630.8244471297356 68.049757997583242
640.0000000000159 68.041499999999971
649.3090143600314 68.026140126305947
658.7534314518515 68.005742450805926
668.3352207535618 67.980078142927709
678.0563803899662 67.948913944713112
687.9189375492632 67.913991824822659
697.9249489057827 67.877573936493889
708.0765010488715 67.842539896433834
718.3757109180171 67.808778939516444
728.8247262443015 67.779232002828167
739.425725998274 67.754792116503879
750.1809208443404 67.734736157102006
761.0925536017613 67.718823359330770
772.1628997123541 67.710073265594815
783.3942677149998 67.706385717747111
794.7889997270506 67.706914374943125
806.34947193274 67.710910174635842
818.0780950786972 67.716071501764077
829.9773149766683 67.721871527871144
842.0496130135506 67.729537209760167
854.2975066688449 67.738365004445896
866.7235500396347 67.747315175032014
879.3303343732008 67.757897300935880
892.1204886073838 67.770357838227625
905.0966799188055 67.784233764908663
918.2616142790653 67.799706602189616
931.6180370190256 67.817163435872487
945.1687334013056 67.836753100101959
958.9165292011028 67.857374793801654
972.8642912954606 67.878714294300707
987.0149282611097 67.900946617642518
1001.3713909810035 67.923602799504209
1015.9366732596762 67.945936232331505
1030.7138124475518 67.968672691878112
1045.7058900743334 67.993325380435607
1060.916032491606 68.018465651986574
1076.3474115247852 68.043110944722173
1092.0032451345498 68.067567469112277
1107.8867980878947 68.091964968423838
1124.0013826389438 68.116890924440668
1140.350359219667 68.140535880658746
1156.9371371406426 68.162302070256771
1173.765175302013 68.184816792583888
1190.837982914782 68.205296942153311
1208.1591202326028 68.225044677417003
1225.73219929421 68.245551084907675
1243.5608846766518 68.265703156047579
1261.648894259477 68.285702080160746
1280.0000000000375 68.306000000000040
1298.6180287200684 68.324086085042353
1317.5068629037087 68.342005490322975
1336.6704415071292 68.357336353205710
1356.112760779938 68.372487389604458
1375.8378750985323 68.386982459446443
1395.8498978115715 68.401491175913378
1416.153002097749 68.414461017960278
1436.7514218360407 68.425700568734413
1457.6494524886093 68.432682879547485
1478.8514519965543 68.436962174239582
1500.3618416886875 68.439543421002639
1522.1851072035295 68.442162212864417
1544.3257994247153 68.442113484011514
1566.788535430007 68.440992687874200
1589.5779994541087 68.441083119978160
1612.6989438654878 68.443785809895786
1636.156190157402 68.450685599866119
1659.9546299533442 68.461875500174813
1684.099226027109 68.477461365342236
1708.5950133376978 68.499095013337694
1733.4471000792773 68.524791810087208
1758.6606687464096 68.553566015870629
1784.2409772147755 68.586252548556388
1810.193359837619 68.624309375740197
1836.5232285581387 68.669433205118139
1863.2360740380593 68.723089919922216
1890.3374668026197 68.787763915014708
1917.833058402214 68.864929191702515
1945.7285825909298 68.956062609157343
1974.0298565222283 69.060371663393141
2002.7427819620161 69.182711066450366
2031.8733465193618 69.324147293646547
2061.4276248951132 69.485113336867187
2091.411780148677 69.666723630304688
2121.832064983222 69.866141248384238
2152.694823049581 70.082744040668871
2184.0064902691106 70.308447703477967
2215.7735961758003 70.541738761939939
2248.002765277899 70.774852459838797
2280.7007184393456 70.994236180860554
2313.874274281297 71.189496129500242
2347.530350604038 71.350296162577223
2381.6759658295764 71.464734603468543
2416.318240465218 71.539073565976878
2451.4643985884327 71.559878134876485
2487.1217693533167 71.545234319114343
2523.2977885189675 71.491646425378832
2560.0000000000887 71.415999999999798
2597.236057440151 71.325832602809612
2635.0137258074315 71.228964770427595
2673.340883014273 71.133314836615028
2712.225521559891 71.042863001849582
2751.6757501970797 70.963336340238243
2791.699795623158 70.896676574448236
2832.3060041955137 70.845701975091259
2873.502843672097 70.809253094739688
2915.2989049772345 70.787981251855228
2957.7029039931244 70.781771667918406
3000.723683377391 70.791925163984217
3044.370214407075 70.818714682246011
3088.6515988494466 70.860783613748765
3133.57707086003 70.912587198417782
3179.1559989082334 70.972443718504280
3225.3978877309914 71.037572958332618
3272.3123803148205 71.106468570472231
3319.9092599067053 71.174877500874047
3368.198452054235 71.234426390136406
3417.190026675413 71.277642115738502
3466.8942001585724 71.296831057998418
3517.3213374928373 71.283682210255307
3568.4819544295697 71.231037790178462
3620.386719675257 71.133775739976130
3673.0464571162966 70.989251337227842
3726.472148076138 70.800552786945346
3780.6749336052594 70.571243692107714
3835.6661168044484 70.318175994666461
3891.45716518188 70.048737392562202
3948.059713044477 69.776337630973444
4005.4855639240527 69.523697726761597
4063.746693038744 69.300603808673827
4122.855249790247 69.123480181692230
4182.823560297375 69.000478964020203
4243.664129966465 68.946157026815655
4305.389646099183 68.963117438823843
4368.012980538242 69.059754534879133
4431.5471923516225 69.243245349029749
4496.00553055582 69.505090079352968
4561.401436878714 69.847234376611681
4627.748548562617 70.253706700129982
4695.060701208099 70.723411306753945
4763.351931659176 71.229856164371427
4832.63648093046 71.757152701406369
4902.928797176889 72.273235282732401
4974.243538706657 72.754090382319603
5046.595577037959 73.150269107546279
5120.000000000202 73.451500000000678
5194.472114880326 73.627920253259987
5270.027451614888 73.672750686290371
5346.6817660285715 73.609020810673030
5424.451043119808 73.459175063570171
5503.351500394186 73.246686059585215
5583.399591246343 73.004838751808080
5664.612008391055 72.762102335078566
5747.005687344222 72.536900468835512
5830.597809954497 72.343517150136222
5915.405807986278 72.194360349855714
6001.447366754812 72.096921053298075
6088.740428814181 72.067622675569169
6177.303197698925 72.106682832247628
6267.154141720092 72.219357199980649
6358.3119978165005 72.414655954639514
6450.795775462017 72.696563066258236
6544.624760629676 73.078005136927999
6639.818519813445 73.527425265500796
6736.396904108505 73.959083956982084
6834.380053350861 74.393355589961928
6933.788400317181 74.958474429957008
7034.642674985712 75.420176506103076
7136.963908859177 75.579087795541795
7240.773439350552 75.874916376079398
7346.092914232631 76.355625350059839
7452.944296152315 76.856604239261372
7561.349867210557 77.296108946200746
7671.332233608935 77.563880372087482
7782.914330363799 77.694507267000745
7896.119426088994 77.714753715940674
8010.971127848146 77.632746063876539
8127.49338607753 77.496921474559912
8245.710499580537 77.353696894738960
8365.647120594791 77.244862388082367
8487.328259932974 77.186832690611539
8610.77929219841 77.180115258847522
8736.025961076528 77.196511386768577
8863.094384703289 77.176984747115597
8992.011061111683 77.083305295592169
9122.802873757471 76.917410165533695
9255.497097125279 76.753337152531202
9390.121402416245 76.758882417611176
9526.7038633184 77.236516526843118
9665.272961860968 77.850450450656453
9805.857594353829 78.098466151840071
9948.487077413367 77.698140259062484
10093.19115407597 76.612015737706656
10240.000000000457 75.075899999994760
10388.944229760706 73.270932258539716
10540.05490322983 71.392133244103462
10693.363532057198 69.603894805638816
10848.902086239672 68.029759854343922
11006.703000788428 66.733890640885420
11166.799182492743 65.646629509001713
11329.224016782166 64.730947019741535
11494.0113746885 63.928147486854755
11661.195619909053 63.299313608475558
11830.811615972614 62.781336187256144
12002.894733509682 62.428565796305151
12177.48085762842 62.197795312795350
12354.606395397908 62.180785436048026
12534.308283440243 62.326124608462024
12716.62399563306 62.707605588063693
12901.591550924093 63.385260309019657
13089.249521259411 64.216048951975594
13279.637039626952 65.253378682516939
13472.793808217073 66.435862075329567
13668.760106701786 67.495369335076532
13867.576800634426 68.041143346099915
14069.285349971487 67.800332328274351
14273.927817718419 67.027465941750108
14481.54687870117 66.100692365925909
14692.18582846533 65.411883383648075
14905.888592304698 65.095312256248747
15122.699734421185 65.184552630845445
15342.664467217943 65.638937414850517
15565.828660727671 66.289448929143632
15792.238852178061 66.749261147821940
16021.942255696367 66.365347571269567
16254.986772155136 64.472394739579926
16491.42099916115 61.527842876447039
16731.294241189662 57.564862410885958
16974.65651986603 52.724373872540603
17221.558584396902 47.613943787920313
17472.051922153143 42.538495276350815
17726.188769406665 37.680937156661514
17984.022122223458 33.425672469624367
18245.605747515034 29.653837810535016
18510.99419425065 26.404055154618838
18780.242804832582 23.951014915640201
19053.40772663689 22.439354742210163
19330.545923722028 21.742629376662144
19611.71518870775 22.451149954338895
19896.974154826825 23.363000000000000
20186.382308152035 23.363000000000000
