20 69.979500000000002
20.290906698750476 69.989496793771494
20.586044732869844 70.001502244123913
20.885475648548283 70.016528163400892
21.189261887185914 70.034515305095283
21.49746679841394 70.052524607584118
21.810154653305165 70.069005366518482
22.12739065777668 70.080009099171818
22.449240966187475 70.087502947598622
22.77577269513385 70.091497219512348
23.107053937445478 70.096500963168666
23.44315377638505 70.102503833135700
23.784142300054445 70.111004112718348
24.130090616010463 70.121002710735354
24.481070866093134 70.131501891089556
24.837156241469714 70.141003462414830
25.1984209978975 70.149008029932645
25.56494047120865 70.155998864573462
25.936791093020236 70.162996068954669
26.3140504066728 70.170000921270784
26.69679708340074 70.176996291341538
27.08511093873791 70.182000985496416
27.47907294916184 70.185500638305172
27.878765268980047 70.188997946103569
28.284271247461966 70.193001975102874
28.695675446220072 70.195997636744323
29.11306365684382 70.198000150134078
29.536522918790062 70.198998874808467
29.966141537533712 70.200000649254747
30.402009102982383 70.202000030892464
30.844216508158908 70.203499758899596
31.29285596815558 70.203000160391809
31.74802103936409 70.198499726761497
32.20980663898519 70.192502511181999
32.67830906482211 70.187999350704160
33.153626015361866 70.187000785682017
33.63585661014871 70.187999702510680
34.125101410453844 70.186999079945480
34.62146244024586 70.182494494758970
35.12504320746613 70.176499365839533
35.635948725613716 70.169000752559484
36.15428553564419 70.161995928674273
36.68016172818701 70.154497274244036
37.21368696608603 70.145505275852486
37.754972507267915 70.135000533592773
38.30413122794313 70.123997290625951
38.86127764614443 70.112494358779756
39.4265279456077 70.101009591211152
40.000000000000206 70.088999999999999
40.58181339750116 70.076004168097057
41.1720894657399 70.061497759622540
41.77095129709678 70.046501219605261
42.37852377437204 70.030512532253368
42.9949335968281 70.014001778656393
43.62030930661056 69.997992449996119
44.25478131555359 69.982505337966813
44.89848193237519 69.964986367356346
45.55154539026795 69.946512859755416
46.21410787489121 69.926996869701810
46.88630755277036 69.907490078942885
47.56828460010916 69.885490129475983
48.260181232021196 69.861493933116094
48.962141732186545 69.837995819696744
49.674312482939705 69.816989627122339
50.39684199579528 69.793005244952852
51.129880942417586 69.766004385477117
51.873582186040764 69.741513758658613
52.628100813345895 69.716996051696640
53.393594166801776 69.687015894250592
54.17022187747612 69.657991693673154
54.95814589832399 69.628493799321234
55.75753053796041 69.594519952136679
56.56854249492426 69.561018898175149
57.39135089244048 69.527483190781297
58.226127313687975 69.487493837235888
59.073045837580466 69.446497945579921
59.932283075067765 69.407986365650402
60.804018205965114 69.365999032035788
61.68843301631817 69.318977818763216
62.58571193631152 69.273014756046393
63.49604207872855 69.228498087330536
64.41961327797075 69.186517578274049
65.35661812964459 69.146516301829479
66.3072520307241 69.108490597817536
67.27171322029778 69.072510698517391
68.25020282090806 69.034991421472171
69.2429248804921 68.993003177260164
70.25008641493265 68.951495772263570
71.27189745122783 68.901505017063215
72.30857107128878 68.844523576602256
73.36032345637442 68.789481962835737
74.42737393217246 68.729978592987351
75.50994501453623 68.668003147828955
76.60826245588666 68.608485406040387
77.72255529228926 68.546524728141776
78.85305589121582 68.484996954489120
80.00000000000082 68.422499999999957
81.16362679500274 68.351022924533765
82.34417893148023 68.279489918301408
83.541902594194 68.212005488223639
84.75704754874454 68.146997204149244
85.98986719365665 68.074507808969912
87.24061861322157 67.995024236809655
88.50956263110764 67.913528089491507
89.79696386475084 67.829502358477811
91.10309078053635 67.745993936545290
92.42821574978288 67.657485723620312
93.77261510554118 67.568525468852670
95.13656920021877 67.479528109369880
96.52036246404286 67.390977152373353
97.92428346437356 67.302482494831665
99.34862496587989 67.214523160001789
100.79368399159105 67.126519244802751
102.25976188483567 67.036514618257030
103.74716437208203 66.950490795599109
105.25620162669229 66.865987883961012
106.78718833360406 66.773989328166664
108.34044375495276 66.685974517878662
109.9162917966485 66.595482572495342
111.51506107592134 66.499996215702780
113.13708498984903 66.399494810765589
114.78270178488147 66.299018208152745
116.45225462737648 66.197484743400992
118.14609167516147 66.095994720278668
119.86456615013608 65.997024986117822
121.60803641193078 65.878997550582383
123.3768660326369 65.760009011936802
125.17142387262359 65.637471136625294
126.99208415745765 65.513494190538253
128.83922655594208 65.385984283739333
130.71323625928977 65.255983789780601
132.61450406144883 65.125534027329621
134.5434264405962 64.991970909647620
136.50040564181674 64.858472119784494
138.48584976098482 64.722010326095443
140.50017282986593 64.583487570454849
142.5437949024563 64.436514750165799
144.61714214257822 64.293990508064525
146.7206469127495 64.153523578307372
148.8547478643456 64.009517013839854
151.01989002907314 63.862007492245596
153.216524911774 63.720530598536179
155.4451105845792 63.591493543934341
157.70611178243232 63.459494103890890
160.00000000000236 63.338499999999897
162.3272535900062 63.236992588856239
164.6883578629612 63.167995220528070
167.08380518838874 63.136002601824529
169.51409509748981 63.134500983368206
171.97973438731407 63.159997253396796
174.4812372264439 63.205004159407707
177.01912526221608 63.249500972910411
179.5939277295025 63.269499438675751
182.20618156107355 63.259997533509946
184.85643149956664 63.223989810255674
187.54523021108326 63.160493713077088
190.27313840043846 63.085995499985742
193.04072492808663 62.996008943812214
195.84856692874806 62.892515962562172
198.69724993176072 62.792492389621124
201.58736798318304 62.704488394666065
204.5195237696723 62.612015019197173
207.49432874416505 62.532992919691608
210.5124032533856 62.467993744436377
213.57437666720915 62.420494968880213
216.68088750990657 62.379001502522975
219.83258359329807 62.342504821968475
223.03012215184378 62.302998531466741
226.2741699796992 62.263997934005474
229.5654035697641 62.223994804341359
232.90450925475412 62.181006317977719
236.2921833503241 62.142998132888756
239.72913230027333 62.107998615153434
243.21607282386276 62.071499413374767
246.75373206527502 62.043002158320995
250.34284774524843 62.023000848452227
253.9841683149166 62.002999316533909
257.67845311188546 61.987999455975590
261.42647251858085 61.983499875751093
265.22900812289896 61.982499998947262
269.08685288119375 61.982000019066717
273.0008112836349 61.982999951784272
276.97169952197106 61.977500416174564
281.00034565973334 61.969498816233788
285.0875898049141 61.955501404777692
289.23428428515797 61.936998783662268
293.44129382550057 61.918998589031915
297.7094957286928 61.898502421541764
302.0397800581479 61.879500965102814
306.4330498235497 61.860499793193696
310.89022116916016 61.841999021808221
315.41222356486645 61.821999001072413
320.00000000000654 61.801499999999976
324.6545071800142 61.782502011510147
329.3767157259242 61.763001173939955
334.16761037677935 61.738501992437676
339.02819019498156 61.713499016432365
343.95946877463007 61.687997423285566
348.9624744528898 61.660497476314418
354.03825052443415 61.633498759539208
359.187855459007 61.608000715688412
364.4123631221491 61.578997739477281
369.71286299913527 61.546000852863330
375.0904604221685 61.511497426159067
380.54627680087896 61.480998499724230
386.08144985617537 61.450998117589009
391.6971338574982 61.427499788571872
397.3944998635236 61.418500789966359
403.1747359663683 61.430999428993012
409.0390475393468 61.464000427454629
414.9886574883323 61.517496920273238
421.0248065067734 61.595997483562243
427.1487533344206 61.695995972149262
433.3617750198154 61.812995763289621
439.6651671865984 61.940503411704626
446.06024430368984 62.071004462081881
452.54833995940066 62.189505344948799
459.13080713953053 62.292996967786934
465.8090185095106 62.389500241784752
472.58436670065066 62.478004587759088
479.45826460054917 62.564003243955689
486.432145647728 62.649501821883241
493.50746413055253 62.738005592323830
500.6856954904994 62.824496330955313
507.9683366298358 62.865000273349438
515.3569062237735 62.870999923852025
522.8529450371643 62.886999882683384
530.4580162458005 62.927500115800811
538.1737057623901 62.982497902660896
546.0016225672724 63.054496528467503
553.9433990439449 63.143505001667712
562.0006913194694 63.244496130958851
570.1751796098309 63.350002403748640
578.4685685703187 63.460994226103857
586.8825876510039 63.569494682687655
595.4189914573883 63.673499895919448
604.0795601162986 63.770995048070560
612.8660996471021 63.858000832814575
621.780442338323 63.932503179123280
630.8244471297356 63.997502874962336
640.0000000000159 64.056500000000099
649.3090143600314 64.112500085150543
658.7534314518515 64.168502566557663
668.3352207535618 64.225501305763800
678.0563803899662 64.283002256191111
687.9189375492632 64.341499629588554
697.9249489057827 64.397999711490769
708.0765010488715 64.452502505244354
718.3757109180171 64.503998554590083
728.8247262443015 64.551998742437220
739.425725998274 64.596498849818246
750.1809208443404 64.637499698244341
761.0925536017613 64.676498404551751
772.1628997123541 64.711999678391024
783.3942677149998 64.746000763557475
794.7889997270506 64.778499999221509
806.34947193274 64.810001227210222
818.0780950786972 64.840500259690543
829.9773149766683 64.873000913127100
842.0496130135506 64.907998878114327
854.2975066688449 64.946001712407778
866.7235500396347 64.987998479252013
879.3303343732008 65.034001254879882
892.1204886073838 65.082001882589907
905.0966799188055 65.131998766736558
918.2616142790653 65.183998476453581
931.6180370190256 65.238000154348384
945.1687334013056 65.294498888434333
958.9165292011028 65.353997962428394
972.8642912954606 65.417001338011801
987.0149282611097 65.481999670480690
1001.3713909810035 65.549501892363082
1015.9366732596762 65.619998418564265
1030.7138124475518 65.692999073470347
1045.7058900743334 65.766999457410662
1060.916032491606 65.842500161078846
1076.3474115247852 65.919002050263998
1092.0032451345498 65.997001211474583
1107.8867980878947 66.075499002134194
1124.0013826389438 66.156001907460634
1140.350359219667 66.237501808334372
1156.9371371406426 66.321000692711834
1173.765175302013 66.406000883030117
1190.837982914782 66.491999913938457
1208.1591202326028 66.580000602086670
1225.73219929421 66.668000983672130
1243.5608846766518 66.755999430789458
1261.648894259477 66.841999497253141
1280.0000000000375 66.927000000000163
1298.6180287200684 67.009500125438393
1317.5068629037087 67.091999401215304
1336.6704415071292 67.174001896098616
1356.112760779938 67.257498972644385
1375.8378750985323 67.341999464934148
1395.8498978115715 67.427499563406428
1416.153002097749 67.512500008707519
1436.7514218360407 67.598001715765321
1457.6494524886093 67.683001835393853
1478.8514519965543 67.769001828074011
1500.3618416886875 67.855999359719021
1522.1851072035295 67.944500435767026
1544.3257994247153 68.034499184690134
1566.788535430007 68.126998086955240
1589.5779994541087 68.222499997712390
1612.6989438654878 68.320999760855955
1636.156190157402 68.422500826979757
1659.9546299533442 68.525998390695861
1684.099226027109 68.632501010367747
1708.5950133376978 68.742000061182097
1733.4471000792773 68.856000464395805
1758.6606687464096 68.972998462890857
1784.2409772147755 69.094499891774632
1810.193359837619 69.219501769805220
1836.5232285581387 69.349001142234556
1863.2360740380593 69.482500376992547
1890.3374668026197 69.620497285025522
1917.833058402214 69.763000306707923
1945.7285825909298 69.909497807914079
1974.0298565222283 70.059999237009137
2002.7427819620161 70.214498826772939
2031.8733465193618 70.372001887654108
2061.4276248951132 70.532997956627071
2091.411780148677 70.696498801170918
2121.832064983222 70.862000350572089
2152.694823049581 71.028499045386226
2184.0064902691106 71.195497281391852
2215.7735961758003 71.363497864372917
2248.002765277899 71.529998787389303
2280.7007184393456 71.694998579194205
2313.874274281297 71.857001295778645
2347.530350604038 72.016001591507816
2381.6759658295764 72.170999844889138
2416.318240465218 72.319000968128051
2451.4643985884327 72.460501486686354
2487.1217693533167 72.593499139715945
2523.2977885189675 72.717999272186290
2560.0000000000887 72.832000000000249
2597.236057440151 72.934500138362381
2635.0137258074315 73.025499339522383
2673.340883014273 73.102999763446292
2712.225521559891 73.166999212545534
2751.6757501970797 73.217999677060874
2791.699795623158 73.255499808511601
2832.3060041955137 73.279500001272993
2873.502843672097 73.291999952566954
2915.2989049772345 73.293499996589759
2957.7029039931244 73.285000019244848
3000.723683377391 73.266000139834716
3044.370214407075 73.237499816009461
3088.6515988494466 73.199500344241926
3133.57707086003 73.154499924598795
3179.1559989082334 73.106000001161732
3225.3978877309914 73.060500110467544
3272.3123803148205 73.019999740314915
3319.9092599067053 72.987499886971335
3368.198452054235 72.966499875434124
3417.190026675413 72.952999993559771
3466.8942001585724 72.940999944430160
3517.3213374928373 72.926999838381306
3568.4819544295697 72.902500021822789
3620.386719675257 72.856500248433463
3673.0464571162966 72.776998870599499
3726.472148076138 72.644999439964437
3780.6749336052594 72.440000251110121
3835.6661168044484 72.144999195007969
3891.45716518188 71.760498688245235
3948.059713044477 71.311002278792770
4005.4855639240527 70.853503474118796
4063.746693038744 70.463502054803200
4122.855249790247 70.208999618872951
4182.823560297375 70.117500670893136
4243.664129966465 70.171500318989075
4305.389646099183 70.322999131387519
4368.012980538242 70.521999938155489
4431.5471923516225 70.725000525208443
4496.00553055582 70.901001099307507
4561.401436878714 71.036500595911320
4627.748548562617 71.126999384230373
4695.060701208099 71.177499775835045
4763.351931659176 71.199499977983947
4832.63648093046 71.209499925081971
4902.928797176889 71.224999955275734
4974.243538706657 71.260499770372093
5046.595577037959 71.332499579095710
5120.000000000202 71.452000000000481
5194.472114880326 71.626500355033500
5270.027451614888 71.860001708542399
5346.6817660285715 72.149999114842942
5424.451043119808 72.486500201660419
5503.351500394186 72.855497663470103
5583.399591246343 73.239502708231925
5664.612008391055 73.611500033963850
5747.005687344222 73.944998734486717
5830.597809954497 74.211999392978413
5915.405807986278 74.388999599254447
6001.447366754812 74.462499876058018
6088.740428814181 74.432999431075444
6177.303197698925 74.315499591844826
6267.154141720092 74.129999643204542
6358.3119978165005 73.900500005497207
6450.795775462017 73.651000605750482
6544.624760629676 73.401000637783426
6639.818519813445 73.165498934312211
6736.396904108505 72.967500196590521
6834.380053350861 72.820999936135024
6933.788400317181 72.702000717865133
7034.642674985712 72.593000351265772
7136.963908859177 72.491000090854897
7240.773439350552 72.384999384692321
7346.092914232631 72.237500120116664
7452.944296152315 71.973498699624542
7561.349867210557 71.497500583065289
7671.332233608935 70.773998078085356
7782.914330363799 69.856005509136992
7896.119426088994 68.929004699576012
8010.971127848146 68.144499231410151
8127.49338607753 67.443998040513975
8245.710499580537 66.844002539813545
8365.647120594791 66.350999616950162
8487.328259932974 65.964499405180476
8610.77929219841 65.681999596394917
8736.025961076528 65.509000053763856
8863.094384703289 65.448000295375735
8992.011061111683 65.502500075693405
9122.802873757471 65.664499843635014
9255.497097125279 65.911500227258614
9390.121402416245 66.226501297850803
9526.7038633184 66.666999559182003
9665.272961860968 67.250999839262789
9805.857594353829 67.855502450256267
9948.487077413367 68.443500301727255
10093.19115407597 69.007500552036731
10240.000000000457 69.533500000001453
10388.944229760706 70.008500657606035
10540.05490322983 70.440999723030757
10693.363532057198 70.856001130551846
10848.902086239672 71.186500127609861
11006.703000788428 71.420000000664828
11166.799182492743 71.555000053368673
11329.224016782166 71.602499997912261
11494.0113746885 71.582000077790170
11661.195619909053 71.527999828226385
11830.811615972614 71.481000106412012
12002.894733509682 71.479500002322936
12177.48085762842 71.542500622185628
12354.606395397908 71.671000405952668
12534.308283440243 71.855499264312357
12716.62399563306 72.094999994263333
12901.591550924093 72.421999206090675
13089.249521259411 72.881498827754214
13279.637039626952 73.398500070880743
13472.793808217073 73.743999656957811
13668.760106701786 73.739499829334676
13867.576800634426 73.421500318877420
14069.285349971487 72.963499254371911
14273.927817718419 72.527500388358106
14481.54687870117 72.193500195135357
14692.18582846533 71.986000168978421
14905.888592304698 71.959000051509690
15122.699734421185 72.150999764812980
15342.664467217943 72.394499969642823
15565.828660727671 72.380000022043987
15792.238852178061 71.909500307187074
16021.942255696367 70.930498548401602
16254.986772155136 69.607495251511750
16491.42099916115 68.153506154814352
16731.294241189662 66.391005575463751
16974.65651986603 64.661996807989780
17221.558584396902 63.146002551829255
17472.051922153143 61.898005370000391
17726.188769406665 60.955000855642311
17984.022122223458 60.363999268536688
18245.605747515034 60.193500825286293
18510.99419425065 60.486500521973589
18780.242804832582 61.210003049434128
19053.40772663689 62.244998964253170
19330.545923722028 63.462495271800684
19611.71518870775 64.896501000562552
19896.974154826825 66.408995518739303
20186.382308152035 66.408999999999992
