20 72.455500000000001
20.290906698750476 72.463257537825143
20.586044732869844 72.470174378185703
20.885475648548283 72.476685305718547
21.189261887185914 72.481821015383048
21.49746679841394 72.485352836618219
21.810154653305165 72.488000000000000
22.12739065777668 72.487681523355562
22.449240966187475 72.486835863993164
22.77577269513385 72.486000000000004
23.107053937445478 72.486535271471467
23.44315377638505 72.488931542992049
23.784142300054445 72.492341423000539
24.130090616010463 72.495800910496470
24.481070866093134 72.497726338700915
24.837156241469714 72.496857035844542
25.1984209978975 72.492523685031529
25.56494047120865 72.486613534537696
25.936791093020236 72.479935161080064
26.3140504066728 72.473099170219356
26.69679708340074 72.466556051040484
27.08511093873791 72.459297793565923
27.47907294916184 72.451418547063128
27.878765268980047 72.442030868275509
28.284271247461966 72.431893218813457
28.695675446220072 72.421021087505835
29.11306365684382 72.409334217608375
29.536522918790062 72.397550404111456
29.966141537533712 72.386380320024131
30.402009102982383 72.373939727111434
30.844216508158908 72.360312984267296
31.29285596815558 72.344767901194174
31.74802103936409 72.327575200504157
32.20980663898519 72.310446960996529
32.67830906482211 72.293402564601578
33.153626015361866 72.275201333370163
33.63585661014871 72.255022309153446
34.125101410453844 72.233995943581846
34.62146244024586 72.214870277031650
35.12504320746613 72.197498444531220
35.635948725613716 72.177882307347375
36.15428553564419 72.154094294289081
36.68016172818701 72.130473692600702
37.21368696608603 72.111162017085249
37.754972507267915 72.092165360197725
38.30413122794313 72.069585228146963
38.86127764614443 72.041036955642824
39.4265279456077 72.013127687220219
40.000000000000206 71.991500000000002
40.58181339750116 71.968712232638651
41.1720894657399 71.939872310239565
41.77095129709678 71.907097628985099
42.37852377437204 71.872854720082273
42.9949335968281 71.837128777280952
43.62030930661056 71.798914296520863
44.25478131555359 71.759524415355713
44.89848193237519 71.721421907017799
45.55154539026795 71.687680460751565
46.21410787489121 71.657641828916880
46.88630755277036 71.615465218911368
47.56828460010916 71.565244352359201
48.260181232021196 71.528694593039361
48.962141732186545 71.502018495889700
49.674312482939705 71.454354788579820
50.39684199579528 71.390272335078066
51.129880942417586 71.341833481909163
51.873582186040764 71.314225174279841
52.628100813345895 71.279151792680693
53.393594166801776 71.224052460678934
54.17022187747612 71.155415544092449
54.95814589832399 71.093429832931847
55.75753053796041 71.041654360320422
56.56854249492426 70.982722227890832
57.39135089244048 70.934041639748600
58.226127313687975 70.900050398197735
59.073045837580466 70.860594608019056
59.932283075067765 70.797011052444986
60.804018205965114 70.741698559983234
61.68843301631817 70.674559975049107
62.58571193631152 70.610616245256409
63.49604207872855 70.557969664630576
64.41961327797075 70.498738810791167
65.35661812964459 70.422334513943056
66.3072520307241 70.332389300989036
67.27171322029778 70.245208361358863
68.25020282090806 70.178988236387340
69.2429248804921 70.121896206692441
70.25008641493265 70.063494469444308
71.27189745122783 69.995243639883526
72.30857107128878 69.917240027510758
73.36032345637442 69.832291535839062
74.42737393217246 69.742878520256639
75.50994501453623 69.664078625465379
76.60826245588666 69.586723136656687
77.72255529228926 69.505205135368030
78.85305589121582 69.432043128637972
80.00000000000082 69.346499999999935
81.16362679500274 69.250015703703610
82.34417893148023 69.158106070463305
83.541902594194 69.052629713759430
84.75704754874454 68.954132553367742
85.98986719365665 68.850448632496750
87.24061861322157 68.761257607808048
88.50956263110764 68.664706301618068
89.79696386475084 68.557851999225690
91.10309078053635 68.456889117706893
92.42821574978288 68.341794912030778
93.77261510554118 68.233201560281742
95.13656920021877 68.132700380401118
96.52036246404286 68.026254736011708
97.92428346437356 67.911404658894185
99.34862496587989 67.802739331665663
100.79368399159105 67.698709139300149
102.25976188483567 67.590290636368607
103.74716437208203 67.485265944820171
105.25620162669229 67.381368639367366
106.78718833360406 67.281981511650159
108.34044375495276 67.198438847680592
109.9162917966485 67.102286810970213
111.51506107592134 66.980141442955713
113.13708498984903 66.859193188463877
114.78270178488147 66.739844701130806
116.45225462737648 66.623662270738890
118.14609167516147 66.515903060194773
119.86456615013608 66.414777369070734
121.60803641193078 66.309217715666108
123.3768660326369 66.206321866060620
125.17142387262359 66.112757437315594
126.99208415745765 66.002435371339828
128.83922655594208 65.891850826323804
130.71323625928977 65.768701617246677
132.61450406144883 65.645806276730752
134.5434264405962 65.498062542038241
136.50040564181674 65.402110092663236
138.48584976098482 65.305216920555296
140.50017282986593 65.143905922409999
142.5437949024563 65.016860750230634
144.61714214257822 64.872470051270014
146.7206469127495 64.757247007449777
148.8547478643456 64.589611801605770
151.01989002907314 64.403172445767183
153.216524911774 64.237623596387564
155.4451105845792 64.093366240124311
157.70611178243232 64.014472303929466
160.00000000000236 63.913999999999945
162.3272535900062 63.859542265993852
164.6883578629612 63.860752058871114
167.08380518838874 63.887339184336028
169.51409509748981 63.935601635086279
171.97973438731407 64.034692100551666
174.4812372264439 64.183214192711247
177.01912526221608 64.354108167935578
179.5939277295025 64.501747239576730
182.20618156107355 64.609158608257445
184.85643149956664 64.719941409281716
187.54523021108326 64.801723683377332
190.27313840043846 64.843676756324300
193.04072492808663 64.866905884813022
195.84856692874806 64.870812006299758
198.69724993176072 64.856048600709684
201.58736798318304 64.813662814972176
204.5195237696723 64.761914841953953
207.49432874416505 64.704371932000456
210.5124032533856 64.633181649829766
213.57437666720915 64.555246989152977
216.68088750990657 64.472786259109995
219.83258359329807 64.386645805285980
223.03012215184378 64.300944232438184
226.2741699796992 64.214355467208009
229.5654035697641 64.131292478017514
232.90450925475412 64.053212202264859
236.2921833503241 63.985558085100209
239.72913230027333 63.921544910907407
243.21607282386276 63.860366944053993
246.75373206527502 63.809070885053515
250.34284774524843 63.753143003980490
253.9841683149166 63.696247370079433
257.67845311188546 63.650938949379402
261.42647251858085 63.608880493230785
265.22900812289896 63.553549609879994
269.08685288119375 63.487052451980105
273.0008112836349 63.425114149081381
276.97169952197106 63.370910356931418
281.00034565973334 63.312394953367900
285.0875898049141 63.252607322101866
289.23428428515797 63.186674879865990
293.44129382550057 63.115653875583945
297.7094957286928 63.045106169195179
302.0397800581479 62.975873464084174
306.4330498235497 62.911748319078157
310.89022116916016 62.846132960108747
315.41222356486645 62.779270092448357
320.00000000000654 62.715499999999892
324.6545071800142 62.636373377939762
329.3767157259242 62.567037621974102
334.16761037677935 62.503404304064190
339.02819019498156 62.449398364913698
343.95946877463007 62.377232287115774
348.9624744528898 62.295222924082026
354.03825052443415 62.212580341504172
359.187855459007 62.153027517680428
364.4123631221491 62.087139279412057
369.71286299913527 62.016818922111504
375.0904604221685 61.954504935356148
380.54627680087896 61.894490955190328
386.08144985617537 61.820951557027925
391.6971338574982 61.788917893703911
397.3944998635236 61.766400900518612
403.1747359663683 61.753325264033634
409.0390475393468 61.757591110925141
414.9886574883323 61.777450849116107
421.0248065067734 61.817723258560960
427.1487533344206 61.879285040013045
433.3617750198154 61.961910698222155
439.6651671865984 62.052076066171509
446.06024430368984 62.133081366770810
452.54833995940066 62.206464063610241
459.13080713953053 62.248883689780712
465.8090185095106 62.313104331669265
472.58436670065066 62.428948057783700
479.45826460054917 62.539781731650905
486.432145647728 62.643925399280690
493.50746413055253 62.755224969489440
500.6856954904994 62.827356996019532
507.9683366298358 62.884252629920596
515.3569062237735 62.944880743091886
522.8529450371643 63.001538616694901
530.4580162458005 63.030692755981761
538.1737057623901 63.093497616267484
546.0016225672724 63.178939813501813
553.9433990439449 63.236290117232045
562.0006913194694 63.311909125416996
570.1751796098309 63.418971508722578
578.4685685703187 63.488635975990675
586.8825876510039 63.569637617744938
595.4189914573883 63.650083771835099
604.0795601162986 63.729480958568494
612.8660996471021 63.806514268454144
621.780442338323 63.878743538706587
630.8244471297356 63.939781793352466
640.0000000000159 63.993000000000080
649.3090143600314 64.039545071800148
658.7534314518515 64.083265784678517
668.3352207535618 64.122757644051930
678.0563803899662 64.160114245481878
687.9189375492632 64.194028440790035
697.9249489057827 64.226756083943798
708.0765010488715 64.256921853041732
718.3757109180171 64.284695633932742
728.8247262443015 64.311944288235182
739.425725998274 64.333380165696639
750.1809208443404 64.360565377638579
761.0925536017613 64.394664230005503
772.1628997123541 64.431897506718741
783.3942677149998 64.471202793453074
794.7889997270506 64.514373123919569
806.34947193274 64.560133326400432
818.0780950786972 64.607981244753006
829.9773149766683 64.659206482203587
842.0496130135506 64.713054524685418
854.2975066688449 64.767659717231936
866.7235500396347 64.822347600170730
879.3303343732008 64.877486504679410
892.1204886073838 64.938602443036928
905.0966799188055 65.003908122920592
918.2616142790653 65.071993890624299
931.6180370190256 65.142881044063245
945.1687334013056 65.219116308732666
958.9165292011028 65.301370697256658
972.8642912954606 65.386857177202828
987.0149282611097 65.477172808446369
1001.3713909810035 65.573779745638120
1015.9366732596762 65.672306933281817
1030.7138124475518 65.772073167037959
1045.7058900743334 65.878121376131389
1060.916032491606 65.981362607946281
1076.3474115247852 66.080348002346085
1092.0032451345498 66.182582883501397
1107.8867980878947 66.281888174173361
1124.0013826389438 66.379008295833671
1140.350359219667 66.476808360415546
1156.9371371406426 66.573230876350948
1173.765175302013 66.669318787617442
1190.837982914782 66.764442597024754
1208.1591202326028 66.861260718463711
1225.73219929421 66.960163577053734
1243.5608846766518 67.058584865721571
1261.648894259477 67.158457214902427
1280.0000000000375 67.260000000000218
1298.6180287200684 67.360537355088383
1317.5068629037087 67.461785000808902
1336.6704415071292 67.560352773761707
1356.112760779938 67.659272260958190
1375.8378750985323 67.757793428615201
1395.8498978115715 67.851409529933221
1416.153002097749 67.942380859334975
1436.7514218360407 68.035056540445794
1457.6494524886093 68.131340470497378
1478.8514519965543 68.227445011265729
1500.3618416886875 68.316606577097787
1522.1851072035295 68.413501875983684
1544.3257994247153 68.512193065434232
1566.788535430007 68.615734575103829
1589.5779994541087 68.715519157696349
1612.6989438654878 68.815629331885461
1636.156190157402 68.919533484298867
1659.9546299533442 69.027189482983516
1684.099226027109 69.140858269450661
1708.5950133376978 69.255489958952623
1733.4471000792773 69.368208196377367
1758.6606687464096 69.489264063482466
1784.2409772147755 69.614650427440992
1810.193359837619 69.747748010319896
1836.5232285581387 69.887920788502328
1863.2360740380593 70.023650927228772
1890.3374668026197 70.164822320734146
1917.833058402214 70.315081821212175
1945.7285825909298 70.469336347553750
1974.0298565222283 70.631411973568035
2002.7427819620161 70.802179570216197
2031.8733465193618 70.969021522022246
2061.4276248951132 71.143184718111939
2091.411780148677 71.325611858906939
2121.832064983222 71.511267199646824
2152.694823049581 71.704405552805440
2184.0064902691106 71.906744133829960
2215.7735961758003 72.111324596767986
2248.002765277899 72.309184180093354
2280.7007184393456 72.516984598011817
2313.874274281297 72.729064117495611
2347.530350604038 72.942149036295376
2381.6759658295764 73.154620038570499
2416.318240465218 73.370804914930872
2451.4643985884327 73.582298426759976
2487.1217693533167 73.780389289104903
2523.2977885189675 73.966818721446742
2560.0000000000887 74.142250000000388
2597.236057440151 74.295842511092559
2635.0137258074315 74.423039804841551
2673.340883014273 74.516682898480681
2712.225521559891 74.585467856980500
2751.6757501970797 74.625112228299912
2791.699795623158 74.632896247445274
2832.3060041955137 74.620723718405699
2873.502843672097 74.594727668188881
2915.2989049772345 74.555253270226416
2957.7029039931244 74.503368614970384
3000.723683377391 74.438233554089564
3044.370214407075 74.361196592626555
3088.6515988494466 74.275429947286710
3133.57707086003 74.189087705523193
3179.1559989082334 74.087359362663904
3225.3978877309914 73.978592815973343
3272.3123803148205 73.873189639504247
3319.9092599067053 73.769394183799648
3368.198452054235 73.667147219727184
3417.190026675413 73.564041442647863
3466.8942001585724 73.462245729706638
3517.3213374928373 73.370687659387528
3568.4819544295697 73.285037790178450
3620.386719675257 73.213666873963717
3673.0464571162966 73.153996574316267
3726.472148076138 73.088321486020249
3780.6749336052594 73.023757573034217
3835.6661168044484 72.964833883195553
3891.45716518188 72.909981585794839
3948.059713044477 72.855855399401221
4005.4855639240527 72.813248687958861
4063.746693038744 72.768876873944720
4122.855249790247 72.735500993860114
4182.823560297375 72.704289902729698
4243.664129966465 72.678215372871506
4305.389646099183 72.655652043481126
4368.012980538242 72.639496754865434
4431.5471923516225 72.620096219492012
4496.00553055582 72.589497234722089
4561.401436878714 72.561217842725796
4627.748548562617 72.526721728386391
4695.060701208099 72.483527203405529
4763.351931659176 72.431387890566327
4832.63648093046 72.367995343116064
4902.928797176889 72.295337500328941
4974.243538706657 72.210695576616672
5046.595577037959 72.120837973415519
5120.000000000202 72.028642857142586
5194.472114880326 71.935545172326457
5270.027451614888 71.844592401207308
5346.6817660285715 71.759984145670003
5424.451043119808 71.690709195307576
5503.351500394186 71.646229660531276
5583.399591246343 71.594516533572843
5664.612008391055 71.566523937860282
5747.005687344222 71.560555369677374
5830.597809954497 71.569660594841579
5915.405807986278 71.584964929277803
6001.447366754812 71.598391447493384
6088.740428814181 71.588566807033629
6177.303197698925 71.535647030708134
6267.154141720092 71.424384647262599
6358.3119978165005 71.241840204967474
6450.795775462017 71.007057638602149
6544.624760629676 70.745435051221165
6639.818519813445 70.482684552098107
6736.396904108505 70.233555523016335
6834.380053350861 70.004739084762150
6933.788400317181 69.803363473440186
7034.642674985712 69.650991258139641
7136.963908859177 69.554798512001241
7240.773439350552 69.462391755878684
7346.092914232631 69.340809676068744
7452.944296152315 69.188406898002398
7561.349867210557 69.018629583590084
7671.332233608935 68.838050612858439
7782.914330363799 68.642621237453540
7896.119426088994 68.435440254706293
8010.971127848146 68.217197726761526
8127.49338607753 67.990686152139034
8245.710499580537 67.756980012367706
8365.647120594791 67.518984945281119
8487.328259932974 67.275843480134057
8610.77929219841 67.024325611761583
8736.025961076528 66.782373151775914
8863.094384703289 66.561116407811880
8992.011061111683 66.360436114869486
9122.802873757471 66.236068788652688
9255.497097125279 66.221045676468989
9390.121402416245 66.341501591678082
9526.7038633184 66.597480795615880
9665.272961860968 66.968172054992607
9805.857594353829 67.430083481364250
9948.487077413367 67.957819159573802
10093.19115407597 68.514285943192476
10240.000000000457 69.036000000001536
10388.944229760706 69.443842360303350
10540.05490322983 69.642669265729040
10693.363532057198 69.641828539783205
10848.902086239672 69.458042419086922
11006.703000788428 69.168095020320322
11166.799182492743 68.843298824586356
11329.224016782166 68.580805019224584
11494.0113746885 68.389538530522429
11661.195619909053 68.299238653229366
11830.811615972614 68.269357924357791
12002.894733509682 68.341169533022310
12177.48085762842 68.520242561866127
12354.606395397908 68.902649825693317
12534.308283440243 69.443685311404124
12716.62399563306 70.162819501527835
12901.591550924093 70.870344774299156
13089.249521259411 71.525807256398934
13279.637039626952 71.825287296386946
13472.793808217073 71.662802179182904
13668.760106701786 71.094912470792067
13867.576800634426 70.256315659083228
14069.285349971487 69.383291865442061
14273.927817718419 68.602921921767091
14481.54687870117 68.102735265267171
14692.18582846533 67.968213315708923
14905.888592304698 68.145461164657590
15122.699734421185 68.573059142958016
15342.664467217943 69.060541237959796
15565.828660727671 69.292937632130531
15792.238852178061 68.956572056192300
16021.942255696367 68.036277119741030
16254.986772155136 66.997061058729017
16491.42099916115 66.620657769335452
16731.294241189662 67.334651682782692
16974.65651986603 68.720770719368488
17221.558584396902 68.309956781475833
17472.051922153143 65.004924013450236
17726.188769406665 60.155200191314293
17984.022122223458 55.315966756865805
18245.605747515034 50.990548163743512
18510.99419425065 46.794297682216751
18780.242804832582 41.487424826312001
19053.40772663689 35.369870703443837
19330.545923722028 34.771949447682744
19611.71518870775 36.991213790730789
19896.974154826825 37.790500000000002
20186.382308152035 37.790500000000002
