20 70.409500000000008
20.290906698750476 70.417257537825151
20.586044732869844 70.422267412989783
20.885475648548283 70.425354756485490
21.189261887185914 70.425982101538310
21.49746679841394 70.424756332394793
21.810154653305165 70.424000000000007
22.12739065777668 70.424159238322233
22.449240966187475 70.424499999999995
22.77577269513385 70.424499999999995
23.107053937445478 70.424321576176169
23.44315377638505 70.423284228503974
23.784142300054445 70.421118932749593
24.130090616010463 70.418199089503531
24.481070866093134 70.414010274289851
24.837156241469714 70.408256886026891
25.1984209978975 70.399791448805189
25.56494047120865 70.390170301806535
25.936791093020236 70.381435161080063
26.3140504066728 70.375359502131602
26.69679708340074 70.372270018228747
27.08511093873791 70.368840379580121
27.47907294916184 70.361220865446029
27.878765268980047 70.347697845827014
28.284271247461966 70.330207793864219
28.695675446220072 70.313651359382305
29.11306365684382 70.300851790519971
29.536522918790062 70.292915633299359
29.966141537533712 70.286041735399465
30.402009102982383 70.274922984642387
30.844216508158908 70.257370825580324
31.29285596815558 70.238062551393199
31.74802103936409 70.218831137386076
32.20980663898519 70.199688121162623
32.67830906482211 70.179476092083007
33.153626015361866 70.158854959385522
33.63585661014871 70.140516731865091
34.125101410453844 70.125122261917738
34.62146244024586 70.111234664352367
35.12504320746613 70.094123142078956
35.635948725613716 70.071338512444925
36.15428553564419 70.046402865360363
36.68016172818701 70.022392722231587
37.21368696608603 69.997101964729609
37.754972507267915 69.967930163255886
38.30413122794313 69.937397618830801
38.86127764614443 69.911851320179892
39.4265279456077 69.890301125575121
40.000000000000206 69.864999999999981
40.58181339750116 69.833485002585363
41.1720894657399 69.805325791248407
41.77095129709678 69.784492466490747
42.37852377437204 69.757466422344081
42.9949335968281 69.718591870853672
43.62030930661056 69.677679934170641
44.25478131555359 69.647534921464484
44.89848193237519 69.619399130927519
45.55154539026795 69.582833644835475
46.21410787489121 69.542282898136023
46.88630755277036 69.507876334135403
47.56828460010916 69.470317634110188
48.260181232021196 69.422907744222556
48.962141732186545 69.379331252777064
49.674312482939705 69.345070358445383
50.39684199579528 69.311905901964991
51.129880942417586 69.273149630219535
51.873582186040764 69.231453009120600
52.628100813345895 69.190757168987460
53.393594166801776 69.146892327148805
54.17022187747612 69.097671102807141
54.95814589832399 69.047202298959206
55.75753053796041 68.999245098701209
56.56854249492426 68.955720061511414
57.39135089244048 68.911192999130890
58.226127313687975 68.861801724610274
59.073045837580466 68.806423314288168
59.932283075067765 68.746706326282791
60.804018205965114 68.680822006847251
61.68843301631817 68.643001069392369
62.58571193631152 68.597000200708436
63.49604207872855 68.533277054488991
64.41961327797075 68.469466297097995
65.35661812964459 68.404145185600754
66.3072520307241 68.348743317124359
67.27171322029778 68.307534655596470
68.25020282090806 68.227356644707825
69.2429248804921 68.144924507170487
70.25008641493265 68.079243000390449
71.27189745122783 68.005448922341060
72.30857107128878 67.957385729470218
73.36032345637442 67.906560754345719
74.42737393217246 67.841148068340971
75.50994501453623 67.767316416397776
76.60826245588666 67.687636359973482
77.72255529228926 67.606637195613786
78.85305589121582 67.521131550344393
80.00000000000082 67.437499999999915
81.16362679500274 67.322591566722394
82.34417893148023 67.230106070463307
83.541902594194 67.155485988611474
84.75704754874454 67.084969800871690
85.98986719365665 67.015319831156404
87.24061861322157 66.931056893332894
88.50956263110764 66.782795552841748
89.79696386475084 66.687956995296688
91.10309078053635 66.615547211548432
92.42821574978288 66.532555528443325
93.77261510554118 66.431575154906710
95.13656920021877 66.319553940036386
96.52036246404286 66.227640636928385
97.92428346437356 66.148654020024452
99.34862496587989 66.064925110837450
100.79368399159105 65.980757555098336
102.25976188483567 65.887264604675721
103.74716437208203 65.790939706315967
105.25620162669229 65.692890324036028
106.78718833360406 65.570539407198851
108.34044375495276 65.472860918537037
109.9162917966485 65.394390229733574
111.51506107592134 65.287063136250097
113.13708498984903 65.168509044879073
114.78270178488147 65.058762254696489
116.45225462737648 64.963805653295310
118.14609167516147 64.865453547002346
119.86456615013608 64.759040238041749
121.60803641193078 64.648337610032172
123.3768660326369 64.522357553669195
125.17142387262359 64.396771763752838
126.99208415745765 64.271982866395092
128.83922655594208 64.151034804036101
130.71323625928977 64.018247830770321
132.61450406144883 63.902542927004369
134.5434264405962 63.802394413564230
136.50040564181674 63.681222619177376
138.48584976098482 63.547205141133517
140.50017282986593 63.416073338006086
142.5437949024563 63.297883861474610
144.61714214257822 63.180131468944325
146.7206469127495 63.065240937328980
148.8547478643456 62.947134119596640
151.01989002907314 62.823642400307946
153.216524911774 62.695654945152398
155.4451105845792 62.571915134278512
157.70611178243232 62.472966972207303
160.00000000000236 62.377999999999922
162.3272535900062 62.299804279375792
164.6883578629612 62.222221862094869
167.08380518838874 62.221168742828908
169.51409509748981 62.227028190194979
171.97973438731407 62.316296153674202
174.4812372264439 62.404880828472649
177.01912526221608 62.525783038477911
179.5939277295025 62.669016309489841
182.20618156107355 62.788630752375013
184.85643149956664 62.904240413381110
187.54523021108326 63.031146379683435
190.27313840043846 63.123559150084908
193.04072492808663 63.150446609741110
195.84856692874806 63.150711464570009
198.69724993176072 63.116907301173711
201.58736798318304 63.071747725574376
204.5195237696723 63.022882302337834
207.49432874416505 62.963370041581840
210.5124032533856 62.895958523545438
213.57437666720915 62.814949482484138
216.68088750990657 62.745196029475750
219.83258359329807 62.674850577354142
223.03012215184378 62.607746200080264
226.2741699796992 62.528750608857770
229.5654035697641 62.421066009581509
232.90450925475412 62.326610080370052
236.2921833503241 62.260948516343845
239.72913230027333 62.195646486294805
243.21607282386276 62.124042834818198
246.75373206527502 62.067440286955602
250.34284774524843 62.009885909286098
253.9841683149166 61.934328507465480
257.67845311188546 61.869167263903023
261.42647251858085 61.815957693804691
265.22900812289896 61.752465642371590
269.08685288119375 61.701616995707859
273.0008112836349 61.658238844850018
276.97169952197106 61.605946917937580
281.00034565973334 61.560696266874878
285.0875898049141 61.516072286179899
289.23428428515797 61.448481166151922
293.44129382550057 61.399522285449692
297.7094957286928 61.347505605954126
302.0397800581479 61.288178161664121
306.4330498235497 61.228370352293851
310.89022116916016 61.161187849524168
315.41222356486645 61.099805983082682
320.00000000000654 61.041999999999952
324.6545071800142 61.008952999021901
329.3767157259242 60.965796543748908
334.16761037677935 60.904987543026508
339.02819019498156 60.819075662373351
343.95946877463007 60.744379596522791
348.9624744528898 60.681950306565327
354.03825052443415 60.619829518549459
359.187855459007 60.554814235670612
364.4123631221491 60.498611423529653
369.71286299913527 60.435945644010374
375.0904604221685 60.383172933283035
380.54627680087896 60.333291183534826
386.08144985617537 60.286123966193742
391.6971338574982 60.274683578740785
397.3944998635236 60.271521100027293
403.1747359663683 60.279730523907517
409.0390475393468 60.312318888237996
414.9886574883323 60.357171547627630
421.0248065067734 60.416890369372801
427.1487533344206 60.502200990572859
433.3617750198154 60.606011950356674
439.6651671865984 60.721376700206342
446.06024430368984 60.846108504428102
452.54833995940066 60.982250637159595
459.13080713953053 61.107649586164371
465.8090185095106 61.223618478243424
472.58436670065066 61.302086755070192
479.45826460054917 61.400108945680799
486.432145647728 61.541893633379559
493.50746413055253 61.621433916771394
500.6856954904994 61.673971333420653
507.9683366298358 61.710839704188544
515.3569062237735 61.755196528746225
522.8529450371643 61.834128722316322
530.4580162458005 61.922091609659155
538.1737057623901 61.974302793217923
546.0016225672724 62.034085336290900
553.9433990439449 62.104569603118705
562.0006913194694 62.183906878628719
570.1751796098309 62.265339385903225
578.4685685703187 62.352419969988347
586.8825876510039 62.426313736268433
595.4189914573883 62.490432940201721
604.0795601162986 62.549272113263214
612.8660996471021 62.601763548059061
621.780442338323 62.653698336720055
630.8244471297356 62.699127567370837
640.0000000000159 62.739500000000064
649.3090143600314 62.777666958876125
658.7534314518515 62.816389068952589
668.3352207535618 62.858174971315670
678.0563803899662 62.894100150384375
687.9189375492632 62.927132493912566
697.9249489057827 62.960152331389082
708.0765010488715 62.992844803356391
718.3757109180171 63.024964703845853
728.8247262443015 63.063092723416133
739.425725998274 63.105674190293009
750.1809208443404 63.147731221745879
761.0925536017613 63.191832404140456
772.1628997123541 63.235760718091250
783.3942677149998 63.282191353112879
794.7889997270506 63.333181998726232
806.34947193274 63.386072623697331
818.0780950786972 63.439318973629419
829.9773149766683 63.494163658160645
842.0496130135506 63.551410597316625
854.2975066688449 63.611629407788485
866.7235500396347 63.673299425199701
879.3303343732008 63.737517738740650
892.1204886073838 63.804975939239384
905.0966799188055 63.876730632859697
918.2616142790653 63.954328854355964
931.6180370190256 64.033953682228812
945.1687334013056 64.118596767108485
958.9165292011028 64.209443528007355
972.8642912954606 64.304378609638150
987.0149282611097 64.403104497827769
1001.3713909810035 64.506465441128626
1015.9366732596762 64.612368937237619
1030.7138124475518 64.720930073261741
1045.7058900743334 64.834580939298206
1060.916032491606 64.946564899523167
1076.3474115247852 65.057336104130940
1092.0032451345498 65.171273121583681
1107.8867980878947 65.284005429677279
1124.0013826389438 65.395398528954857
1140.350359219667 65.509354582903512
1156.9371371406426 65.623483337907089
1173.765175302013 65.737083962919456
1190.837982914782 65.850739539178051
1208.1591202326028 65.967151173006954
1225.73219929421 66.085851142896985
1243.5608846766518 66.204930293140080
1261.648894259477 66.326324184489124
1280.0000000000375 66.449500000000256
1298.6180287200684 66.572378989552448
1317.5068629037087 66.696794608874114
1336.6704415071292 66.820524347720976
1356.112760779938 66.942301935855113
1375.8378750985323 67.065090772488361
1395.8498978115715 67.186495634314724
1416.153002097749 67.305456628868569
1436.7514218360407 67.424989461103138
1457.6494524886093 67.545101879185069
1478.8514519965543 67.663873492302216
1500.3618416886875 67.774932234617594
1522.1851072035295 67.891468472466840
1544.3257994247153 68.008540220962487
1566.788535430007 68.129829632739245
1589.5779994541087 68.249139357205053
1612.6989438654878 68.369042465855159
1636.156190157402 68.492181560227934
1659.9546299533442 68.618755001748056
1684.099226027109 68.750227727669639
1708.5950133376978 68.881834568022256
1733.4471000792773 69.010776456424935
1758.6606687464096 69.145921184480756
1784.2409772147755 69.283770916048383
1810.193359837619 69.428213752664689
1836.5232285581387 69.576186363356271
1863.2360740380593 69.717268699074864
1890.3374668026197 69.862162816750455
1917.833058402214 70.012868498876088
1945.7285825909298 70.163934345991009
1974.0298565222283 70.320125405133140
2002.7427819620161 70.482173883496785
2031.8733465193618 70.638084848762560
2061.4276248951132 70.797256761930115
2091.411780148677 70.960076553464575
2121.832064983222 71.123209944411087
2152.694823049581 71.286782562162784
2184.0064902691106 71.453135047453202
2215.7735961758003 71.612058542408676
2248.002765277899 71.760179340857036
2280.7007184393456 71.908083161133106
2313.874274281297 72.049190810839264
2347.530350604038 72.177901434684600
2381.6759658295764 72.291821191508902
2416.318240465218 72.396506985325871
2451.4643985884327 72.479502017106284
2487.1217693533167 72.537475397578874
2523.2977885189675 72.570555786102204
2560.0000000000887 72.587250000000012
2597.236057440151 72.580658365535911
2635.0137258074315 72.549984444084913
2673.340883014273 72.496529870290203
2712.225521559891 72.428271509036207
2751.6757501970797 72.346189030831198
2791.699795623158 72.241721809481589
2832.3060041955137 72.128866248294514
2873.502843672097 72.012046838661078
2915.2989049772345 71.892704098914436
2957.7029039931244 71.773394043058829
3000.723683377391 71.655645561345437
3044.370214407075 71.544657159236579
3088.6515988494466 71.445064787401776
3133.57707086003 71.363660826781199
3179.1559989082334 71.286977001910586
3225.3978877309914 71.220784471354733
3272.3123803148205 71.176604457582783
3319.9092599067053 71.151925407226130
3368.198452054235 71.147139690410853
3417.190026675413 71.162954514671469
3466.8942001585724 71.198063142160152
3517.3213374928373 71.255576659115036
3568.4819544295697 71.332419322530257
3620.386719675257 71.429015978514798
3673.0464571162966 71.541049882800024
3726.472148076138 71.652473739113802
3780.6749336052594 71.765732000582702
3835.6661168044484 71.880078944264540
3891.45716518188 71.979660927879081
3948.059713044477 72.068456174838531
4005.4855639240527 72.137702755648746
4063.746693038744 72.175811342563549
4122.855249790247 72.195428618755244
4182.823560297375 72.193273941637813
4243.664129966465 72.177629223722903
4305.389646099183 72.153382561176159
4368.012980538242 72.128778249289184
4431.5471923516225 72.104260368664370
4496.00553055582 72.075797511249888
4561.401436878714 72.059115539807578
4627.748548562617 72.051935428761979
4695.060701208099 72.052360611497605
4763.351931659176 72.057121305987181
4832.63648093046 72.066400931376791
4902.928797176889 72.076087262635326
4974.243538706657 72.077573185887218
5046.595577037959 72.071840442296207
5120.000000000202 72.057642857142810
5194.472114880326 72.030122864230719
5270.027451614888 71.986482156450322
5346.6817660285715 71.929946348214813
5424.451043119808 71.864129076093889
5503.351500394186 71.795770142519274
5583.399591246343 71.695514304372153
5664.612008391055 71.595142529888790
5747.005687344222 71.498678487990873
5830.597809954497 71.405719310498000
5915.405807986278 71.320021295531120
6001.447366754812 71.250848684960332
6088.740428814181 71.214813252021742
6177.303197698925 71.218190959309680
6267.154141720092 71.262534332275308
6358.3119978165005 71.340187957914765
6450.795775462017 71.441970846063668
6544.624760629676 71.555103465149301
6639.818519813445 71.652257538053561
6736.396904108505 71.707689303424416
6834.380053350861 71.702575269856766
6933.788400317181 71.615999993535326
7034.642674985712 71.437243287033709
7136.963908859177 71.168227062992258
7240.773439350552 70.828365891895800
7346.092914232631 70.440389957348557
7452.944296152315 70.013369499852459
7561.349867210557 69.579213020091984
7671.332233608935 69.164901390675567
7782.914330363799 68.782877228173646
7896.119426088994 68.448052177965650
8010.971127848146 68.148672136524155
8127.49338607753 67.876494454962653
8245.710499580537 67.631875966252579
8365.647120594791 67.425065505135848
8487.328259932974 67.260078859921023
8610.77929219841 67.130874386264949
8736.025961076528 67.028679231138781
8863.094384703289 66.945643369178015
8992.011061111683 66.868293363332981
9122.802873757471 66.811051335035927
9255.497097125279 66.766773724487436
9390.121402416245 66.738325239838929
9526.7038633184 66.731778862680130
9665.272961860968 66.739027296186094
9805.857594353829 66.751367064224496
9948.487077413367 66.756500000000003
10093.19115407597 66.735687308923048
10240.000000000457 66.664199999999710
10388.944229760706 66.516043318543126
10540.05490322983 66.277778576202607
10693.363532057198 66.016271689690967
10848.902086239672 65.777102954090083
11006.703000788428 65.622806196286149
11166.799182492743 65.565072994367284
11329.224016782166 65.617650807551968
11494.0113746885 65.695605497766110
11661.195619909053 65.712055086219635
11830.811615972614 65.693344979635356
12002.894733509682 65.664554150355116
12177.48085762842 65.691083406271588
12354.606395397908 65.828679215157763
12534.308283440243 66.011092869268225
12716.62399563306 66.130327359388630
12901.591550924093 65.969874886577173
13089.249521259411 65.651928668266194
13279.637039626952 65.285560587878948
13472.793808217073 65.072687473698451
13668.760106701786 65.252134161686129
13867.576800634426 65.891948846984974
14069.285349971487 66.970897602812386
14273.927817718419 68.317445040587188
14481.54687870117 69.636830140588160
14692.18582846533 70.357732244695001
14905.888592304698 70.312837986788963
15122.699734421185 69.722992580516987
15342.664467217943 68.957771007443640
15565.828660727671 68.354860547836481
15792.238852178061 68.071006866226128
16021.942255696367 68.088727925453270
16254.986772155136 68.254280687346494
16491.42099916115 68.599474658775279
16731.294241189662 69.009363506363854
16974.65651986603 68.910300592398244
17221.558584396902 67.026874899196528
17472.051922153143 64.277813279669488
17726.188769406665 62.245679617742226
17984.022122223458 60.902378096793861
18245.605747515034 60.062113394198420
18510.99419425065 59.682509579163820
18780.242804832582 59.627782553643073
19053.40772663689 59.708268034476781
19330.545923722028 59.642671494227656
19611.71518870775 59.113906345383398
19896.974154826825 58.685500000000005
20186.382308152035 58.685500000000005
