20 101.086999999999989
20.290906698750476 101.084090923315571
20.586044732869844 101.064930348040861
20.885475648548283 101.033073471407278
21.189261887185914 101.000163400010194
21.49746679841394 100.984256332394793
21.810154653305165 100.984261670189539
22.12739065777668 101.013309163966539
22.449240966187475 101.050498556229087
22.77577269513385 101.083298890021439
23.107053937445478 101.097321576176171
23.44315377638505 101.088410742047756
23.784142300054445 101.061966837244967
24.130090616010463 101.030508623947810
24.481070866093134 101.005088419757556
24.837156241469714 100.988385329040341
25.1984209978975 100.981267763773644
25.56494047120865 100.976732062851028
25.936791093020236 100.970422193296088
26.3140504066728 100.961268589372906
26.69679708340074 100.951818061977747
27.08511093873791 100.944723345174452
27.47907294916184 100.941604636765788
27.878765268980047 100.941348456586226
28.284271247461966 100.942068542494923
28.695675446220072 100.941130271876460
29.11306365684382 100.936964854176807
29.536522918790062 100.928758220761139
29.966141537533712 100.914151187723860
30.402009102982383 100.896419636148579
30.844216508158908 100.879812984267289
31.29285596815558 100.866919670756303
31.74802103936409 100.857287600252079
32.20980663898519 100.847674447303348
32.67830906482211 100.835115800860876
33.153626015361866 100.818815837431600
33.63585661014871 100.802196014915836
34.125101410453844 100.789372870380475
34.62146244024586 100.778341976553605
35.12504320746613 100.763748358116288
35.635948725613716 100.743518256073003
36.15428553564419 100.722100006252447
36.68016172818701 100.706216603708071
37.21368696608603 100.695012573712191
37.754972507267915 100.681897204587244
38.30413122794313 100.666376093161716
38.86127764614443 100.649661694567783
39.4265279456077 100.632704164386979
40.000000000000206 100.608499999999992
40.58181339750116 100.576015310357221
41.1720894657399 100.548779272257235
41.77095129709678 100.531798814492561
42.37852377437204 100.517776595476363
42.9949335968281 100.497264820329718
43.62030930661056 100.471386880034657
44.25478131555359 100.446205090167410
44.89848193237519 100.422222341554047
45.55154539026795 100.398159095834586
46.21410787489121 100.374506257733003
46.88630755277036 100.350732609455676
47.56828460010916 100.324914943831658
48.260181232021196 100.298953872111284
48.962141732186545 100.274450601255211
49.674312482939705 100.246841765614278
50.39684199579528 100.216134194096441
51.129880942417586 100.185804741153675
51.873582186040764 100.154722513718923
52.628100813345895 100.120967921600993
53.393594166801776 100.087764220324715
54.17022187747612 100.056719995125931
54.95814589832399 100.028292163068656
55.75753053796041 100.001183354573030
56.56854249492426 99.969689757708110
57.39135089244048 99.936932990641040
58.226127313687975 99.905698607677763
59.073045837580466 99.876224258171931
59.932283075067765 99.843573243147432
60.804018205965114 99.812344973705677
61.68843301631817 99.777289716017975
62.58571193631152 99.738366195079323
63.49604207872855 99.699170190614666
64.41961327797075 99.659037015769286
65.35661812964459 99.618878656684572
66.3072520307241 99.580363544786394
67.27171322029778 99.542539041018529
68.25020282090806 99.503616177290496
69.2429248804921 99.460311305258358
70.25008641493265 99.416496370572844
71.27189745122783 99.373172460871587
72.30857107128878 99.327768587327654
73.36032345637442 99.280785444463163
74.42737393217246 99.232768173052250
75.50994501453623 99.185539760321006
76.60826245588666 99.139384295385611
77.72255529228926 99.091985034958441
78.85305589121582 99.041002086793810
80.00000000000082 98.986999999999966
81.16362679500274 98.935121509026573
82.34417893148023 98.883772207734410
83.541902594194 98.832518876511998
84.75704754874454 98.780825504992123
85.98986719365665 98.728018093400806
87.24061861322157 98.674973802577995
88.50956263110764 98.622591994406065
89.79696386475084 98.567662875103963
91.10309078053635 98.512578146931133
92.42821574978288 98.458426581909038
93.77261510554118 98.404106047031490
95.13656920021877 98.350151026285658
96.52036246404286 98.295438976606761
97.92428346437356 98.236570473734560
99.34862496587989 98.174412101216149
100.79368399159105 98.111284220378408
102.25976188483567 98.048603016683359
103.74716437208203 97.988880311849158
105.25620162669229 97.923133155048589
106.78718833360406 97.856225278322228
108.34044375495276 97.798985208168233
109.9162917966485 97.750370236372703
111.51506107592134 97.702394531390226
113.13708498984903 97.644859383948358
114.78270178488147 97.580282491483928
116.45225462737648 97.515720143930508
118.14609167516147 97.453780111479489
119.86456615013608 97.398260124195701
121.60803641193078 97.342458824822458
123.3768660326369 97.286399200775264
125.17142387262359 97.228171588330810
126.99208415745765 97.166597194751404
128.83922655594208 97.103507181034033
130.71323625928977 97.037649125744963
132.61450406144883 96.972874991987553
134.5434264405962 96.912284059663307
136.50040564181674 96.857863946260494
138.48584976098482 96.803517669132674
140.50017282986593 96.747745247178685
142.5437949024563 96.691545640182454
144.61714214257822 96.635741447686030
146.7206469127495 96.575601239530272
148.8547478643456 96.512357564069646
151.01989002907314 96.448831145168512
153.216524911774 96.387440437346811
155.4451105845792 96.329050279619352
157.70611178243232 96.273759429004059
160.00000000000236 96.220999999999947
162.3272535900062 96.170265871737854
164.6883578629612 96.124045857458555
167.08380518838874 96.086326161136498
169.51409509748981 96.050594211576652
171.97973438731407 96.013803984190289
174.4812372264439 95.977866431384498
177.01912526221608 95.945462846748526
179.5939277295025 95.921073435980375
182.20618156107355 95.905586619570201
184.85643149956664 95.896930705501291
187.54523021108326 95.888310033113441
190.27313840043846 95.876142658877029
193.04072492808663 95.857863795417103
195.84856692874806 95.841238885041761
198.69724993176072 95.819266950668748
201.58736798318304 95.785070532227024
204.5195237696723 95.743966905339761
207.49432874416505 95.701828452372382
210.5124032533856 95.659322220034809
213.57437666720915 95.613203567491453
216.68088750990657 95.561930245147806
219.83258359329807 95.512053100202209
223.03012215184378 95.462533106646418
226.2741699796992 95.416798705274061
229.5654035697641 95.381345964302369
232.90450925475412 95.357636604968306
236.2921833503241 95.342294743679929
239.72913230027333 95.328117329261374
243.21607282386276 95.316743745116483
246.75373206527502 95.304361937771546
250.34284774524843 95.292385703713393
253.9841683149166 95.296482189354293
257.67845311188546 95.323168785061171
261.42647251858085 95.337920962879849
265.22900812289896 95.338414121953917
269.08685288119375 95.336855245198009
273.0008112836349 95.327621450634098
276.97169952197106 95.307090791144958
281.00034565973334 95.273696439704736
285.0875898049141 95.231554030106921
289.23428428515797 95.186769729720282
293.44129382550057 95.143742932362443
297.7094957286928 95.097653647838641
302.0397800581479 95.046247776765881
306.4330498235497 94.991492385509545
310.89022116916016 94.935872235385503
315.41222356486645 94.878805983082685
320.00000000000654 94.820999999999913
324.6545071800142 94.761887758813828
329.3767157259242 94.704979411288917
334.16761037677935 94.644154587177241
339.02819019498156 94.587981450796704
343.95946877463007 94.537009365376235
348.9624744528898 94.482912781018214
354.03825052443415 94.429906019598320
359.187855459007 94.383565657506637
364.4123631221491 94.343407276583875
369.71286299913527 94.314493112404492
375.0904604221685 94.290092928100250
380.54627680087896 94.265541754396054
386.08144985617537 94.245531215474614
391.6971338574982 94.250426413384531
397.3944998635236 94.267972499317608
403.1747359663683 94.302164906442457
409.0390475393468 94.344552618429930
414.9886574883323 94.394896026976369
421.0248065067734 94.452748065067738
427.1487533344206 94.516315349456505
433.3617750198154 94.586947671067819
439.6651671865984 94.660839791730638
446.06024430368984 94.734692809492429
452.54833995940066 94.810070411520940
459.13080713953053 94.886209224451775
465.8090185095106 94.960899203604612
472.58436670065066 95.034773124178486
479.45826460054917 95.108448673248702
486.432145647728 95.182480743865909
493.50746413055253 95.261476562035483
500.6856954904994 95.343799786204428
507.9683366298358 95.426639829164387
515.3569062237735 95.513002448366606
522.8529450371643 95.597468795121856
530.4580162458005 95.686753829087877
538.1737057623901 95.783658914475424
546.0016225672724 95.879947115054534
553.9433990439449 95.969634464602905
562.0006913194694 96.056007086024565
570.1751796098309 96.139690483234858
578.4685685703187 96.219721686703565
586.8825876510039 96.296099159476483
595.4189914573883 96.368977629096321
604.0795601162986 96.438616590901319
612.8660996471021 96.505148168807040
621.780442338323 96.569431730988015
630.8244471297356 96.630735239273818
640.0000000000159 96.689000000000107
649.3090143600314 96.746715889032203
658.7534314518515 96.801332230848146
668.3352207535618 96.853510192069223
678.0563803899662 96.904795997047330
687.9189375492632 96.955386581501244
697.9249489057827 97.003247259857176
708.0765010488715 97.048940429667482
718.3757109180171 97.092259200309769
728.8247262443015 97.135181377601640
739.425725998274 97.176760331393268
750.1809208443404 97.218701068271812
761.0925536017613 97.260983645206835
772.1628997123541 97.303978956574923
783.3942677149998 97.349222783761149
794.7889997270506 97.396853248839960
806.34947193274 97.447043501036262
818.0780950786972 97.499585200741791
829.9773149766683 97.554163658160647
842.0496130135506 97.610398194063237
854.2975066688449 97.667913156677002
866.7235500396347 97.727209375190554
879.3303343732008 97.787569088272704
892.1204886073838 97.848440995695199
905.0966799188055 97.910421591277611
918.2616142790653 97.973603914803192
931.6180370190256 98.037817485668398
945.1687334013056 98.102850180881262
958.9165292011028 98.169839601905423
972.8642912954606 98.238903599119780
987.0149282611097 98.309574641305545
1001.3713909810035 98.382585520068517
1015.9366732596762 98.457901923392313
1030.7138124475518 98.535222022047947
1045.7058900743334 98.613509231955078
1060.916032491606 98.693824437789118
1076.3474115247852 98.775006539928881
1092.0032451345498 98.856391834135479
1107.8867980878947 98.938501376085469
1124.0013826389438 99.019395763676982
1140.350359219667 99.100360069561731
1156.9371371406426 99.180266725833533
1173.765175302013 99.260774259228185
1190.837982914782 99.339604614109959
1208.1591202326028 99.418716041046707
1225.73219929421 99.497112492146073
1243.5608846766518 99.574812624190315
1261.648894259477 99.650925355889797
1280.0000000000375 99.726000000000141
1298.6180287200684 99.797546424652836
1317.5068629037087 99.869524706453348
1336.6704415071292 99.938096828387984
1356.112760779938 100.003574929593299
1375.8378750985323 100.066389306560382
1395.8498978115715 100.126653445989419
1416.153002097749 100.183959189172072
1436.7514218360407 100.240222482319609
1457.6494524886093 100.294429609321071
1478.8514519965543 100.347820513831664
1500.3618416886875 100.399853946385306
1522.1851072035295 100.451356853000334
1544.3257994247153 100.502062822688345
1566.788535430007 100.552942090071809
1589.5779994541087 100.603863158788130
1612.6989438654878 100.654683697626766
1636.156190157402 100.705374246936842
1659.9546299533442 100.756302908100167
1684.099226027109 100.807972343698012
1708.5950133376978 100.860737129076185
1733.4471000792773 100.915083620174414
1758.6606687464096 100.970380257867163
1784.2409772147755 101.026699788961110
1810.193359837619 101.084833126036273
1836.5232285581387 101.144042496541402
1863.2360740380593 101.204942970287533
1890.3374668026197 101.267582922982086
1917.833058402214 101.331729356661185
1945.7285825909298 101.397834026566414
1974.0298565222283 101.466632849914248
2002.7427819620161 101.538039807035844
2031.8733465193618 101.613026813160303
2061.4276248951132 101.692521143454570
2091.411780148677 101.777258870115176
2121.832064983222 101.869316806321734
2152.694823049581 101.971114510097294
2184.0064902691106 102.080824013995709
2215.7735961758003 102.202108534942212
2248.002765277899 102.330444717060686
2280.7007184393456 102.465407981523285
2313.874274281297 102.603078238267386
2347.530350604038 102.741874437476554
2381.6759658295764 102.881058611182652
2416.318240465218 103.021860844558546
2451.4643985884327 103.165235729230218
2487.1217693533167 103.310343165880937
2523.2977885189675 103.456273598788840
2560.0000000000887 103.602750000000356
2597.236057440151 103.748358821144592
2635.0137258074315 103.891801014250944
2673.340883014273 104.031818939889064
2712.225521559891 104.169418900100283
2751.6757501970797 104.302217816282763
2791.699795623158 104.431835593439388
2832.3060041955137 104.556710252754357
2873.502843672097 104.677718132902200
2915.2989049772345 104.793889109139897
2957.7029039931244 104.903832911503628
3000.723683377391 105.006010689050299
3044.370214407075 105.096157733559863
3088.6515988494466 105.173143123202266
3133.57707086003 105.236266051960797
3179.1559989082334 105.282948839028336
3225.3978877309914 105.315722817129355
3272.3123803148205 105.335970590291296
3319.9092599067053 105.346389111188813
3368.198452054235 105.350545953561635
3417.190026675413 105.350812398932987
3466.8942001585724 105.347303753979389
3517.3213374928373 105.339016092376639
3568.4819544295697 105.325031315949644
3620.386719675257 105.304622108949388
3673.0464571162966 105.277172125730218
3726.472148076138 105.241940053385179
3780.6749336052594 105.196297026412225
3835.6661168044484 105.140700659834664
3891.45716518188 105.064900321144222
3948.059713044477 104.973628712715779
4005.4855639240527 104.846777560110752
4063.746693038744 104.682011905060520
4122.855249790247 104.466484819706110
4182.823560297375 104.190208230622545
4243.664129966465 103.849935615973266
4305.389646099183 103.456313621891951
4368.012980538242 103.025243551277157
4431.5471923516225 102.589462109588879
4496.00553055582 102.183798997799286
4561.401436878714 101.850557130154840
4627.748548562617 101.596982916213236
4695.060701208099 101.442205935555080
4763.351931659176 101.366852758966047
4832.63648093046 101.359312781228013
4902.928797176889 101.407311945929806
4974.243538706657 101.486231237496099
5046.595577037959 101.589393365556930
5120.000000000202 101.703785714286042
5194.472114880326 101.823473041771962
5270.027451614888 101.941729878430493
5346.6817660285715 102.053646233477679
5424.451043119808 102.156063803899769
5503.351500394186 102.246686650433588
5583.399591246343 102.323248374457577
5664.612008391055 102.385666766125468
5747.005687344222 102.437588156476039
5830.597809954497 102.480004069230660
5915.405807986278 102.514815003755274
6001.447366754812 102.544416117942006
6088.740428814181 102.569622128644255
6177.303197698925 102.597166073513208
6267.154141720092 102.629477516530784
6358.3119978165005 102.670281318940994
6450.795775462017 102.721993380786444
6544.624760629676 102.786637941881708
6639.818519813445 102.863443019638638
6736.396904108505 102.948621182738748
6834.380053350861 103.036066845881749
6933.788400317181 103.115813996218861
7034.642674985712 103.174664216494563
7136.963908859177 103.196912526379862
7240.773439350552 103.165181795635135
7346.092914232631 103.062813636643625
7452.944296152315 102.878581699560897
7561.349867210557 102.602085385089396
7671.332233608935 102.237727238956950
7782.914330363799 101.791252545471281
7896.119426088994 101.272708840859480
8010.971127848146 100.702638674039861
8127.49338607753 100.109629579592792
8245.710499580537 99.512178475196819
8365.647120594791 98.924718702320874
8487.328259932974 98.358553998893044
8610.77929219841 97.825956945467624
8736.025961076528 97.338907542462465
8863.094384703289 96.902022381533214
8992.011061111683 96.518280408090888
9122.802873757471 96.190275669364553
9255.497097125279 95.921725787280806
9390.121402416245 95.710980834630718
9526.7038633184 95.557912982276520
9665.272961860968 95.453229237094519
9805.857594353829 95.382871799159830
9948.487077413367 95.328388071615095
10093.19115407597 95.262283148601512
10240.000000000457 95.157899999999614
10388.944229760706 94.997908002616271
10540.05490322983 94.795235807050830
10693.363532057198 94.613157079566420
10848.902086239672 94.531082193785664
11006.703000788428 94.623535425768722
11166.799182492743 94.913128181046346
11329.224016782166 95.419900456220262
11494.0113746885 96.065522441929943
11661.195619909053 96.882923013325637
11830.811615972614 97.805269031460767
12002.894733509682 98.873508076479339
12177.48085762842 100.043652811534457
12354.606395397908 101.324577471287171
12534.308283440243 102.586716623465563
12716.62399563306 103.663009578238075
12901.591550924093 104.257736521987511
13089.249521259411 104.588818798221951
13279.637039626952 104.566967311480298
13472.793808217073 104.284064882058487
13668.760106701786 103.943264018073464
13867.576800634426 103.600902714886587
14069.285349971487 103.198981843736433
14273.927817718419 102.698289939315600
14481.54687870117 101.974577095921234
14692.18582846533 101.021907702431747
14905.888592304698 99.961715287984475
15122.699734421185 98.891823478496406
15342.664467217943 97.912975354489120
15565.828660727671 97.110076211034539
15792.238852178061 96.543196651541990
16021.942255696367 96.253387033989895
16254.986772155136 96.281587221651137
16491.42099916115 96.688726960555499
16731.294241189662 97.369627414626223
16974.65651986603 98.020187716764170
17221.558584396902 98.189860065991368
17472.051922153143 97.462678891541415
17726.188769406665 95.830059235418247
17984.022122223458 93.891304048079505
18245.605747515034 92.341556972452565
18510.99419425065 91.113928593154256
18780.242804832582 89.972907593851858
19053.40772663689 88.776481693119422
19330.545923722028 87.384301145036034
19611.71518870775 85.964354081376712
19896.974154826825 85.320500000000010
20186.382308152035 85.320500000000010
