20 103.347499999999997
20.290906698750476 103.357681768395494
20.586044732869844 103.359906965195918
20.885475648548283 103.357145243514509
21.189261887185914 103.352178984616955
21.49746679841394 103.353558509854651
21.810154653305165 103.362109336151633
22.12739065777668 103.383850490944354
22.449240966187475 103.409939264164109
22.77577269513385 103.434546316862424
23.107053937445478 103.450676357357324
23.44315377638505 103.453591276010627
23.784142300054445 103.443443774372611
24.130090616010463 103.426844992269395
24.481070866093134 103.408672790664014
24.837156241469714 103.394342514702515
25.1984209978975 103.388759868763145
25.56494047120865 103.388530880522254
25.936791093020236 103.390854946306632
26.3140504066728 103.391739668087752
26.69679708340074 103.386318061977732
27.08511093873791 103.375829655943221
27.47907294916184 103.362581298169033
27.878765268980047 103.350833955103042
28.284271247461966 103.342667388793160
28.695675446220072 103.336260543752928
29.11306365684382 103.329173408578910
29.536522918790062 103.318367789517509
29.966141537533712 103.305049612336461
30.402009102982383 103.290939727111436
30.844216508158908 103.277312984267297
31.29285596815558 103.260562551393207
31.74802103936409 103.236370716598799
32.20980663898519 103.207362568465967
32.67830906482211 103.179762855823725
33.153626015361866 103.160312975631314
33.63585661014871 103.150098007457913
34.125101410453844 103.141497160507285
34.62146244024586 103.125291265308448
35.12504320746613 103.100747666796835
35.635948725613716 103.073702563719309
36.15428553564419 103.048248579824730
36.68016172818701 103.022271266677905
37.21368696608603 102.990896660238320
37.754972507267915 102.953423458151249
38.30413122794313 102.914023274727811
38.86127764614443 102.878932167463788
39.4265279456077 102.848903207768586
40.000000000000206 102.823999999999984
40.58181339750116 102.803151617094926
41.1720894657399 102.778662974779294
41.77095129709678 102.745621835484883
42.37852377437204 102.707635637559989
42.9949335968281 102.674015899552842
43.62030930661056 102.644218927096858
44.25478131555359 102.602457975564931
44.89848193237519 102.543482643258585
45.55154539026795 102.472050923670352
46.21410787489121 102.402206865491195
46.88630755277036 102.342026867789556
47.56828460010916 102.292293127003887
48.260181232021196 102.254870627934906
48.962141732186545 102.214399147411541
49.674312482939705 102.162140716890747
50.39684199579528 102.103004574094726
51.129880942417586 102.044580741551840
51.873582186040764 101.983745559550016
52.628100813345895 101.922019534840089
53.393594166801776 101.863964387237360
54.17022187747612 101.801444433161862
54.95814589832399 101.723240256192298
55.75753053796041 101.646276909671030
56.56854249492426 101.591877349036778
57.39135089244048 101.539909762082942
58.226127313687975 101.466133621681593
59.073045837580466 101.353231939160736
59.932283075067765 101.267737834030754
60.804018205965114 101.221655497123692
61.68843301631817 101.141003208177096
62.58571193631152 101.049285972339419
63.49604207872855 100.972068612662355
64.41961327797075 100.891217125314796
65.35661812964459 100.811963203443455
66.3072520307241 100.748606861910758
67.27171322029778 100.670660549496205
68.25020282090806 100.557600357259673
69.2429248804921 100.444029448554474
70.25008641493265 100.355618648502443
71.27189745122783 100.282282870767744
72.30857107128878 100.211282882867209
73.36032345637442 100.130692344479982
74.42737393217246 100.037322659138397
75.50994501453623 99.939604833953823
76.60826245588666 99.839814044885742
77.72255529228926 99.738839637785816
78.85305589121582 99.644255758092129
80.00000000000082 99.552499999999924
81.16362679500274 99.449712709473189
82.34417893148023 99.343963932762122
83.541902594194 99.244243599761887
84.75704754874454 99.140853470866432
85.98986719365665 99.034623741106472
87.24061861322157 98.930448795947910
88.50956263110764 98.828270052492115
89.79696386475084 98.729998424990683
91.10309078053635 98.634066096167800
92.42821574978288 98.534411415605405
93.77261510554118 98.436980350875444
95.13656920021877 98.338802052571339
96.52036246404286 98.229131518809879
97.92428346437356 98.114883772321690
99.34862496587989 98.002524505233993
100.79368399159105 97.889063525994828
102.25976188483567 97.781582937869558
103.74716437208203 97.685903357680246
105.25620162669229 97.596733334490182
106.78718833360406 97.501807966093338
108.34044375495276 97.398410120499847
109.9162917966485 97.299308765023511
111.51506107592134 97.206864371623908
113.13708498984903 97.119487281112498
114.78270178488147 97.035774396768943
116.45225462737648 96.956017811132995
118.14609167516147 96.874892072644698
119.86456615013608 96.791281615604248
121.60803641193078 96.706538204223079
123.3768660326369 96.626852271755070
125.17142387262359 96.553443023167290
126.99208415745765 96.489933166698933
128.83922655594208 96.429504418733828
130.71323625928977 96.370339255242413
132.61450406144883 96.310028618002917
134.5434264405962 96.245844217968994
136.50040564181674 96.175359484200513
138.48584976098482 96.096501148076413
140.50017282986593 96.006075239134617
142.5437949024563 95.910365605401637
144.61714214257822 95.807738607335438
146.7206469127495 95.706597206953120
148.8547478643456 95.610974892260273
151.01989002907314 95.520296442825440
153.216524911774 95.436424762964378
155.4451105845792 95.366173434437769
157.70611178243232 95.315738102115404
160.00000000000236 95.284999999999997
162.3272535900062 95.275225534921958
164.6883578629612 95.288943161895546
167.08380518838874 95.331009059617060
169.51409509748981 95.399825671944200
171.97973438731407 95.480227181658819
174.4812372264439 95.558125859129177
177.01912526221608 95.620439881030975
179.5939277295025 95.665421629217946
182.20618156107355 95.699356651357320
184.85643149956664 95.713368298598084
187.54523021108326 95.703620066226890
190.27313840043846 95.679667711514654
193.04072492808663 95.644713561035559
195.84856692874806 95.602922929140021
198.69724993176072 95.555667851187366
201.58736798318304 95.503633692311112
204.5195237696723 95.448882302337836
207.49432874416505 95.392358699070172
210.5124032533856 95.335016405394569
213.57437666720915 95.278267625823446
216.68088750990657 95.220903581066736
219.83258359329807 95.162597203523987
223.03012215184378 95.107609158149671
226.2741699796992 95.054234251994856
229.5654035697641 95.004018946453542
232.90450925475412 94.956352785557641
236.2921833503241 94.913749460227649
239.72913230027333 94.875513403159459
243.21607282386276 94.842325435615066
246.75373206527502 94.814908576494119
250.34284774524843 94.791785761273758
253.9841683149166 94.773579158425420
257.67845311188546 94.759705800830432
261.42647251858085 94.748648891509077
265.22900812289896 94.739513357738844
269.08685288119375 94.731311818757405
273.0008112836349 94.722497971790915
276.97169952197106 94.711963438993848
281.00034565973334 94.698798721058978
285.0875898049141 94.683614604858377
289.23428428515797 94.665369149145306
293.44129382550057 94.644793530872505
297.7094957286928 94.621826823919321
302.0397800581479 94.596506347143844
306.4330498235497 94.569090684450856
310.89022116916016 94.540699840046614
315.41222356486645 94.511238102115385
320.00000000000654 94.480499999999950
324.6545071800142 94.449314801893905
329.3767157259242 94.418551347781488
334.16761037677935 94.388244054626284
339.02819019498156 94.356011125693612
343.95946877463007 94.322971559209975
348.9624744528898 94.289451421165637
354.03825052443415 94.254232246328954
359.187855459007 94.219022582878750
364.4123631221491 94.184378403393822
369.71286299913527 94.149866390505622
375.0904604221685 94.113847392668646
380.54627680087896 94.074487574507941
386.08144985617537 94.035837995992381
391.6971338574982 93.998087917327979
397.3944998635236 93.959477950941690
403.1747359663683 93.920335093557540
409.0390475393468 93.882505952879086
414.9886574883323 93.847313329023478
421.0248065067734 93.815159909858508
427.1487533344206 93.785330609995114
433.3617750198154 93.758749714505726
439.6651671865984 93.736123760270686
446.06024430368984 93.717349389240781
452.54833995940066 93.702912988073081
459.13080713953053 93.694074135207643
465.8090185095106 93.690047745372624
472.58436670065066 93.693429457171987
479.45826460054917 93.704734976672569
486.432145647728 93.724182866072738
493.50746413055253 93.753424313121613
500.6856954904994 93.792585588592715
507.9683366298358 93.841288251212035
515.3569062237735 93.897957222996979
522.8529450371643 93.960463269075177
530.4580162458005 94.027150772227571
538.1737057623901 94.097050944307057
546.0016225672724 94.166943058636363
553.9433990439449 94.236897429433284
562.0006913194694 94.303805461423821
570.1751796098309 94.368278811151768
578.4685685703187 94.428820550563330
586.8825876510039 94.484736819731523
595.4189914573883 94.537784898317199
604.0795601162986 94.588702498161439
612.8660996471021 94.637068390966618
621.780442338323 94.682886529001493
630.8244471297356 94.726374901509757
640.0000000000159 94.769500000000079
649.3090143600314 94.809994212466137
658.7534314518515 94.848451397379989
668.3352207535618 94.885590599901207
678.0563803899662 94.921405788423371
687.9189375492632 94.957008175177350
697.9249489057827 94.992237321170251
708.0765010488715 95.027363928618598
718.3757109180171 95.064571344850776
728.8247262443015 95.103592723416128
739.425725998274 95.144760331393258
750.1809208443404 95.188791528693997
761.0925536017613 95.236529922007705
772.1628997123541 95.287796571738255
783.3942677149998 95.343939907926739
794.7889997270506 95.404839498498774
806.34947193274 95.471332270265918
818.0780950786972 95.543806299348603
829.9773149766683 95.622649769645264
842.0496130135506 95.708197162099367
854.2975066688449 95.799626613905673
866.7235500396347 95.896606725315564
879.3303343732008 95.998008741860247
892.1204886073838 96.104074754681776
905.0966799188055 96.213109417646564
918.2616142790653 96.325205384008910
931.6180370190256 96.439762394432421
945.1687334013056 96.556031628361211
958.9165292011028 96.673662020259428
972.8642912954606 96.792764333368936
987.0149282611097 96.913589002844873
1001.3713909810035 97.035019684240439
1015.9366732596762 97.157368055381284
1030.7138124475518 97.281388952692311
1045.7058900743334 97.404966974983608
1060.916032491606 97.529419863182000
1076.3474115247852 97.654234378480794
1092.0032451345498 97.778587751203219
1107.8867980878947 97.902122685181183
1124.0013826389438 98.026232668827575
1140.350359219667 98.149627694147497
1156.9371371406426 98.272924893100623
1173.765175302013 98.396297520939598
1190.837982914782 98.518407994145278
1208.1591202326028 98.640959618754465
1225.73219929421 98.761897066639278
1243.5608846766518 98.882714835881927
1261.648894259477 99.002494405637236
1280.0000000000375 99.121000000000237
1298.6180287200684 99.237229693581000
1317.5068629037087 99.354791863712620
1336.6704415071292 99.470022649042775
1356.112760779938 99.583856831543144
1375.8378750985323 99.697171834939098
1395.8498978115715 99.809363180299513
1416.153002097749 99.920803078134355
1436.7514218360407 100.032451321276909
1457.6494524886093 100.143236120090080
1478.8514519965543 100.254373492302221
1500.3618416886875 100.365338155778531
1522.1851072035295 100.476200344593934
1544.3257994247153 100.587515513112066
1566.788535430007 100.699271135732829
1589.5779994541087 100.811140637336052
1612.6989438654878 100.923716867186272
1636.156190157402 101.037272836558685
1659.9546299533442 101.151583131176977
1684.099226027109 101.266994300409578
1708.5950133376978 101.384084163754196
1733.4471000792773 101.502877138378949
1758.6606687464096 101.623397996607835
1784.2409772147755 101.745856690630916
1810.193359837619 101.870631994417323
1836.5232285581387 101.997541961650228
1863.2360740380593 102.126562598344208
1890.3374668026197 102.258346837996783
1917.833058402214 102.392525325002794
1945.7285825909298 102.528655483043735
1974.0298565222283 102.666765699828488
2002.7427819620161 102.806848205548476
2031.8733465193618 102.948523285734922
2061.4276248951132 103.090828805748288
2091.411780148677 103.234135366698780
2121.832064983222 103.377019102171985
2152.694823049581 103.519261444875582
2184.0064902691106 103.661228719440814
2215.7735961758003 103.799629293603743
2248.002765277899 103.936177958218082
2280.7007184393456 104.067732801913451
2313.874274281297 104.194334814840801
2347.530350604038 104.314479709583935
2381.6759658295764 104.426050241936039
2416.318240465218 104.530235014651453
2451.4643985884327 104.622660996471083
2487.1217693533167 104.705811804109629
2523.2977885189675 104.775436019334137
2560.0000000000887 104.833500000000129
2597.236057440151 104.879382409594143
2635.0137258074315 104.913759836828660
2673.340883014273 104.934711636318752
2712.225521559891 104.945333828233984
2751.6757501970797 104.943728371857759
2791.699795623158 104.931905071531901
2832.3060041955137 104.910262517566593
2873.502843672097 104.881197725062322
2915.2989049772345 104.845466040271631
2957.7029039931244 104.804643037927008
3000.723683377391 104.760722040369302
3044.370214407075 104.713765601059009
3088.6515988494466 104.665949531236834
3133.57707086003 104.617359935439708
3179.1559989082334 104.568594641157262
3225.3978877309914 104.518562323495900
3272.3123803148205 104.465840762637953
3319.9092599067053 104.408715239918479
3368.198452054235 104.343748275480280
3417.190026675413 104.266917453318030
3466.8942001585724 104.174529005671758
3517.3213374928373 104.063909149892396
3568.4819544295697 103.932750527597207
3620.386719675257 103.780689567416445
3673.0464571162966 103.609872510375752
3726.472148076138 103.425053317291230
3780.6749336052594 103.233542199038538
3835.6661168044484 103.041391864032931
3891.45716518188 102.858348680653776
3948.059713044477 102.682527016355579
4005.4855639240527 102.522691820764777
4063.746693038744 102.370789820541262
4122.855249790247 102.216910125594296
4182.823560297375 102.045541073003790
4243.664129966465 101.841725164612342
4305.389646099183 101.606326701749822
4368.012980538242 101.355964636342549
4431.5471923516225 101.135662186386895
4496.00553055582 100.987021534814261
4561.401436878714 100.956761293190851
4627.748548562617 101.025901094457538
4695.060701208099 101.175980552452657
4763.351931659176 101.352330748803297
4832.63648093046 101.511992936056231
4902.928797176889 101.606254271906238
4974.243538706657 101.626370849920335
5046.595577037959 101.544611966165220
5120.000000000202 101.381714285713741
5194.472114880326 101.138900386430834
5270.027451614888 100.835946688499689
5346.6817660285715 100.497681486645348
5424.451043119808 100.142660216550595
5503.351500394186 99.788466905391545
5583.399591246343 99.452184191218251
5664.612008391055 99.148958409540469
5747.005687344222 98.880658080150937
5830.597809954497 98.653848949502844
5915.405807986278 98.473660200900781
6001.447366754812 98.344296876385059
6088.740428814181 98.276939756065232
6177.303197698925 98.270690959309690
6267.154141720092 98.325644014162322
6358.3119978165005 98.446549836571904
6450.795775462017 98.628068346930718
6544.624760629676 98.871250548644952
6639.818519813445 99.172068448950796
6736.396904108505 99.522356018899913
6834.380053350861 99.907739216070979
6933.788400317181 100.311863499298852
7034.642674985712 100.727806381440274
7136.963908859177 101.145344064095070
7240.773439350552 101.513412583658152
7346.092914232631 101.771853993620596
7452.944296152315 101.894795755479961
7561.349867210557 101.876810717399309
7671.332233608935 101.745576296181184
7782.914330363799 101.527246045656952
7896.119426088994 101.248880535211953
8010.971127848146 100.942155076365907
8127.49338607753 100.637573514845286
8245.710499580537 100.354761804849645
8365.647120594791 100.107423402780682
8487.328259932974 99.899119566778381
8610.77929219841 99.733525339757904
8736.025961076528 99.610829083280848
8863.094384703289 99.524325766628579
8992.011061111683 99.468461873518265
9122.802873757471 99.432407084397454
9255.497097125279 99.404041154993678
9390.121402416245 99.366403196402615
9526.7038633184 99.294691844956645
9665.272961860968 99.156510867605760
9805.857594353829 98.931148017207306
9948.487077413367 98.620204200095145
10093.19115407597 98.235807317308286
10240.000000000457 97.805099999998617
10388.944229760706 97.335066569204571
10540.05490322983 96.818682495550405
10693.363532057198 96.263366143161903
10848.902086239672 95.681468808497229
11006.703000788428 95.125209456686946
11166.799182492743 94.719221716765247
11329.224016782166 94.571606634328532
11494.0113746885 94.539099810421860
11661.195619909053 94.811567139118949
11830.811615972614 95.385877084359549
12002.894733509682 96.220149275342123
12177.48085762842 97.041188115514501
12354.606395397908 97.776809447874797
12534.308283440243 98.309630016975518
12716.62399563306 98.412643683333428
12901.591550924093 98.085007098384395
13089.249521259411 97.597364458327320
13279.637039626952 97.050579807109813
13472.793808217073 96.509423572334057
13668.760106701786 96.076389624475553
13867.576800634426 95.824684295663758
14069.285349971487 95.826672239553631
14273.927817718419 96.039841476790031
14481.54687870117 96.549460830148362
14692.18582846533 97.368012057175179
14905.888592304698 98.446910387768327
15122.699734421185 99.768072847710982
15342.664467217943 101.221994759786085
15565.828660727671 102.559939029345784
15792.238852178061 103.408295247723885
16021.942255696367 103.443222209736163
16254.986772155136 102.666238335046557
16491.42099916115 101.444819118333498
16731.294241189662 100.147347801234417
16974.65651986603 98.852175253431923
17221.558584396902 97.497598434310660
17472.051922153143 96.006023844015303
17726.188769406665 94.257392879386231
17984.022122223458 92.110236757500658
18245.605747515034 89.602448479004778
18510.99419425065 86.944328594444684
18780.242804832582 84.335358911395275
19053.40772663689 81.845770872763808
19330.545923722028 79.607859035520079
19611.71518870775 78.606898808713794
19896.974154826825 80.441480864045843
20186.382308152035 81.609999999999999
