20 66.512000000000000
20.290906698750476 66.536492144740151
20.586044732869844 66.561503665402370
20.885475648548283 66.586037551201187
21.189261887185914 66.610018706227564
21.49746679841394 66.632030573059069
21.810154653305165 66.652508537643030
22.12739065777668 66.670018804955092
22.449240966187475 66.685511053494835
22.77577269513385 66.700489573171268
23.107053937445478 66.715502568449779
23.44315377638505 66.731507666271398
23.784142300054445 66.748506785985256
24.130090616010463 66.765004259726993
24.481070866093134 66.781502786868828
24.837156241469714 66.795505410023196
25.1984209978975 66.808012618465597
25.56494047120865 66.818998215758285
25.936791093020236 66.828994384220977
26.3140504066728 66.839001184491011
26.69679708340074 66.847995231724823
27.08511093873791 66.856502534133611
27.47907294916184 66.865501641356133
27.878765268980047 66.874494718552057
28.284271247461966 66.882504279389565
28.695675446220072 66.888994879612682
29.11306365684382 66.893000150134071
29.536522918790062 66.893998874808474
29.966141537533712 66.894500324627373
30.402009102982383 66.895500020594980
30.844216508158908 66.896500482200793
31.29285596815558 66.897499679216395
31.74802103936409 66.897499931690390
32.20980663898519 66.896000627795502
32.67830906482211 66.893998376760379
33.153626015361866 66.891501964205034
33.63585661014871 66.890000446233984
34.125101410453844 66.887499693315164
34.62146244024586 66.885996329839315
35.12504320746613 66.881999619503716
35.635948725613716 66.877500451535695
36.15428553564419 66.871496742939428
36.68016172818701 66.865498334260252
37.21368696608603 66.860003224132072
37.754972507267915 66.855000254091806
38.30413122794313 66.848497879620311
38.86127764614443 66.839494358779746
39.4265279456077 66.828009591211142
40.000000000000206 66.816000000000003
40.58181339750116 66.805003526851351
41.1720894657399 66.796498431735785
41.77095129709678 66.786000853723678
42.37852377437204 66.773509790822942
42.9949335968281 66.760001455264330
43.62030930661056 66.748492206447608
44.25478131555359 66.732505510159285
44.89848193237519 66.710484156657387
45.55154539026795 66.689014945121158
46.21410787489121 66.677498715775101
46.88630755277036 66.669491206335749
47.56828460010916 66.649988484388643
48.260181232021196 66.621993804033465
48.962141732186545 66.597996118289842
49.674312482939705 66.578490707630422
50.39684199579528 66.557004698603606
51.129880942417586 66.535503492139185
51.873582186040764 66.515511231558037
52.628100813345895 66.495997499407864
53.393594166801776 66.477010066358702
54.17022187747612 66.458495213303181
54.95814589832399 66.441496443728340
55.75753053796041 66.422011443137222
56.56854249492426 66.398013538991137
57.39135089244048 66.370988233546910
58.226127313687975 66.342995415504731
59.073045837580466 66.312498505876306
59.932283075067765 66.284491235060983
60.804018205965114 66.257499474827924
61.68843301631817 66.231990838184799
62.58571193631152 66.213006094888726
63.49604207872855 66.203000068309620
64.41961327797075 66.204499372204509
65.35661812964459 66.219493886813950
66.3072520307241 66.243507443394449
67.27171322029778 66.271991530340401
68.25020282090806 66.300503676511937
69.2429248804921 66.318498638317067
70.25008641493265 66.326500211386815
71.27189745122783 66.328999749146845
72.30857107128878 66.322002895372208
73.36032345637442 66.306994694951698
74.42737393217246 66.289492749237667
75.50994501453623 66.268501066200116
76.60826245588666 66.240492820713413
77.72255529228926 66.210012164650379
78.85305589121582 66.178998416334338
80.00000000000082 66.146499999999975
81.16362679500274 66.111511221799759
82.34417893148023 66.073994249697833
83.541902594194 66.035503130320137
84.75704754874454 65.995998418898196
85.98986719365665 65.955004416107116
87.24061861322157 65.911513261650583
88.50956263110764 65.863516543504204
89.79696386475084 65.813001417894398
91.10309078053635 65.763496368778547
92.42821574978288 65.710491578540086
93.77261510554118 65.658015023761408
95.13656920021877 65.609015475945213
96.52036246404286 65.562989544306461
97.92428346437356 65.522493634484249
99.34862496587989 65.490508421818831
100.79368399159105 65.461506342037268
102.25976188483567 65.443003004863954
103.74716437208203 65.426498747330044
105.25620162669229 65.414998617191202
106.78718833360406 65.404497695854161
108.34044375495276 65.385491271317562
109.9162917966485 65.354492974252054
111.51506107592134 65.315998211401805
113.13708498984903 65.268496592144572
114.78270178488147 65.202511957592847
116.45225462737648 65.134988726650988
118.14609167516147 65.059995893550067
119.86456615013608 64.983019433647186
121.60803641193078 64.861997509415701
123.3768660326369 64.741009163397933
125.17142387262359 64.641474628162570
126.99208415745765 64.532495033479762
128.83922655594208 64.423484646422281
130.71323625928977 64.296484410861794
132.61450406144883 64.171032723600504
134.5434264405962 64.055482567579105
136.50040564181674 63.975497548992053
138.48584976098482 63.963500907788614
140.50017282986593 64.019509723793817
142.5437949024563 64.134488460754639
144.61714214257822 64.316016315319700
146.7206469127495 64.557459472162080
148.8547478643456 64.834967212912801
151.01989002907314 65.141484431367630
153.216524911774 65.478427125747757
155.4451105845792 65.841017729725763
157.70611178243232 66.203516348302543
160.00000000000236 66.539000000000271
162.3272535900062 66.816022394543126
164.6883578629612 67.024521507623717
167.08380518838874 67.168488291789643
169.51409509748981 67.255501523256626
171.97973438731407 67.294995745457783
174.4812372264439 67.299498364277866
177.01912526221608 67.281998564957135
179.5939277295025 67.252500827953270
182.20618156107355 67.212496437292145
184.85643149956664 67.160491575408230
187.54523021108326 67.107995527423981
190.27313840043846 67.054997349991595
193.04072492808663 67.002005266911638
195.84856692874806 66.947008482520971
198.69724993176072 66.893495632680299
201.58736798318304 66.842992848605036
204.5195237696723 66.786009255072855
207.49432874416505 66.731993900041999
210.5124032533856 66.675993085955994
213.57437666720915 66.623494120257604
216.68088750990657 66.575001755960585
219.83258359329807 66.520507199925532
223.03012215184378 66.463497985473595
226.2741699796992 66.409997185082460
229.5654035697641 66.355493414804755
232.90450925475412 66.301008007669438
236.2921833503241 66.250497226006146
239.72913230027333 66.198498065008920
243.21607282386276 66.147498981124585
246.75373206527502 66.098003748662762
250.34284774524843 66.051001993862727
253.9841683149166 66.002497767344096
257.67845311188546 65.953494015731508
261.42647251858085 65.903993787554811
265.22900812289896 65.853999895779282
269.08685288119375 65.804501887605227
273.0008112836349 65.758002242031409
276.97169952197106 65.710003632068847
281.00034565973334 65.658495476321988
285.0875898049141 65.605005368257608
289.23428428515797 65.547996080689529
293.44129382550057 65.489995973578871
297.7094957286928 65.431506910253333
302.0397800581479 65.369503149282878
306.4330498235497 65.306999256615200
310.89022116916016 65.240496625238379
315.41222356486645 65.171496613391838
320.00000000000654 65.101999999999890
324.6545071800142 65.032507357892371
329.3767157259242 64.960504334547522
334.16761037677935 64.887505936651024
339.02819019498156 64.812997068582717
343.95946877463007 64.736992457254104
348.9624744528898 64.656492522413089
354.03825052443415 64.576496011067263
359.187855459007 64.494502301429407
364.4123631221491 64.412494417193898
369.71286299913527 64.331002106314003
375.0904604221685 64.242992194088970
380.54627680087896 64.150495249126749
386.08144985617537 64.055492109894359
391.6971338574982 63.956997756512621
397.3944998635236 63.861508382420759
403.1747359663683 63.768004271132284
409.0390475393468 63.682499420739049
414.9886574883323 63.610004173461498
421.0248065067734 63.553501811194053
427.1487533344206 63.521501288912233
433.3617750198154 63.518500108633603
439.6651671865984 63.548001673173154
446.06024430368984 63.612003351268257
452.54833995940066 63.701005628979900
459.13080713953053 63.809996806654837
465.8090185095106 63.927000299157406
472.58436670065066 64.036505014527364
479.45826460054917 64.130502997339164
486.432145647728 64.209501121950694
493.50746413055253 64.264001939534268
500.6856954904994 64.293998727498945
507.9683366298358 64.306500227791190
515.3569062237735 64.311499936543356
522.8529450371643 64.310000010998436
530.4580162458005 64.309500005263672
538.1737057623901 64.311999904666408
546.0016225672724 64.317999710705621
553.9433990439449 64.330500841864861
562.0006913194694 64.347499348775258
570.1751796098309 64.368500498074042
578.4685685703187 64.391498803607107
586.8825876510039 64.413998897331538
595.4189914573883 64.432999980985272
604.0795601162986 64.447499263559209
612.8660996471021 64.454500083840401
621.780442338323 64.462000391276703
630.8244471297356 64.470000462917653
640.0000000000159 64.479500000000016
649.3090143600314 64.489500015205465
658.7534314518515 64.499500427759614
668.3352207535618 64.509000147608077
678.0563803899662 64.515500192836839
687.9189375492632 64.520499968340900
697.9249489057827 64.522999987234101
708.0765010488715 64.525000024322765
718.3757109180171 64.525499985966889
728.8247262443015 64.527499947601555
739.425725998274 64.528499974153220
750.1809208443404 64.529499992640098
761.0925536017613 64.529499999999999
772.1628997123541 64.529499999999999
783.3942677149998 64.531000058735188
794.7889997270506 64.533499999940119
806.34947193274 64.536500241418395
818.0780950786972 64.542500063923825
829.9773149766683 64.550500273938127
842.0496130135506 64.560999663434302
854.2975066688449 64.576500448487764
866.7235500396347 64.587499601708856
879.3303343732008 64.602500509794965
892.1204886073838 64.622000941294942
905.0966799188055 64.646999383368282
918.2616142790653 64.675499164979357
931.6180370190256 64.708000105175444
945.1687334013056 64.746499242561441
958.9165292011028 64.790498493224362
972.8642912954606 64.841501070409436
987.0149282611097 64.893499736384541
1001.3713909810035 64.945501436048588
1015.9366732596762 64.998998799903376
1030.7138124475518 65.058499244814868
1045.7058900743334 65.132999453744517
1060.916032491606 65.211500180029304
1076.3474115247852 65.297002838827069
1092.0032451345498 65.405001365802548
1107.8867980878947 65.493498875017536
1124.0013826389438 65.560001486180994
1140.350359219667 65.623501526797284
1156.9371371406426 65.694000627515422
1173.765175302013 65.771000775218297
1190.837982914782 65.846499924445965
1208.1591202326028 65.917000431039327
1225.73219929421 65.980000603616986
1243.5608846766518 66.033999650711706
1261.648894259477 66.079499734011847
1280.0000000000375 66.119500000000087
1298.6180287200684 66.162500085906288
1317.5068629037087 66.218999589923214
1336.6704415071292 66.289501827975315
1356.112760779938 66.369999009555372
1375.8378750985323 66.456499452269867
1395.8498978115715 66.545999542980994
1416.153002097749 66.637500009369489
1436.7514218360407 66.729501917620041
1457.6494524886093 66.824502123508012
1478.8514519965543 66.924002090728337
1500.3618416886875 67.023499267724617
1522.1851072035295 67.124000508394857
1544.3257994247153 67.228999048805164
1566.788535430007 67.333497838776466
1589.5779994541087 67.435499997556676
1612.6989438654878 67.537999751144525
1636.156190157402 67.644500878915679
1659.9546299533442 67.754498289628458
1684.099226027109 67.870001093411673
1708.5950133376978 67.988500067085624
1733.4471000792773 68.113500510041519
1758.6606687464096 68.241998311807464
1784.2409772147755 68.372499883757939
1810.193359837619 68.506501899636504
1836.5232285581387 68.645501244907322
1863.2360740380593 68.791000412506349
1890.3374668026197 68.941997029267043
1917.833058402214 69.096500330783982
1945.7285825909298 69.254497635839073
1974.0298565222283 69.414999186312059
2002.7427819620161 69.578498758429618
2031.8733465193618 69.744001963863752
2061.4276248951132 69.911497874130646
2091.411780148677 70.079998764509469
2121.832064983222 70.247000348466557
2152.694823049581 70.412499051119653
2184.0064902691106 70.575497346508200
2215.7735961758003 70.735497966069445
2248.002765277899 70.890498871143194
2280.7007184393456 71.039998712663845
2313.874274281297 71.183001087965096
2347.530350604038 71.316501273206256
2381.6759658295764 71.440499875911314
2416.318240465218 71.551500670505646
2451.4643985884327 71.649500955726936
2487.1217693533167 71.734999446960245
2523.2977885189675 71.805999584941588
2560.0000000000887 71.861000000000104
2597.236057440151 71.900000034210478
2635.0137258074315 71.922499836695096
2673.340883014273 71.928999980160000
2712.225521559891 71.919000123039751
2751.6757501970797 71.892500167801700
2791.699795623158 71.852000206807475
2832.3060041955137 71.797499993227618
2873.502843672097 71.731000252343748
2915.2989049772345 71.654000175058684
2957.7029039931244 71.567000196976664
3000.723683377391 71.473500688134038
3044.370214407075 71.374999513393448
3088.6515988494466 71.274500910429310
3133.57707086003 71.174499849197602
3179.1559989082334 71.077500002323461
3225.3978877309914 70.985000224576851
3272.3123803148205 70.900999404721844
3319.9092599067053 70.826499666296343
3368.198452054235 70.764499547871949
3417.190026675413 70.715499980679326
3466.8942001585724 70.679499912675979
3517.3213374928373 70.657499943928201
3568.4819544295697 70.649000007571175
3620.386719675257 70.653999972996360
3673.0464571162966 70.672500290906186
3726.472148076138 70.706500128398403
3780.6749336052594 70.753499942428405
3835.6661168044484 70.813000165394982
3891.45716518188 70.892000277234047
3948.059713044477 70.986999518386398
4005.4855639240527 71.097999157099053
4063.746693038744 71.221499349312325
4122.855249790247 71.364000676864961
4182.823560297375 71.526498808523129
4243.664129966465 71.708500423213223
4305.389646099183 71.909498847583450
4368.012980538242 72.127499932250714
4431.5471923516225 72.361000734098155
4496.00553055582 72.607002068807475
4561.401436878714 72.862001721887381
4627.748548562617 73.123498220731960
4695.060701208099 73.384998839225076
4763.351931659176 73.640999743813225
4832.63648093046 73.881998194475585
4902.928797176889 74.097499378188402
4974.243538706657 74.281498809815957
5046.595577037959 74.423999166960272
5120.000000000202 74.517000000000095
5194.472114880326 74.554499977952943
5270.027451614888 74.539999634725419
5346.6817660285715 74.478000189240475
5424.451043119808 74.373499922942756
5503.351500394186 74.232500892820354
5583.399591246343 74.065498707765670
5664.612008391055 73.887999981923286
5747.005687344222 73.710500673549049
5830.597809954497 73.544000378535941
5915.405807986278 73.400500324898218
6001.447366754812 73.280999628174072
6088.740428814181 73.192499777272076
6177.303197698925 73.146500002200298
6267.154141720092 73.147500087838523
6358.3119978165005 73.203999998646651
6450.795775462017 73.344999657672076
6544.624760629676 73.610499322674002
6639.818519813445 73.992002540427478
6736.396904108505 74.463999531359974
6834.380053350861 75.026000347232213
6933.788400317181 75.672996096985344
7034.642674985712 76.381997715161219
7136.963908859177 77.119999342638096
7240.773439350552 77.865502903417990
7346.092914232631 78.561499433212219
7452.944296152315 79.165001312668920
7561.349867210557 79.645499411422549
7671.332233608935 79.928500069088443
7782.914330363799 79.961499801959121
7896.119426088994 79.758001031676073
8010.971127848146 79.377999478280543
8127.49338607753 78.902498373626599
8245.710499580537 78.404502108045250
8365.647120594791 77.936999594155481
8487.328259932974 77.527499274636014
8610.77929219841 77.182999345599853
8736.025961076528 76.902500087172015
8863.094384703289 76.718000893390553
8992.011061111683 76.673500014250919
9122.802873757471 76.703999970560915
9255.497097125279 76.696499895028168
9390.121402416245 76.550998875981662
9526.7038633184 76.169500381775407
9665.272961860968 75.491500186609301
9805.857594353829 74.528495197414372
9948.487077413367 73.375999351072423
10093.19115407597 72.162998769986615
10240.000000000457 70.990999999996717
10388.944229760706 69.919498579114816
10540.05490322983 68.985000598445680
10693.363532057198 68.227997993740814
10848.902086239672 67.641499777570814
11006.703000788428 67.234499998955954
11166.799182492743 67.022499998876441
11329.224016782166 67.021500023117881
11494.0113746885 67.248499138616211
11661.195619909053 67.716502532747157
11830.811615972614 68.409498430988776
12002.894733509682 69.235998720069688
12177.48085762842 69.936000687551427
12354.606395397908 70.077998378389566
12534.308283440243 69.341002938763069
12716.62399563306 67.836500036036881
12901.591550924093 65.988504486680284
13089.249521259411 64.174504627755965
13279.637039626952 62.590499734838318
13472.793808217073 61.298001283305460
13668.760106701786 60.299499626468346
13867.576800634426 59.603500697920396
14069.285349971487 59.226999955535938
14273.927817718419 59.201000023158969
14481.54687870117 59.574499781787253
14692.18582846533 60.428499304541859
14905.888592304698 61.813997356790310
15122.699734421185 63.386998073181360
15342.664467217943 63.932497208186206
15565.828660727671 62.599002027287654
15792.238852178061 59.675001909064740
16021.942255696367 56.630997170315766
16254.986772155136 54.051994382806200
16491.42099916115 52.332007280798273
16731.294241189662 50.824504768800914
16974.65651986603 49.583998297664735
17221.558584396902 48.775501360919492
17472.051922153143 48.545500989663537
17726.188769406665 49.070499523634979
17984.022122223458 50.352506604620359
18245.605747515034 51.892003782796920
18510.99419425065 53.235001160462360
18780.242804832582 54.843505790978540
19053.40772663689 56.808998033081750
19330.545923722028 58.792492297015741
19611.71518870775 59.913499630536080
19896.974154826825 59.355001654733286
20186.382308152035 59.355000000000004
