20 67.778999999999996
20.290906698750476 67.816987816331675
20.586044732869844 67.851504787464336
20.885475648548283 67.883550068268235
21.189261887185914 67.915527634199805
21.49746679841394 67.948047723799505
21.810154653305165 67.980015123824785
22.12739065777668 68.011034576852893
22.449240966187475 68.039518790941230
22.77577269513385 68.064982274391156
23.107053937445478 68.087503210562232
23.44315377638505 68.107508568185679
23.784142300054445 68.126507402892997
24.130090616010463 68.144504388809622
24.481070866093134 68.161503085461916
24.837156241469714 68.177006059225960
25.1984209978975 68.191013192032216
25.56494047120865 68.202498134656395
25.936791093020236 68.212994103432010
26.3140504066728 68.221500921270774
26.69679708340074 68.228496291341543
27.08511093873791 68.234501689422402
27.47907294916184 68.240501185423881
27.878765268980047 68.246996185620930
28.284271247461966 68.252002304286691
28.695675446220072 68.255497242868373
29.11306365684382 68.255999474530768
29.536522918790062 68.252503938170364
29.966141537533712 68.247498539176831
30.402009102982383 68.242999927917566
30.844216508158908 68.239498794497990
31.29285596815558 68.237000801959041
31.74802103936409 68.233999749531392
32.20980663898519 68.228502301916848
32.67830906482211 68.219492533097778
33.153626015361866 68.208009035343153
33.63585661014871 68.195503718616465
34.125101410453844 68.182997546521278
34.62146244024586 68.170988530747877
35.12504320746613 68.158498689401711
35.635948725613716 68.143001555289601
36.15428553564419 68.125489957396553
36.68016172818701 68.106994397057179
37.21368696608603 68.088510844807871
37.754972507267915 68.070000940139636
38.30413122794313 68.049494699050769
38.86127764614443 68.026988717559504
39.4265279456077 68.004019182422297
40.000000000000206 67.979999999999990
40.58181339750116 67.953008656816948
41.1720894657399 67.923995295207334
41.77095129709678 67.892502561171028
42.37852377437204 67.860525064506731
42.9949335968281 67.826503665110152
43.62030930661056 67.792482220958604
44.25478131555359 67.756012570050856
44.89848193237519 67.717971997813066
45.55154539026795 67.680026414632749
46.21410787489121 67.644493659139584
46.88630755277036 67.604981285278626
47.56828460010916 67.563486428029478
48.260181232021196 67.530492513207108
48.962141732186545 67.501491440331435
49.674312482939705 67.458477741533343
50.39684199579528 67.407011254794668
51.129880942417586 67.366506578215677
51.873582186040764 67.335017689703932
52.628100813345895 67.306497170382585
53.393594166801776 67.285011390879589
54.17022187747612 67.266996480369983
54.95814589832399 67.254498996949025
55.75753053796041 67.249003227551526
56.56854249492426 67.236507051557879
57.39135089244048 67.213490124584013
58.226127313687975 67.189995866438707
59.073045837580466 67.162498319110853
59.932283075067765 67.130988151100951
60.804018205965114 67.094499042333283
61.68843301631817 67.047975407759210
62.58571193631152 66.997016359964491
63.49604207872855 66.944497404234284
64.41961327797075 66.887523856229080
65.35661812964459 66.829023841425595
66.3072520307241 66.769484199110039
67.27171322029778 66.709017979452838
68.25020282090806 66.650488153461566
69.2429248804921 66.592504387644979
70.25008641493265 66.531994673052083
71.27189745122783 66.469006321499648
72.30857107128878 66.407525437912966
73.36032345637442 66.344979689243587
74.42737393217246 66.277976176066574
75.50994501453623 66.209003503228985
76.60826245588666 66.134983287562378
77.72255529228926 66.064028317710722
78.85305589121582 65.997496491571468
80.00000000000082 65.925499999999957
81.16362679500274 65.862020359550968
82.34417893148023 65.796488200678681
83.541902594194 65.717506423254321
84.75704754874454 65.645997223430967
85.98986719365665 65.574007755114934
87.24061861322157 65.495523931944120
88.50956263110764 65.415527572507017
89.79696386475084 65.337002204053647
91.10309078053635 65.265495683642428
92.42821574978288 65.202492781605770
93.77261510554118 65.157512877509774
95.13656920021877 65.122511054246587
96.52036246404286 65.111998451008361
97.92428346437356 65.105999104849346
99.34862496587989 65.101501184318266
100.79368399159105 65.105499125236236
102.25976188483567 65.098001218188088
103.74716437208203 65.073995969670619
105.25620162669229 65.036992625019749
106.78718833360406 64.980991874854169
108.34044375495276 64.913977052012285
109.9162917966485 64.832483849904065
111.51506107592134 64.743996629904473
113.13708498984903 64.654494965668107
114.78270178488147 64.557017664625789
116.45225462737648 64.453484142155716
118.14609167516147 64.347994640282877
119.86456615013608 64.247525364695363
121.60803641193078 64.155997962249216
123.3768660326369 64.057007497325571
125.17142387262359 63.964476141162045
126.99208415745765 63.861994987915352
128.83922655594208 63.751986641178448
130.71323625928977 63.641487454159687
132.61450406144883 63.540526335327897
134.5434264405962 63.438480606431753
136.50040564181674 63.349485089701602
138.48584976098482 63.276505522380717
140.50017282986593 63.213496152759831
142.5437949024563 63.168004565527511
144.61714214257822 63.142997838135692
146.7206469127495 63.111005370148291
148.8547478643456 63.056006498341610
151.01989002907314 62.982003758821520
153.216524911774 62.918013839620606
155.4451105845792 62.872499951090411
157.70611178243232 62.871501047655748
160.00000000000236 62.893000000000058
162.3272535900062 62.945509505597435
164.6883578629612 63.034014935849804
167.08380518838874 63.133991869298363
169.51409509748981 63.225002969386338
171.97973438731407 63.301991706335436
174.4812372264439 63.320000794493609
177.01912526221608 63.328500851296617
179.5939277295025 63.345999508841281
182.20618156107355 63.364002329462835
184.85643149956664 63.398009307168039
187.54523021108326 63.456007637134547
190.27313840043846 63.546505300016790
193.04072492808663 63.652489466176732
195.84856692874806 63.747985271259061
198.69724993176072 63.820504151115749
201.58736798318304 63.868500752778417
204.5195237696723 63.874499025781802
207.49432874416505 63.850495152711943
210.5124032533856 63.805991044666811
213.57437666720915 63.737991089462547
216.68088750990657 63.664502661094900
219.83258359329807 63.581011031078560
223.03012215184378 63.491496554595031
226.2741699796992 63.399995222387673
229.5654035697641 63.307488400390014
232.90450925475412 63.211514105252576
236.2921833503241 63.117494905453611
239.72913230027333 63.021996452516333
243.21607282386276 62.928498229832620
246.75373206527502 62.842506512828251
250.34284774524843 62.761003457442811
253.9841683149166 62.678497288917825
257.67845311188546 62.618992141869654
261.42647251858085 62.553991364701190
265.22900812289896 62.484499870513666
269.08685288119375 62.423002345206477
273.0008112836349 62.369002603649392
276.97169952197106 62.315504048243398
281.00034565973334 62.268496195037180
285.0875898049141 62.223504515356865
289.23428428515797 62.173496891581351
293.44129382550057 62.127496868339122
297.7094957286928 62.082005374641483
302.0397800581479 62.033002488949364
306.4330498235497 61.973999278972641
310.89022116916016 61.909497187698648
315.41222356486645 61.851997149401768
320.00000000000654 61.793499999999888
324.6545071800142 61.712508575385357
329.3767157259242 61.634504695759830
334.16761037677935 61.572505042087187
339.02819019498156 61.498496933583240
343.95946877463007 61.418991660815095
348.9624744528898 61.329992802822595
354.03825052443415 61.252995792162416
359.187855459007 61.166502427727366
364.4123631221491 61.083494793947679
369.71286299913527 61.007501964170103
375.0904604221685 60.932493248941810
380.54627680087896 60.852496199301385
386.08144985617537 60.776494873433897
391.6971338574982 60.712498837145290
397.3944998635236 60.663004344814951
403.1747359663683 60.629001553139013
409.0390475393468 60.623000191755345
414.9886574883323 60.646998618440335
421.0248065067734 60.689498637597396
427.1487533344206 60.749497583289553
433.3617750198154 60.830997048787211
439.6651671865984 60.930502731978038
446.06024430368984 61.035003821951989
452.54833995940066 61.136505499874858
459.13080713953053 61.242996879896701
465.8090185095106 61.334500221294519
472.58436670065066 61.415503680876469
479.45826460054917 61.484501991902619
486.432145647728 61.537000751398168
493.50746413055253 61.573501907208708
500.6856954904994 61.602998748707307
507.9683366298358 61.627000979502156
515.3569062237735 61.648499727136439
522.8529450371643 61.669999842355793
530.4580162458005 61.692500058953136
538.1737057623901 61.720498932263730
546.0016225672724 61.757998191910161
553.9433990439449 61.806002723680436
562.0006913194694 61.860997893096396
570.1751796098309 61.921501407600559
578.4685685703187 61.986496618889646
586.8825876510039 62.053996691994627
595.4189914573883 62.120499933448492
604.0795601162986 62.183996774897238
612.8660996471021 62.245500676312503
621.780442338323 62.306002934575346
630.8244471297356 62.366002899326425
640.0000000000159 62.425500000000106
649.3090143600314 62.485000087431366
658.7534314518515 62.542502453989343
668.3352207535618 62.597001271700378
678.0563803899662 62.653002159772697
687.9189375492632 62.708999645418103
697.9249489057827 62.763999719150313
708.0765010488715 62.819002699826449
718.3757109180171 62.874498442325240
728.8247262443015 62.930498532843423
739.425725998274 62.983498630120607
750.1809208443404 63.035499617285517
761.0925536017613 63.087997852281205
772.1628997123541 63.140999519851377
783.3942677149998 63.193001268680121
794.7889997270506 63.246999998706514
806.34947193274 63.302502313593024
818.0780950786972 63.360000495409636
829.9773149766683 63.422001695807459
842.0496130135506 63.486997916498034
854.2975066688449 63.555002894784586
866.7235500396347 63.625997429211722
879.3303343732008 63.699502013036465
892.1204886073838 63.776503049795650
905.0966799188055 63.857498002113218
918.2616142790653 63.943497480288613
931.6180370190256 64.034000260889741
945.1687334013056 64.129498121158932
958.9165292011028 64.230996524142554
972.8642912954606 64.339502326082055
987.0149282611097 64.452499427143351
1001.3713909810035 64.571503341832681
1015.9366732596762 64.695997207251793
1030.7138124475518 64.824498369053956
1045.7058900743334 64.957999021139500
1060.916032491606 65.095500295837638
1076.3474115247852 65.236003811388201
1092.0032451345498 65.381002299486781
1107.8867980878947 65.529998105961738
1124.0013826389438 65.683003639388090
1140.350359219667 65.838503410930088
1156.9371371406426 65.996001299853361
1173.765175302013 66.155501632578932
1190.837982914782 66.314499840886214
1208.1591202326028 66.473501087861138
1225.73219929421 66.632501749371471
1243.5608846766518 66.788998987710798
1261.648894259477 66.943999093886490
1280.0000000000375 67.104000000000326
1298.6180287200684 67.270500247075603
1317.5068629037087 67.432998820575605
1336.6704415071292 67.581503145025835
1356.112760779938 67.719998295943086
1375.8378750985323 67.851999164157490
1395.8498978115715 67.979499348939413
1416.153002097749 68.104000012373859
1436.7514218360407 68.225502432349643
1457.6494524886093 68.346002561014672
1478.8514519965543 68.466002521481414
1500.3618416886875 68.585999116853827
1522.1851072035295 68.707000583443630
1544.3257994247153 68.827498908390680
1566.788535430007 68.947497518212202
1589.5779994541087 69.069499997077600
1612.6989438654878 69.190999705015216
1636.156190157402 69.313501006757946
1659.9546299533442 69.439498040847155
1684.099226027109 69.567501213364011
1708.5950133376978 69.699000070305743
1733.4471000792773 69.830000527902911
1758.6606687464096 69.962998252687896
1784.2409772147755 70.096999880640340
1810.193359837619 70.233001885970054
1836.5232285581387 70.371001189292912
1863.2360740380593 70.510000383822131
1890.3374668026197 70.650497235841186
1917.833058402214 70.790000299380438
1945.7285825909298 70.932997860284729
1974.0298565222283 71.079499257287964
2002.7427819620161 71.225498891319404
2031.8733465193618 71.372001711785714
2061.4276248951132 71.517998147003439
2091.411780148677 71.663998929485956
2121.832064983222 71.810000308461326
2152.694823049581 71.956499160054548
2184.0064902691106 72.101497639531843
2215.7735961758003 72.245498169462508
2248.002765277899 72.386498973104466
2280.7007184393456 72.524498811689696
2313.874274281297 72.662501104264209
2347.530350604038 72.798001350214690
2381.6759658295764 72.929499868405941
2416.318240465218 73.057000844973942
2451.4643985884327 73.180501330193039
2487.1217693533167 73.299499230272161
2523.2977885189675 73.412499339414069
2560.0000000000887 73.520000000000238
2597.236057440151 73.620000140643072
2635.0137258074315 73.712499328635374
2673.340883014273 73.796499743606304
2712.225521559891 73.871499077201804
2751.6757501970797 73.936499588410896
2791.699795623158 73.991999716597178
2832.3060041955137 74.036500003411646
2873.502843672097 74.069999872879464
2915.2989049772345 74.091499951119971
2957.7029039931244 74.101499977358998
3000.723683377391 74.101500000000001
3044.370214407075 74.089999881374524
3088.6515988494466 74.065500221945456
3133.57707086003 74.028999928485462
3179.1559989082334 73.983000001101843
3225.3978877309914 73.928500132318263
3272.3123803148205 73.867499460654017
3319.9092599067053 73.799999620546657
3368.198452054235 73.729499321807921
3417.190026675413 73.655999960553629
3466.8942001585724 73.582499714212275
3517.3213374928373 73.510499541530606
3568.4819544295697 73.441000061905456
3620.386719675257 73.376000351047253
3673.0464571162966 73.316499529416461
3726.472148076138 73.261499866137839
3780.6749336052594 73.212500060021441
3835.6661168044484 73.173499936144964
3891.45716518188 73.142999929961917
3948.059713044477 73.119000121670808
4005.4855639240527 73.103500117702396
4063.746693038744 73.095000044784172
4122.855249790247 73.095000035405249
4182.823560297375 73.103499937676588
4243.664129966465 73.120500048427388
4305.389646099183 73.143499868131443
4368.012980538242 73.168999992075200
4431.5471923516225 73.190500035809663
4496.00553055582 73.202500036508368
4561.401436878714 73.206999967076726
4627.748548562617 73.202000034020415
4695.060701208099 73.190500051047465
4763.351931659176 73.167000023517147
4832.63648093046 73.128000292180303
4902.928797176889 73.069000170240756
4974.243538706657 72.986000536876503
5046.595577037959 72.876500640125272
5120.000000000202 72.737499999999542
5194.472114880326 72.570499708066663
5270.027451614888 72.378498742159309
5346.6817660285715 72.165000651658730
5424.451043119808 71.933499866106217
5503.351500394186 71.688501551354534
5583.399591246343 71.433498099869524
5664.612008391055 71.172499973521440
5747.005687344222 70.912500986607071
5830.597809954497 70.656000583149961
5915.405807986278 70.406500564892738
6001.447366754812 70.167999056780559
6088.740428814181 69.943498997724390
6177.303197698925 69.736499589644524
6267.154141720092 69.549999750476374
6358.3119978165005 69.389500003844432
6450.795775462017 69.264500303482208
6544.624760629676 69.171000238531008
6639.818519813445 69.093999712048998
6736.396904108505 69.040500053119160
6834.380053350861 69.007499992486473
6933.788400317181 68.993500084454723
7034.642674985712 68.993500000000012
7136.963908859177 69.002499991983385
7240.773439350552 69.013500022943674
7346.092914232631 69.018999995521085
7452.944296152315 69.010499877065342
7561.349867210557 68.965500055121709
7671.332233608935 68.868999661885383
7782.914330363799 68.707500969200026
7896.119426088994 68.458001264880494
8010.971127848146 68.095499445913092
8127.49338607753 67.590497833135046
8245.710499580537 66.927002808610467
8365.647120594791 66.123999117944777
8487.328259932974 65.233998078680287
8610.77929219841 64.321497943480509
8736.025961076528 63.440000273947007
8863.094384703289 62.620003970624637
8992.011061111683 61.868999681573705
9122.802873757471 61.187500657794686
9255.497097125279 60.568999594902508
9390.121402416245 60.007498497380453
9526.7038633184 59.497500510368170
9665.272961860968 59.039000126195219
9805.857594353829 58.634498543597672
9948.487077413367 58.284999844321575
10093.19115407597 57.993999760189368
10240.000000000457 57.765499999999506
10388.944229760706 57.602999896607606
10540.05490322983 57.535000043546610
10693.363532057198 57.599000851762213
10848.902086239672 57.848000300853222
11006.703000788428 58.398500004700651
11166.799182492743 59.353001499940348
11329.224016782166 60.688000157293338
11494.0113746885 62.232494139175103
11661.195619909053 63.796505237267922
11830.811615972614 65.229496755565521
12002.894733509682 66.397498191217650
12177.48085762842 67.208502045707618
12354.606395397908 67.631000094612290
12534.308283440243 67.673999828538925
12716.62399563306 67.362500007461279
12901.591550924093 66.731001533191886
13089.249521259411 65.876002181219036
13279.637039626952 64.951499824182932
13472.793808217073 64.094500850903515
13668.760106701786 63.391499731926636
13867.576800634426 62.892000500878211
14069.285349971487 62.620499956391015
14273.927817718419 62.595000022713606
14481.54687870117 62.845999853356361
14692.18582846533 63.410999539890099
14905.888592304698 64.342998221962162
15122.699734421185 65.697498340829085
15342.664467217943 67.384003245077906
15565.828660727671 68.933997643572653
15792.238852178061 69.714999490089070
16021.942255696367 69.378498413994350
16254.986772155136 67.932993731277037
16491.42099916115 66.013508125286208
16731.294241189662 64.257505554901755
16974.65651986603 62.970496717451240
17221.558584396902 61.411502624209632
17472.051922153143 57.718015892705473
17726.188769406665 54.510002910817107
17984.022122223458 55.656507831591078
18245.605747515034 57.482005191135315
18510.99419425065 59.325001629769645
18780.242804832582 61.584006501040015
19053.40772663689 63.790497791907853
19330.545923722028 64.531497122303335
19611.71518870775 62.953497641980050
19896.974154826825 59.389010560961154
20186.382308152035 59.388999999999996
