20 68.640000000000001
20.290906698750476 68.667491182871601
20.586044732869844 68.693503665402375
20.885475648548283 68.718035204251095
21.189261887185914 68.740518706227562
21.49746679841394 68.762532064427788
21.810154653305165 68.784011220902272
22.12739065777668 68.807029723961278
22.449240966187475 68.831518054041567
22.77577269513385 68.855982969513093
23.107053937445478 68.880003531618456
23.44315377638505 68.902008342707106
23.784142300054445 68.920506785985253
24.130090616010463 68.937004259726990
24.481070866093134 68.953503483586033
24.837156241469714 68.971008006834310
25.1984209978975 68.989521221964864
25.56494047120865 69.007996999229860
25.936791093020236 69.025490172386696
26.3140504066728 69.043002039956733
26.69679708340074 69.058491787970524
27.08511093873791 69.074504645911617
27.47907294916184 69.091003009152928
27.878765268980047 69.107490317345423
28.284271247461966 69.124010204698209
28.695675446220072 69.139487789845660
29.11306365684382 69.154002101876927
29.536522918790062 69.167984247318543
29.966141537533712 69.181004220155828
30.402009102982383 69.194000257437295
30.844216508158908 69.206505786409593
31.29285596815558 69.218496150596593
31.74802103936409 69.229500478167353
32.20980663898519 69.239995605431474
32.67830906482211 69.249505843662604
33.153626015361866 69.258492928861870
33.63585661014871 69.267497322596142
34.125101410453844 69.277001737880767
34.62146244024586 69.285507340321374
35.12504320746613 69.293500676437816
35.635948725613716 69.301499197269877
36.15428553564419 69.309504342747431
36.68016172818701 69.317502120032401
37.21368696608603 69.324495896559185
37.754972507267915 69.330499695089856
38.30413122794313 69.335501295787594
38.86127764614443 69.341001962163574
39.4265279456077 69.344996663926565
40.000000000000206 69.347999999999999
40.58181339750116 69.350499198442876
41.1720894657399 69.352000224037738
41.77095129709678 69.353499878039486
42.37852377437204 69.353499999999997
42.9949335968281 69.352000161696026
43.62030930661056 69.350499269354458
44.25478131555359 69.349000516577433
44.89848193237519 69.345997789301038
45.55154539026795 69.343002085365740
46.21410787489121 69.339499438151606
46.88630755277036 69.335997519735727
47.56828460010916 69.330497738004908
48.260181232021196 69.324998451008369
48.962141732186545 69.318998606565572
49.674312482939705 69.311995894069256
50.39684199579528 69.302502076127183
51.129880942417586 69.293001543038244
51.873582186040764 69.283005615779018
52.628100813345895 69.271998552288764
53.393594166801776 69.261005827891879
54.17022187747612 69.248995635658787
54.95814589832399 69.233497355592874
55.75753053796041 69.219008508999480
56.56854249492426 69.208006205370936
57.39135089244048 69.197995587580095
58.226127313687975 69.187498496886803
59.073045837580466 69.177499386342049
59.932283075067765 69.165995779844167
60.804018205965114 69.152999752860211
61.68843301631817 69.140993731389614
62.58571193631152 69.128004170187026
63.49604207872855 69.115499544602500
64.41961327797075 69.105504185303346
65.35661812964459 69.095504075457370
66.3072520307241 69.082996343595710
67.27171322029778 69.069004160534547
68.25020282090806 69.052495608610741
69.2429248804921 69.031001626454596
70.25008641493265 69.007997886131790
71.27189745122783 68.983002508531598
72.30857107128878 68.954511788301119
73.36032345637442 68.922989996194616
74.42737393217246 68.889987915396091
75.50994501453623 68.855001777000211
76.60826245588666 68.819991408394742
77.72255529228926 68.783514557696364
78.85305589121582 68.744498099601202
80.00000000000082 68.705499999999972
81.16362679500274 68.671510901176902
82.34417893148023 68.636494847131829
83.541902594194 68.602002805092070
84.75704754874454 68.572498997350067
85.98986719365665 68.546502800458171
87.24061861322157 68.522007469205491
88.50956263110764 68.494009650377450
89.79696386475084 68.462500884429176
91.10309078053635 68.422996814117027
92.42821574978288 68.376491738948829
93.77261510554118 68.325014737594529
95.13656920021877 68.271516897205501
96.52036246404286 68.214985284579456
97.92428346437356 68.157988462502686
99.34862496587989 68.100015264546641
100.79368399159105 68.042012684074550
102.25976188483567 67.988008770954224
103.74716437208203 67.936995152711958
105.25620162669229 67.892494468764824
106.78718833360406 67.850495634249995
108.34044375495276 67.814490426606341
109.9162917966485 67.780493156739027
111.51506107592134 67.742998060783009
113.13708498984903 67.691496488876226
114.78270178488147 67.623512319944140
116.45225462737648 67.541485945891566
118.14609167516147 67.447994293634508
119.86456615013608 67.341027005198043
121.60803641193078 67.241998137207617
123.3768660326369 67.151506853615814
125.17142387262359 67.077990922003110
126.99208415745765 67.039000410079666
128.83922655594208 67.048008462601899
130.71323625928977 67.118016148111295
132.61450406144883 67.247966103043296
134.5434264405962 67.422042382573295
136.50040564181674 67.616539216127308
138.48584976098482 67.808485475382213
140.50017282986593 67.979511795384695
142.5437949024563 68.118986002393655
144.61714214257822 68.221504661519916
146.7206469127495 68.290488420617720
148.8547478643456 68.336994505947558
151.01989002907314 68.373498145986687
153.216524911774 68.401493945165981
155.4451105845792 68.431501100465738
157.70611178243232 68.454000268004961
160.00000000000236 68.459499999999991
162.3272535900062 68.445996562947812
164.6883578629612 68.413992681433598
167.08380518838874 68.365003984043796
169.51409509748981 68.300997069177129
171.97973438731407 68.225008185954636
174.4812372264439 68.140491821389347
177.01912526221608 68.052995840807966
179.5939277295025 67.967502399661186
182.20618156107355 67.886494827222236
184.85643149956664 67.810988686976771
187.54523021108326 67.740494261600560
190.27313840043846 67.672496399988603
193.04072492808663 67.600507155049769
195.84856692874806 67.523011952643174
198.69724993176072 67.441992649065853
201.58736798318304 67.356989084712950
204.5195237696723 67.270014126163829
207.49432874416505 67.182990741135171
210.5124032533856 67.097988871681551
213.57437666720915 67.013489998376329
216.68088750990657 66.931002986943255
219.83258359329807 66.850010700806735
223.03012215184378 66.770996592249730
226.2741699796992 66.680495170737800
229.5654035697641 66.586989004536363
232.90450925475412 66.496013370604004
236.2921833503241 66.403495092164732
239.72913230027333 66.311496566339343
243.21607282386276 66.220998168082588
246.75373206527502 66.132006740019932
250.34284774524843 66.047003605921958
253.9841683149166 65.967496651016148
257.67845311188546 65.893992020975332
261.42647251858085 65.827992731439124
265.22900812289896 65.769499892621099
269.08685288119375 65.718501944805382
273.0008112836349 65.674502121492097
276.97169952197106 65.631003291562394
281.00034565973334 65.585996237314561
285.0875898049141 65.541504465186236
289.23428428515797 65.488496013115196
293.44129382550057 65.429495732681886
297.7094957286928 65.367507323687292
302.0397800581479 65.302503301667514
306.4330498235497 65.234999228668414
310.89022116916016 65.165996600783586
315.41222356486645 65.096496613391849
320.00000000000654 65.026999999999902
324.6545071800142 64.955007622564779
329.3767157259242 64.881504424850618
334.16761037677935 64.808005977313030
339.02819019498156 64.735497145725290
343.95946877463007 64.661492925747638
348.9624744528898 64.585992662617826
354.03825052443415 64.507496132681069
359.187855459007 64.428002231263889
364.4123631221491 64.341993800687703
369.71286299913527 64.251502338913085
375.0904604221685 64.158991940924295
380.54627680087896 64.063495274131341
386.08144985617537 63.968992670612536
391.6971338574982 63.877497826988666
397.3944998635236 63.785008119098642
403.1747359663683 63.700003882847525
409.0390475393468 63.625999484657498
414.9886574883323 63.561503712941608
421.0248065067734 63.507501731052727
427.1487533344206 63.470501490304777
433.3617750198154 63.453000633696000
439.6651671865984 63.456500705869928
446.06024430368984 63.483501826252919
452.54833995940066 63.532003769867273
459.13080713953053 63.604997861337651
465.8090185095106 63.698000299157400
472.58436670065066 63.807506321505258
479.45826460054917 63.926004685713764
486.432145647728 64.049502357125775
493.50746413055253 64.164006982323400
500.6856954904994 64.271995418996227
507.9683366298358 64.369003234635045
515.3569062237735 64.439999098915678
522.8529450371643 64.496999582059544
530.4580162458005 64.548000100009787
538.1737057623901 64.595498188661679
546.0016225672724 64.641497782076470
553.9433990439449 64.684001857054852
562.0006913194694 64.721498563474825
570.1751796098309 64.757000682144877
578.4685685703187 64.788498361461905
586.8825876510039 64.815498676797844
595.4189914573883 64.835999979484114
604.0795601162986 64.851499212770193
612.8660996471021 64.862000106197826
621.780442338323 64.871500391276726
630.8244471297356 64.879500438553578
640.0000000000159 64.888500000000022
649.3090143600314 64.903500033451991
658.7534314518515 64.925501373333489
668.3352207535618 64.956000862939561
678.0563803899662 64.994001619829533
687.9189375492632 65.035999734063580
697.9249489057827 65.078499782979790
708.0765010488715 65.121002018789142
718.3757109180171 65.162498835252194
728.8247262443015 65.202498952031021
739.425725998274 65.241498991975533
750.1809208443404 65.281499705604233
761.0925536017613 65.322498322733878
772.1628997123541 65.365499610445454
783.3942677149998 65.410001068980478
794.7889997270506 65.455499998910113
806.34947193274 65.502501911229018
818.0780950786972 65.550000387538191
829.9773149766683 65.598501304467277
842.0496130135506 65.648498397306184
854.2975066688449 65.700502201667149
866.7235500396347 65.754498044752580
879.3303343732008 65.811001555528179
892.1204886073838 65.870502428540973
905.0966799188055 65.934998409090156
918.2616142790653 66.003497993020588
931.6180370190256 66.077000213082727
945.1687334013056 66.154998465449182
958.9165292011028 66.236997191918135
972.8642912954606 66.323001832046913
987.0149282611097 66.411999548812020
1001.3713909810035 66.504002536571804
1015.9366732596762 66.598497880203169
1030.7138124475518 66.694498781550038
1045.7058900743334 66.792499281435738
1060.916032491606 66.890000207402181
1076.3474115247852 66.988502602258166
1092.0032451345498 67.087501520130530
1107.8867980878947 67.185998747900896
1124.0013826389438 67.284502281931424
1140.350359219667 67.382002133184855
1156.9371371406426 67.480500798655981
1173.765175302013 67.578500995975816
1190.837982914782 67.675499902930582
1208.1591202326028 67.772000660242767
1225.73219929421 67.868501067507822
1243.5608846766518 67.963999382277194
1261.648894259477 68.059499441717165
1280.0000000000375 68.155000000000200
1298.6180287200684 68.251500146724908
1317.5068629037087 68.347999299603359
1336.6704415071292 68.445002225361236
1356.112760779938 68.542998794241328
1375.8378750985323 68.640999379450250
1395.8498978115715 68.738999499576963
1416.153002097749 68.835500009725934
1436.7514218360407 68.931001887341836
1457.6494524886093 69.024501963444578
1478.8514519965543 69.116501880604886
1500.3618416886875 69.205999341320137
1522.1851072035295 69.294000416399598
1544.3257994247153 69.379999220926123
1566.788535430007 69.463998262748547
1589.5779994541087 69.545999998035768
1612.6989438654878 69.626499804557398
1636.156190157402 69.705000615240976
1659.9546299533442 69.781998802739921
1684.099226027109 69.856500668964941
1708.5950133376978 69.929000037836289
1733.4471000792773 69.999500273874432
1758.6606687464096 70.068499093499724
1784.2409772147755 70.134999940765539
1810.193359837619 70.199000847319880
1836.5232285581387 70.261000513363840
1863.2360740380593 70.321000155714316
1890.3374668026197 70.377998878597495
1917.833058402214 70.432000105725251
1945.7285825909298 70.482499244366295
1974.0298565222283 70.529499761723770
2002.7427819620161 70.573499665877080
2031.8733465193618 70.613000416221865
2061.4276248951132 70.648499549442619
2091.411780148677 70.680499765366790
2121.832064983222 70.708500049480136
2152.694823049581 70.731999865264726
2184.0064902691106 70.750999690697284
2215.7735961758003 70.763999834743146
2248.002765277899 70.771999941736425
2280.7007184393456 70.773999982778122
2313.874274281297 70.770999930728806
2347.530350604038 70.762499856250912
2381.6759658295764 70.748500014010006
2416.318240465218 70.729499835794542
2451.4643985884327 70.705499664657225
2487.1217693533167 70.675500194049050
2523.2977885189675 70.641500198760383
2560.0000000000887 70.601999999999890
2597.236057440151 70.557999927017647
2635.0137258074315 70.510000348383812
2673.340883014273 70.457000161772214
2712.225521559891 70.400500695174657
2751.6757501970797 70.339500386260539
2791.699795623158 70.274000334466393
2832.3060041955137 70.202499992107377
2873.502843672097 70.125000294084828
2915.2989049772345 70.040500192109860
2957.7029039931244 69.952000200372794
3000.723683377391 69.861500666054866
3044.370214407075 69.777499675595635
3088.6515988494466 69.710500606952863
3133.57707086003 69.666499959578744
3179.1559989082334 69.640500000622794
3225.3978877309914 69.618000054626805
3272.3123803148205 69.586499640436017
3319.9092599067053 69.541499695899091
3368.198452054235 69.484999404851848
3417.190026675413 69.420499962163674
3466.8942001585724 69.349999708258366
3517.3213374928373 69.276499501950525
3568.4819544295697 69.201000067249808
3620.386719675257 69.124500413155630
3673.0464571162966 69.045999306958777
3726.472148076138 68.964999769156066
3780.6749336052594 68.880500103506364
3835.6661168044484 68.790999796920090
3891.45716518188 68.693999681910412
3948.059713044477 68.585000552588241
4005.4855639240527 68.458000964400185
4063.746693038744 68.312500766599669
4122.855249790247 68.162999637616906
4182.823560297375 68.076000637898389
4243.664129966465 68.173500619028289
4305.389646099183 68.467498314375788
4368.012980538242 68.774499904591607
4431.5471923516225 68.965000240223191
4496.00553055582 69.045500137920499
4561.401436878714 69.062499884768528
4627.748548562617 69.045000119071460
4695.060701208099 69.007500166459124
4763.351931659176 68.948000059543403
4832.63648093046 68.853000711721251
4902.928797176889 68.695500454456266
4974.243538706657 68.447001607395293
5046.595577037959 68.168501628081174
5120.000000000202 68.095500000000527
5194.472114880326 68.287500285091141
5270.027451614888 68.475000438918656
5346.6817660285715 68.549499772606211
5424.451043119808 68.548499978139802
5503.351500394186 68.508500253282364
5583.399591246343 68.448999497666648
5664.612008391055 68.379999993176682
5747.005687344222 68.313000254241047
5830.597809954497 68.266500105717256
5915.405807986278 68.249000039621734
6001.447366754812 68.246000029409970
6088.740428814181 68.253000096838221
6177.303197698925 68.273000079210703
6267.154141720092 68.309000089393209
6358.3119978165005 68.366499998622714
6450.795775462017 68.455499783920672
6544.624760629676 68.588999659423649
6639.818519813445 68.778501418225929
6736.396904108505 69.041999738375750
6834.380053350861 69.399500253849823
6933.788400317181 69.872497146636888
7034.642674985712 70.530997877903616
7136.963908859177 71.487499148012660
7240.773439350552 72.843506745440962
7346.092914232631 74.460498683195652
7452.944296152315 75.640500695263768
7561.349867210557 75.894999688256064
7671.332233608935 75.062496128954052
7782.914330363799 73.213511096290063
7896.119426088994 71.184510286342743
8010.971127848146 69.536998511097181
8127.49338607753 68.179995883446452
8245.710499580537 66.919505335724949
8365.647120594791 65.500997865723647
8487.328259932974 63.347494575035370
8610.77929219841 60.771002439127777
8736.025961076528 61.816499675086106
8863.094384703289 63.936989732061519
8992.011061111683 64.363499907252205
9122.802873757471 64.165000191595368
9255.497097125279 64.085000312751134
9390.121402416245 64.518501156427789
9526.7038633184 64.910999607216652
9665.272961860968 65.335499883162768
9805.857594353829 65.883002591937753
9948.487077413367 66.505000422097169
10093.19115407597 67.294000684798419
10240.000000000457 67.946500000002345
10388.944229760706 68.713500888718443
10540.05490322983 69.297999625691290
10693.363532057198 68.294496088393231
10848.902086239672 67.151002014978815
11006.703000788428 70.838000012114804
11166.799182492743 73.298000204486243
11329.224016782166 73.479999964151986
11494.0113746885 73.128001335714060
11661.195619909053 72.753498958394033
11830.811615972614 72.468500645264356
12002.894733509682 72.210500399542667
12177.48085762842 71.973999648961410
12354.606395397908 71.901500160620841
12534.308283440243 71.974499708914919
12716.62399563306 72.217999994167513
12901.591550924093 72.694498843125999
13089.249521259411 73.480997993533592
13279.637039626952 74.559500149352189
13472.793808217073 75.287499277178824
13668.760106701786 76.523500525949743
13867.576800634426 77.503499017295979
14069.285349971487 77.733998753296163
14273.927817718419 77.005000649341895
14481.54687870117 76.250500440807286
14692.18582846533 74.444001471130136
14905.888592304698 74.692999524966297
15122.699734421185 74.822999840758797
15342.664467217943 75.176995153319126
15565.828660727671 72.862003519438275
15792.238852178061 71.038501190553887
16021.942255696367 72.330001182235264
16254.986772155136 73.407501771702115
16491.42099916115 73.949997703585439
16731.294241189662 72.698503958974698
16974.65651986603 70.781999180941966
17221.558584396902 70.393000654789958
17472.051922153143 70.745998481081614
17726.188769406665 71.157499626620563
17984.022122223458 70.713991537763121
18245.605747515034 68.741499861982831
18510.99419425065 68.692500203811392
18780.242804832582 68.974997170066203
19053.40772663689 68.014500961193065
19330.545923722028 64.883012161278160
19611.71518870775 62.347000012899812
19896.974154826825 62.366499942225076
20186.382308152035 62.366500000000002
