20 61.942000000000000
20.290906698750476 61.997982045120366
20.586044732869844 62.052507555217147
20.885475648548283 62.103068843868833
21.189261887185914 62.147033161039772
21.49746679841394 62.186052943590077
21.810154653305165 62.221518051016695
22.12739065777668 62.258547922304899
22.449240966187475 62.298032423584857
22.77577269513385 62.341969414635741
23.107053937445478 62.387506982972852
23.44315377638505 62.431017587328498
23.784142300054445 62.470013571970512
24.130090616010463 62.503007486792889
24.481070866093134 62.532005673268692
24.837156241469714 62.560513200456583
25.1984209978975 62.591037281830161
25.56494047120865 62.623494728376784
25.936791093020236 62.655482029507120
26.3140504066728 62.686503487667963
26.69679708340074 62.712985960078640
27.08511093873791 62.738507461615626
27.47907294916184 62.765005106441336
27.878765268980047 62.792983568828603
28.284271247461966 62.822518105109722
28.695675446220072 62.849978336822943
29.11306365684382 62.876003603217576
29.536522918790062 62.899972995403211
29.966141537533712 62.923507466429527
30.402009102982383 62.946500453089619
30.844216508158908 62.968510126216785
31.29285596815558 62.989493263544020
31.74802103936409 63.009500910794983
32.20980663898519 63.029491629393306
32.67830906482211 63.049012011973126
33.153626015361866 63.067485464882765
33.63585661014871 63.084994793936936
34.125101410453844 63.101503373533248
34.62146244024586 63.118015598182900
35.12504320746613 63.135001479707746
35.635948725613716 63.152498244027861
36.15428553564419 63.169008685494873
36.68016172818701 63.185004240064828
37.21368696608603 63.198991793118360
37.754972507267915 63.211999339361334
38.30413122794313 63.224002827172924
38.86127764614443 63.236006131761137
39.4265279456077 63.248489574770495
40.000000000000206 63.261500000000005
40.58181339750116 63.274995671591526
41.1720894657399 63.287501418905727
41.77095129709678 63.296999227583342
42.37852377437204 63.305493342240396
42.9949335968281 63.314998975925107
43.62030930661056 63.324504383873219
44.25478131555359 63.333496900535408
44.89848193237519 63.342505895197249
45.55154539026795 63.350494439024686
46.21410787489121 63.357501203960837
46.88630755277036 63.365003382178557
47.56828460010916 63.372502467631001
48.260181232021196 63.378501290826364
48.962141732186545 63.383501393434415
49.674312482939705 63.390502809321035
50.39684199579528 63.396998579491935
51.129880942417586 63.399999512724769
51.873582186040764 63.402998315266288
52.628100813345895 63.405999999999999
53.393594166801776 63.405999999999992
54.17022187747612 63.405501267066803
54.95814589832399 63.410001185423887
55.75753053796041 63.416496185620929
56.56854249492426 63.419498307626100
57.39135089244048 63.422001050576171
58.226127313687975 63.424500450933962
59.073045837580466 63.427499946638434
59.932283075067765 63.426499513058943
60.804018205965114 63.425000020594986
61.68843301631817 63.425999276698803
62.58571193631152 63.424500481175428
63.49604207872855 63.424999931690380
64.41961327797075 63.423500627795505
65.35661812964459 63.417502445274422
66.3072520307241 63.422000522343467
67.27171322029778 63.423999405637915
68.25020282090806 63.412998570245364
69.2429248804921 63.406000529543348
70.25008641493265 63.399999365839534
71.27189745122783 63.392500752559485
72.30857107128878 63.385502895372213
73.36032345637442 63.378498635844714
74.42737393217246 63.373998618902419
75.50994501453623 63.370000203085738
76.60826245588666 63.365999176147440
77.72255529228926 63.362501395943482
78.85305589121582 63.357499805087301
80.00000000000082 63.353499999999997
81.16362679500274 63.351500641245693
82.34417893148023 63.345999477245257
83.541902594194 63.342500284574555
84.75704754874454 63.336499672210593
85.98986719365665 63.328000915534403
87.24061861322157 63.318003048655299
88.50956263110764 63.307003791219714
89.79696386475084 63.295000336925398
91.10309078053635 63.282499349120684
92.42821574978288 63.272999518773716
93.77261510554118 63.270000858500651
95.13656920021877 63.270999684164394
96.52036246404286 63.276500903578452
97.92428346437356 63.279999403232900
99.34862496587989 63.277000789545518
100.79368399159105 63.271501202800167
102.25976188483567 63.264501136975547
103.74716437208203 63.249997549124032
105.25620162669229 63.227497036838294
106.78718833360406 63.204996725687508
108.34044375495276 63.177992538384359
109.9162917966485 63.151495255339043
111.51506107592134 63.125498456157352
113.13708498984903 63.084497831364729
114.78270178488147 63.042507609377267
116.45225462737648 63.003994137858513
118.14609167516147 62.964997386804590
119.86456615013608 62.916012366866397
121.60803641193078 62.861499011999612
123.3768660326369 62.813503635066951
125.17142387262359 62.754985102774356
126.99208415745765 62.690997106660234
128.83922655594208 62.627491960528204
130.71323625928977 62.560991242755037
132.61450406144883 62.490518382580369
134.5434264405962 62.415986598826436
136.50040564181674 62.354489583216179
138.48584976098482 62.303503858101593
140.50017282986593 62.280500549605733
142.5437949024563 62.286999347781787
144.61714214257822 62.323504019716445
146.7206469127495 62.382990014880505
148.8547478643456 62.449492142914238
151.01989002907314 62.510996876114547
153.216524911774 62.566987890331973
155.4451105845792 62.615501662926007
157.70611178243232 62.649500974563487
160.00000000000236 62.669499999999999
162.3272535900062 62.670999194440896
164.6883578629612 62.663498581094274
167.08380518838874 62.654000772416651
169.51409509748981 62.633999286576007
171.97973438731407 62.615501992633696
174.4812372264439 62.602000654288851
177.01912526221608 62.609001094524217
179.5939277295025 62.631499368510219
182.20618156107355 62.670003699735084
184.85643149956664 62.724010510681154
187.54523021108326 62.789505864981777
190.27313840043846 62.859002925009264
193.04072492808663 62.917494186522063
195.84856692874806 62.970991748820524
198.69724993176072 63.018003026855233
201.58736798318304 63.053003199308272
204.5195237696723 63.078495859572669
207.49432874416505 63.100000217855637
210.5124032533856 63.101998617191200
213.57437666720915 63.091496181198238
216.68088750990657 63.060001140469247
219.83258359329807 63.064999339456378
223.03012215184378 63.054498870359026
226.2741699796992 63.024498657103564
229.5654035697641 62.998496556365787
232.90450925475412 62.970004187496855
236.2921833503241 62.936998239580831
239.72913230027333 62.903998292654919
243.21607282386276 62.858999114916315
246.75373206527502 62.816003256414120
250.34284774524843 62.779001569636620
253.9841683149166 62.738497995166128
257.67845311188546 62.694494257520134
261.42647251858085 62.646994160301524
265.22900812289896 62.599999897884757
269.08685288119375 62.551501849471776
273.0008112836349 62.503002338462878
276.97169952197106 62.456503518566699
281.00034565973334 62.410996406424005
285.0875898049141 62.368504264503713
289.23428428515797 62.324997330814426
293.44129382550057 62.285497384546957
297.7094957286928 62.247504488711563
302.0397800581479 62.205002158782619
306.4330498235497 62.161499446653423
310.89022116916016 62.111997481156180
315.41222356486645 62.060497368678554
320.00000000000654 62.006499999999917
324.6545071800142 61.951005875727006
329.3767157259242 61.894003431516794
334.16761037677935 61.833504920101205
339.02819019498156 61.771497454295520
343.95946877463007 61.705493815885347
348.9624744528898 61.639493410376531
354.03825052443415 61.568996400231427
359.187855459007 61.495002076899709
364.4123631221491 61.416494451444237
369.71286299913527 61.335502093391824
375.0904604221685 61.246992109700741
380.54627680087896 61.153495224122139
386.08144985617537 61.057991989740472
391.6971338574982 60.957997592068523
397.3944998635236 60.855508996839035
403.1747359663683 60.752504705097593
409.0390475393468 60.649999216998992
414.9886574883323 60.552005641368638
421.0248065067734 60.458003013313999
427.1487533344206 60.373003423673133
433.3617750198154 60.297002752051185
439.6651671865984 60.233998705905144
446.06024430368984 60.184498663258168
452.54833995940066 60.148999173727717
459.13080713953053 60.133000468747909
465.8090185095106 60.133000042346481
472.58436670065066 60.148501627054095
479.45826460054917 60.179001707345094
486.432145647728 60.224001070485073
493.50746413055253 60.276004331626552
500.6856954904994 60.342997158080991
507.9683366298358 60.417003599100966
515.3569062237735 60.495998997385044
522.8529450371643 60.574499424415343
530.4580162458005 60.650000146330115
538.1737057623901 60.719497349726041
546.0016225672724 60.781497010624797
553.9433990439449 60.836002377030198
562.0006913194694 60.883998161247774
570.1751796098309 60.925500768766454
578.4685685703187 60.960998153393575
586.8825876510039 60.994498358249189
595.4189914573883 61.074499919938035
604.0795601162986 61.198993676767024
612.8660996471021 61.271500598061472
621.780442338323 61.325002787846572
630.8244471297356 61.382002485136937
640.0000000000159 61.433000000000050
649.3090143600314 61.464500031931451
658.7534314518515 61.485501305792496
668.3352207535618 61.514500987838694
678.0563803899662 61.558001677680579
687.9189375492632 61.601499724565848
697.9249489057827 61.634999828937012
708.0765010488715 61.670502383630556
718.3757109180171 61.719498624755616
728.8247262443015 61.779498428046523
739.425725998274 61.848498216572104
750.1809208443404 61.922499455367841
761.0925536017613 62.003496686376707
772.1628997123541 62.088999225420622
783.3942677149998 62.176002173202065
794.7889997270506 62.268499997784303
806.34947193274 62.363503943167231
818.0780950786972 62.461500803043037
829.9773149766683 62.562002674157917
842.0496130135506 62.664496714477671
854.2975066688449 62.770504484877520
866.7235500396347 62.880496017088575
879.3303343732008 62.994003071841369
892.1204886073838 63.111504612345271
905.0966799188055 63.233996978504564
918.2616142790653 63.363496205783434
931.6180370190256 63.498500389285745
945.1687334013056 63.640997196493700
958.9165292011028 63.789994897509771
972.8642912954606 63.945503303859894
987.0149282611097 64.105999186340767
1001.3713909810035 64.272004670513155
1015.9366732596762 64.445996096882027
1030.7138124475518 64.626997702714135
1045.7058900743334 64.814498625195938
1060.916032491606 65.011000428490817
1076.3474115247852 65.214505533084264
1092.0032451345498 65.425003395215370
1107.8867980878947 65.644997203433448
1124.0013826389438 65.876505500039869
1140.350359219667 66.111505208436114
1156.9371371406426 66.352002017013859
1173.765175302013 66.599502572081889
1190.837982914782 66.849999749320745
1208.1591202326028 67.102501703631603
1225.73219929421 67.351502721865501
1243.5608846766518 67.594998424968580
1261.648894259477 67.833998602831429
1280.0000000000375 68.063500000000431
1298.6180287200684 68.283500317017001
1317.5068629037087 68.491998486707786
1336.6704415071292 68.691004314475890
1356.112760779938 68.880997662304594
1375.8378750985323 69.062498850716537
1395.8498978115715 69.233999124259668
1416.153002097749 69.396000015836478
1436.7514218360407 69.551502997542912
1457.6494524886093 69.700003030534020
1478.8514519965543 69.842002868185091
1500.3618416886875 69.978498995421234
1522.1851072035295 70.112500639124960
1544.3257994247153 70.244498804212213
1566.788535430007 70.374497311396567
1589.5779994541087 70.500499996981773
1612.6989438654878 70.623499701373419
1636.156190157402 70.745000950826949
1659.9546299533442 70.863998149688967
1684.099226027109 70.980501028821948
1708.5950133376978 71.092000058767013
1733.4471000792773 71.201500426688440
1758.6606687464096 71.308998587698852
1784.2409772147755 71.413999906471901
1810.193359837619 71.515501284646263
1836.5232285581387 71.609500757211663
1863.2360740380593 71.698000222644154
1890.3374668026197 71.779498396591151
1917.833058402214 71.853000135035231
1945.7285825909298 71.917499034883676
1974.0298565222283 71.974999708491865
2002.7427819620161 72.022999635502273
2031.8733465193618 72.060000310700815
2061.4276248951132 72.086499663668434
2091.411780148677 72.101499890015674
2121.832064983222 72.101499973680774
2152.694823049581 72.089000071667698
2184.0064902691106 72.063000423256369
2215.7735961758003 72.023500502126609
2248.002765277899 71.974500356864411
2280.7007184393456 71.914500516656659
2313.874274281297 71.845999352110681
2347.530350604038 71.766499081032578
2381.6759658295764 71.677000089564018
2416.318240465218 71.578999281601085
2451.4643985884327 71.473998792765968
2487.1217693533167 71.366000698576528
2523.2977885189675 71.253500657662983
2560.0000000000887 71.138499999999723
2597.236057440151 71.022999822865756
2635.0137258074315 70.906500845556522
2673.340883014273 70.789000358645950
2712.225521559891 70.671501445717183
2751.6757501970797 70.553000750358578
2791.699795623158 70.434500605103324
2832.3060041955137 70.315499987728259
2873.502843672097 70.195000457254466
2915.2989049772345 70.076500269408498
2957.7029039931244 69.958500267163743
3000.723683377391 69.843000850047915
3044.370214407075 69.727499421398193
3088.6515988494466 69.608001082550274
3133.57707086003 69.488499818104316
3179.1559989082334 69.371500002802534
3225.3978877309914 69.258500274347952
3272.3123803148205 69.151499232930178
3319.9092599067053 69.055499572105802
3368.198452054235 68.975999409465402
3417.190026675413 68.911999973702422
3466.8942001585724 68.862999882906422
3517.3213374928373 68.833499891154744
3568.4819544295697 68.817000014696987
3620.386719675257 68.810500035104724
3673.0464571162966 68.815000141175062
3726.472148076138 68.831500083322368
3780.6749336052594 68.861999962639715
3835.6661168044484 68.909000151786529
3891.45716518188 68.981500284529687
3948.059713044477 69.078999505712360
4005.4855639240527 69.200499077365166
4063.746693038744 69.348499220228518
4122.855249790247 69.527500851808526
4182.823560297375 69.731998500572189
4243.664129966465 69.962000536912313
4305.389646099183 70.216998537979009
4368.012980538242 70.496999912982574
4431.5471923516225 70.799000954924438
4496.00553055582 71.119002701619181
4561.401436878714 71.452002238782825
4627.748548562617 71.791997686611353
4695.060701208099 72.129998499648480
4763.351931659176 72.447999681767996
4832.63648093046 72.728997894803484
4902.928797176889 72.952999353662193
4974.243538706657 73.099499052380651
5046.595577037959 73.147999716474203
5120.000000000202 73.082499999999499
5194.472114880326 72.895499567421695
5270.027451614888 72.610998126494877
5346.6817660285715 72.293000970620511
5424.451043119808 71.920999773473596
5503.351500394186 71.506502624638600
5583.399591246343 71.057496589229402
5664.612008391055 70.588999950709152
5747.005687344222 70.105001836606988
5830.597809954497 69.625501090138030
5915.405807986278 69.168001035825370
6001.447366754812 68.738998353042206
6088.740428814181 68.346998288384384
6177.303197698925 67.993499312407053
6267.154141720092 67.680999579463304
6358.3119978165005 67.410500006479253
6450.795775462017 67.183500551123672
6544.624760629676 67.004000457928498
6639.818519813445 66.872499566727953
6736.396904108505 66.792000079926964
6834.380053350861 66.764000013953705
6933.788400317181 66.789999843155513
7034.642674985712 66.871999735745021
7136.963908859177 67.011499875742572
7240.773439350552 67.210501076267008
7346.092914232631 67.468499789897635
7452.944296152315 67.781000987575055
7561.349867210557 68.142499557188870
7671.332233608935 68.541000869886204
7782.914330363799 68.956497506485377
7896.119426088994 69.356997969600656
8010.971127848146 69.699000266071437
8127.49338607753 69.941500342910047
8245.710499580537 70.046499555532634
8365.647120594791 69.986499772548683
8487.328259932974 69.756999215680452
8610.77929219841 69.384498938495327
8736.025961076528 68.929500141402031
8863.094384703289 68.452502309741419
8992.011061111683 67.985999798384526
9122.802873757471 67.554500416490697
9255.497097125279 67.191999811700015
9390.121402416245 66.930999588989366
9526.7038633184 66.791500139600714
9665.272961860968 66.788000000963308
9805.857594353829 66.938501306386627
9948.487077413367 67.252000252776810
10093.19115407597 67.724500619729440
10240.000000000457 68.315000000001760
10388.944229760706 68.892000444739352
10540.05490322983 69.184499812685544
10693.363532057198 68.896496447570058
10848.902086239672 67.857999101539150
11006.703000788428 66.213999990692287
11166.799182492743 64.323997967496567
11329.224016782166 62.514999850599338
11494.0113746885 61.048005566740130
11661.195619909053 60.150499148441440
11830.811615972614 59.917500527531914
12002.894733509682 60.132999666273463
12177.48085762842 60.380000106522047
12354.606395397908 60.401999591847030
12534.308283440243 60.216500739675098
12716.62399563306 59.968000005952248
12901.591550924093 59.767500486785387
13089.249521259411 59.644500313789408
13279.637039626952 59.545999962867107
13472.793808217073 59.365000179712410
13668.760106701786 58.996999679063322
13867.576800634426 58.399000599649995
14069.285349971487 57.608498495062577
14273.927817718419 56.728500783842065
14481.54687870117 55.838500519971483
14692.18582846533 55.051000641303617
14905.888592304698 54.470001108411999
15122.699734421185 54.096000458124713
15342.664467217943 53.542496752828498
15565.828660727671 51.991502357947624
15792.238852178061 48.984501963255013
16021.942255696367 44.990995390105340
16254.986772155136 40.789487570325804
16491.42099916115 36.983516110882690
16731.294241189662 33.707010364826665
16974.65651986603 31.041995731002160
17221.558584396902 29.014503412819135
17472.051922153143 27.375507052428397
17726.188769406665 25.917501322933710
17984.022122223458 24.624496196819781
18245.605747515034 23.737998815587414
18510.99419425065 23.317499835147252
18780.242804832582 23.088998995307207
19053.40772663689 22.748000341246055
19330.545923722028 21.943003126242665
19611.71518870775 20.149498769886915
19896.974154826825 18.290005509358188
20186.382308152035 18.289999999999999
