20 61.258000000000003
20.290906698750476 61.276993908165835
20.586044732869844 61.295502767752815
20.885475648548283 61.314028945717581
21.189261887185914 61.332515305095285
21.49746679841394 61.350526844637230
21.810154653305165 61.368508293710377
22.12739065777668 61.385520624789450
22.449240966187475 61.402512527294149
22.77577269513385 61.419488182927452
23.107053937445478 61.437002728977895
23.44315377638505 61.454007666271394
23.784142300054445 61.471007197257087
24.130090616010463 61.488504388809616
24.481070866093134 61.505503284523982
24.837156241469714 61.522007357631537
25.1984209978975 61.539018927698393
25.56494047120865 61.555497323637439
25.936791093020236 61.571491014753562
26.3140504066728 61.588502368982013
26.69679708340074 61.606490463449646
27.08511093873791 61.625005068267214
27.47907294916184 61.643003191525835
27.878765268980047 61.660489730517881
28.284271247461966 61.676509546330578
28.695675446220072 61.690988577597551
29.11306365684382 61.704502252010982
29.536522918790062 61.719483122127009
29.966141537533712 61.735005518665304
30.402009102982383 61.752000339817215
30.844216508158908 61.768508438513990
31.29285596815558 61.785994386286688
31.74802103936409 61.802000705866114
32.20980663898519 61.817493512779805
32.67830906482211 61.832009414789752
33.153626015361866 61.846488607610809
33.63585661014871 61.860495835149543
34.125101410453844 61.876003373533244
34.62146244024586 61.892515139412815
35.12504320746613 61.909001310598285
35.635948725613716 61.924498444710395
36.15428553564419 61.941008142651455
36.68016172818701 61.956004391495711
37.21368696608603 61.970491500015441
37.754972507267915 61.984499288542978
38.30413122794313 61.999003416167284
38.86127764614443 62.013507112842916
39.4265279456077 62.027987906733770
40.000000000000206 62.041000000000011
40.58181339750116 62.054995511280097
41.1720894657399 62.069502091018961
41.77095129709678 62.083498861701756
42.37852377437204 62.095490600809967
42.9949335968281 62.107498706431713
43.62030930661056 62.121006575809830
44.25478131555359 62.134495350803107
44.89848193237519 62.147009948145360
45.55154539026795 62.160490615854158
46.21410787489121 62.174001605281120
46.88630755277036 62.184003156699987
47.56828460010916 62.191004729626087
48.260181232021196 62.202504259726993
48.962141732186545 62.219002289213691
49.674312482939705 62.230501944914565
50.39684199579528 62.234999016571336
51.129880942417586 62.239499269087148
51.873582186040764 62.249494384220981
52.628100813345895 62.266002171566853
53.393594166801776 62.282491258162182
54.17022187747612 62.288000422355601
54.95814589832399 62.289501458983239
55.75753053796041 62.297495305379599
56.56854249492426 62.301997461439157
57.39135089244048 62.305505042765610
58.226127313687975 62.317501954047160
59.073045837580466 62.330500266807803
59.932283075067765 62.335502110077911
60.804018205965114 62.342000164759867
61.68843301631817 62.350002411003999
62.58571193631152 62.354998396081911
63.49604207872855 62.358500204928873
64.41961327797075 62.362998116613497
65.35661812964459 62.366998369817054
66.3072520307241 62.370000522343467
67.27171322029778 62.371999405637922
68.25020282090806 62.374500306375992
69.2429248804921 62.375999886526429
70.25008641493265 62.378000380496275
71.27189745122783 62.382499548464310
72.30857107128878 62.386498345501600
73.36032345637442 62.390002122019325
74.42737393217246 62.397002071646384
75.50994501453623 62.402999695371392
76.60826245588666 62.415001765398344
77.72255529228926 62.422497008692531
78.85305589121582 62.419499951271831
80.00000000000082 62.418500000000002
81.16362679500274 62.420499358754299
82.34417893148023 62.420498431735780
83.541902594194 62.410000853723673
84.75704754874454 62.407999691492336
85.98986719365665 62.400000861679445
87.24061861322157 62.387503810819126
88.50956263110764 62.372005342173232
89.79696386475084 62.361000308848290
91.10309078053635 62.359499725945554
92.42821574978288 62.355497914686111
93.77261510554118 62.342503720169489
95.13656920021877 62.330003947945208
96.52036246404286 62.308495482107730
97.92428346437356 62.290996817242124
99.34862496587989 62.275004210909415
100.79368399159105 62.257003936436931
102.25976188483567 62.241502517588714
103.74716437208203 62.228998965185703
105.25620162669229 62.219498485495123
106.78718833360406 62.207999514916665
108.34044375495276 62.203997747436787
109.9162917966485 62.195997353939077
111.51506107592134 62.181499529316270
113.13708498984903 62.168999096401976
114.78270178488147 62.151503170573861
116.45225462737648 62.131496542839635
118.14609167516147 62.108498773398068
119.86456615013608 62.085505804855657
121.60803641193078 62.070499598624849
123.3768660326369 62.051001476745952
125.17142387262359 62.037496508462738
126.99208415745765 62.022499407662721
128.83922655594208 62.009497703008059
130.71323625928977 61.990496832485860
132.61450406144883 61.965006649018434
134.5434264405962 61.936994443415841
136.50040564181674 61.911495097984087
138.48584976098482 61.887501815577224
140.50017282986593 61.865998182073326
142.5437949024563 61.844502157337175
144.61714214257822 61.824498750172197
146.7206469127495 61.806003104616977
148.8547478643456 61.774003780853306
151.01989002907314 61.730002234974961
153.216524911774 61.680510704081556
155.4451105845792 61.623497089879493
157.70611178243232 61.563997003217267
160.00000000000236 61.502499999999941
162.3272535900062 61.446995112941437
164.6883578629612 61.401497162188534
167.08380518838874 61.382501544833318
169.51409509748981 61.410003123640173
171.97973438731407 61.490991275495716
174.4812372264439 61.620013085777046
177.01912526221608 61.760004937520364
179.5939277295025 61.861497151279416
182.20618156107355 61.901499177836648
184.85643149956664 61.889495346415977
187.54523021108326 61.860497552741414
190.27313840043846 61.831499149997313
193.04072492808663 61.814501689386759
195.84856692874806 61.820499074634071
198.69724993176072 61.866005578061788
201.58736798318304 61.930507966904919
204.5195237696723 61.993989689524099
207.49432874416505 62.056006916916658
210.5124032533856 62.119509745509646
213.57437666720915 62.193507576987628
216.68088750990657 62.255997737164193
219.83258359329807 62.321991280824136
223.03012215184378 62.394502259281943
226.2741699796992 62.454502220944107
229.5654035697641 62.497502597829317
232.90450925475412 62.518996841011138
236.2921833503241 62.514998559657045
239.72913230027333 62.487998197802412
243.21607282386276 62.440498888499548
246.75373206527502 62.386504089450298
250.34284774524843 62.322502715047108
253.9841683149166 62.256496742144954
257.67845311188546 62.184991235162300
261.42647251858085 62.112492048070159
265.22900812289896 62.048499871566392
269.08685288119375 61.987502326139762
273.0008112836349 61.943002145599962
276.97169952197106 61.917501929536570
281.00034565973334 61.918002029313499
285.0875898049141 61.941997591809667
289.23428428515797 61.952500979827619
293.44129382550057 61.967001170071093
297.7094957286928 61.983997991892196
302.0397800581479 61.969000761923269
306.4330498235497 61.942499536083176
310.89022116916016 61.900997799068506
315.41222356486645 61.855996442843235
320.00000000000654 61.782999999999873
324.6545071800142 61.690009845812824
329.3767157259242 61.609504846264954
334.16761037677935 61.529006546580938
339.02819019498156 61.430996277871479
343.95946877463007 61.334492550952810
348.9624744528898 61.254989951992584
354.03825052443415 61.147495086802358
359.187855459007 61.046502834687431
364.4123631221491 60.971493149931163
369.71286299913527 60.871502584434346
375.0904604221685 60.810496540082681
380.54627680087896 60.769498749770193
386.08144985617537 60.744498918614966
391.6971338574982 60.731000516824324
397.3944998635236 60.752998068971138
403.1747359663683 60.821496870881703
409.0390475393468 60.982001645900077
414.9886574883323 61.187988141612848
421.0248065067734 61.430492226291008
427.1487533344206 61.687489648423593
433.3617750198154 61.937990929094440
439.6651671865984 62.186506130610994
446.06024430368984 62.421007380321086
452.54833995940066 62.617008056154717
459.13080713953053 62.772995429707848
465.8090185095106 62.882000210366400
472.58436670065066 62.959002854012923
479.45826460054917 63.012500853672549
486.432145647728 63.035000123517506
493.50746413055253 63.040999741395424
500.6856954904994 63.037000169666811
507.9683366298358 63.033000022779120
515.3569062237735 63.033499993654331
522.8529450371643 63.038999959672417
530.4580162458005 63.054000057900403
538.1737057623901 63.081498951330445
546.0016225672724 63.116498312449480
553.9433990439449 63.161502550355323
562.0006913194694 63.212998027172091
570.1751796098309 63.268501234357409
578.4685685703187 63.325497035026302
586.8825876510039 63.379497353595696
595.4189914573883 63.429999949460885
604.0795601162986 63.475497689099598
612.8660996471021 63.513000324182855
621.780442338323 63.542001173830130
630.8244471297356 63.566000706558540
640.0000000000159 63.580500000000029
649.3090143600314 63.596500019767092
658.7534314518515 63.609500878032883
668.3352207535618 63.629000465533181
678.0563803899662 63.649500964184242
687.9189375492632 63.674499841704503
697.9249489057827 63.703499851915623
708.0765010488715 63.737001726916020
718.3757109180171 63.772499003649472
728.8247262443015 63.811498978230233
739.425725998274 63.853998901511801
750.1809208443404 63.898999668804777
761.0925536017613 63.945998077280308
772.1628997123541 63.993999565148428
783.3942677149998 64.042501174703830
794.7889997270506 64.092499998802325
806.34947193274 64.144002152647417
818.0780950786972 64.197500439476300
829.9773149766683 64.252501552316062
842.0496130135506 64.311998092794340
854.2975066688449 64.374502711312317
866.7235500396347 64.440997592149017
879.3303343732008 64.513002039179810
892.1204886073838 64.591003143925150
905.0966799188055 64.674497940450038
918.2616142790653 64.762997407041183
931.6180370190256 64.857500270451141
945.1687334013056 64.956498052300873
958.9165292011028 65.060496438530308
972.8642912954606 65.167502274620063
987.0149282611097 65.277999439817165
1001.3713909810035 65.391503073412395
1015.9366732596762 65.505997431568915
1030.7138124475518 65.622498521360200
1045.7058900743334 65.739499142122270
1060.916032491606 65.857500249514317
1076.3474115247852 65.976003075396008
1092.0032451345498 66.093001821070061
1107.8867980878947 66.210998500023393
1124.0013826389438 66.329502761722154
1140.350359219667 66.447502555490487
1156.9371371406426 66.565500973871337
1173.765175302013 66.685001237268949
1190.837982914782 66.805499879413759
1208.1591202326028 66.926000834711061
1225.73219929421 67.048001380494412
1243.5608846766518 67.171499201164750
1261.648894259477 67.294999278032151
1280.0000000000375 67.418500000000250
1298.6180287200684 67.541500183976297
1317.5068629037087 67.662499121782446
1336.6704415071292 67.778002611393305
1356.112760779938 67.892998585079098
1375.8378750985323 68.009999259139590
1395.8498978115715 68.120499435747490
1416.153002097749 68.228000010744381
1436.7514218360407 68.333502089196585
1457.6494524886093 68.437002166191576
1478.8514519965543 68.538502111740684
1500.3618416886875 68.638999260365068
1522.1851072035295 68.740000484185572
1544.3257994247153 68.839999094100165
1566.788535430007 68.941497900821162
1589.5779994541087 69.043499997556665
1612.6989438654878 69.145999751144529
1636.156190157402 69.250000842960034
1659.9546299533442 69.355498359598215
1684.099226027109 69.462501010367760
1708.5950133376978 69.572000059303690
1733.4471000792773 69.682500464395787
1758.6606687464096 69.799498462890853
1784.2409772147755 69.917999894446865
1810.193359837619 70.040001715139425
1836.5232285581387 70.165501112288325
1863.2360740380593 70.295500364699308
1890.3374668026197 70.428997373557294
1917.833058402214 70.566000293099734
1945.7285825909298 70.705997905173859
1974.0298565222283 70.848499277566788
2002.7427819620161 70.993498898913117
2031.8733465193618 71.142001764546222
2061.4276248951132 71.292498089890529
2091.411780148677 71.444998881826081
2121.832064983222 71.601000330569477
2152.694823049581 71.757999099853677
2184.0064902691106 71.915497436043211
2215.7735961758003 72.072498004205642
2248.002765277899 72.229498856577294
2280.7007184393456 72.383998669609113
2313.874274281297 72.535501206133603
2347.530350604038 72.683501468294310
2381.6759658295764 72.826499856897726
2416.318240465218 72.964500903130045
2451.4643985884327 73.096501408439707
2487.1217693533167 73.222499184994064
2523.2977885189675 73.341499304338711
2560.0000000000887 73.451500000000237
2597.236057440151 73.551000136081669
2635.0137258074315 73.640499350409371
2673.340883014273 73.717999763446301
2712.225521559891 73.783499194089558
2751.6757501970797 73.836499664396584
2791.699795623158 73.875999798298892
2832.3060041955137 73.902000001069325
2873.502843672097 73.912499960156254
2915.2989049772345 73.908500009093956
2957.7029039931244 73.889000044149938
3000.723683377391 73.854500253910416
3044.370214407075 73.805999699804914
3088.6515988494466 73.744000561657884
3133.57707086003 73.669499869408227
3179.1559989082334 73.585500002012083
3225.3978877309914 73.491500228218655
3272.3123803148205 73.390999141041590
3319.9092599067053 73.283499402562825
3368.198452054235 73.172498952723799
3417.190026675413 73.058999938012832
3466.8942001585724 72.943499541548874
3517.3213374928373 72.827999251276623
3568.4819544295697 72.714500101097400
3620.386719675257 72.604000596780338
3673.0464571162966 72.496999131559463
3726.472148076138 72.395499741837256
3780.6749336052594 72.301000115755642
3835.6661168044484 72.213499836698617
3891.45716518188 72.135499798640524
3948.059713044477 72.066500349803562
4005.4855639240527 72.008500440434730
4063.746693038744 71.962500242361415
4122.855249790247 71.928999914610884
4182.823560297375 71.908500150309393
4243.664129966465 71.903000021055377
4305.389646099183 71.912999942665834
4368.012980538242 71.938499992075194
4431.5471923516225 71.980000173080043
4496.00553055582 72.038000596303334
4561.401436878714 72.111500586034325
4627.748548562617 72.200499394436491
4695.060701208099 72.304999536133920
4763.351931659176 72.424999879912463
4832.63648093046 72.559998988606651
4902.928797176889 72.709999567184511
4974.243538706657 72.872998945652185
5046.595577037959 73.048998971122842
5120.000000000202 73.237000000000535
5194.472114880326 73.434500314740632
5270.027451614888 73.641501266677977
5346.6817660285715 73.856499343762877
5424.451043119808 74.071500115039356
5503.351500394186 74.281998667101504
5583.399591246343 74.489001466958968
5664.612008391055 74.690500019909834
5747.005687344222 74.885999258147379
5830.597809954497 75.074499571447291
5915.405807986278 75.255999589065993
6001.447366754812 75.430500718443326
6088.740428814181 75.601500835229672
6177.303197698925 75.774000387252343
6267.154141720092 75.950000279839585
6358.3119978165005 76.129999995688479
6450.795775462017 76.309499564199555
6544.624760629676 76.487499545898203
6639.818519813445 76.662000885382042
6736.396904108505 76.826499836671019
6834.380053350861 76.969500053936372
6933.788400317181 77.069999393735742
7034.642674985712 77.102999893653475
7136.963908859177 77.038000057897719
7240.773439350552 76.843998550376796
7346.092914232631 76.496500282986716
7452.944296152315 76.011498314429289
7561.349867210557 75.394500755780001
7671.332233608935 74.677498372234595
7782.914330363799 73.900004665962967
7896.119426088994 73.096004076007659
8010.971127848146 72.297499159543435
8127.49338607753 71.531497684540682
8245.710499580537 70.822503001213008
8365.647120594791 70.178499428150701
8487.328259932974 69.601498948274852
8610.77929219841 69.101999065642588
8736.025961076528 68.701500124464857
8863.094384703289 68.394001488984259
8992.011061111683 68.151999925941936
9122.802873757471 67.993500152986726
9255.497097125279 67.940500046533913
9390.121402416245 68.005000559799441
9526.7038633184 68.194999809862836
9665.272961860968 68.525999908897234
9805.857594353829 69.023502739869883
9948.487077413367 69.681000418352312
10093.19115407597 70.463000890500311
10240.000000000457 71.311500000002297
10388.944229760706 72.058500472107909
10540.05490322983 72.368999801158509
10693.363532057198 72.066996649393246
10848.902086239672 71.087499220131605
11006.703000788428 69.660499992356833
11166.799182492743 68.108498362986452
11329.224016782166 66.651499870712925
11494.0113746885 65.382004817298281
11661.195619909053 64.297496694271572
11830.811615972614 63.393002047865309
12002.894733509682 62.669501120422964
12177.48085762842 62.121498191546046
12354.606395397908 61.747999573144611
12534.308283440243 61.554000773568568
12716.62399563306 61.548500000131739
12901.591550924093 61.744499524139968
13089.249521259411 62.143498982097782
13279.637039626952 62.733500150788267
13472.793808217073 63.468499270228619
13668.760106701786 64.199000266731645
13867.576800634426 64.695999501628691
14069.285349971487 64.766499276603952
14273.927817718419 64.343500376778621
14481.54687870117 63.570500451615679
14692.18582846533 62.698000710523687
14905.888592304698 61.938001449902103
15122.699734421185 61.409000647989231
15342.664467217943 61.125499652462622
15565.828660727671 60.959500252365771
15792.238852178061 60.624500218719803
16021.942255696367 59.815998525908967
16254.986772155136 58.472493889668833
16491.42099916115 56.601507919984627
16731.294241189662 54.205507579467323
16974.65651986603 51.789495527816811
17221.558584396902 49.665503575254178
17472.051922153143 47.857007781767393
17726.188769406665 46.125501571097196
17984.022122223458 44.343492959933741
18245.605747515034 42.702494339888005
18510.99419425065 40.692997832024005
18780.242804832582 37.687988834946239
19053.40772663689 33.898503792234386
19330.545923722028 30.167514489455151
19611.71518870775 26.506997472297876
19896.974154826825 22.686011320923708
20186.382308152035 22.686000000000000
