20 68.700000000000003
20.290906698750476 68.725696844045785
20.586044732869844 68.747476617155058
20.885475648548283 68.764201160670154
21.189261887185914 68.775124132304398
21.49746679841394 68.782571174644232
21.810154653305165 68.789330057082125
22.12739065777668 68.802347247855494
22.449240966187475 68.820939264164110
22.77577269513385 68.847440615555087
23.107053937445478 68.874707495895819
23.44315377638505 68.895703352965512
23.784142300054445 68.902960355750139
24.130090616010463 68.899814086926654
24.481070866093134 68.889115193776007
24.837156241469714 68.881314221506727
25.1984209978975 68.887444734926419
25.56494047120865 68.904602629118102
25.936791093020236 68.925326602669173
26.3140504066728 68.938070248934196
26.69679708340074 68.930390127601214
27.08511093873791 68.906691174263727
27.47907294916184 68.874476506635418
27.878765268980047 68.849516366792315
28.284271247461966 68.841294372515222
28.695675446220072 68.845087561601730
29.11306365684382 68.854922082166354
29.536522918790062 68.860952156218161
29.966141537533712 68.854507876937006
30.402009102982383 68.837916287654778
30.844216508158908 68.820812984267292
31.29285596815558 68.809848230437865
31.74802103936409 68.806503957921279
32.20980663898519 68.804111740249141
32.67830906482211 68.795972418990516
33.153626015361866 68.778933203293349
33.63585661014871 68.757294022373756
34.125101410453844 68.737996754865492
34.62146244024586 68.722841976553610
35.12504320746613 68.709123660568537
35.635948725613716 68.691790153524224
36.15428553564419 68.668477152146508
36.68016172818701 68.640050619765162
37.21368696608603 68.609319842933090
37.754972507267915 68.579705023971002
38.30413122794313 68.550876967691067
38.86127764614443 68.519722591105733
39.4265279456077 68.485454248865352
40.000000000000206 68.451999999999984
40.58181339750116 68.421939540927582
41.1720894657399 68.387151424186598
41.77095129709678 68.344105965480367
42.37852377437204 68.303982711994536
42.9949335968281 68.274552805980136
43.62030930661056 68.245718927096874
44.25478131555359 68.203561704477067
44.89848193237519 68.156944683108094
45.55154539026795 68.118606824584958
46.21410787489121 68.087700607758194
46.88630755277036 68.048026867789559
47.56828460010916 67.996049493348352
48.260181232021196 67.935824500046181
48.962141732186545 67.878526716285108
49.674312482939705 67.828855537668062
50.39684199579528 67.781713131800231
51.129880942417586 67.729994519285384
51.873582186040764 67.680618788933629
52.628100813345895 67.641967921600994
53.393594166801776 67.602368307119278
54.17022187747612 67.555464436411256
54.95814589832399 67.511265491205734
55.75753053796041 67.471123488256353
56.56854249492426 67.424034636562169
57.39135089244048 67.373627595561118
58.226127313687975 67.321801724610282
59.073045837580466 67.265729378831139
59.932283075067765 67.197849637069638
60.804018205965114 67.142830619419158
61.68843301631817 67.109327560599297
62.58571193631152 67.094866094725091
63.49604207872855 67.051072570583614
64.41961327797075 67.011678453111884
65.35661812964459 67.112248294717077
66.3072520307241 67.268760487926116
67.27171322029778 67.119835829168039
68.25020282090806 66.811847314946050
69.2429248804921 66.684721662189801
70.25008641493265 66.577114500585679
71.27189745122783 66.459761895956518
72.30857107128878 66.361265746977068
73.36032345637442 66.273858328422918
74.42737393217246 66.197878520256637
75.50994501453623 66.123753133118214
76.60826245588666 66.057276856232988
77.72255529228926 65.979199687990615
78.85305589121582 65.874012598399489
80.00000000000082 65.776999999999930
81.16362679500274 65.675667246603297
82.34417893148023 65.568203656929711
83.541902594194 65.460629713759431
84.75704754874454 65.356151009984245
85.98986719365665 65.274045591424468
87.24061861322157 65.214572373627703
88.50956263110764 65.153289177754345
89.79696386475084 65.057592352720192
91.10309078053635 64.961606473860186
92.42821574978288 64.845377739820663
93.77261510554118 64.728870100781791
95.13656920021877 64.593887814030268
96.52036246404286 64.447897359865877
97.92428346437356 64.289033885337588
99.34862496587989 64.117221780018497
100.79368399159105 63.939138972983841
102.25976188483567 63.766341589666169
103.74716437208203 63.585638274986550
105.25620162669229 63.390518282219446
106.78718833360406 63.181031237184229
108.34044375495276 62.979586453569034
109.9162917966485 62.838150226414008
111.51506107592134 62.859649209328175
113.13708498984903 63.111861644410197
114.78270178488147 63.393594363258813
116.45225462737648 63.700628172268637
118.14609167516147 64.010357578981910
119.86456615013608 64.267467996284211
121.60803641193078 64.483343882047194
123.3768660326369 64.633338085282816
125.17142387262359 64.782799594336510
126.99208415745765 64.942115630276163
128.83922655594208 65.090687295312051
130.71323625928977 65.218387670811609
132.61450406144883 65.313166991766650
134.5434264405962 65.350690437627463
136.50040564181674 65.327110903946874
138.48584976098482 65.255444547120362
140.50017282986593 65.172409033347591
142.5437949024563 65.082149058474840
144.61714214257822 64.981547178406728
146.7206469127495 64.869929196094091
148.8547478643456 64.759449758064108
151.01989002907314 64.655604948691717
153.216524911774 64.557186293917241
155.4451105845792 64.460729709318329
157.70611178243232 64.374033421753779
160.00000000000236 64.296499999999924
162.3272535900062 64.225751490863814
164.6883578629612 64.152660906248201
167.08380518838874 64.079235561235294
169.51409509748981 64.012119432367783
171.97973438731407 63.955841790356551
174.4812372264439 63.896554059120056
177.01912526221608 63.827060667605508
179.5939277295025 63.746494312655919
182.20618156107355 63.658048590611287
184.85643149956664 63.561754607115859
187.54523021108326 63.461407896569867
190.27313840043846 63.365604039024916
193.04072492808663 63.270723497430673
195.84856692874806 63.175479011036813
198.69724993176072 63.079011852279194
201.58736798318304 62.983910540546546
204.5195237696723 62.889881747293714
207.49432874416505 62.797173918512271
210.5124032533856 62.705123767980638
213.57437666720915 62.612768699983725
216.68088750990657 62.525605371600093
219.83258359329807 62.442727264269223
223.03012215184378 62.365019537817787
226.2741699796992 62.286919920487222
229.5654035697641 62.211778419680307
232.90450925475412 62.135196287140658
236.2921833503241 62.052378030835854
239.72913230027333 61.968602400180842
243.21607282386276 61.884868270433259
246.75373206527502 61.800848863449716
250.34284774524843 61.714728798145885
253.9841683149166 61.626881939402637
257.67845311188546 61.541435771787647
261.42647251858085 61.453906204878173
265.22900812289896 61.367232813173317
269.08685288119375 61.278589236613740
273.0008112836349 61.191731543297308
276.97169952197106 61.102244072956879
281.00034565973334 61.014192464617807
285.0875898049141 60.925090542252875
289.23428428515797 60.834692602583559
293.44129382550057 60.742635665221542
297.7094957286928 60.648891093968757
302.0397800581479 60.553624838720751
306.4330498235497 60.456972903881905
310.89022116916016 60.357456301340044
315.41222356486645 60.253431081572941
320.00000000000654 60.152499999999861
324.6545071800142 60.050566292757694
329.3767157259242 59.951088969755588
334.16761037677935 59.858815402841188
339.02819019498156 59.767270024334351
343.95946877463007 59.681293083953832
348.9624744528898 59.597326676636740
354.03825052443415 59.512157391189504
359.187855459007 59.429831883747696
364.4123631221491 59.361845460973136
369.71286299913527 59.304543652209162
375.0904604221685 59.271422462495281
380.54627680087896 59.266746048456390
386.08144985617537 59.289172409165815
391.6971338574982 59.353214173218731
397.3944998635236 59.438558797488838
403.1747359663683 59.556873313921166
409.0390475393468 59.689904601328202
414.9886574883323 59.825993848278173
421.0248065067734 59.956656706211731
427.1487533344206 60.077677560019566
433.3617750198154 60.182032996127262
439.6651671865984 60.272360495188593
446.06024430368984 60.357939801897359
452.54833995940066 60.439080079512806
459.13080713953053 60.520135089244135
465.8090185095106 60.606786913460141
472.58436670065066 60.696579131401450
479.45826460054917 60.786775887278608
486.432145647728 60.882050039068190
493.50746413055253 60.992260150622968
500.6856954904994 61.116556798669770
507.9683366298358 61.249920164533869
515.3569062237735 61.395393057492456
522.8529450371643 61.550751918585981
530.4580162458005 61.708746202962097
538.1737057623901 61.864263186822043
546.0016225672724 62.008955227890901
553.9433990439449 62.134707586615228
562.0006913194694 62.240907397118320
570.1751796098309 62.327892677898156
578.4685685703187 62.393825120134032
586.8825876510039 62.442477714550321
595.4189914573883 62.481217864975292
604.0795601162986 62.513258570377971
612.8660996471021 62.539903141848868
621.780442338323 62.566825644324851
630.8244471297356 62.597550454380027
640.0000000000159 62.631500000000067
649.3090143600314 62.670132409594132
658.7534314518515 62.710639755242966
668.3352207535618 62.753925254428708
678.0563803899662 62.799767806852344
687.9189375492632 62.845823059604072
697.9249489057827 62.889973527740153
708.0765010488715 62.934132779562589
718.3757109180171 62.979353128039278
728.8247262443015 63.025328795474927
739.425725998274 63.072444480692326
750.1809208443404 63.123904604221707
761.0925536017613 63.178462768008806
772.1628997123541 63.237723306143451
783.3942677149998 63.300782754685386
794.7889997270506 63.366036748430545
806.34947193274 63.430922095630066
818.0780950786972 63.500338753573317
829.9773149766683 63.578075464071034
842.0496130135506 63.660841089468164
854.2975066688449 63.747015048904871
866.7235500396347 63.839653325303360
879.3303343732008 63.937642674985611
892.1204886073838 64.042812104302030
905.0966799188055 64.140004802839400
918.2616142790653 64.181277506044722
931.6180370190256 64.193226994267363
945.1687334013056 64.263447261660559
958.9165292011028 64.384606373060166
972.8642912954606 64.511196479016661
987.0149282611097 64.641407030102556
1001.3713909810035 64.776982501286838
1015.9366732596762 64.914835951082949
1030.7138124475518 65.054153751743257
1045.7058900743334 65.193726174122759
1060.916032491606 65.333805361257220
1076.3474115247852 65.473671617440544
1092.0032451345498 65.615217010442308
1107.8867980878947 65.759615954083046
1124.0013826389438 65.906068191339244
1140.350359219667 66.055740822781928
1156.9371371406426 66.209168518550939
1173.765175302013 66.364827871543625
1190.837982914782 66.523168187458452
1208.1591202326028 66.684048973588460
1225.73219929421 66.847091083939233
1243.5608846766518 67.012259318944501
1261.648894259477 67.179946420137810
1280.0000000000375 67.349500000000347
1298.6180287200684 67.519456005030349
1317.5068629037087 67.691311079843018
1336.6704415071292 67.862700451488820
1356.112760779938 68.035097932902460
1375.8378750985323 68.207685460234700
1395.8498978115715 68.381894110960673
1416.153002097749 68.557185034742275
1436.7514218360407 68.734899798881756
1457.6494524886093 68.915591269501590
1478.8514519965543 69.098699516210303
1500.3618416886875 69.284148022691568
1522.1851072035295 69.474010432670696
1544.3257994247153 69.667407486972024
1566.788535430007 69.864739111784061
1589.5779994541087 70.064994835207074
1612.6989438654878 70.267234790507047
1636.156190157402 70.472451349581988
1659.9546299533442 70.681202558391306
1684.099226027109 70.893255173559098
1708.5950133376978 71.108964217104983
1733.4471000792773 71.327165538696050
1758.6606687464096 71.548713884968407
1784.2409772147755 71.773081321312844
1810.193359837619 71.998162894603524
1836.5232285581387 72.223216978173014
1863.2360740380593 72.446565250073604
1890.3374668026197 72.665586235748847
1917.833058402214 72.877674582688783
1945.7285825909298 73.080002079699241
1974.0298565222283 73.268135858785811
2002.7427819620161 73.436716753169776
2031.8733465193618 73.586180279801212
2061.4276248951132 73.713972893384650
2091.411780148677 73.817194158055713
2121.832064983222 73.895526725092708
2152.694823049581 73.944940361218897
2184.0064902691106 73.977602596107644
2215.7735961758003 73.980253770908234
2248.002765277899 73.967297511249882
2280.7007184393456 73.932875684799569
2313.874274281297 73.881757544198365
2347.530350604038 73.814141056161048
2381.6759658295764 73.730413438415965
2416.318240465218 73.634589219953185
2451.4643985884327 73.525045619534666
2487.1217693533167 73.406715258553618
2523.2977885189675 73.276589404836315
2560.0000000000887 73.137999999999664
2597.236057440151 72.992917573111413
2635.0137258074315 72.843445554297190
2673.340883014273 72.691511751055941
2712.225521559891 72.539561316635087
2751.6757501970797 72.391111883638416
2791.699795623158 72.245484488311348
2832.3060041955137 72.103075105399625
2873.502843672097 71.963470559008641
2915.2989049772345 71.827002471222158
2957.7029039931244 71.693891288020637
3000.723683377391 71.564955594458866
3044.370214407075 71.442127584194111
3088.6515988494466 71.324238987977054
3133.57707086003 71.208289042535426
3179.1559989082334 71.088736602893178
3225.3978877309914 70.960862041089371
3272.3123803148205 70.819992878205170
3319.9092599067053 70.664808516317208
3368.198452054235 70.501171216577234
3417.190026675413 70.341914219173503
3466.8942001585724 70.200940267609923
3517.3213374928373 70.087801952388105
3568.4819544295697 70.006376113317401
3620.386719675257 69.957471835391601
3673.0464571162966 69.938386748001861
3726.472148076138 69.946294694788179
3780.6749336052594 69.980197266890031
3835.6661168044484 70.031612662501431
3891.45716518188 70.108904322550103
3948.059713044477 70.202298526523379
4005.4855639240527 70.325439631613932
4063.746693038744 70.469646852718427
4122.855249790247 70.638708180573545
4182.823560297375 70.833245490221913
4243.664129966465 71.054009843021177
4305.389646099183 71.301789647085855
4368.012980538242 71.576240555872744
4431.5471923516225 71.880426523287781
4496.00553055582 72.208961769607839
4561.401436878714 72.565988190208671
4627.748548562617 72.946168435185598
4695.060701208099 73.349262700932201
4763.351931659176 73.766495863465622
4832.63648093046 74.194593452150229
4902.928797176889 74.623543194449582
4974.243538706657 75.036266276999385
5046.595577037959 75.402367547425712
5120.000000000202 75.717357142857921
5194.472114880326 75.959610211482072
5270.027451614888 76.104852476414180
5346.6817660285715 76.144707106510168
5424.451043119808 76.077228480025425
5503.351500394186 75.894807702498682
5583.399591246343 75.651376277355183
5664.612008391055 75.422140036966567
5747.005687344222 75.140502677173941
5830.597809954497 74.801235395295208
5915.405807986278 74.440028071096535
6001.447366754812 74.086144743007196
6088.740428814181 73.766656584913193
6177.303197698925 73.485710772354537
6267.154141720092 73.249035346486039
6358.3119978165005 73.062414364028569
6450.795775462017 72.923275175059018
6544.624760629676 72.835109524606452
6639.818519813445 72.796916333216785
6736.396904108505 72.805148839040697
6834.380053350861 72.854269339212891
6933.788400317181 72.935105806306069
7034.642674985712 73.037106942484286
7136.963908859177 73.149660299745094
7240.773439350552 73.254065157841467
7346.092914232631 73.321593449123753
7452.944296152315 73.321410610423641
7561.349867210557 73.221688928159168
7671.332233608935 73.015459142648567
7782.914330363799 72.703407314365165
7896.119426088994 72.290052139266578
8010.971127848146 71.789747160263488
8127.49338607753 71.228033069612337
8245.710499580537 70.636947502097314
8365.647120594791 70.049718702320874
8487.328259932974 69.488473210806646
8610.77929219841 68.971689098144921
8736.025961076528 68.514914032731596
8863.094384703289 68.132446435692316
8992.011061111683 67.831640857406072
9122.802873757471 67.625854723547164
9255.497097125279 67.528774854856266
9390.121402416245 67.543476674523603
9526.7038633184 67.677558584726484
9665.272961860968 67.929672572938557
9805.857594353829 68.296006315173742
9948.487077413367 68.761560859414459
10093.19115407597 69.273949871330203
10240.000000000457 69.717800000001233
10388.944229760706 69.936496091381031
10540.05490322983 69.714672668336533
10693.363532057198 69.033562408556264
10848.902086239672 67.941563727330561
11006.703000788428 66.571335799070368
11166.799182492743 65.099251838897402
11329.224016782166 63.687993612114660
11494.0113746885 62.422192012168487
11661.195619909053 61.610989037023941
11830.811615972614 61.314893436650564
12002.894733509682 61.867214058130116
12177.48085762842 62.883774940178718
12354.606395397908 64.308327558540981
12534.308283440243 65.630131653401421
12716.62399563306 66.583710381731635
12901.591550924093 67.261366363419995
13089.249521259411 67.868842021676898
13279.637039626952 68.448062840734025
13472.793808217073 68.917751303694985
13668.760106701786 69.107589353584729
13867.576800634426 68.863988030248976
14069.285349971487 68.192720655459169
14273.927817718419 67.289565231136038
14481.54687870117 66.265857872100639
14692.18582846533 65.062281539813455
14905.888592304698 63.476838158162494
15122.699734421185 61.368367328803174
15342.664467217943 58.747630216493974
15565.828660727671 55.802555721964133
15792.238852178061 52.822441519531438
16021.942255696367 50.014229465826006
16254.986772155136 47.417805188323790
16491.42099916115 45.180191663938878
16731.294241189662 43.290279033896844
16974.65651986603 41.426725562144078
17221.558584396902 39.730832797789006
17472.051922153143 38.237663943871198
17726.188769406665 37.090078853081010
17984.022122223458 37.108191503556199
18245.605747515034 39.443860063452462
18510.99419425065 42.138148112970157
18780.242804832582 42.048494488547917
19053.40772663689 38.569981776327651
19330.545923722028 32.685512216605851
19611.71518870775 25.743096080035745
19896.974154826825 22.255000000000003
20186.382308152035 22.255000000000003
