20 65.063999999999993
20.290906698750476 65.131978197646163
20.586044732869844 65.203010696990617
20.885475648548283 65.274610306653472
21.189261887185914 65.345057394107300
21.49746679841394 65.412594701914642
21.810154653305165 65.476028784053653
22.12739065777668 65.535067940482890
22.449240966187475 65.591039055681762
22.77577269513385 65.643963158538511
23.107053937445478 65.695508106669621
23.44315377638505 65.746022322378479
23.784142300054445 65.795520974863521
24.130090616010463 65.846513811842044
24.481070866093134 65.900011645130462
24.837156241469714 65.958527050115947
25.1984209978975 66.021071122260608
25.56494047120865 66.082989943364950
25.936791093020236 66.139967990059546
26.3140504066728 66.189005659234809
26.69679708340074 66.231977218240814
27.08511093873791 66.277015627157255
27.47907294916184 66.332511763052338
27.878765268980047 66.396962149623022
28.284271247461966 66.461032260013681
28.695675446220072 66.509961400157252
29.11306365684382 66.537502026809889
29.536522918790062 66.550984809914297
29.966141537533712 66.570012498153773
30.402009102982383 66.608501112129062
30.844216508158908 66.662524833341166
31.29285596815558 66.713983479643673
31.74802103936409 66.749501024644360
32.20980663898519 66.771990583067463
32.67830906482211 66.800529542960930
33.153626015361866 66.845964251468416
33.63585661014871 66.896484976789452
34.125101410453844 66.932502453478719
34.62146244024586 66.944499541229916
35.12504320746613 66.944000380496277
35.635948725613716 66.948499548464312
36.15428553564419 66.964011128290309
36.68016172818701 66.984504694357483
37.21368696608603 66.999990913809611
37.754972507267915 67.012499364770520
38.30413122794313 67.030005536546980
38.86127764614443 67.053510056088271
39.4265279456077 67.073982902623598
40.000000000000206 67.080500000000001
40.58181339750116 67.081499679377146
41.1720894657399 67.094503958000189
41.77095129709678 67.120997845364045
42.37852377437204 67.140484726316217
42.9949335968281 67.145499461013202
43.62030930661056 67.155006575809836
44.25478131555359 67.168495350803113
44.89848193237519 67.158484525107212
45.55154539026795 67.137514597560198
46.21410787489121 67.161508909310214
46.88630755277036 67.217002931221430
47.56828460010916 67.223486016757647
48.260181232021196 67.189503356148535
48.962141732186545 67.202508559668573
49.674312482939705 67.245489843223950
50.39684199579528 67.222005135682991
51.129880942417586 67.156010720055178
51.873582186040764 67.143007300512721
52.628100813345895 67.174502566397194
53.393594166801776 67.193989668737117
54.17022187747612 67.192997747436777
54.95814589832399 67.185003829831004
55.75753053796041 67.205987676621461
56.56854249492426 67.261968409020653
57.39135089244048 67.270477937900438
58.226127313687975 67.217997144084933
59.073045837580466 67.199000533615617
59.932283075067765 67.208994968275746
60.804018205965114 67.193499557207858
61.68843301631817 67.171990838184797
62.58571193631152 67.153006094888724
63.49604207872855 67.128498952585758
64.41961327797075 67.105509626197701
65.35661812964459 67.090506113186052
66.3072520307241 67.076996604767459
67.27171322029778 67.064003863353491
68.25020282090806 67.061996323488074
69.2429248804921 67.044001361682916
70.25008641493265 67.024500211386822
71.27189745122783 67.026999749146839
72.30857107128878 67.017004136246015
73.36032345637442 67.000494543378878
74.42737393217246 66.982494130335255
75.50994501453623 66.965500863114386
76.60826245588666 66.964998469988103
77.72255529228926 66.958502592466488
78.85305589121582 66.936499488354173
80.00000000000082 66.925999999999988
81.16362679500274 66.919502084048531
82.34417893148023 66.902498133018781
83.541902594194 66.890001016337706
84.75704754874454 66.878998978068353
85.98986719365665 66.852502854313144
87.24061861322157 66.837004725415710
88.50956263110764 66.822504997516887
89.79696386475084 66.790500898467741
91.10309078053635 66.754497670537177
92.42821574978288 66.720492540992637
93.77261510554118 66.674013306760102
95.13656920021877 66.627514686356179
96.52036246404286 66.576483864670450
97.92428346437356 66.513988164119127
99.34862496587989 66.454515659319398
100.79368399159105 66.407510278474206
102.25976188483567 66.358008040041355
103.74716437208203 66.321996786629285
105.25620162669229 66.292497036838284
106.78718833360406 66.269998666020825
108.34044375495276 66.258995917229186
109.9162917966485 66.244496897721689
111.51506107592134 66.227498945668430
113.13708498984903 66.199497960450159
114.78270178488147 66.160007156438141
116.45225462737648 66.111492409278327
118.14609167516147 66.060996560181550
119.86456615013608 65.996516278834335
121.60803641193078 65.925998528291103
123.3768660326369 65.854505414735144
125.17142387262359 65.784483124236573
126.99208415745765 65.711996354847528
128.83922655594208 65.631990509796452
130.71323625928977 65.553488820538348
132.61450406144883 65.463523467123878
134.5434264405962 65.352473524510771
136.50040564181674 65.230974775043123
138.48584976098482 65.107509342657792
140.50017282986593 64.976988542834221
142.5437949024563 64.841513596241285
144.61714214257822 64.703991724113195
146.7206469127495 64.581520557598949
148.8547478643456 64.496010101967414
151.01989002907314 64.460501803218420
153.216524911774 64.477496323850772
155.4451105845792 64.530003619309539
157.70611178243232 64.604004799725189
160.00000000000236 64.702500000000128
162.3272535900062 64.828016325997851
164.6883578629612 64.980026660491887
167.08380518838874 65.158485486697572
169.51409509748981 65.385008406834046
171.97973438731407 65.602976519235384
174.4812372264439 65.806517665799021
177.01912526221608 65.995508294061295
179.5939277295025 66.165995214710748
182.20618156107355 66.286505618116237
184.85643149956664 66.368508504825968
187.54523021108326 66.421503375529085
190.27313840043846 66.461501000003167
193.04072492808663 66.481498012486171
195.84856692874806 66.472501388048883
198.69724993176072 66.468998529813177
201.58736798318304 66.451995922450237
204.5195237696723 66.419505277015219
207.49432874416505 66.382995806278871
210.5124032533856 66.344493876132447
213.57437666720915 66.297993453482690
216.68088750990657 66.244001955090141
219.83258359329807 66.188507332034249
223.03012215184378 66.130497665408654
226.2741699796992 66.068496307034792
229.5654035697641 65.996991360707142
232.90450925475412 65.925510505474577
236.2921833503241 65.852995919028274
239.72913230027333 65.776496888837841
243.21607282386276 65.694498517999392
246.75373206527502 65.622505452600393
250.34284774524843 65.546503224118453
253.9841683149166 65.472496400411913
257.67845311188546 65.393490147113482
261.42647251858085 65.311990370709964
265.22900812289896 65.234499842089832
269.08685288119375 65.159502860007905
273.0008112836349 65.086003543856123
276.97169952197106 65.018005145430863
281.00034565973334 64.955994419387878
285.0875898049141 64.890006622523401
289.23428428515797 64.839496891581348
293.44129382550057 64.793496420959002
297.7094957286928 64.741506142447406
302.0397800581479 64.689002666731454
306.4330498235497 64.641499318098155
310.89022116916016 64.580496918695900
315.41222356486645 64.517496369750972
320.00000000000654 64.442999999999884
324.6545071800142 64.359508840057742
329.3767157259242 64.276005026871104
334.16761037677935 64.194006668566914
339.02819019498156 64.107496547870440
343.95946877463007 64.017990583279968
348.9624744528898 63.917491213835376
354.03825052443415 63.823494843574757
359.187855459007 63.717502975018498
364.4123631221491 63.612992841678057
369.71286299913527 63.508502700733885
375.0904604221685 63.398490590712655
380.54627680087896 63.286994023901528
386.08144985617537 63.167491068560622
391.6971338574982 63.055997310164351
397.3944998635236 62.941510050127505
403.1747359663683 62.834504887819818
409.0390475393468 62.738499264937829
414.9886574883323 62.646505295978727
421.0248065067734 62.576002259985501
427.1487533344206 62.532001772254326
433.3617750198154 62.496001303603194
439.6651671865984 62.506000954231567
446.06024430368984 62.542502974721259
452.54833995940066 62.621505060917706
459.13080713953053 62.719497128919031
465.8090185095106 62.845500405706616
472.58436670065066 62.994007308406921
479.45826460054917 63.131005292769800
486.432145647728 63.270502542402042
493.50746413055253 63.394006594416545
500.6856954904994 63.495995673496438
507.9683366298358 63.573001845108720
515.3569062237735 63.613499486001196
522.8529450371643 63.637499824025070
530.4580162458005 63.649500012632814
538.1737057623901 63.655499771199374
546.0016225672724 63.670499276764062
553.9433990439449 63.683001039950710
562.0006913194694 63.703999195545904
570.1751796098309 63.727500541384828
578.4685685703187 63.752498699572939
586.8825876510039 63.785998358249188
595.4189914573883 63.822999962971338
604.0795601162986 63.857498247778821
612.8660996471021 63.879000217985023
621.780442338323 63.898500782553427
630.8244471297356 63.914500511645841
640.0000000000159 63.925000000000011
649.3090143600314 63.931000006082186
658.7534314518515 63.935000315191289
668.3352207535618 63.942000056772336
678.0563803899662 63.944499903581573
687.9189375492632 63.942000015829549
697.9249489057827 63.931000056169943
708.0765010488715 63.926001070201480
718.3757109180171 63.947999382543337
728.8247262443015 63.953499855904269
739.425725998274 63.954999961229831
750.1809208443404 63.962499944800797
761.0925536017613 63.966499836364285
772.1628997123541 63.976999904876223
783.3942677149998 63.990000352411151
794.7889997270506 64.004999999640702
806.34947193274 64.019000663900613
818.0780950786972 64.035500151819079
829.9773149766683 64.054500626144289
842.0496130135506 64.078499230706967
854.2975066688449 64.111000856203887
866.7235500396347 64.131999239625998
879.3303343732008 64.152001006518233
892.1204886073838 64.190502033197106
905.0966799188055 64.244498668075479
918.2616142790653 64.283998842690707
931.6180370190256 64.326500187130335
945.1687334013056 64.394998652349614
958.9165292011028 64.461997705591642
972.8642912954606 64.538001873216515
987.0149282611097 64.628999538672957
1001.3713909810035 64.705001637363807
1015.9366732596762 64.765998631665539
1030.7138124475518 64.829499194046122
1045.7058900743334 64.908999417083081
1060.916032491606 64.947999877874850
1076.3474115247852 64.889998922297139
1092.0032451345498 64.849001396668143
1107.8867980878947 64.939498849594202
1124.0013826389438 65.064002445762412
1140.350359219667 65.168502284781752
1156.9371371406426 65.274000872001949
1173.765175302013 65.381000965172447
1190.837982914782 65.474999905932734
1208.1591202326028 65.574000578140044
1225.73219929421 65.658501095453062
1243.5608846766518 65.756499366106439
1261.648894259477 65.855999418333596
1280.0000000000375 65.958000000000197
1298.6180287200684 66.059500150526048
1317.5068629037087 66.158499281458376
1336.6704415071292 66.266002293484547
1356.112760779938 66.366998757330336
1375.8378750985323 66.459999411110942
1395.8498978115715 66.547499553193717
1416.153002097749 66.635500006874366
1436.7514218360407 66.703001029459188
1457.6494524886093 66.754000853671556
1478.8514519965543 66.794000914037014
1500.3618416886875 66.837499679859505
1522.1851072035295 66.892500426083302
1544.3257994247153 66.980499202808133
1566.788535430007 67.093997652642372
1589.5779994541087 67.218499997017702
1612.6989438654878 67.349999680736630
1636.156190157402 67.476501150580532
1659.9546299533442 67.620497760968163
1684.099226027109 67.763001310248598
1708.5950133376978 67.905000079966072
1733.4471000792773 68.054000573548649
1758.6606687464096 68.198498101604514
1784.2409772147755 68.344999869506040
1810.193359837619 68.504502138799367
1836.5232285581387 68.661001347580083
1863.2360740380593 68.818500438458727
1890.3374668026197 68.978996842366627
1917.833058402214 69.142000344392187
1945.7285825909298 69.306497538579293
1974.0298565222283 69.470999166033238
2002.7427819620161 69.635998747039068
2031.8733465193618 69.800501922827777
2061.4276248951132 69.964497918551800
2091.411780148677 70.126998808503203
2121.832064983222 70.285500329516708
2152.694823049581 70.441999102720388
2184.0064902691106 70.594997509299105
2215.7735961758003 70.737998182174564
2248.002765277899 70.875498998594793
2280.7007184393456 71.004998884882724
2313.874274281297 71.118000778282138
2347.530350604038 71.213500790620017
2381.6759658295764 71.290499922944917
2416.318240465218 71.340000106049359
2451.4643985884327 71.355499681424362
2487.1217693533167 71.327000184346588
2523.2977885189675 71.248000461825569
2560.0000000000887 71.112499999999514
2597.236057440151 70.911499584912889
2635.0137258074315 70.638501981432881
2673.340883014273 70.328000947740975
2712.225521559891 69.975504337151563
2751.6757501970797 69.623002232079330
2791.699795623158 69.308501605949346
2832.3060041955137 69.021499976576735
2873.502843672097 68.791500872767870
2915.2989049772345 68.594500447877422
2957.7029039931244 68.435500359991821
3000.723683377391 68.310500919965278
3044.370214407075 68.209999615072434
3088.6515988494466 68.130500720190355
3133.57707086003 68.065999904388178
3179.1559989082334 68.004500001473133
3225.3978877309914 67.969000086188956
3272.3123803148205 67.939499800242231
3319.9092599067053 67.914499919265239
3368.198452054235 67.899499916956074
3417.190026675413 67.890499995169833
3466.8942001585724 67.881500017861740
3517.3213374928373 67.886000065966812
3568.4819544295697 67.895999991092737
3620.386719675257 67.906499943292374
3673.0464571162966 67.938500333686505
3726.472148076138 67.977500127032457
3780.6749336052594 68.023999943040877
3835.6661168044484 68.083000150739736
3891.45716518188 68.155000245133266
3948.059713044477 68.238999574152189
4005.4855639240527 68.337999248223468
4063.746693038744 68.451999399365207
4122.855249790247 68.583000622715772
4182.823560297375 68.732498903841275
4243.664129966465 68.895500376891377
4305.389646099183 69.074498973718590
4368.012980538242 69.273499938155481
4431.5471923516225 69.487500684859867
4496.00553055582 69.717001979564799
4561.401436878714 69.961001659333164
4627.748548562617 70.212998285370759
4695.060701208099 70.469998859200160
4763.351931659176 70.731999737808849
4832.63648093046 70.970998209459182
4902.928797176889 71.209499311823365
4974.243538706657 71.430998567251279
5046.595577037959 71.624998865896785
5120.000000000202 71.802500000000435
5194.472114880326 71.959000187019782
5270.027451614888 72.082000530237295
5346.6817660285715 72.171999725296089
5424.451043119808 72.235000012842875
5503.351500394186 72.258499851196603
5583.399591246343 72.276499967239118
5664.612008391055 72.271999996944771
5747.005687344222 72.242000113839268
5830.597809954497 72.203500087529335
5915.405807986278 72.160000098488311
6001.447366754812 72.122499901266565
6088.740428814181 72.098999997579028
6177.303197698925 72.098500069309381
6267.154141720092 72.130000093279861
6358.3119978165005 72.189999998562826
6450.795775462017 72.286999764497821
6544.624760629676 72.458499562480569
6639.818519813445 72.804002185198215
6736.396904108505 73.209999596890128
6834.380053350861 73.593000212793783
6933.788400317181 73.989497608121624
7034.642674985712 74.392998699672148
7136.963908859177 74.778999656176552
7240.773439350552 75.092500727940291
7346.092914232631 75.266999857895883
7452.944296152315 75.248499442696243
7561.349867210557 75.044500249885118
7671.332233608935 74.664998911333754
7782.914330363799 74.145003120644049
7896.119426088994 73.541003062075418
8010.971127848146 72.905499309860062
8127.49338607753 72.276498060108850
8245.710499580537 71.682502514415418
8365.647120594791 71.149499536177700
8487.328259932974 70.681499100927653
8610.77929219841 70.254499086639385
8736.025961076528 69.863000121667895
8863.094384703289 69.487501818255552
8992.011061111683 69.029499705870350
9122.802873757471 68.400000607603459
9255.497097125279 67.575499275297545
9390.121402416245 66.570996657408074
9526.7038633184 65.436501135318991
9665.272961860968 64.413500281565348
9805.857594353829 63.968501606418009
9948.487077413367 64.354000537919774
10093.19115407597 65.359501275141866
10240.000000000457 66.574500000003425
10388.944229760706 67.692501404920179
10540.05490322983 68.616499408278429
10693.363532057198 69.378501913899427
10848.902086239672 69.938000151929515
11006.703000788428 70.216000000123117
11166.799182492743 70.240999841579338
11329.224016782166 70.099999978562479
11494.0113746885 69.889500798772190
11661.195619909053 69.645999000423743
11830.811615972614 69.372500619227367
12002.894733509682 69.058500486265118
12177.48085762842 68.688997603253796
12354.606395397908 68.193998318981869
12534.308283440243 67.430003046424673
12716.62399563306 66.279500027557617
12901.591550924093 64.808503571378068
13089.249521259411 63.240004001452718
13279.637039626952 61.784999748378489
13472.793808217073 60.558501217774975
13668.760106701786 59.619499671549747
13867.576800634426 59.007500613688620
14069.285349971487 58.747500088928120
14273.927817718419 58.799499953682059
14481.54687870117 58.922499928138770
14692.18582846533 58.631000237384129
14905.888592304698 57.669001835270819
15122.699734421185 56.343001624260339
15342.664467217943 55.005496679552543
15565.828660727671 53.419502411157268
15792.238852178061 51.175501465096204
16021.942255696367 48.376496812079267
16254.986772155136 45.470991775056639
16491.42099916115 42.952510660866537
16731.294241189662 40.644507301089561
16974.65651986603 38.157495325684238
17221.558584396902 35.937503736847589
17472.051922153143 36.739496549086290
17726.188769406665 39.386497598212941
17984.022122223458 41.179502621255629
18245.605747515034 41.790499138096905
18510.99419425065 41.484498870560259
18780.242804832582 39.918991480735471
19053.40772663689 37.027502893586416
19330.545923722028 33.724012829245531
19611.71518870775 31.560000893394850
19896.974154826825 32.910495998715660
20186.382308152035 32.910499999999999
