20 73.806000000000012
20.290906698750476 73.813757537825140
20.586044732869844 73.819244154288768
20.885475648548283 73.826161098466130
21.189261887185914 73.834213624612886
21.49746679841394 73.842314842249436
21.810154653305165 73.849652334037899
22.12739065777668 73.853933144899983
22.449240966187475 73.857574476023927
22.77577269513385 73.861762865795129
23.107053937445478 73.867641085885865
23.44315377638505 73.874363085984072
23.784142300054445 73.878420711500269
24.130090616010463 73.877114997423135
24.481070866093134 73.868115193776021
24.837156241469714 73.857342514702538
25.1984209978975 73.853744078742125
25.56494047120865 73.860685283133535
25.936791093020236 73.875313634885188
26.3140504066728 73.887830580846455
26.69679708340074 73.883358098435224
27.08511093873791 73.863850794683600
27.47907294916184 73.837860277955173
27.878765268980047 73.821985498516824
28.284271247461966 73.825322509939085
28.695675446220072 73.835391886155492
29.11306365684382 73.840286472235761
29.536522918790062 73.829356468654453
29.966141537533712 73.810023630810974
30.402009102982383 73.803566969876186
30.844216508158908 73.822874031465403
31.29285596815558 73.852276707890297
31.74802103936409 73.875176778456478
32.20980663898519 73.886388259750873
32.67830906482211 73.891318017842693
33.153626015361866 73.899955154445493
33.63585661014871 73.913124702033414
34.125101410453844 73.920999594358193
34.62146244024586 73.915248814591394
35.12504320746613 73.895497753211771
35.635948725613716 73.868386871365630
36.15428553564419 73.840285723217789
36.68016172818701 73.816694339513447
37.21368696608603 73.801653634610446
37.754972507267915 73.795225139284895
38.30413122794313 73.792479348860283
38.86127764614443 73.788484039403244
39.4265279456077 73.781418401827892
40.000000000000206 73.770499999999998
40.58181339750116 73.756439462691930
41.1720894657399 73.739790822849926
41.77095129709678 73.721395640491664
42.37852377437204 73.703970744345455
42.9949335968281 73.688539064873538
43.62030930661056 73.674293054135987
44.25478131555359 73.660611867364040
44.89848193237519 73.649191973433659
45.55154539026795 73.641815909583471
46.21410787489121 73.639511755768254
46.88630755277036 73.640801435416535
47.56828460010916 73.647377943604340
48.260181232021196 73.655800901160092
48.962141732186545 73.657812756887353
49.674312482939705 73.658185778493277
50.39684199579528 73.660488159344425
51.129880942417586 73.657523037177128
51.873582186040764 73.642359926578990
52.628100813345895 73.628951433797482
53.393594166801776 73.631641909867170
54.17022187747612 73.638764444534701
54.95814589832399 73.622310423260444
55.75753053796041 73.588759595827497
56.56854249492426 73.562080810142120
57.39135089244048 73.533954613409946
58.226127313687975 73.498258952599826
59.073045837580466 73.458870349847103
59.932283075067765 73.427937809297561
60.804018205965114 73.397819135989948
61.68843301631817 73.356270793727305
62.58571193631152 73.307768011258275
63.49604207872855 73.263674148535955
64.41961327797075 73.223037015769279
65.35661812964459 73.181987111360456
66.3072520307241 73.141709918771028
67.27171322029778 73.104490037289565
68.25020282090806 73.071493915372770
69.2429248804921 73.042076640905975
70.25008641493265 73.013747666796817
71.27189745122783 72.987518256072988
72.30857107128878 72.965482864109873
73.36032345637442 72.943712560503400
74.42737393217246 72.918101964729601
75.50994501453623 72.890538865144379
76.60826245588666 72.860280990148937
77.72255529228926 72.824111396802806
78.85305589121582 72.781466300752470
80.00000000000082 72.737499999999955
81.16362679500274 72.688530583286763
82.34417893148023 72.640792759399233
83.541902594194 72.597632762514451
84.75704754874454 72.562978748230350
85.98986719365665 72.534227932462557
87.24061861322157 72.509087853922523
88.50956263110764 72.490786434571930
89.79696386475084 72.462034473687225
91.10309078053635 72.428543794620396
92.42821574978288 72.391043085483687
93.77261510554118 72.346905905187697
95.13656920021877 72.295037218334301
96.52036246404286 72.239562193808581
97.92428346437356 72.181723216019577
99.34862496587989 72.119311949815284
100.79368399159105 72.053755097717342
102.25976188483567 71.983511905758220
103.74716437208203 71.907540770540336
105.25620162669229 71.824803585361366
106.78718833360406 71.735793492206170
108.34044375495276 71.644193966376108
109.9162917966485 71.549949740390360
111.51506107592134 71.452942678329521
113.13708498984903 71.355275014317371
114.78270178488147 71.254490631248530
116.45225462737648 71.148253612097477
118.14609167516147 71.038779277213706
119.86456615013608 70.924434541498286
121.60803641193078 70.814657768483087
123.3768660326369 70.702159273760117
125.17142387262359 70.586086013442966
126.99208415745765 70.471154810290102
128.83922655594208 70.364640882043062
130.71323625928977 70.265586083437540
132.61450406144883 70.184950374095081
134.5434264405962 70.134120316611359
136.50040564181674 70.116252636671817
138.48584976098482 70.139239405986842
140.50017282986593 70.204675020110187
142.5437949024563 70.303450086952054
144.61714214257822 70.437487093373548
146.7206469127495 70.601995882402520
148.8547478643456 70.775318375303470
151.01989002907314 70.941820148075820
153.216524911774 71.084615990429896
155.4451105845792 71.189017985783636
157.70611178243232 71.245489336555679
160.00000000000236 71.256499999999960
162.3272535900062 71.224383900457909
164.6883578629612 71.162038994554877
167.08380518838874 71.077232730104981
169.51409509748981 70.978213643944429
171.97973438731407 70.869307899448330
174.4812372264439 70.754863087583573
177.01912526221608 70.636504937728290
179.5939277295025 70.517679324442895
182.20618156107355 70.398398120815045
184.85643149956664 70.278489296219590
187.54523021108326 70.159537008838981
190.27313840043846 70.041473559501497
193.04072492808663 69.925330277948447
195.84856692874806 69.810717896078586
198.69724993176072 69.697067802674979
201.58736798318304 69.587002823291698
204.5195237696723 69.479543890330177
207.49432874416505 69.373449439163522
210.5124032533856 69.269078289384879
213.57437666720915 69.165364787481678
216.68088750990657 69.063200934050570
219.83258359329807 68.961815470912796
223.03012215184378 68.856127203720177
226.2741699796992 68.746678220690228
229.5654035697641 68.632210875058263
232.90450925475412 68.514858091207827
236.2921833503241 68.395627491063493
239.72913230027333 68.273615803340306
243.21607282386276 68.148883432958840
246.75373206527502 68.024180944699054
250.34284774524843 67.899300320693399
253.9841683149166 67.775040256253476
257.67845311188546 67.650352207473873
261.42647251858085 67.526426406886827
265.22900812289896 67.404629756313028
269.08685288119375 67.289068119326572
273.0008112836349 67.181103602394131
276.97169952197106 67.078314824151960
281.00034565973334 66.982592430051852
285.0875898049141 66.893274480843189
289.23428428515797 66.811584599582389
293.44129382550057 66.732836064228238
297.7094957286928 66.654416228164919
302.0397800581479 66.573234233880640
306.4330498235497 66.486027986921158
310.89022116916016 66.392319077801488
315.41222356486645 66.289065412086728
320.00000000000654 66.178499999999843
324.6545071800142 66.060740968345641
329.3767157259242 65.940831420561523
334.16761037677935 65.817475652279100
339.02819019498156 65.688850140813500
343.95946877463007 65.557678130594837
348.9624744528898 65.424598179553129
354.03825052443415 65.289582536050062
359.187855459007 65.155534543611722
364.4123631221491 65.024190921946271
369.71286299913527 64.894977429121013
375.0904604221685 64.770529255088462
380.54627680087896 64.651670398266560
386.08144985617537 64.539595437833356
391.6971338574982 64.444878003949555
397.3944998635236 64.360829301719605
403.1747359663683 64.300750182955341
409.0390475393468 64.263837301919395
414.9886574883323 64.251499999999993
421.0248065067734 64.262086822773711
427.1487533344206 64.288534394450778
433.3617750198154 64.327926054308676
439.6651671865984 64.374179122984245
446.06024430368984 64.421250023100527
452.54833995940066 64.463790039756404
459.13080713953053 64.497973805086360
465.8090185095106 64.522927055528527
472.58436670065066 64.536376550050974
479.45826460054917 64.536815525285320
486.432145647728 64.523476421315905
493.50746413055253 64.495505324611315
500.6856954904994 64.458600106897791
507.9683366298358 64.417180085417812
515.3569062237735 64.369103629640364
522.8529450371643 64.320022038554896
530.4580162458005 64.280467552909272
538.1737057623901 64.246392029831640
546.0016225672724 64.219924399112728
553.9433990439449 64.202435138515810
562.0006913194694 64.195599861736099
570.1751796098309 64.194148902668360
578.4685685703187 64.201198283284768
586.8825876510039 64.216953434067108
595.4189914573883 64.239756974372170
604.0795601162986 64.267778460407044
612.8660996471021 64.296098298941303
621.780442338323 64.316060884676659
630.8244471297356 64.327912223564880
640.0000000000159 64.332499999999982
649.3090143600314 64.326914591383982
658.7534314518515 64.313369852822220
668.3352207535618 64.293162514342157
678.0563803899662 64.269359049025084
687.9189375492632 64.243910762371911
697.9249489057827 64.219083875180829
708.0765010488715 64.197039347797372
718.3757109180171 64.180017648077069
728.8247262443015 64.168675273755696
739.425725998274 64.164672282200513
750.1809208443404 64.168150767370292
761.0925536017613 64.177243794668129
772.1628997123541 64.193244349568531
783.3942677149998 64.213319966078274
794.7889997270506 64.236143749431363
806.34947193274 64.261021750518125
818.0780950786972 64.289162783472023
829.9773149766683 64.320974768972945
842.0496130135506 64.355817572916209
854.2975066688449 64.394504085007355
866.7235500396347 64.439394200158532
879.3303343732008 64.492203021398069
892.1204886073838 64.556925337720372
905.0966799188055 64.630580079512839
918.2616142790653 64.690062348881924
931.6180370190256 64.612520303682743
945.1687334013056 64.343664728893060
958.9165292011028 64.214725860548668
972.8642912954606 64.328000060104955
987.0149282611097 64.472073507861950
1001.3713909810035 64.591554023834334
1015.9366732596762 64.692120039558063
1030.7138124475518 64.780323995254747
1045.7058900743334 64.860349304760604
1060.916032491606 64.939263368956347
1076.3474115247852 65.019551453646372
1092.0032451345498 65.101955246829561
1107.8867980878947 65.189483860297386
1124.0013826389438 65.281563006443207
1140.350359219667 65.368066274659270
1156.9371371406426 65.437464655576775
1173.765175302013 65.492368409865776
1190.837982914782 65.469986051255660
1208.1591202326028 65.404836583595937
1225.73219929421 65.248549267870374
1243.5608846766518 65.113524602421137
1261.648894259477 65.138106240482216
1280.0000000000375 65.267500000000354
1298.6180287200684 65.441711554452070
1317.5068629037087 65.617561766133377
1336.6704415071292 65.782949035923636
1356.112760779938 65.940402086239502
1375.8378750985323 66.090680010116458
1395.8498978115715 66.238496748915054
1416.153002097749 66.386647698611938
1436.7514218360407 66.537291736040800
1457.6494524886093 66.693441817012967
1478.8514519965543 66.856657557892575
1500.3618416886875 67.027967101847224
1522.1851072035295 67.206917879068939
1544.3257994247153 67.393109747144592
1566.788535430007 67.585045633989452
1589.5779994541087 67.780579235316253
1612.6989438654878 67.978195001733951
1636.156190157402 68.177381368731616
1659.9546299533442 68.379114354603416
1684.099226027109 68.583797467668802
1708.5950133376978 68.791229513637191
1733.4471000792773 69.002462466670679
1758.6606687464096 69.214383550595201
1784.2409772147755 69.424482276351085
1810.193359837619 69.630192737946416
1836.5232285581387 69.828389103903248
1863.2360740380593 70.016240581978053
1890.3374668026197 70.193546288864667
1917.833058402214 70.361285028077191
1945.7285825909298 70.521738349116490
1974.0298565222283 70.676722419480910
2002.7427819620161 70.827896761940877
2031.8733465193618 70.975304287712831
2061.4276248951132 71.122042949482562
2091.411780148677 71.269729485375365
2121.832064983222 71.414656507045720
2152.694823049581 71.559530927180546
2184.0064902691106 71.704629368467721
2215.7735961758003 71.846403823173517
2248.002765277899 71.986878373009773
2280.7007184393456 72.122981219064698
2313.874274281297 72.253915955982990
2347.530350604038 72.380570124724869
2381.6759658295764 72.500740182966297
2416.318240465218 72.614630486791015
2451.4643985884327 72.718136926012335
2487.1217693533167 72.814445874673510
2523.2977885189675 72.899628801811190
2560.0000000000887 72.973500000000172
2597.236057440151 73.034992283288219
2635.0137258074315 73.084515098388181
2673.340883014273 73.119089184336062
2712.225521559891 73.141631059342615
2751.6757501970797 73.148959468774635
2791.699795623158 73.144056288320655
2832.3060041955137 73.125700877818332
2873.502843672097 73.096992639752159
2915.2989049772345 73.057865226425491
2957.7029039931244 73.008755137689150
3000.723683377391 72.951432567018344
3044.370214407075 72.886653330762243
3088.6515988494466 72.815724861898417
3133.57707086003 72.740713692923691
3179.1559989082334 72.664017921834159
3225.3978877309914 72.588109400753098
3272.3123803148205 72.514138934315184
3319.9092599067053 72.443029758333410
3368.198452054235 72.377251934932218
3417.190026675413 72.318590970657056
3466.8942001585724 72.266112625846176
3517.3213374928373 72.220489356755593
3568.4819544295697 72.185389383696617
3620.386719675257 72.162883984097419
3673.0464571162966 72.152617212573034
3726.472148076138 72.156823872576751
3780.6749336052594 72.176680146796798
3835.6661168044484 72.207562909939426
3891.45716518188 72.258139310829620
3948.059713044477 72.321817177175035
4005.4855639240527 72.408465441128698
4063.746693038744 72.515555390033299
4122.855249790247 72.643638124475615
4182.823560297375 72.794607651711033
4243.664129966465 72.969307001760853
4305.389646099183 73.168439510590673
4368.012980538242 73.393797054451113
4431.5471923516225 73.648068015011518
4496.00553055582 73.926090770672459
4561.401436878714 74.230541285366314
4627.748548562617 74.555065599003200
4695.060701208099 74.895309576161310
4763.351931659176 75.241973545474622
4832.63648093046 75.583012365945237
4902.928797176889 75.894624919672339
4974.243538706657 76.161718314909422
5046.595577037959 76.332119372807256
5120.000000000202 76.382642857142798
5194.472114880326 76.334475096607719
5270.027451614888 76.308373284274069
5346.6817660285715 76.223931626336963
5424.451043119808 76.010373871433245
5503.351500394186 75.685610151828570
5583.399591246343 75.287077094862497
5664.612008391055 74.842111113261822
5747.005687344222 74.377302610574645
5830.597809954497 73.906294110951620
5915.405807986278 73.443468205030399
6001.447366754812 73.002688330210162
6088.740428814181 72.595541019367801
6177.303197698925 72.227687666018426
6267.154141720092 71.905033625237678
6358.3119978165005 71.630851726146545
6450.795775462017 71.403527146124731
6544.624760629676 71.228724116236592
6639.818519813445 71.108362424766966
6736.396904108505 71.043944897808530
6834.380053350861 71.037704918939568
6933.788400317181 71.094112632310839
7034.642674985712 71.212522932852920
7136.963908859177 71.392048306325762
7240.773439350552 71.632826411098449
7346.092914232631 71.927891994696040
7452.944296152315 72.268598670629501
7561.349867210557 72.641235784130373
7671.332233608935 73.015211780903130
7782.914330363799 73.356425168114413
7896.119426088994 73.622649282611235
8010.971127848146 73.748340114024245
8127.49338607753 73.690745116354890
8245.710499580537 73.434304916294536
8365.647120594791 72.986875331592813
8487.328259932974 72.409274732826745
8610.77929219841 71.747907080976105
8736.025961076528 71.049147125364328
8863.094384703289 70.349190959797838
8992.011061111683 69.676675631200723
9122.802873757471 69.080043124827881
9255.497097125279 68.589854415874214
9390.121402416245 68.215425885207765
9526.7038633184 67.967124355475320
9665.272961860968 67.850726520193092
9805.857594353829 67.871459663653127
9948.487077413367 68.038645129022271
10093.19115407597 68.379533124987901
10240.000000000457 68.884200000001783
10388.944229760706 69.539167433399925
10540.05490322983 70.265515594374307
10693.363532057198 70.907169304082117
10848.902086239672 71.253028795561164
11006.703000788428 71.154776561268079
11166.799182492743 70.619510602664633
11329.224016782166 69.584841594987850
11494.0113746885 68.222599144428642
11661.195619909053 66.624586524644371
11830.811615972614 65.071359354684304
12002.894733509682 63.671529379334700
12177.48085762842 62.421556551855701
12354.606395397908 61.425450261359536
12534.308283440243 60.595202960719106
12716.62399563306 59.991559371761625
12901.591550924093 59.643203438659640
13089.249521259411 59.414528797665319
13279.637039626952 59.386069520163119
13472.793808217073 59.598442436845389
13668.760106701786 60.052250535577116
13867.576800634426 60.754059764713759
14069.285349971487 61.638519756369128
14273.927817718419 62.577828683327539
14481.54687870117 63.191761377263937
14692.18582846533 62.973324211805469
14905.888592304698 61.925367173341655
15122.699734421185 60.272539913722639
15342.664467217943 58.359728411351568
15565.828660727671 56.504971449543220
15792.238852178061 54.879553154479360
16021.942255696367 53.532858379300549
16254.986772155136 52.539691428857964
16491.42099916115 52.335412256724766
16731.294241189662 52.266013143361171
16974.65651986603 52.481612702508443
17221.558584396902 53.063941398342607
17472.051922153143 53.806985012591099
17726.188769406665 54.188712043000358
17984.022122223458 53.787059073886603
18245.605747515034 52.968123127486678
18510.99419425065 51.821611467806697
18780.242804832582 49.660397272506479
19053.40772663689 47.893268062212861
19330.545923722028 46.457772897310804
19611.71518870775 45.033481055172032
19896.974154826825 44.495000000000005
20186.382308152035 44.495000000000005
