20 66.945999999999998
20.290906698750476 66.975490541625902
20.586044732869844 67.004003889814769
20.885475648548283 67.030032074984348
21.189261887185914 67.050512754246057
21.49746679841394 67.065516405056087
21.810154653305165 67.076504878653154
22.12739065777668 67.086519411566542
22.449240966187475 67.102517685591749
22.77577269513385 67.126483317074047
23.107053937445478 67.157005217163629
23.44315377638505 67.189512401321366
23.784142300054445 67.217007608528931
24.130090616010463 67.235502323487452
24.481070866093134 67.244500895779268
24.837156241469714 67.249002380410190
25.1984209978975 67.254511471332364
25.56494047120865 67.264498377962084
25.936791093020236 67.276992980276219
26.3140504066728 67.289501052880894
26.69679708340074 67.297495761533170
27.08511093873791 67.301501126281607
27.47907294916184 67.305501003050978
27.878765268980047 67.310996772448476
28.284271247461966 67.319005266941019
28.695675446220072 67.326993697984861
29.11306365684382 67.331000225201109
29.536522918790062 67.332498312212707
29.966141537533712 67.332000162313690
30.402009102982383 67.332500000000010
30.844216508158908 67.332499276698798
31.29285596815558 67.331000481175423
31.74802103936409 67.326999749531382
32.20980663898519 67.321502301916837
32.67830906482211 67.315996428872850
33.153626015361866 67.310504321251074
33.63585661014871 67.305001636191250
34.125101410453844 67.296497750977835
34.62146244024586 67.285488989517958
35.12504320746613 67.273499027620630
35.635948725613716 67.262001153924544
36.15428553564419 67.250994028722275
36.68016172818701 67.239996214227830
37.21368696608603 67.227507327572880
37.754972507267915 67.213500711457016
38.30413122794313 67.199996701631591
38.86127764614443 67.185992641886628
39.4265279456077 67.171012510275418
40.000000000000206 67.153999999999996
40.58181339750116 67.134506252145584
41.1720894657399 67.115497162188547
41.77095129709678 67.096501544833330
42.37852377437204 67.076016056949641
42.9949335968281 67.055002263744498
43.62030930661056 67.034489527413967
44.25478131555359 67.013007404276522
44.89848193237519 66.988480103709293
45.55154539026795 66.961518768291683
46.21410787489121 66.937496468381539
46.88630755277036 66.915489177028604
47.56828460010916 66.891488073116818
48.260181232021196 66.862492384124465
48.962141732186545 66.832994426262331
49.674312482939705 66.804987033902904
50.39684199579528 66.775006556191073
51.129880942417586 66.742005360027576
51.873582186040764 66.707519374437624
52.628100813345895 66.673495591061240
53.393594166801776 66.640017748579822
54.17022187747612 66.605490285821162
54.95814589832399 66.570993616948329
55.75753053796041 66.536020538964237
56.56854249492426 66.498021436735996
57.39135089244048 66.455984241357470
58.226127313687975 66.418494814259475
59.073045837580466 66.383997838856800
59.932283075067765 66.343486203336710
60.804018205965114 66.300999186498160
61.68843301631817 66.261481194168823
62.58571193631152 66.222512510561074
63.49604207872855 66.180998019020905
64.41961327797075 66.137518206069558
65.35661812964459 66.091018950876759
66.3072520307241 66.042487202584994
67.27171322029778 65.993514561870882
68.25020282090806 65.942490093842864
69.2429248804921 65.894003668978982
70.25008641493265 65.841995391767298
71.27189745122783 65.787505468598908
72.30857107128878 65.734022128916152
73.36032345637442 65.677982872272580
74.42737393217246 65.621478938261760
75.50994501453623 65.560503097057534
76.60826245588666 65.498985523733609
77.72255529228926 65.437524528721269
78.85305589121582 65.378497051945459
80.00000000000082 65.317999999999955
81.16362679500274 65.256019878616698
82.34417893148023 65.195490366376902
83.541902594194 65.131005244302571
84.75704754874454 65.064997609065557
85.98986719365665 65.003006678015637
87.24061861322157 64.934021035721599
88.50956263110764 64.867522919646447
89.79696386475084 64.804501768858358
91.10309078053635 64.736996403035363
92.42821574978288 64.684493262832063
93.77261510554118 64.642512019009132
95.13656920021877 64.604512001753434
96.52036246404286 64.566490964215461
97.92428346437356 64.531490153342816
99.34862496587989 64.482013027501011
100.79368399159105 64.439009403710429
102.25976188483567 64.395007146703435
103.74716437208203 64.350993573258563
105.25620162669229 64.291992954259939
106.78718833360406 64.238492299302081
108.34044375495276 64.174981979494305
109.9162917966485 64.110986769695415
111.51506107592134 64.038496799350611
113.13708498984903 63.953495946717403
114.78270178488147 63.875014222288470
116.45225462737648 63.793986922915138
118.14609167516147 63.706994933600740
119.86456615013608 63.612023976577703
121.60803641193078 63.526998116624270
123.3768660326369 63.435506929346360
125.17142387262359 63.338975792008313
126.99208415745765 63.234995306866196
128.83922655594208 63.131987547885785
130.71323625928977 63.028986460429763
132.61450406144883 62.920028421294475
134.5434264405962 62.803975376705480
136.50040564181674 62.690976000547096
138.48584976098482 62.573508888763484
140.50017282986593 62.465489937987257
142.5437949024563 62.346511940610426
144.61714214257822 62.235492332137540
146.7206469127495 62.122019047244741
148.8547478643456 62.010013232986552
151.01989002907314 61.934003860411295
153.216524911774 61.889509622861198
155.4451105845792 61.884000904827388
157.70611178243232 61.902502655685510
160.00000000000236 61.957000000000065
162.3272535900062 62.024010364860487
164.6883578629612 62.120519715321734
167.08380518838874 62.252489267473834
169.51409509748981 62.450005051813129
171.97973438731407 62.580985889999241
174.4812372264439 62.674511636994595
177.01912526221608 62.799004013255470
179.5939277295025 62.881497684537457
182.20618156107355 62.938502432233250
184.85643149956664 62.974002567494637
187.54523021108326 62.989998396623690
190.27313840043846 62.970998999996837
193.04072492808663 62.951001987513820
195.84856692874806 62.915505475081716
198.69724993176072 62.853493773326377
201.58736798318304 62.781491468511270
204.5195237696723 62.713511041139540
207.49432874416505 62.636991830413393
210.5124032533856 62.561989530161938
213.57437666720915 62.482489877144523
216.68088750990657 62.399003023148637
219.83258359329807 62.316010965024191
223.03012215184378 62.228497232379624
226.2741699796992 62.154995816361094
229.5654035697641 62.073990091999804
232.90450925475412 61.992012048236575
236.2921833503241 61.908995438913962
239.72913230027333 61.823496907808355
243.21607282386276 61.741998404791019
246.75373206527502 61.664505869118479
250.34284774524843 61.592503054428008
253.9841683149166 61.531497721779687
257.67845311188546 61.481495285121795
261.42647251858085 61.442496893777403
265.22900812289896 61.417499976839842
269.08685288119375 61.406500419467825
273.0008112836349 61.409999831244946
276.97169952197106 61.418999318987090
281.00034565973334 61.409499408116893
285.0875898049141 61.402500702388849
289.23428428515797 61.385998107919079
293.44129382550057 61.357997281305394
297.7094957286928 61.318504665897549
302.0397800581479 61.268502539744247
306.4330498235497 61.212499346044950
310.89022116916016 61.153997114334267
315.41222356486645 61.094997051945413
320.00000000000654 61.034499999999909
324.6545071800142 60.972006616809693
329.3767157259242 60.910003732527045
334.16761037677935 60.854504513481267
339.02819019498156 60.800998052150362
343.95946877463007 60.750495877256910
348.9624744528898 60.706496167736702
354.03825052443415 60.665498102824671
359.187855459007 60.626501094582281
364.4123631221491 60.585496985969712
369.71286299913527 60.541501137151116
375.0904604221685 60.492995485229841
380.54627680087896 60.439497274499018
386.08144985617537 60.384995233895580
391.6971338574982 60.325498613971149
397.3944998635236 60.266505178668325
403.1747359663683 60.206002763673823
409.0390475393468 60.144499500637110
414.9886574883323 60.082003597811635
421.0248065067734 60.021001955448440
427.1487533344206 59.962502356292681
433.3617750198154 59.913001792454395
439.6651671865984 59.872999307201738
446.06024430368984 59.846499604625656
452.54833995940066 59.836000593883199
459.13080713953053 59.847499663087440
465.8090185095106 59.885500183046076
472.58436670065066 59.952505601333769
479.45826460054917 60.057505672179829
486.432145647728 60.207003726111488
493.50746413055253 60.388013188833085
500.6856954904994 60.591991346992884
507.9683366298358 60.793508883856809
515.3569062237735 60.988497525190937
522.8529450371643 61.151998801170805
530.4580162458005 61.284500222127008
538.1737057623901 61.389995976922265
546.0016225672724 61.488995226642814
553.9433990439449 61.577504283606508
562.0006913194694 61.663996686415253
570.1751796098309 61.749501613326792
578.4685685703187 61.823996124727358
586.8825876510039 61.902496152912263
595.4189914573883 61.984999917436099
604.0795601162986 62.067995784511353
612.8660996471021 62.151500894297527
621.780442338323 62.231503717128767
630.8244471297356 62.307503630249052
640.0000000000159 62.382000000000133
649.3090143600314 62.458000123924457
658.7534314518515 62.539503962404808
668.3352207535618 62.627502089222062
678.0563803899662 62.719503586765370
687.9189375492632 62.812499411140777
697.9249489057827 62.905499525108709
708.0765010488715 62.998504597001784
718.3757109180171 63.092997347742973
728.8247262443015 63.185997563472107
739.425725998274 63.278997596249354
750.1809208443404 63.371499319209811
761.0925536017613 63.461996297741877
772.1628997123541 63.550999193712691
783.3942677149998 63.640002079225752
794.7889997270506 63.728499997880121
806.34947193274 63.818003540803232
818.0780950786972 63.906000687181105
829.9773149766683 63.992002348041098
842.0496130135506 64.081997115151125
854.2975066688449 64.177004016003963
866.7235500396347 64.275496433483866
879.3303343732008 64.376002653548085
892.1204886073838 64.477503953438799
905.0966799188055 64.582497410146772
918.2616142790653 64.688496894309225
931.6180370190256 64.796000293671710
945.1687334013056 64.903497885074188
958.9165292011028 65.012496267305806
972.8642912954606 65.123002356959248
987.0149282611097 65.237499419539049
1001.3713909810035 65.357003341832694
1015.9366732596762 65.481497207251792
1030.7138124475518 65.608498388092244
1045.7058900743334 65.735999065133242
1060.916032491606 65.864000267411967
1076.3474115247852 65.991003298822207
1092.0032451345498 66.116501905950443
1107.8867980878947 66.239998430109225
1124.0013826389438 66.362502843637628
1140.350359219667 66.484002620460586
1156.9371371406426 66.605000986095661
1173.765175302013 66.726001247536729
1190.837982914782 66.847499878413061
1208.1591202326028 66.968000824448225
1225.73219929421 67.088501341371099
1243.5608846766518 67.208499223803813
1261.648894259477 67.328499298492773
1280.0000000000375 67.448500000000251
1298.6180287200684 67.568000181695595
1317.5068629037087 67.687499132669444
1336.6704415071292 67.806502713578254
1356.112760779938 67.925998529712629
1375.8378750985323 68.044499249641376
1395.8498978115715 68.162999394896616
1416.153002097749 68.281000011966483
1436.7514218360407 68.398502371793228
1457.6494524886093 68.516002496989302
1478.8514519965543 68.633002447938196
1500.3618416886875 68.749499142612251
1522.1851072035295 68.867500571338979
1544.3257994247153 68.985498931038194
1566.788535430007 69.103997549234549
1589.5779994541087 69.223499997137480
1612.6989438654878 69.343499708656992
1636.156190157402 69.464000974797386
1659.9546299533442 69.585998103042485
1684.099226027109 69.708001144160733
1708.5950133376978 69.832000066817301
1733.4471000792773 69.956500496149346
1758.6606687464096 70.081498357789371
1784.2409772147755 70.207499887766289
1810.193359837619 70.334001742472324
1836.5232285581387 70.461501086620132
1863.2360740380593 70.588500349674248
1890.3374668026197 70.716497481762801
1917.833058402214 70.843000263789747
1945.7285825909298 70.968998114656472
1974.0298565222283 71.093999366286653
2002.7427819620161 71.217499062177723
2031.8733465193618 71.339501395222612
2061.4276248951132 71.458498489680892
2091.411780148677 71.574999145788453
2121.832064983222 71.688500230556429
2152.694823049581 71.797999372190958
2184.0064902691106 71.903498282555930
2215.7735961758003 72.004998709725299
2248.002765277899 72.101499297195602
2280.7007184393456 72.192499216404059
2313.874274281297 72.278500647889331
2347.530350604038 72.358000764950532
2381.6759658295764 72.432499925446706
2416.318240465218 72.500500424197455
2451.4643985884327 72.562500614795113
2487.1217693533167 72.617499644243438
2523.2977885189675 72.665499719397133
2560.0000000000887 72.707000000000079
2597.236057440151 72.741000039532111
2635.0137258074315 72.766999811292109
2673.340883014273 72.783999948110790
2712.225521559891 72.790999913872170
2751.6757501970797 72.787500022162490
2791.699795623158 72.773000074042187
2832.3060041955137 72.745999995875465
2873.502843672097 72.705500153683033
2915.2989049772345 72.651000123905177
2957.7029039931244 72.584500150562619
3000.723683377391 72.503500596137499
3044.370214407075 72.408999489184183
3088.6515988494466 72.303500955724303
3133.57707086003 72.187999810331007
3179.1559989082334 72.066000002922294
3225.3978877309914 71.939000308337967
3272.3123803148205 71.809998981235381
3319.9092599067053 71.682499332592698
3368.198452054235 71.558498906588284
3417.190026675413 71.439999940696254
3466.8942001585724 71.329499605057251
3517.3213374928373 71.229999422790343
3568.4819544295697 71.142500077938521
3620.386719675257 71.068500399653800
3673.0464571162966 71.010999640645309
3726.472148076138 70.968999930337048
3780.6749336052594 70.943500031235658
3835.6661168044484 70.935000015702059
3891.45716518188 70.942500061283312
3948.059713044477 70.963499893538057
4005.4855639240527 70.996999745610978
4063.746693038744 71.037999783982229
4122.855249790247 71.082000164530257
4182.823560297375 71.121499710379467
4243.664129966465 71.147500004211082
4305.389646099183 71.149499988533165
4368.012980538242 71.117500009944848
4431.5471923516225 71.041499621014367
4496.00553055582 70.914498531552340
4561.401436878714 70.733498449313657
4627.748548562617 70.498001602361839
4695.060701208099 70.210001278406040
4763.351931659176 69.873000337245870
4832.63648093046 69.483002921802992
4902.928797176889 69.029501308545505
4974.243538706657 68.487003509102408
5046.595577037959 67.814503931362964
5120.000000000202 66.987499999997482
5194.472114880326 66.060998703025362
5270.027451614888 65.207996382603341
5346.6817660285715 64.594001874091148
5424.451043119808 64.319500066400394
5503.351500394186 64.440999230654796
5583.399591246343 64.821503214205364
5664.612008391055 65.263000042212923
5747.005687344222 65.677498427120668
5830.597809954497 66.052499147441580
5915.405807986278 66.402999206433236
6001.447366754812 66.749501495706568
6088.740428814181 67.105501815716707
6177.303197698925 67.480500877918686
6267.154141720092 67.879500663841668
6358.3119978165005 68.306499989772107
6450.795775462017 68.764498888041203
6544.624760629676 69.256998743566641
6639.818519813445 69.784503019448778
6736.396904108505 70.345499442993528
6834.380053350861 70.935000327375036
6933.788400317181 71.544996320187110
7034.642674985712 72.164998001974539
7136.963908859177 72.776499455315985
7240.773439350552 73.354002121247191
7346.092914232631 73.862499585902896
7452.944296152315 74.262500704825356
7561.349867210557 74.520499683968836
7671.332233608935 74.617499872291077
7782.914330363799 74.556500366075554
7896.119426088994 74.360000996188447
8010.971127848146 74.060499600069946
8127.49338607753 73.695998804713540
8245.710499580537 73.330001549286266
8365.647120594791 73.055999757682571
8487.328259932974 72.811499427288808
8610.77929219841 72.539499671050208
8736.025961076528 72.398500043819084
8863.094384703289 72.462999687676472
8992.011061111683 72.618000067750273
9122.802873757471 72.762999860043692
9255.497097125279 72.890000094510725
9390.121402416245 73.021000434581140
9526.7038633184 73.168499852393509
9665.272961860968 73.330499955411938
9805.857594353829 73.492000575060160
9948.487077413367 73.630000044670609
10093.19115407597 73.713500004197996
10240.000000000457 73.717499999999774
10388.944229760706 73.644999793215220
10540.05490322983 73.509000087093227
10693.363532057198 73.331499274804855
10848.902086239672 73.119499877581973
11006.703000788428 72.895499999061855
11166.799182492743 72.704999854500159
11329.224016782166 72.575499994500589
11494.0113746885 72.521500204910666
11661.195619909053 72.548000405678124
11830.811615972614 72.658999748686512
12002.894733509682 72.866499678662393
12177.48085762842 73.188002217595482
12354.606395397908 73.646001363076877
12534.308283440243 74.265497529764289
12716.62399563306 75.064999980849805
12901.591550924093 76.043997623127709
13089.249521259411 77.131497225642448
13279.637039626952 78.132500123195044
13472.793808217073 78.732999403771800
13668.760106701786 78.585999497395989
13867.576800634426 77.649500939083964
14069.285349971487 76.262997510012625
14273.927817718419 74.807001296902314
14481.54687870117 73.494500766811882
14692.18582846533 72.400500890903061
14905.888592304698 71.532001656894693
15122.699734421185 70.855000829279220
15342.664467217943 70.304999193964520
15565.828660727671 69.920000585306155
15792.238852178061 69.966999969313946
16021.942255696367 70.511000683008319
16254.986772155136 71.133500881768782
16491.42099916115 71.403498857084003
16731.294241189662 71.084501009119393
16974.65651986603 70.272497999729751
17221.558584396902 69.322501599101443
17472.051922153143 67.986005750805703
17726.188769406665 66.183001635973582
17984.022122223458 64.505996329813115
18245.605747515034 63.650498124093261
18510.99419425065 62.984499402994963
18780.242804832582 62.156998687417484
19053.40772663689 61.711500445821457
19330.545923722028 62.324497619395331
19611.71518870775 64.177501221182439
19896.974154826825 66.023494530639837
20186.382308152035 66.023499999999999
