20 64.602499999999992
20.290906698750476 64.661481083251815
20.586044732869844 64.714506433155208
20.885475648548283 64.757550068268245
21.189261887185914 64.789519981652163
21.49746679841394 64.813033555796522
21.810154653305165 64.835512440565552
22.12739065777668 64.861040036356002
22.449240966187475 64.894029107536412
22.77577269513385 64.933472542684356
23.107053937445478 64.978006902708785
23.44315377638505 65.021017136371356
23.784142300054445 65.059013571970510
24.130090616010463 65.092007486792880
24.481070866093134 65.121005673268684
24.837156241469714 65.149512767654727
25.1984209978975 65.179036708263538
25.56494047120865 65.210994809478677
25.936791093020236 65.242482310296069
26.3140504066728 65.273003750888194
26.69679708340074 65.301484900461929
27.08511093873791 65.329007883971229
27.47907294916184 65.357005288814236
27.878765268980047 65.385982982001053
28.284271247461966 65.413517117558285
28.695675446220072 65.439479518450781
29.11306365684382 65.463503828418666
29.536522918790062 65.488971307615913
29.966141537533712 65.517509901134815
30.402009102982383 65.548000648741947
30.844216508158908 65.579513019421597
31.29285596815558 65.606491338842318
31.74802103936409 65.630501001874478
32.20980663898519 65.652490792332628
32.67830906482211 65.677015583100271
33.153626015361866 65.700981143631694
33.63585661014871 65.721993752724316
34.125101410453844 65.738003373533246
34.62146244024586 65.754521103423912
35.12504320746613 65.777502536641848
35.635948725613716 65.807496989762058
36.15428553564419 65.835509228338310
36.68016172818701 65.852502877186851
37.21368696608603 65.861994431044593
37.754972507267915 65.872999440998058
38.30413122794313 65.894507185731186
38.86127764614443 65.925016923660735
39.4265279456077 65.959471226366560
40.000000000000206 65.991000000000014
40.58181339750116 66.018991022560201
41.1720894657399 66.042503360566187
41.77095129709678 66.064998170592105
42.37852377437204 66.085483943050377
42.9949335968281 66.102498167444935
43.62030930661056 66.118507793552396
44.25478131555359 66.134494489840705
44.89848193237519 66.151011053494841
45.55154539026795 66.165989573171288
46.21410787489121 66.181502327657626
46.88630755277036 66.196004735049982
47.56828460010916 66.206505346533845
48.260181232021196 66.219503614313822
48.962141732186545 66.233499601875877
49.674312482939705 66.231500000000011
50.39684199579528 66.231500000000011
51.129880942417586 66.272993259359254
51.873582186040764 66.322971921104880
52.628100813345895 66.322998618093834
53.393594166801776 66.312505562987695
54.17022187747612 66.349508447112044
54.95814589832399 66.379494711185757
55.75753053796041 66.350517017998925
56.56854249492426 66.321016641676607
57.39135089244048 66.338014918181599
58.226127313687975 66.373504058405643
59.073045837580466 66.400500720381075
59.932283075067765 66.413999675372622
60.804018205965114 66.412999927917554
61.68843301631817 66.409498553397597
62.58571193631152 66.406500962350862
63.49604207872855 66.398499658451868
64.41961327797075 66.391003138977510
65.35661812964459 66.388001222637214
66.3072520307241 66.390500261171724
67.27171322029778 66.391499702818962
68.25020282090806 66.389000306376005
69.2429248804921 66.390499886526428
70.25008641493265 66.388000295941538
71.27189745122783 66.391499648805564
72.30857107128878 66.396497931876993
73.36032345637442 66.395502122019337
74.42737393217246 66.402500345274404
75.50994501453623 66.403499949228575
76.60826245588666 66.402500588466111
77.72255529228926 66.404999002897512
78.85305589121582 66.404999902543665
80.00000000000082 66.402999999999992
81.16362679500274 66.396002244359948
82.34417893148023 66.387499103849009
83.541902594194 66.381500487842089
84.75704754874454 66.369999652928868
85.98986719365665 66.361000969389352
87.24061861322157 66.352502591357009
88.50956263110764 66.337505169845059
89.79696386475084 66.323500393079627
91.10309078053635 66.305499040809423
92.42821574978288 66.291497192846691
93.77261510554118 66.274005007920465
95.13656920021877 66.255006000876719
96.52036246404286 66.241993933116092
97.92428346437356 66.218494529634896
99.34862496587989 66.191007237500571
100.79368399159105 66.169004811200693
102.25976188483567 66.145503816989333
103.74716437208203 66.120996786629277
105.25620162669229 66.091495324789307
106.78718833360406 66.055995634249996
108.34044375495276 66.019987751687538
109.9162917966485 65.976490693165047
111.51506107592134 65.925498060783013
113.13708498984903 65.873997315023004
114.78270178488147 65.822009421133757
116.45225462737648 65.770492108655688
118.14609167516147 65.717997226813040
119.86456615013608 65.666013124021475
121.60803641193078 65.620999176666345
123.3768660326369 65.581003029222444
125.17142387262359 65.546993366079207
126.99208415745765 65.518498724196633
128.83922655594208 65.490497038089345
130.71323625928977 65.465997391458941
132.61450406144883 65.445005475662242
134.5434264405962 65.428498474663172
136.50040564181674 65.421501327629301
138.48584976098482 65.427999508281175
140.50017282986593 65.462505791998922
142.5437949024563 65.530993126623414
144.61714214257822 65.642011282229362
146.7206469127495 65.808971974538565
148.8547478643456 66.040972588813588
151.01989002907314 66.328985371073003
153.216524911774 66.658928639456263
155.4451105845792 67.006516286892904
157.70611178243232 67.339514374811486
160.00000000000236 67.634500000000244
162.3272535900062 67.876519440826399
164.6883578629612 68.057518147057522
167.08380518838874 68.178990121197501
169.51409509748981 68.256001523256629
171.97973438731407 68.295495745457785
174.4812372264439 68.300998224073112
177.01912526221608 68.281998564957135
179.5939277295025 68.252500827953270
182.20618156107355 68.202996540062557
184.85643149956664 68.152487082292623
187.54523021108326 68.071993755271194
190.27313840043846 67.997996224988043
193.04072492808663 67.922507502864690
195.84856692874806 67.840512646667605
198.69724993176072 67.758492994992167
201.58736798318304 67.677490025685969
204.5195237696723 67.598012908391084
207.49432874416505 67.523492592908141
210.5124032533856 67.455491373906995
213.57437666720915 67.389991998701063
216.68088750990657 67.324002389554607
219.83258359329807 67.260008454958410
223.03012215184378 67.194497439480472
226.2741699796992 67.126496410334511
229.5654035697641 67.056991541951049
232.90450925475412 66.987010285080004
236.2921833503241 66.916496292450532
239.72913230027333 66.846997363100371
243.21607282386276 66.777498569457748
246.75373206527502 66.708005263274003
250.34284774524843 66.638002969582786
253.9841683149166 66.566996696580560
257.67845311188546 66.494491235162315
261.42647251858085 66.421990619207776
265.22900812289896 66.346499837878895
269.08685288119375 66.269502936274762
273.0008112836349 66.192003736719030
276.97169952197106 66.112506015614031
281.00034565973334 66.033493193344299
285.0875898049141 65.953008077471736
289.23428428515797 65.872494526480210
293.44129382550057 65.791494252886082
297.7094957286928 65.708009863353055
302.0397800581479 65.623504292167780
306.4330498235497 65.538999066576977
310.89022116916016 65.455495891594552
315.41222356486645 65.371495906833317
320.00000000000654 65.287499999999881
324.6545071800142 65.205008734188795
329.3767157259242 65.121505026871091
334.16761037677935 65.036506912538883
339.02819019498156 64.947496412870976
343.95946877463007 64.854490864376089
348.9624744528898 64.756990606281434
354.03825052443415 64.656494916543039
359.187855459007 64.552002932919180
364.4123631221491 64.444492430673932
369.71286299913527 64.334002855799952
375.0904604221685 64.221990675100869
380.54627680087896 64.111494674021031
386.08144985617537 64.004992109894360
391.6971338574982 63.906498026670789
397.3944998635236 63.822507373019306
403.1747359663683 63.759502877875228
409.0390475393468 63.726000031959231
414.9886574883323 63.729999769740061
421.0248065067734 63.777998461286472
427.1487533344206 63.872996173541793
433.3617750198154 64.011994966643215
439.6651671865984 64.186505084877780
446.06024430368984 64.381007380321080
452.54833995940066 64.577009398847167
459.13080713953053 64.758994667992482
465.8090185095106 64.917000344235916
472.58436670065066 65.043004881162290
479.45826460054917 65.134502181607630
486.432145647728 65.192000535242528
493.50746413055253 65.218000032325563
500.6856954904994 65.218499978791641
507.9683366298358 65.201498792706630
515.3569062237735 65.175000336320210
522.8529450371643 65.147500201637939
530.4580162458005 65.125499975787108
538.1737057623901 65.114000438534532
546.0016225672724 65.113000048215739
553.9433990439449 65.123500916147066
562.0006913194694 65.141999291314249
570.1751796098309 65.164500465590947
578.4685685703187 65.185998881632727
586.8825876510039 65.205499044354013
595.4189914573883 65.219499985989160
604.0795601162986 65.226999619082349
612.8660996471021 65.227999932927688
621.780442338323 65.221999510904112
630.8244471297356 65.211999317805549
640.0000000000159 65.197999999999979
649.3090143600314 65.181999973390447
658.7534314518515 65.164499121967111
668.3352207535618 65.144999511757888
678.0563803899662 65.123499132234173
687.9189375492632 65.101000142465949
697.9249489057827 65.077500119999414
708.0765010488715 65.054498905475754
718.3757109180171 65.032000631489780
728.8247262443015 65.013000497785271
739.425725998274 64.996500426471883
750.1809208443404 64.984500088318725
761.0925536017613 64.976500327271424
772.1628997123541 64.973500027178233
783.3942677149998 64.974000093976315
794.7889997270506 64.977999999904185
806.34947193274 64.984500382245812
818.0780950786972 64.994000091890499
829.9773149766683 65.005500352206170
842.0496130135506 65.018999567272672
854.2975066688449 65.035000774660659
866.7235500396347 65.053999312042578
879.3303343732008 65.076500692798263
892.1204886073838 65.103001148379846
905.0966799188055 65.133499247709295
918.2616142790653 65.168998959886579
931.6180370190256 65.210000128395990
945.1687334013056 65.256999075334761
958.9165292011028 65.309998185020248
972.8642912954606 65.368501296842197
987.0149282611097 65.431499680619737
1001.3713909810035 65.500001919205118
1015.9366732596762 65.571498396132569
1030.7138124475518 65.645499060778150
1045.7058900743334 65.720499450078378
1060.916032491606 65.796500161078853
1076.3474115247852 65.873002023978557
1092.0032451345498 65.950001203758177
1107.8867980878947 66.027999008490042
1124.0013826389438 66.106001884056198
1140.350359219667 66.186501754192619
1156.9371371406426 66.267500680487501
1173.765175302013 66.351000872762313
1190.837982914782 66.435999914939174
1208.1591202326028 66.523500615770445
1225.73219929421 66.613501039562578
1243.5608846766518 66.706499398447960
1261.648894259477 66.800999447563072
1280.0000000000375 66.897500000000193
1298.6180287200684 66.994500147485127
1317.5068629037087 67.091499295974359
1336.6704415071292 67.186502111822406
1356.112760779938 67.279498855759627
1375.8378750985323 67.369499430107368
1395.8498978115715 67.456499555746888
1416.153002097749 67.539500008249234
1436.7514218360407 67.620501574466999
1457.6494524886093 67.698501643317741
1478.8514519965543 67.775501575925887
1500.3618416886875 67.850499448033645
1522.1851072035295 67.925500365560112
1544.3257994247153 68.000999316045608
1566.788535430007 68.076498438541847
1589.5779994541087 68.152999998167502
1612.6989438654878 68.229499814268820
1636.156190157402 68.307000623231119
1659.9546299533442 68.384998787191094
1684.099226027109 68.464500742781780
1708.5950133376978 68.545000044276520
1733.4471000792773 68.627500329443166
1758.6606687464096 68.710498909572152
1784.2409772147755 68.795999923841407
1810.193359837619 68.883001202647563
1836.5232285581387 68.971000761489705
1863.2360740380593 69.060000248596538
1890.3374668026197 69.150998209690727
1917.833058402214 69.244000197842311
1945.7285825909298 69.338498585992355
1974.0298565222283 69.433999515842999
2002.7427819620161 69.532999248223433
2031.8733465193618 69.634001225216480
2061.4276248951132 69.738498673711376
2091.411780148677 69.846499208112903
2121.832064983222 69.958500244242430
2152.694823049581 70.074499334923743
2184.0064902691106 70.194498046509111
2215.7735961758003 70.317998430059845
2248.002765277899 70.444999075065724
2280.7007184393456 70.574498884882729
2313.874274281297 70.706001083890314
2347.530350604038 70.839001386151978
2381.6759658295764 70.973999864903448
2416.318240465218 71.110500944181425
2451.4643985884327 71.248501559343936
2487.1217693533167 71.387999097671980
2523.2977885189675 71.528999175729055
2560.0000000000887 71.672000000000338
2597.236057440151 71.816000219707291
2635.0137258074315 71.960498951219591
2673.340883014273 72.106499554363353
2712.225521559891 72.253498191315515
2751.6757501970797 72.400999066009362
2791.699795623158 72.549499241705959
2832.3060041955137 72.698500015377874
2873.502843672097 72.849499427008922
2915.2989049772345 73.000999655566346
2957.7029039931244 73.152999655856874
3000.723683377391 73.306998866602783
3044.370214407075 73.462000762592339
3088.6515988494466 73.619498573207807
3133.57707086003 73.778500250300908
3179.1559989082334 73.939499996143525
3225.3978877309914 74.102999603045220
3272.3123803148205 74.267501318401273
3319.9092599067053 74.432500880008831
3368.198452054235 74.596001480950036
3417.190026675413 74.756500082112865
3466.8942001585724 74.909500565621528
3517.3213374928373 75.052000844375272
3568.4819544295697 75.179999885987087
3620.386719675257 75.289999405920014
3673.0464571162966 75.378500564700261
3726.472148076138 75.444500113373053
3780.6749336052594 75.485999949165517
3835.6661168044484 75.502499981157541
3891.45716518188 75.493499900779398
3948.059713044477 75.459500172366972
4005.4855639240527 75.400000451825292
4063.746693038744 75.317500434669910
4122.855249790247 75.213499491830618
4182.823560297375 75.091500894524160
4243.664129966465 74.955999692591391
4305.389646099183 74.810000837078690
4368.012980538242 74.659000046927247
4431.5471923516225 74.505999538950533
4496.00553055582 74.351498730320102
4561.401436878714 74.194998962916785
4627.748548562617 74.037501071643277
4695.060701208099 73.877500710225576
4763.351931659176 73.715500162118190
4832.63648093046 73.550501236147426
4902.928797176889 73.383000483310624
4974.243538706657 73.214001093158174
5046.595577037959 73.044000993801774
5120.000000000202 72.874999999999545
5194.472114880326 72.709499759763190
5270.027451614888 72.551499125108450
5346.6817660285715 72.403000453261456
5424.451043119808 72.270499938244910
5503.351500394186 72.157500715522701
5583.399591246343 72.067499559548295
5664.612008391055 72.006999997250304
5747.005687344222 71.980000102455335
5830.597809954497 71.989999977265114
5915.405807986278 72.040499885662996
6001.447366754812 72.136000596602059
6088.740428814181 72.278000941751714
6177.303197698925 72.472500552274653
6267.154141720092 72.723500472617957
6358.3119978165005 73.027499992718319
6450.795775462017 73.381999139324478
6544.624760629676 73.785498970617539
6639.818519813445 74.222502241711965
6736.396904108505 74.638999586464891
6834.380053350861 74.980000186496440
6933.788400317181 75.327497903713152
7034.642674985712 75.724498720619181
7136.963908859177 76.081999681562493
7240.773439350552 76.322000360841457
7346.092914232631 76.408499929558701
7452.944296152315 76.336499420841193
7561.349867210557 76.124500259684538
7671.332233608935 75.807999209670172
7782.914330363799 75.430502265467553
7896.119426088994 75.030502027864515
8010.971127848146 74.633999586903528
8127.49338607753 74.257498843903250
8245.710499580537 73.903501498489987
8365.647120594791 73.561999648664511
8487.328259932974 73.207499129352669
8610.77929219841 72.793998792684249
8736.025961076528 72.276500160825378
8863.094384703289 71.690502837543960
8992.011061111683 71.297000039715684
9122.802873757471 71.381999917956648
9255.497097125279 71.840500394997122
9390.121402416245 72.388001439273822
9526.7038633184 72.876499511147358
9665.272961860968 73.488999831418596
9805.857594353829 74.137002066882843
9948.487077413367 74.633000148991215
10093.19115407597 74.911500225117635
10240.000000000457 75.126000000001255
10388.944229760706 75.531500973104883
10540.05490322983 76.171499590149566
10693.363532057198 76.894502220054918
10848.902086239672 77.543500250847643
11006.703000788428 78.002500001258255
11166.799182492743 78.258000098310688
11329.224016782166 78.345499997963174
11494.0113746885 78.325500075892847
11661.195619909053 78.259999766095504
11830.811615972614 78.196000144901461
12002.894733509682 78.167000044909827
12177.48085762842 78.190000375248133
12354.606395397908 78.267500269534978
12534.308283440243 78.389999511535308
12716.62399563306 78.533499996562782
12901.591550924093 78.653999707443191
13089.249521259411 78.689999908159194
13279.637039626952 78.573999936197083
13472.793808217073 78.263000308787610
13668.760106701786 77.760499654644221
13867.576800634426 77.117000645275539
14069.285349971487 76.418998865311380
14273.927817718419 75.755500590999105
14481.54687870117 75.196500326588833
14692.18582846533 74.794000327777397
14905.888592304698 74.585500397769209
15122.699734421185 74.591999992037927
15342.664467217943 74.770500147598710
15565.828660727671 74.840999892820562
15792.238852178061 74.210500411650244
16021.942255696367 72.863998727794154
16254.986772155136 71.704497403680776
16491.42099916115 70.909503365252689
16731.294241189662 70.085002608209848
16974.65651986603 69.021997594411829
17221.558584396902 67.879501923129894
17472.051922153143 66.802004636358504
17726.188769406665 65.885000832050906
17984.022122223458 65.186498129513154
18245.605747515034 64.750499669040479
18510.99419425065 64.633000207418675
18780.242804832582 64.920502324641092
19053.40772663689 65.709499210430678
19330.545923722028 66.755995935884528
19611.71518870775 66.449997654879866
19896.974154826825 62.905010503186226
20186.382308152035 62.905000000000001
