20 60.609499999999997
20.290906698750476 60.634227151817626
20.586044732869844 60.649302238969355
20.885475648548283 60.656185305718544
21.189261887185914 60.657946304614917
21.49746679841394 60.656647163381791
21.810154653305165 60.653923832981050
22.12739065777668 60.652500000000003
22.449240966187475 60.654059292064964
22.77577269513385 60.668188042396068
23.107053937445478 60.701487601201038
23.44315377638505 60.756892269342138
23.784142300054445 60.830352729012517
24.130090616010463 60.908403212506329
24.481070866093134 60.974924031119983
24.837156241469714 61.023529791372255
25.1984209978975 61.047680918658017
25.56494047120865 61.060623522089017
25.936791093020236 61.072826602669174
26.3140504066728 61.093173568056777
26.69679708340074 61.123227752089065
27.08511093873791 61.155617342939124
27.47907294916184 61.183488562853377
27.878765268980047 61.205089806862773
28.284271247461966 61.221518036156091
28.695675446220072 61.234978912494164
29.11306365684382 61.246778846048471
29.536522918790062 61.259424393832816
29.966141537533712 61.276179519963819
30.402009102982383 61.297600454814273
30.844216508158908 61.318629174419684
31.29285596815558 61.334321399203887
31.74802103936409 61.341484168314913
32.20980663898519 61.345388259750870
32.67830906482211 61.353527581009487
33.153626015361866 61.371795804829546
33.63585661014871 61.398243826778476
34.125101410453844 61.424504462059971
34.62146244024586 61.444036561006151
35.12504320746613 61.455375648111996
35.635948725613716 61.463175179609820
36.15428553564419 61.472702852855463
36.68016172818701 61.485864366661048
37.21368696608603 61.499842174152150
37.754972507267915 61.511553073982533
38.30413122794313 61.521270213875027
38.86127764614443 61.531628729074164
39.4265279456077 61.544346876709767
40.000000000000206 61.556000000000004
40.58181339750116 61.564727230053286
41.1720894657399 61.572151107566214
41.77095129709678 61.575830554501579
42.37852377437204 61.579305851130911
42.9949335968281 61.588661366815714
43.62030930661056 61.603074127039122
44.25478131555359 61.610547795230119
44.89848193237519 61.615323210626535
45.55154539026795 61.625883633999401
46.21410787489121 61.636800151939553
46.88630755277036 61.627020426923323
47.56828460010916 61.618938732234284
48.260181232021196 61.644569191833085
48.962141732186545 61.667936215563216
49.674312482939705 61.662185029405038
50.39684199579528 61.657716451475892
51.129880942417586 61.672367703379265
51.873582186040764 61.683466311925216
52.628100813345895 61.678183871079696
53.393594166801776 61.676951959940965
54.17022187747612 61.682380000812344
54.95814589832399 61.685154493205474
55.75753053796041 61.686545369190384
56.56854249492426 61.684157287525380
57.39135089244048 61.679456219199139
58.226127313687975 61.673690981490495
59.073045837580466 61.666550404111454
59.932283075067765 61.655380320024122
60.804018205965114 61.648465549712370
61.68843301631817 61.638462155418672
62.58571193631152 61.617375075265670
63.49604207872855 61.602779684409533
64.41961327797075 61.595223480498262
65.35661812964459 61.583402564601570
66.3072520307241 61.571500000000000
67.27171322029778 61.571092430169557
68.25020282090806 61.568874087305915
69.2429248804921 61.562706363874341
70.25008641493265 61.548623142078952
71.27189745122783 61.527469897152287
72.30857107128878 61.505822866610842
73.36032345637442 61.477410943221514
74.42737393217246 61.450738834390464
75.50994501453623 61.425826387523784
76.60826245588666 61.395595039774889
77.72255529228926 61.364305698401395
78.85305589121582 61.342806306963411
80.00000000000082 61.316999999999979
81.16362679500274 61.282575954587720
82.34417893148023 61.258616414178668
83.541902594194 61.227448841043604
84.75704754874454 61.188199665729030
85.98986719365665 61.145767007303562
87.24061861322157 61.098075946003441
88.50956263110764 61.053703558435672
89.79696386475084 61.013794120192728
91.10309078053635 60.966133992314866
92.42821574978288 60.909592237488809
93.77261510554118 60.856574445687741
95.13656920021877 60.808061489896616
96.52036246404286 60.762533669037758
97.92428346437356 60.714966040872170
99.34862496587989 60.662912101216136
100.79368399159105 60.598990536386808
102.25976188483567 60.548265714763943
103.74716437208203 60.525963651364286
105.25620162669229 60.506481362367907
106.78718833360406 60.473845083882303
108.34044375495276 60.449776449960382
109.9162917966485 60.458530735674600
111.51506107592134 60.500046738580565
113.13708498984903 60.575249293226712
114.78270178488147 60.671737745303524
116.45225462737648 60.759763121986012
118.14609167516147 60.830258970645119
119.86456615013608 60.868594199960114
121.60803641193078 60.873479577464252
123.3768660326369 60.821465294078294
125.17142387262359 60.729543088950564
126.99208415745765 60.686471843190560
128.83922655594208 60.789567405804064
130.71323625928977 60.917000065631704
132.61450406144883 61.007588747858833
134.5434264405962 61.063629087455503
136.50040564181674 61.109756693089977
138.48584976098482 61.137050711245166
140.50017282986593 61.139748185286408
142.5437949024563 61.118290153524214
144.61714214257822 61.071454304292971
146.7206469127495 61.003342134349069
148.8547478643456 60.918474892260271
151.01989002907314 60.826980530802189
153.216524911774 60.731893414199554
155.4451105845792 60.628661443915334
157.70611178243232 60.536456308762979
160.00000000000236 60.452499999999930
162.3272535900062 60.380820589427813
164.6883578629612 60.319478038708198
167.08380518838874 60.259821631327966
169.51409509748981 60.208815279030702
171.97973438731407 60.171679665455066
174.4812372264439 60.145083875180852
177.01912526221608 60.120616397482728
179.5939277295025 60.090872867245970
182.20618156107355 60.040993896154099
184.85643149956664 59.975617926210916
187.54523021108326 59.895516449076467
190.27313840043846 59.806587337266492
193.04072492808663 59.725130746711542
195.84856692874806 59.651854998437308
198.69724993176072 59.554983402565796
201.58736798318304 59.447796507283286
204.5195237696723 59.343323175984693
207.49432874416505 59.239200384372836
210.5124032533856 59.133822087758197
213.57437666720915 59.029364787481683
216.68088750990657 58.922844491846959
219.83258359329807 58.816108449624508
223.03012215184378 58.716187448023859
226.2741699796992 58.617016843949131
229.5654035697641 58.519748161953586
232.90450925475412 58.433903183755348
236.2921833503241 58.372836387257877
239.72913230027333 58.323859864721101
243.21607282386276 58.277649544850860
246.75373206527502 58.255539174592030
250.34284774524843 58.266100024668724
253.9841683149166 58.256541558173339
257.67845311188546 58.230750828216799
261.42647251858085 58.197661747332774
265.22900812289896 58.148076325357671
269.08685288119375 58.064930006331551
273.0008112836349 57.967227081237311
276.97169952197106 57.860272373434910
281.00034565973334 57.772493605294933
285.0875898049141 57.696949660453022
289.23428428515797 57.623553168152704
293.44129382550057 57.541862382255090
297.7094957286928 57.455455337561801
302.0397800581479 57.363114893706211
306.4330498235497 57.265972903881909
310.89022116916016 57.166456301340041
315.41222356486645 57.071508194563748
320.00000000000654 56.976999999999862
324.6545071800142 56.878789898501701
329.3767157259242 56.785278700199292
334.16761037677935 56.690064553502090
339.02819019498156 56.597770024334352
343.95946877463007 56.501498465139790
348.9624744528898 56.396995541598741
354.03825052443415 56.294638814563754
359.187855459007 56.198862245100173
364.4123631221491 56.102371282240242
369.71286299913527 56.008553611215220
375.0904604221685 55.925311091594352
380.54627680087896 55.853606076331303
386.08144985617537 55.794909936395101
391.6971338574982 55.754587917327981
397.3944998635236 55.726034850368492
403.1747359663683 55.719529122661058
409.0390475393468 55.730383412426100
414.9886574883323 55.757435725767216
421.0248065067734 55.799562682484691
427.1487533344206 55.853629407788475
433.3617750198154 55.916101823123071
439.6651671865984 55.983126469967829
446.06024430368984 56.052132565188742
452.54833995940066 56.121786573549343
459.13080713953053 56.196504282104598
465.8090185095106 56.273303712859374
472.58436670065066 56.348600578942822
479.45826460054917 56.423722463134574
486.432145647728 56.502026460384101
493.50746413055253 56.583800656367814
500.6856954904994 56.664585506363650
507.9683366298358 56.745149723967558
515.3569062237735 56.822518075634342
522.8529450371643 56.896049668788237
530.4580162458005 56.967622146212207
538.1737057623901 57.037063351861512
546.0016225672724 57.107800780981819
553.9433990439449 57.182326678238219
562.0006913194694 57.261807189722482
570.1751796098309 57.347014565513049
578.4685685703187 57.442388538558660
586.8825876510039 57.545344086872447
595.4189914573883 57.656343535956140
604.0795601162986 57.773084006584568
612.8660996471021 57.891497188143433
621.780442338323 58.008630067708083
630.8244471297356 58.129794925677373
640.0000000000159 58.255500000000225
649.3090143600314 58.389549806784451
658.7534314518515 58.527300099197035
668.3352207535618 58.664693656775938
678.0563803899662 58.802094963498519
687.9189375492632 58.943136753831922
697.9249489057827 59.088308006579140
708.0765010488715 59.236820740365971
718.3757109180171 59.391054449316158
728.8247262443015 59.553606965723318
739.425725998274 59.724225474872128
750.1809208443404 59.900015347405670
761.0925536017613 60.081875893362692
772.1628997123541 60.272896341175361
783.3942677149998 60.471805393067683
794.7889997270506 60.677050620052796
806.34947193274 60.886848740111446
818.0780950786972 61.102412304731189
829.9773149766683 61.325568984556696
842.0496130135506 61.555111381133031
854.2975066688449 61.788868877819525
866.7235500396347 62.027700850765257
879.3303343732008 62.271291970121439
892.1204886073838 62.518425430122505
905.0966799188055 62.767974003447158
918.2616142790653 63.017766514710118
931.6180370190256 63.267697304508019
945.1687334013056 63.518225476248986
958.9165292011028 63.768983613820033
972.8642912954606 64.019721528603256
987.0149282611097 64.270571807696555
1001.3713909810035 64.520950785775170
1015.9366732596762 64.769736110762565
1030.7138124475518 65.017752412082899
1045.7058900743334 65.263740932124506
1060.916032491606 65.506167969203503
1076.3474115247852 65.744301000306763
1092.0032451345498 65.979297460092795
1107.8867980878947 66.210752101460500
1124.0013826389438 66.437296712249974
1140.350359219667 66.660240191294747
1156.9371371406426 66.875056552050296
1173.765175302013 67.084182103624158
1190.837982914782 67.282594689778193
1208.1591202326028 67.478633431063599
1225.73219929421 67.663231435748827
1243.5608846766518 67.841470675799115
1261.648894259477 68.010169827187184
1280.0000000000375 68.172500000000298
1298.6180287200684 68.321976173438259
1317.5068629037087 68.472301471777826
1336.6704415071292 68.610193656775976
1356.112760779938 68.741552678206091
1375.8378750985323 68.865298878733441
1395.8498978115715 68.981740664971255
1416.153002097749 69.092187777924579
1436.7514218360407 69.199581966996590
1457.6494524886093 69.299381503348059
1478.8514519965543 69.394907185505332
1500.3618416886875 69.486476314089856
1522.1851072035295 69.575515237390391
1544.3257994247153 69.663530165721880
1566.788535430007 69.750132205342624
1589.5779994541087 69.836604837936534
1612.6989438654878 69.924509965566159
1636.156190157402 70.015455389220165
1659.9546299533442 70.111013075407783
1684.099226027109 70.210852780272774
1708.5950133376978 70.314818058685859
1733.4471000792773 70.425687718363093
1758.6606687464096 70.542724783232899
1784.2409772147755 70.666704886073887
1810.193359837619 70.800136408729628
1836.5232285581387 70.944491009067903
1863.2360740380593 71.099122279786073
1890.3374668026197 71.266239539528613
1917.833058402214 71.446981491294835
1945.7285825909298 71.641758364743794
1974.0298565222283 71.849820938264486
2002.7427819620161 72.072216533892345
2031.8733465193618 72.309017112740548
2061.4276248951132 72.562491386545531
2091.411780148677 72.835817792735853
2121.832064983222 73.123316831961830
2152.694823049581 73.427424286360178
2184.0064902691106 73.742766849771840
2215.7735961758003 74.073122759845901
2248.002765277899 74.412729450209611
2280.7007184393456 74.761140996686350
2313.874274281297 75.113836069477060
2347.530350604038 75.465939128751785
2381.6759658295764 75.808779212994196
2416.318240465218 76.138539929582322
2451.4643985884327 76.437629933548664
2487.1217693533167 76.705284120070218
2523.2977885189675 76.917851946219997
2560.0000000000887 77.075000000000301
2597.236057440151 77.166484128262198
2635.0137258074315 77.190994052150103
2673.340883014273 77.134900623594660
2712.225521559891 77.016895144869068
2751.6757501970797 76.827245567749827
2791.699795623158 76.582913802902368
2832.3060041955137 76.291904749079066
2873.502843672097 75.974182335933392
2915.2989049772345 75.637701968236456
2957.7029039931244 75.290875390535902
3000.723683377391 74.941282901318615
3044.370214407075 74.597713533599446
3088.6515988494466 74.266576473384660
3133.57707086003 73.950086491380290
3179.1559989082334 73.654317206878119
3225.3978877309914 73.377978061056041
3272.3123803148205 73.123483736591268
3319.9092599067053 72.891412867424492
3368.198452054235 72.682434129865229
3417.190026675413 72.497366308236579
3466.8942001585724 72.335168935536970
3517.3213374928373 72.199700204016040
3568.4819544295697 72.104691293773101
3620.386719675257 72.081770703772690
3673.0464571162966 72.180627489624243
3726.472148076138 72.440627583245004
3780.6749336052594 72.871613855825345
3835.6661168044484 73.394144308926030
3891.45716518188 73.946637705108515
3948.059713044477 74.466673613596129
4005.4855639240527 74.823608047668785
4063.746693038744 75.014343005933711
4122.855249790247 75.019409794307592
4182.823560297375 74.854370444617203
4243.664129966465 74.571461795655935
4305.389646099183 74.279360761413045
4368.012980538242 74.086845148916666
4431.5471923516225 74.115290578595904
4496.00553055582 74.364557483427092
4561.401436878714 74.834773939679650
4627.748548562617 75.411572946400483
4695.060701208099 75.953661194615819
4763.351931659176 76.318582557331169
4832.63648093046 76.396820647525075
4902.928797176889 76.122512976374054
4974.243538706657 75.614432381235531
5046.595577037959 74.931538897898264
5120.000000000202 74.202857142855137
5194.472114880326 73.504433308113619
5270.027451614888 72.898043426597965
5346.6817660285715 72.404663367411075
5424.451043119808 72.029345678503660
5503.351500394186 71.769923895293886
5583.399591246343 71.595993312397894
5664.612008391055 71.441206364182875
5747.005687344222 71.233247909530618
5830.597809954497 70.918104158281835
5915.405807986278 70.452114630740112
6001.447366754812 69.822254126515446
6088.740428814181 69.047465926265275
6177.303197698925 68.204559439134556
6267.154141720092 67.361208329246395
6358.3119978165005 66.564972058461478
6450.795775462017 65.847024395550790
6544.624760629676 65.236407626379361
6639.818519813445 64.748373105594723
6736.396904108505 64.386448978085340
6834.380053350861 64.156618329576858
6933.788400317181 64.068648463987302
7034.642674985712 64.103933729109343
7136.963908859177 64.261995546730475
7240.773439350552 64.549760631365899
7346.092914232631 64.954465106054272
7452.944296152315 65.462692568145940
7561.349867210557 66.073599203263342
7671.332233608935 66.791143448629796
7782.914330363799 67.591521424499092
7896.119426088994 68.404947912332176
8010.971127848146 69.141138447516056
8127.49338607753 69.727056572546246
8245.710499580537 70.090801537170876
8365.647120594791 70.162268356915064
8487.328259932974 69.967365110459568
8610.77929219841 69.553464575384766
8736.025961076528 69.055557394604548
8863.094384703289 68.645168578264631
8992.011061111683 68.356395223109828
9122.802873757471 68.043261296884026
9255.497097125279 67.600933334755069
9390.121402416245 67.025953052455662
9526.7038633184 66.285596669636675
9665.272961860968 65.350015011173298
9805.857594353829 64.230054362359795
9948.487077413367 62.936380145299346
10093.19115407597 61.429201518013954
10240.000000000457 59.717399999994456
10388.944229760706 57.859361255929329
10540.05490322983 55.963315082207870
10693.363532057198 54.149288463906807
10848.902086239672 52.467984177933033
11006.703000788428 50.948164477094366
11166.799182492743 49.626017781770685
11329.224016782166 48.613475324233022
11494.0113746885 47.861904596035075
11661.195619909053 47.577522532374232
11830.811615972614 47.661718083039609
12002.894733509682 48.282871951533991
12177.48085762842 49.203115784584178
12354.606395397908 50.309602965424020
12534.308283440243 51.184847779460668
12716.62399563306 51.544973117248830
12901.591550924093 51.466737160881991
13089.249521259411 51.225194544778958
13279.637039626952 50.953421941433668
13472.793808217073 50.863727727669783
13668.760106701786 51.129072975557364
13867.576800634426 51.757059764713759
14069.285349971487 52.716925312254766
14273.927817718419 53.878953458277749
14481.54687870117 55.092226310779111
14692.18582846533 56.059186281583095
14905.888592304698 56.524520050580641
15122.699734421185 56.293916169647403
15342.664467217943 55.288209781278297
15565.828660727671 53.527779878611888
15792.238852178061 51.081520596746387
16021.942255696367 48.069850311329198
16254.986772155136 44.630441458322252
16491.42099916115 42.280758110336492
16731.294241189662 42.137676439702588
16974.65651986603 41.574054578573325
17221.558584396902 40.605268506985468
17472.051922153143 39.229965601391683
17726.188769406665 37.918842031103637
17984.022122223458 37.223209712063635
18245.605747515034 37.254734455284336
18510.99419425065 37.375671335967560
18780.242804832582 36.482055311246143
19053.40772663689 34.942603650942615
19330.545923722028 33.976718982331491
19611.71518870775 33.575831811844779
19896.974154826825 33.372000000000000
20186.382308152035 33.372000000000000
