20 72.143000000000001
20.290906698750476 72.164333229019121
20.586044732869844 72.181685945464253
20.885475648548283 72.194394818689517
21.189261887185914 72.200785218459657
21.49746679841394 72.203609169013021
21.810154653305165 72.205550778012636
22.12739065777668 72.208092383222208
22.449240966187475 72.212238612030774
22.77577269513385 72.217136579215605
23.107053937445478 72.221570542942928
23.44315377638505 72.223738590498670
23.784142300054445 72.223769822124936
24.130090616010463 72.223066363167845
24.481070866093134 72.222273661299084
24.837156241469714 72.221771407168916
25.1984209978975 72.220507895010513
25.56494047120865 72.217232062851025
25.936791093020236 72.211435161080061
26.3140504066728 72.203648755329027
26.69679708340074 72.194326069269238
27.08511093873791 72.185489276363086
27.47907294916184 72.175325502211791
27.878765268980047 72.163288585344361
28.284271247461966 72.149550506338841
28.695675446220072 72.134955683936084
29.11306365684382 72.120155835667305
29.536522918790062 72.105466037410821
29.966141537533712 72.087422055423588
30.402009102982383 72.064886151210487
30.844216508158908 72.040248397057454
31.29285596815558 72.018303621353397
31.74802103936409 72.002555410897799
32.20980663898519 71.990464640664356
32.67830906482211 71.976367637407122
33.153626015361866 71.954282439078284
33.63585661014871 71.923446610848998
34.125101410453844 71.887868002678687
34.62146244024586 71.855562490666969
35.12504320746613 71.830873401323743
35.635948725613716 71.811833948426681
36.15428553564419 71.788897153396988
36.68016172818701 71.753366414832300
37.21368696608603 71.707268173052256
37.754972507267915 71.663651949988463
38.30413122794313 71.626876967691061
38.86127764614443 71.595520995046058
39.4265279456077 71.560546089048131
40.000000000000206 71.522999999999996
40.58181339750116 71.491969848699426
41.1720894657399 71.465256012761643
41.77095129709678 71.429267074483533
42.37852377437204 71.384937166689525
42.9949335968281 71.345478993125568
43.62030930661056 71.311250202396423
44.25478131555359 71.268957975564931
44.89848193237519 71.219536873809886
45.55154539026795 71.172333644835476
46.21410787489121 71.131477248161218
46.88630755277036 71.081108943591076
47.56828460010916 71.019000718703666
48.260181232021196 70.959768825614674
48.962141732186545 70.919954711452903
49.674312482939705 70.880712573512596
50.39684199579528 70.822540096061431
51.129880942417586 70.761465778529896
51.873582186040764 70.719023045831108
52.628100813345895 70.684897670729811
53.393594166801776 70.644122310457533
54.17022187747612 70.603575549778867
54.95814589832399 70.564610998000262
55.75753053796041 70.510533688781308
56.56854249492426 70.457250365314707
57.39135089244048 70.401931384851849
58.226127313687975 70.337035478111247
59.073045837580466 70.263785983146462
59.932283075067765 70.225979544697026
60.804018205965114 70.173141142837196
61.68843301631817 70.097002138784745
62.58571193631152 70.032241270344969
63.49604207872855 69.964312675780434
64.41961327797075 69.905827209130308
65.35661812964459 69.854858421860058
66.3072520307241 69.777238536773979
67.27171322029778 69.681676089494999
68.25020282090806 69.600984179969174
69.2429248804921 69.523308934441118
70.25008641493265 69.443243000390453
71.27189745122783 69.361427947529847
72.30857107128878 69.281394313046405
73.36032345637442 69.199133638305483
74.42737393217246 69.111741650595775
75.50994501453623 69.023066863986088
76.60826245588666 68.932925615584196
77.72255529228926 68.840096431761239
78.85305589121582 68.746799968945339
80.00000000000082 68.655999999999935
81.16362679500274 68.564849006513967
82.34417893148023 68.470905725672779
83.541902594194 68.377953100710926
84.75704754874454 68.288614096751274
85.98986719365665 68.196347329180057
87.24061861322157 68.096049748581436
88.50956263110764 68.011340178453565
89.79696386475084 67.922509493332200
91.10309078053635 67.834500808474374
92.42821574978288 67.745804011812965
93.77261510554118 67.654853945500406
95.13656920021877 67.563497036060710
96.52036246404286 67.467567338075526
97.92428346437356 67.369657927033018
99.34862496587989 67.259824202432270
100.79368399159105 67.139124228697938
102.25976188483567 67.030355715600848
103.74716437208203 66.928664880595790
105.25620162669229 66.825241578391925
106.78718833360406 66.733779018318984
108.34044375495276 66.641371155928056
109.9162917966485 66.513742902863640
111.51506107592134 66.391020985035141
113.13708498984903 66.280220039785462
114.78270178488147 66.177085219755327
116.45225462737648 66.120272185128329
118.14609167516147 66.092837552027220
119.86456615013608 66.126215639620426
121.60803641193078 66.193421941023587
123.3768660326369 66.295628563962111
125.17142387262359 66.421199583372626
126.99208415745765 66.587716331588311
128.83922655594208 66.771542545102193
130.71323625928977 66.959211231108881
132.61450406144883 67.126741430624023
134.5434264405962 67.257220325758766
136.50040564181674 67.339634836814042
138.48584976098482 67.374299525836548
140.50017282986593 67.355078522902062
142.5437949024563 67.298197708548287
144.61714214257822 67.226070026260260
146.7206469127495 67.111858349677988
148.8547478643456 66.997407858918379
151.01989002907314 66.878826488284687
153.216524911774 66.751804519887713
155.4451105845792 66.629587183251147
157.70611178243232 66.509092070697577
160.00000000000236 66.370999999999867
162.3272535900062 66.249982813319676
164.6883578629612 66.148651298183040
167.08380518838874 66.039228200296435
169.51409509748981 65.924934711398492
171.97973438731407 65.809348430673708
174.4812372264439 65.689900613130703
177.01912526221608 65.570504937728288
179.5939277295025 65.452098109988782
182.20618156107355 65.332015648190620
184.85643149956664 65.211046723619774
187.54523021108326 65.097835528232139
190.27313840043846 64.998595688145713
193.04072492808663 64.910751557027965
195.84856692874806 64.834285826781297
198.69724993176072 64.769294451351129
201.58736798318304 64.721276848235448
204.5195237696723 64.681746190994261
207.49432874416505 64.641330342790994
210.5124032533856 64.596809816781416
213.57437666720915 64.546448408323840
216.68088750990657 64.485717360740608
219.83258359329807 64.420557598642418
223.03012215184378 64.346549659969639
226.2741699796992 64.262976438878070
229.5654035697641 64.169958431000097
232.90450925475412 64.071332892108956
236.2921833503241 63.968332747383577
239.72913230027333 63.860498474078923
243.21607282386276 63.749450624121479
246.75373206527502 63.634034491370400
250.34284774524843 63.518571728120207
253.9841683149166 63.402504634962028
257.67845311188546 63.283369887141689
261.42647251858085 63.168064279118461
265.22900812289896 63.052814870144047
269.08685288119375 62.931836511643397
273.0008112836349 62.812976067132766
276.97169952197106 62.696199251422598
281.00034565973334 62.579190044999677
285.0875898049141 62.461486172598967
289.23428428515797 62.342476041015971
293.44129382550057 62.225176161033630
297.7094957286928 62.107488867460944
302.0397800581479 61.998604948691678
306.4330498235497 61.898134345754436
310.89022116916016 61.790175859001721
315.41222356486645 61.689271523869152
320.00000000000654 61.580999999999861
324.6545071800142 61.481858997065700
329.3767157259242 61.383464312900784
334.16761037677935 61.283396943125311
339.02819019498156 61.181810824924881
343.95946877463007 61.078351155732769
348.9624744528898 60.973288036489315
354.03825052443415 60.867100564039326
359.187855459007 60.760311391998556
364.4123631221491 60.653487792308155
369.71286299913527 60.546771453717383
375.0904604221685 60.441904019694597
380.54627680087896 60.345647830727351
386.08144985617537 60.257553817200517
391.6971338574982 60.189482960638770
397.3944998635236 60.133541251023573
403.1747359663683 60.108708773389388
409.0390475393468 60.109571587155472
414.9886574883323 60.131437616185835
421.0248065067734 60.161395571672855
427.1487533344206 60.197443466120440
433.3617750198154 60.245261093873850
439.6651671865984 60.287417646645217
446.06024430368984 60.332734962024603
452.54833995940066 60.376328711723922
459.13080713953053 60.420735419365414
465.8090185095106 60.467932802403084
472.58436670065066 60.517400385961885
479.45826460054917 60.585633147963378
486.432145647728 60.663253602125010
493.50746413055253 60.742476562035478
500.6856954904994 60.821328370554710
507.9683366298358 60.899161597731364
515.3569062237735 60.974508209600373
522.8529450371643 61.038443050658586
530.4580162458005 61.108005731613062
538.1737057623901 61.158219638158471
546.0016225672724 61.193010546687269
553.9433990439449 61.239166283974548
562.0006913194694 61.272603836823052
570.1751796098309 61.317525538829493
578.4685685703187 61.342405705710952
586.8825876510039 61.355947363946299
595.4189914573883 61.359999999999999
604.0795601162986 61.361784807550876
612.8660996471021 61.359676635991562
621.780442338323 61.344923432633237
630.8244471297356 61.337670221148102
640.0000000000159 61.333999999999975
649.3090143600314 61.319571027741951
658.7534314518515 61.290926690926668
668.3352207535618 61.322841449240315
678.0563803899662 61.436344221147550
687.9189375492632 61.542377216125018
697.9249489057827 61.589652331389082
708.0765010488715 61.612653002097744
718.3757109180171 61.631576279652435
728.8247262443015 61.649502034615310
739.425725998274 61.669880165696640
750.1809208443404 61.687854303320165
761.0925536017613 61.709222917470115
772.1628997123541 61.731325799424710
783.3942677149998 61.756048530584039
794.7889997270506 61.787149874169778
806.34947193274 61.829985255714149
818.0780950786972 61.889533478921614
829.9773149766683 61.965415510410907
842.0496130135506 62.050003621717025
854.2975066688449 62.131754730569625
866.7235500396347 62.211113025248480
879.3303343732008 62.290064589832504
892.1204886073838 62.370359078226514
905.0966799188055 62.453128419472236
918.2616142790653 62.539904649406054
931.6180370190256 62.629289940050398
945.1687334013056 62.720986344908923
958.9165292011028 62.817158748507808
972.8642912954606 62.918810755285882
987.0149282611097 63.023225624082045
1001.3713909810035 63.131194006292120
1015.9366732596762 63.239649939215525
1030.7138124475518 63.352353593356639
1045.7058900743334 63.464794175557500
1060.916032491606 63.578900778103431
1076.3474115247852 63.695150500153382
1092.0032451345498 63.812899135688212
1107.8867980878947 63.931083600013217
1124.0013826389438 64.051176921238834
1140.350359219667 64.172627694147508
1156.9371371406426 64.297343852970300
1173.765175302013 64.424459461677856
1190.837982914782 64.555785944841205
1208.1591202326028 64.689810293239560
1225.73219929421 64.827584632482541
1243.5608846766518 64.969344806042287
1261.648894259477 65.112526264649858
1280.0000000000375 65.257000000000289
1298.6180287200684 65.400624792983393
1317.5068629037087 65.546052158068179
1336.6704415071292 65.689611550265795
1356.112760779938 65.832123153693544
1375.8378750985323 65.974136753831971
1395.8498978115715 66.116930521907449
1416.153002097749 66.259571014684241
1436.7514218360407 66.403591167306388
1457.6494524886093 66.549546167420260
1478.8514519965543 66.697883134935950
1500.3618416886875 66.848061839155903
1522.1851072035295 67.002570559000986
1544.3257994247153 67.162418787834952
1566.788535430007 67.326727850056244
1589.5779994541087 67.495751875927652
1612.6989438654878 67.670519931132333
1636.156190157402 67.851741407030886
1659.9546299533442 68.039637039626754
1684.099226027109 68.233703730819570
1708.5950133376978 68.433322909902628
1733.4471000792773 68.639117756662756
1758.6606687464096 68.851808537844192
1784.2409772147755 69.073505419034319
1810.193359837619 69.303832504145078
1836.5232285581387 69.542052773592559
1863.2360740380593 69.789124931515474
1890.3374668026197 70.044399185288825
1917.833058402214 70.306127377157125
1945.7285825909298 70.574323536176564
1974.0298565222283 70.848589608265627
2002.7427819620161 71.130699254456658
2031.8733465193618 71.419671020309636
2061.4276248951132 71.714347630195874
2091.411780148677 72.015711920163341
2121.832064983222 72.321774848207639
2152.694823049581 72.628202692326497
2184.0064902691106 72.936463117867106
2215.7735961758003 73.242835013431090
2248.002765277899 73.549325855348357
2280.7007184393456 73.851841501876081
2313.874274281297 74.147668662056660
2347.530350604038 74.432541047463189
2381.6759658295764 74.702988735179218
2416.318240465218 74.961131477977460
2451.4643985884327 75.193994016089476
2487.1217693533167 75.405169731443237
2523.2977885189675 75.582878604830768
2560.0000000000887 75.730750000000313
2597.236057440151 75.845305594318376
2635.0137258074315 75.926021503764971
2673.340883014273 75.965255096034639
2712.225521559891 75.973536597125346
2751.6757501970797 75.944387771700093
2791.699795623158 75.884299089776505
2832.3060041955137 75.794903950182501
2873.502843672097 75.683461525857155
2915.2989049772345 75.551718777828540
2957.7029039931244 75.403576284265370
3000.723683377391 75.244768095250350
3044.370214407075 75.079529000719191
3088.6515988494466 74.907958199444010
3133.57707086003 74.737085984274898
3179.1559989082334 74.571996203875770
3225.3978877309914 74.415456864874272
3272.3123803148205 74.272802211315351
3319.9092599067053 74.149606887412716
3368.198452054235 74.049698662466710
3417.190026675413 73.974543868256262
3466.8942001585724 73.923505117887416
3517.3213374928373 73.897228586001148
3568.4819544295697 73.898653503594630
3620.386719675257 73.921620430214887
3673.0464571162966 73.955784842837232
3726.472148076138 74.003001591037673
3780.6749336052594 74.070383120384577
3835.6661168044484 74.155295638424320
3891.45716518188 74.270997196436525
3948.059713044477 74.406843311306744
4005.4855639240527 74.575785213080167
4063.746693038744 74.771550098895290
4122.855249790247 74.994254111636522
4182.823560297375 75.242085011611152
4243.664129966465 75.513260122136245
4305.389646099183 75.796292372056243
4368.012980538242 76.083392827466952
4431.5471923516225 76.358911418322023
4496.00553055582 76.620455547732547
4561.401436878714 76.853797116461905
4627.748548562617 77.042609669697100
4695.060701208099 77.155150067282875
4763.351931659176 77.182936970910959
4832.63648093046 77.110727038139089
4902.928797176889 76.932039083198674
4974.243538706657 76.663472341223041
5046.595577037959 76.295845327499620
5120.000000000202 75.864571428570173
5194.472114880326 75.380489804192109
5270.027451614888 74.866061270147640
5346.6817660285715 74.342272229968046
5424.451043119808 73.822758130310973
5503.351500394186 73.320290958244996
5583.399591246343 72.844319896318311
5664.612008391055 72.404233295485454
5747.005687344222 72.000508866653306
5830.597809954497 71.638280497376542
5915.405807986278 71.320625762923086
6001.447366754812 71.051363491028539
6088.740428814181 70.836768868909189
6177.303197698925 70.676410363336558
6267.154141720092 70.572650699223431
6358.3119978165005 70.531546040447608
6450.795775462017 70.548143908853689
6544.624760629676 70.623818474724118
6639.818519813445 70.757381502272608
6736.396904108505 70.946894863970101
6834.380053350861 71.186154243780578
6933.788400317181 71.462506838934104
7034.642674985712 71.761081598207284
7136.963908859177 72.057965929818437
7240.773439350552 72.315808753849154
7346.092914232631 72.483710126805647
7452.944296152315 72.506351194154703
7561.349867210557 72.329437200887426
7671.332233608935 71.958651013782060
7782.914330363799 71.421489413251507
7896.119426088994 70.761216272740825
8010.971127848146 70.038924764229677
8127.49338607753 69.301358034191821
8245.710499580537 68.573413423736781
8365.647120594791 67.866905971579087
8487.328259932974 67.195772179033071
8610.77929219841 66.574911440928759
8736.025961076528 66.019378278656177
8863.094384703289 65.538451055368824
8992.011061111683 65.139239080757491
9122.802873757471 64.829047742839094
9255.497097125279 64.622665750343543
9390.121402416245 64.524457827489940
9526.7038633184 64.544139163585953
9665.272961860968 64.686762612201164
9805.857594353829 64.964866539404994
9948.487077413367 65.398485213285113
10093.19115407597 66.024657981860855
10240.000000000457 66.854300000002837
10388.944229760706 67.922535623987230
10540.05490322983 69.252323271610010
10693.363532057198 70.756706215059978
10848.902086239672 72.206613136841895
11006.703000788428 73.083477875011454
11166.799182492743 73.046810475052609
11329.224016782166 71.999601962929418
11494.0113746885 70.519715376439592
11661.195619909053 68.978267589473489
11830.811615972614 67.627144909824068
12002.894733509682 66.605897793056002
12177.48085762842 65.824348911435777
12354.606395397908 65.435072645252205
12534.308283440243 65.304914745180952
12716.62399563306 65.510638871469908
12901.591550924093 65.974065859948283
13089.249521259411 66.529265369326055
13279.637039626952 66.875144112936994
13472.793808217073 66.800945529045691
13668.760106701786 66.162525140615884
13867.576800634426 64.955848055130787
14069.285349971487 63.324938945752905
14273.927817718419 61.509760256837623
14481.54687870117 59.813870556078307
14692.18582846533 58.397342275442682
14905.888592304698 57.222215287984476
15122.699734421185 56.131464523644816
15342.664467217943 55.180643508917946
15565.828660727671 55.107723715451542
15792.238852178061 56.302423468233258
16021.942255696367 55.646558802631830
16254.986772155136 54.206002774086670
16491.42099916115 56.837515720663596
16731.294241189662 59.684476293192219
16974.65651986603 60.892343496132398
17221.558584396902 59.602363512273989
17472.051922153143 56.997693010087680
17726.188769406665 54.621063249773769
17984.022122223458 53.045671691103948
18245.605747515034 52.351757130083200
18510.99419425065 52.304898766681518
18780.242804832582 51.719840330580901
19053.40772663689 49.326842247279359
19330.545923722028 44.961235682486752
19611.71518870775 39.776797070642786
19896.974154826825 37.403000000000006
20186.382308152035 37.403000000000006
