20 72.530500000000004
20.290906698750476 72.529045461657788
20.586044732869844 72.525186069608168
20.885475648548283 72.521669450766936
21.189261887185914 72.518607390770171
21.49746679841394 72.517743667605203
21.810154653305165 72.518550778012639
22.12739065777668 72.519181523355570
22.449240966187475 72.517597251962385
22.77577269513385 72.510221695250749
23.107053937445478 72.496647285285349
23.44315377638505 72.479126513543775
23.784142300054445 72.462213596497548
24.130090616010463 72.448597268510582
24.481070866093134 72.439652242084307
24.837156241469714 72.431571107533614
25.1984209978975 72.418323028847240
25.56494047120865 72.397247962046293
25.936791093020236 72.369556687274951
26.3140504066728 72.340706597899356
26.69679708340074 72.319390127601224
27.08511093873791 72.306489276363095
27.47907294916184 72.299116228680248
27.878765268980047 72.288288585344361
28.284271247461966 72.268580810142140
28.695675446220072 72.242607043318372
29.11306365684382 72.213198607677768
29.536522918790062 72.184381670710181
29.966141537533712 72.159463790823054
30.402009102982383 72.134876105729063
30.844216508158908 72.106765428862843
31.29285596815558 72.076241152189311
31.74802103936409 72.045630611401975
32.20980663898519 72.016201795021900
32.67830906482211 71.987088219851387
33.153626015361866 71.955592552909309
33.63585661014871 71.919859757967799
34.125101410453844 71.879491481521882
34.62146244024586 71.838890316981562
35.12504320746613 71.802122105099770
35.635948725613716 71.767755486658274
36.15428553564419 71.730657157148471
36.68016172818701 71.686605282734988
37.21368696608603 71.637840799120085
37.754972507267915 71.588552507128014
38.30413122794313 71.538920019029234
38.86127764614443 71.487178699464650
39.4265279456077 71.433479853892095
40.000000000000206 71.377499999999969
40.58181339750116 71.317863927969228
41.1720894657399 71.254023734426170
41.77095129709678 71.192477399472239
42.37852377437204 71.136193150514075
42.9949335968281 71.076331367416458
43.62030930661056 71.010933995380412
44.25478131555359 70.950588487489654
44.89848193237519 70.899613880451469
45.55154539026795 70.852097283169314
46.21410787489121 70.802094805843836
46.88630755277036 70.760061280769975
47.56828460010916 70.723817634110191
48.260181232021196 70.674481976797892
48.962141732186545 70.600541101977115
49.674312482939705 70.522154488944523
50.39684199579528 70.459232866226188
51.129880942417586 70.415833481909146
51.873582186040764 70.386624110055465
52.628100813345895 70.356038172472168
53.393594166801776 70.334588073441566
54.17022187747612 70.331908889881760
54.95814589832399 70.323700862109717
55.75753053796041 70.285245098701211
56.56854249492426 70.245699858975868
57.39135089244048 70.214955148672999
58.226127313687975 70.186598143570350
59.073045837580466 70.145740699694201
59.932283075067765 70.083875618595130
60.804018205965114 70.019687076554021
61.68843301631817 69.947329699384028
62.58571193631152 69.862562763429821
63.49604207872855 69.787296844095351
64.41961327797075 69.714881904567420
65.35661812964459 69.642036730924872
66.3072520307241 69.578718504171917
67.27171322029778 69.522012346443034
68.25020282090806 69.468990670238242
69.2429248804921 69.421989368654664
70.25008641493265 69.370495679253366
71.27189745122783 69.319948922341069
72.30857107128878 69.267874305543472
73.36032345637442 69.210943341996710
74.42737393217246 69.157272364289639
75.50994501453623 69.099540655497634
76.60826245588666 69.031363632916211
77.72255529228926 68.956619537376227
78.85305589121582 68.883595764303067
80.00000000000082 68.809999999999945
81.16362679500274 68.731939840684831
82.34417893148023 68.652047863373951
83.541902594194 68.567364794186673
84.75704754874454 68.475227631603360
85.98986719365665 68.378135317923807
87.24061861322157 68.280251653848495
88.50956263110764 68.177795552841729
89.79696386475084 68.082956995296684
91.10309078053635 67.981131383861225
92.42821574978288 67.895555528443325
93.77261510554118 67.823453661812820
95.13656920021877 67.761561489896621
96.52036246404286 67.721948094725263
97.92428346437356 67.701441247291115
99.34862496587989 67.679341754079445
100.79368399159105 67.638514744285899
102.25976188483567 67.575752143873387
103.74716437208203 67.492369669605466
105.25620162669229 67.394438890238547
106.78718833360406 67.289159212758918
108.34044375495276 67.173665239195373
109.9162917966485 67.073035595911080
111.51506107592134 66.957739326337730
113.13708498984903 66.820295506195194
114.78270178488147 66.705537925501929
116.45225462737648 66.614936294814612
118.14609167516147 66.509357858595791
119.86456615013608 66.390055981158611
121.60803641193078 66.276357702461866
123.3768660326369 66.181517505012636
125.17142387262359 66.092214512823176
126.99208415745765 66.005364128756952
128.83922655594208 65.933103866273797
130.71323625928977 65.875277281141919
132.61450406144883 65.841770991877098
134.5434264405962 65.853400800675814
136.50040564181674 65.919147006068556
138.48584976098482 66.036452882312886
140.50017282986593 66.192015036198342
142.5437949024563 66.369810156513694
144.61714214257822 66.553021365153825
146.7206469127495 66.725684141167619
148.8547478643456 66.884958047941410
151.01989002907314 67.018106435471097
153.216524911774 67.113922527423796
155.4451105845792 67.167958486572161
157.70611178243232 67.174196879758924
160.00000000000236 67.142999999999944
162.3272535900062 67.077836899479820
164.6883578629612 66.988529386489688
167.08380518838874 66.882728766522504
169.51409509748981 66.770545987476467
171.97973438731407 66.651388961899073
174.4812372264439 66.530900613130697
177.01912526221608 66.413120237938060
179.5939277295025 66.297192037718304
182.20618156107355 66.180163066063912
184.85643149956664 66.059075437319848
187.54523021108326 65.945127469261138
190.27313840043846 65.832792974702812
193.04072492808663 65.725276887689560
195.84856692874806 65.621112163793569
198.69724993176072 65.516941202511205
201.58736798318304 65.411854752605421
204.5195237696723 65.307563414099860
207.49432874416505 65.203696603535604
210.5124032533856 65.099826222175992
213.57437666720915 64.996258381648488
216.68088750990657 64.893530712173089
219.83258359329807 64.791357325014474
223.03012215184378 64.690551152216926
226.2741699796992 64.587605588979585
229.5654035697641 64.483689787552436
232.90450925475412 64.380928382854208
236.2921833503241 64.281611049541254
239.72913230027333 64.188813427892626
243.21607282386276 64.102692379669065
246.75373206527502 64.023979461547640
250.34284774524843 63.958242987534682
253.9841683149166 63.907719664630534
257.67845311188546 63.874853728632019
261.42647251858085 63.854439328342281
265.22900812289896 63.840026715477677
269.08685288119375 63.823493358193033
273.0008112836349 63.798118205499556
276.97169952197106 63.761825455497330
281.00034565973334 63.712394953367891
285.0875898049141 63.652510973316460
289.23428428515797 63.582017167152316
293.44129382550057 63.505336064228246
297.7094957286928 63.426374329019183
302.0397800581479 63.344989206387922
306.4330498235497 63.262083069960404
310.89022116916016 63.178558353078245
315.41222356486645 63.094415086406457
320.00000000000654 63.009999999999877
324.6545071800142 62.926218870759747
329.3767157259242 62.841656788505958
334.16761037677935 62.753399208029577
339.02819019498156 62.665895395509828
343.95946877463007 62.577229562056658
348.9624744528898 62.489156697074428
354.03825052443415 62.401542090979731
359.187855459007 62.312131315013275
364.4123631221491 62.221666117986814
369.71286299913527 62.129967470114963
375.0904604221685 62.038416942612052
380.54627680087896 61.942940155984616
386.08144985617537 61.852604947286814
391.6971338574982 61.765487996074874
397.3944998635236 61.679061402019855
403.1747359663683 61.594995451148719
409.0390475393468 61.514992381988492
414.9886574883323 61.442628548465564
421.0248065067734 61.379764338185652
427.1487533344206 61.326242475547581
433.3617750198154 61.284813422806025
439.6651671865984 61.254791176677386
446.06024430368984 61.236596381645697
452.54833995940066 61.234548339959403
459.13080713953053 61.251162767335529
465.8090185095106 61.280362510756675
472.58436670065066 61.321953293082892
479.45826460054917 61.372710774389986
486.432145647728 61.429730023440911
493.50746413055253 61.488418988510290
500.6856954904994 61.545685572146901
507.9683366298358 61.600760545763137
515.3569062237735 61.653845383756220
522.8529450371643 61.702670979287809
530.4580162458005 61.748862601536260
538.1737057623901 61.797153902564446
546.0016225672724 61.849582902439991
553.9433990439449 61.906939880150325
562.0006913194694 61.969705599687700
570.1751796098309 62.035918954839630
578.4685685703187 62.103095405419580
586.8825876510039 62.169184183677828
595.4189914573883 62.233871486357543
604.0795601162986 62.296046975799555
612.8660996471021 62.352196597882610
621.780442338323 62.401323798241016
630.8244471297356 62.444586345014351
640.0000000000159 62.484500000000068
649.3090143600314 62.521736057440123
658.7534314518515 62.559951397379990
668.3352207535618 62.599174405089599
678.0563803899662 62.641850892735349
687.9189375492632 62.688114953359005
697.9249489057827 62.735247259857175
708.0765010488715 62.783363379982141
718.3757109180171 62.834797340135985
728.8247262443015 62.886241158597073
739.425725998274 62.938657343691453
750.1809208443404 62.992419680958733
761.0925536017613 63.047887147475620
772.1628997123541 63.107614186901614
783.3942677149998 63.169491328883076
794.7889997270506 63.234602498407796
806.34947193274 63.303096831596442
818.0780950786972 63.373001024696897
829.9773149766683 63.443863889860012
842.0496130135506 63.516635145832439
854.2975066688449 63.592575667791756
866.7235500396347 63.675791550283535
879.3303343732008 63.768343574673644
892.1204886073838 63.863979566833905
905.0966799188055 63.940400188032243
918.2616142790653 63.971057457686939
931.6180370190256 64.006026626700262
945.1687334013056 64.091252472760345
958.9165292011028 64.211234851010104
972.8642912954606 64.341457195234327
987.0149282611097 64.471482804851689
1001.3713909810035 64.584359798264728
1015.9366732596762 64.658624007911612
1030.7138124475518 64.675168587077920
1045.7058900743334 64.672678325472788
1060.916032491606 64.709209935864351
1076.3474115247852 64.808542825395662
1092.0032451345498 64.944030017494583
1107.8867980878947 65.091424581835014
1124.0013826389438 65.244290836034480
1140.350359219667 65.398338754416073
1156.9371371406426 65.551537869719965
1173.765175302013 65.705607224630882
1190.837982914782 65.860875537226477
1208.1591202326028 66.017854970656543
1225.73219929421 66.175453312712307
1243.5608846766518 66.335547962089862
1261.648894259477 66.498728344810615
1280.0000000000375 66.664000000000328
1298.6180287200684 66.829966427447459
1317.5068629037087 66.998060393552635
1336.6704415071292 67.166699885262744
1356.112760779938 67.336181018785453
1375.8378750985323 67.503038150827678
1395.8498978115715 67.668365409500183
1416.153002097749 67.831454800080365
1436.7514218360407 67.994492304775221
1457.6494524886093 68.155023882714346
1478.8514519965543 68.313769657654703
1500.3618416886875 68.471547365488362
1522.1851072035295 68.625183154712843
1544.3257994247153 68.779894079984501
1566.788535430007 68.934333582341253
1589.5779994541087 69.089338836298865
1612.6989438654878 69.245336902776074
1636.156190157402 69.402300226448290
1659.9546299533442 69.560200557692070
1684.099226027109 69.719372907258389
1708.5950133376978 69.880727088028806
1733.4471000792773 70.045257686527989
1758.6606687464096 70.211794346851661
1784.2409772147755 70.378620810528929
1810.193359837619 70.549072307731535
1836.5232285581387 70.722092379341390
1863.2360740380593 70.897063924208908
1890.3374668026197 71.074307032889124
1917.833058402214 71.253058218446341
1945.7285825909298 71.433821215189226
1974.0298565222283 71.616252276003152
2002.7427819620161 71.798733813327999
2031.8733465193618 71.981552303536063
2061.4276248951132 72.163589543118931
2091.411780148677 72.343782443538913
2121.832064983222 72.521942770404365
2152.694823049581 72.696114953213282
2184.0064902691106 72.868933911656100
2215.7735961758003 73.031170810926810
2248.002765277899 73.189612996806119
2280.7007184393456 73.339369779903834
2313.874274281297 73.478497097125199
2347.530350604038 73.606985779704743
2381.6759658295764 73.722946888946126
2416.318240465218 73.828463043977038
2451.4643985884327 73.917709641665169
2487.1217693533167 73.994031361771306
2523.2977885189675 74.053155460421976
2560.0000000000887 74.097000000000079
2597.236057440151 74.124187127284074
2635.0137258074315 74.136000915053827
2673.340883014273 74.129414213020368
2712.225521559891 74.108442134908074
2751.6757501970797 74.070136409170544
2791.699795623158 74.019894018244599
2832.3060041955137 73.955048972993495
2873.502843672097 73.879904483276135
2915.2989049772345 73.795607354298937
2957.7029039931244 73.703129262735956
3000.723683377391 73.603254113852046
3044.370214407075 73.497792974702662
3088.6515988494466 73.389070437833240
3133.57707086003 73.278146749621428
3179.1559989082334 73.166650922652991
3225.3978877309914 73.055807006077544
3272.3123803148205 72.946850896685362
3319.9092599067053 72.841792368997787
3368.198452054235 72.741967064932624
3417.190026675413 72.646682749850214
3466.8942001585724 72.555604091724092
3517.3213374928373 72.471325140261030
3568.4819544295697 72.396234181064372
3620.386719675257 72.330351405176700
3673.0464571162966 72.273414472026033
3726.472148076138 72.226351724500603
3780.6749336052594 72.191786106522940
3835.6661168044484 72.165986842622573
3891.45716518188 72.152988390764193
3948.059713044477 72.147681901902075
4005.4855639240527 72.155691382209909
4063.746693038744 72.174279679193404
4122.855249790247 72.202736943622398
4182.823560297375 72.239496660496002
4243.664129966465 72.282519634761996
4305.389646099183 72.327619073806062
4368.012980538242 72.372092527881250
4431.5471923516225 72.417901903053661
4496.00553055582 72.457136605578853
4561.401436878714 72.479221582522712
4627.748548562617 72.483821147811440
4695.060701208099 72.464754496521550
4763.351931659176 72.424960116208865
4832.63648093046 72.361341682120667
4902.928797176889 72.270253244093510
4974.243538706657 72.155146993150566
5046.595577037959 72.009693176437850
5120.000000000202 71.839071428570918
5194.472114880326 71.640613394261948
5270.027451614888 71.416290929429408
5346.6817660285715 71.169574888992685
5424.451043119808 70.904691378884095
5503.351500394186 70.623553516435265
5583.399591246343 70.327336522607368
5664.612008391055 70.013513167274894
5747.005687344222 69.706044497124083
5830.597809954497 69.449673675747150
5915.405807986278 69.276696649142096
6001.447366754812 69.138292765698907
6088.740428814181 68.999395919877571
6177.303197698925 68.811478673124270
6267.154141720092 68.652732226790846
6358.3119978165005 68.535399002456444
6450.795775462017 68.457260598090855
6544.624760629676 68.422537523937024
6639.818519813445 68.432728315326301
6736.396904108505 68.488893244656566
6834.380053350861 68.591225470956658
6933.788400317181 68.737122874550309
7034.642674985712 68.923363910470556
7136.963908859177 69.144680366274770
7240.773439350552 69.393006527999106
7346.092914232631 69.647318348446674
7452.944296152315 69.878300263420059
7561.349867210557 70.038484853931607
7671.332233608935 70.083651696562782
7782.914330363799 69.978170446584940
7896.119426088994 69.686932738976964
8010.971127848146 69.188873145200176
8127.49338607753 68.515285588231649
8245.710499580537 67.707317085559168
8365.647120594791 66.817763341421823
8487.328259932974 65.898882833173829
8610.77929219841 64.981848496579289
8736.025961076528 64.095070720714034
8863.094384703289 63.254798845105981
8992.011061111683 62.470126008033553
9122.802873757471 61.748625774900518
9255.497097125279 61.095003056780030
9390.121402416245 60.512659118227653
9526.7038633184 60.002765984952120
9665.272961860968 59.569825228105948
9805.857594353829 59.215546824533824
9948.487077413367 58.948274304364169
10093.19115407597 58.782574775430362
10240.000000000457 58.706499999999878
10388.944229760706 58.707018214098419
10540.05490322983 58.738699681654126
10693.363532057198 58.711542469441881
10848.902086239672 58.555789898922036
11006.703000788428 58.406305515021359
11166.799182492743 58.515400281141602
11329.224016782166 58.916648134946612
11494.0113746885 59.302549597763885
11661.195619909053 59.613345543150139
11830.811615972614 60.139110030140834
12002.894733509682 60.994230752671186
12177.48085762842 61.818831519582261
12354.606395397908 62.272204941971459
12534.308283440243 62.312798320677921
12716.62399563306 61.841988655895662
12901.591550924093 61.058552487277176
13089.249521259411 60.172002618850186
13279.637039626952 59.317422618764937
13472.793808217073 58.573918293568539
13668.760106701786 57.986474935379576
13867.576800634426 57.536489744831073
14069.285349971487 57.192960047207627
14273.927817718419 56.898957035211204
14481.54687870117 56.575109798848899
14692.18582846533 56.096285161391123
14905.888592304698 55.379223773518866
15122.699734421185 54.378182206505400
15342.664467217943 53.104460897099912
15565.828660727671 51.646501231696242
15792.238852178061 50.165952861332016
16021.942255696367 48.823390926616852
16254.986772155136 47.611660688850797
16491.42099916115 46.884389006580307
16731.294241189662 46.780285134960266
16974.65651986603 47.322611221512844
17221.558584396902 48.377082458098116
17472.051922153143 49.498848507401775
17726.188769406665 50.503874312991925
17984.022122223458 51.103391916736008
18245.605747515034 50.607000373872495
18510.99419425065 50.416676198363291
18780.242804832582 49.142871051636902
19053.40772663689 46.604133772570670
19330.545923722028 44.123111636115134
19611.71518870775 42.570775864622519
19896.974154826825 42.112499999999997
20186.382308152035 42.112499999999997
