20 70.552500000000009
20.290906698750476 70.603983487923188
20.586044732869844 70.655007480413019
20.885475648548283 70.705078231669120
21.189261887185914 70.755040813587414
21.49746679841394 70.803067857277426
21.810154653305165 70.848521466073905
22.12739065777668 70.892551561973633
22.449240966187475 70.935031318235389
22.77577269513385 70.977470457318617
23.107053937445478 71.021506902708808
23.44315377638505 71.064518940199918
23.784142300054445 71.106516245237430
24.130090616010463 71.146009423032424
24.481070866093134 71.182506768110017
24.837156241469714 71.216514715263074
25.1984209978975 71.250541296796484
25.56494047120865 71.286494160663523
25.936791093020236 71.323978940828653
26.3140504066728 71.361504540548850
26.69679708340074 71.395981721611804
27.08511093873791 71.425006616904426
27.47907294916184 71.448503921017448
27.878765268980047 71.469987383207666
28.284271247461966 71.492515800823028
28.695675446220072 71.516481093954567
29.11306365684382 71.541503453083507
29.536522918790062 71.564474120594753
29.966141537533712 71.585505843292680
30.402009102982383 71.603500350114700
30.844216508158908 71.620507715212796
31.29285596815558 71.636494867462119
31.74802103936409 71.653000751405855
32.20980663898519 71.669493094249475
32.67830906482211 71.687512661268983
33.153626015361866 71.706984679200758
33.63585661014871 71.727493901468989
34.125101410453844 71.747503373533249
34.62146244024586 71.764011928022214
35.12504320746613 71.777000930102020
35.635948725613716 71.787998896246094
36.15428553564419 71.797004614169168
36.68016172818701 71.805502120032401
37.21368696608603 71.812495896559184
37.754972507267915 71.817499745908208
38.30413122794313 71.821500471195492
38.86127764614443 71.823500245270452
39.4265279456077 71.823999582990808
40.000000000000206 71.823499999999996
40.58181339750116 71.822000480934264
41.1720894657399 71.817999178528254
41.77095129709678 71.812500447188597
42.37852377437204 71.806005091227945
42.9949335968281 71.798500808480185
43.62030930661056 71.789996346772313
44.25478131555359 71.782502582887162
44.89848193237519 71.779497420851214
45.55154539026795 71.776002432926703
46.21410787489121 71.767498073662665
46.88630755277036 71.755495490428586
47.56828460010916 71.745496092917577
48.260181232021196 71.735997031099373
48.962141732186545 71.724497511724252
49.674312482939705 71.711996110170872
50.39684199579528 71.703001966857329
51.129880942417586 71.694501380613161
51.873582186040764 71.682506738934819
52.628100813345895 71.665997696823041
53.393594166801776 71.648509271646176
54.17022187747612 71.630993523880761
54.95814589832399 71.607994802372218
55.75753053796041 71.579516724585162
56.56854249492426 71.551016077551992
57.39135089244048 71.522988023431679
58.226127313687975 71.494495190037767
59.073045837580466 71.462498052303033
59.932283075067765 71.425988800355697
60.804018205965114 71.391499320365554
61.68843301631817 71.358484087373597
62.58571193631152 71.325510585859377
63.49604207872855 71.294498679347271
64.41961327797075 71.265512137379716
65.35661812964459 71.236012022599226
66.3072520307241 71.205991381332751
67.27171322029778 71.173009806974278
68.25020282090806 71.136491829973494
69.2429248804921 71.096503025962051
70.25008641493265 71.051996279591947
71.27189745122783 71.008004415015620
72.30857107128878 70.963018613107039
73.36032345637442 70.917987267884044
74.42737393217246 70.875985153200901
75.50994501453623 70.833002183171686
76.60826245588666 70.793491408394743
77.72255529228926 70.757014557696351
78.85305589121582 70.727998172693475
80.00000000000082 70.690499999999957
81.16362679500274 70.637516993011047
82.34417893148023 70.616495220528066
83.541902594194 70.584502601824539
84.75704754874454 70.539998013981872
85.98986719365665 70.488505547061379
87.24061861322157 70.426019054095647
88.50956263110764 70.360022747318283
89.79696386475084 70.291001937321056
91.10309078053635 70.218494792965458
92.42821574978288 70.142489092204286
93.77261510554118 70.074519459348096
95.13656920021877 70.004522108493177
96.52036246404286 69.933981283017715
97.92428346437356 69.861485080822447
99.34862496587989 69.786519738637907
100.79368399159105 69.707017385929760
102.25976188483567 69.627012994006236
103.74716437208203 69.545490686671300
105.25620162669229 69.459988674137463
106.78718833360406 69.373989024989584
108.34044375495276 69.283474940234271
109.9162917966485 69.194482390008389
111.51506107592134 69.097996291012180
113.13708498984903 68.999494707497263
114.78270178488147 68.897018570504031
116.45225462737648 68.789983014820820
118.14609167516147 68.676993413680947
119.86456615013608 68.553531169551007
121.60803641193078 68.432997385915655
123.3768660326369 68.306009617781314
125.17142387262359 68.171967295934309
126.99208415745765 68.031493393161156
128.83922655594208 67.886481986747398
130.71323625928977 67.737481181239531
132.61450406144883 67.586039502991852
134.5434264405962 67.438470800695001
136.50040564181674 67.304476613299087
138.48584976098482 67.190008661816336
140.50017282986593 67.107997378803404
142.5437949024563 67.077003110579199
144.61714214257822 67.108506012685098
146.7206469127495 67.197485064275043
148.8547478643456 67.330484285828476
151.01989002907314 67.483992202985092
153.216524911774 67.628968644609571
155.4451105845792 67.744503766038292
157.70611178243232 67.821501705486099
160.00000000000236 67.856499999999997
162.3272535900062 67.858497099987233
164.6883578629612 67.831495145848820
167.08380518838874 67.799002642478030
169.51409509748981 67.777500404916310
171.97973438731407 67.787998869045737
174.4812372264439 67.841008505755084
177.01912526221608 67.932005618557639
179.5939277295025 68.047496758352452
182.20618156107355 68.156005412575396
184.85643149956664 68.235006900141826
187.54523021108326 68.277999789029437
190.27313840043846 68.275497949993508
193.04072492808663 68.234504074403347
195.84856692874806 68.164010873049591
198.69724993176072 68.072990832952712
201.58736798318304 67.966985258089323
204.5195237696723 67.849519078439656
207.49432874416505 67.725986220630588
210.5124032533856 67.599482879510091
213.57437666720915 67.469484482329335
216.68088750990657 67.341504634287730
219.83258359329807 67.216516513590648
223.03012215184378 67.093995406126709
226.2741699796992 66.971993879491237
229.5654035697641 66.853485862975333
232.90450925475412 66.736517190776567
236.2921833503241 66.619493705167812
239.72913230027333 66.501495598843789
243.21607282386276 66.385497622624030
246.75373206527502 66.270008746879796
250.34284774524843 66.152005005868119
253.9841683149166 66.032994623400057
257.67845311188546 65.914985794918209
261.42647251858085 65.797485276504915
265.22900812289896 65.678999750501930
269.08685288119375 65.560504518812479
273.0008112836349 65.440005809995398
276.97169952197106 65.317509269342366
281.00034565973334 65.192989388381477
285.0875898049141 65.067512592828592
289.23428428515797 64.945991789720296
293.44129382550057 64.824491740674617
297.7094957286928 64.704514174878625
302.0397800581479 64.585506044591313
306.4330498235497 64.470998747983487
310.89022116916016 64.358994693309626
315.41222356486645 64.250494883541634
320.00000000000654 64.145499999999842
324.6545071800142 64.035511645585061
329.3767157259242 63.922506802831549
334.16761037677935 63.812508945638541
339.02819019498156 63.696995352160762
343.95946877463007 63.576488147113594
348.9624744528898 63.449988222800613
354.03825052443415 63.323993530145685
359.187855459007 63.191003732806223
364.4123631221491 63.056990238651906
369.71286299913527 62.914503682818946
375.0904604221685 62.768987932483483
380.54627680087896 62.625993248759052
386.08144985617537 62.490989947124284
391.6971338574982 62.365497509846470
397.3944998635236 62.259509304048173
403.1747359663683 62.188003266159974
409.0390475393468 62.152000027964320
414.9886574883323 62.155499798522548
421.0248065067734 62.183999086388837
427.1487533344206 62.237497845099853
433.3617750198154 62.301497682483216
439.6651671865984 62.380502013036448
446.06024430368984 62.457502673483660
452.54833995940066 62.528503279268108
459.13080713953053 62.591998139656717
465.8090185095106 62.643500120209367
472.58436670065066 62.687501947130315
479.45826460054917 62.724000948525060
486.432145647728 62.749000267621270
493.50746413055253 62.761999870697714
500.6856954904994 62.760000084833408
507.9683366298358 62.750999521638477
515.3569062237735 62.740500133258948
522.8529450371643 62.733500051326018
530.4580162458005 62.732000014738290
538.1737057623901 62.738999733065931
546.0016225672724 62.750999421411251
553.9433990439449 62.768000965668520
562.0006913194694 62.787499253006899
570.1751796098309 62.806000378969379
578.4685685703187 62.823499089701059
586.8825876510039 62.838499264887695
595.4189914573883 62.851999986489545
604.0795601162986 62.862499466715292
612.8660996471021 62.870000027946801
621.780442338323 62.872500048909586
630.8244471297356 62.873499951271825
640.0000000000159 62.872500000000002
649.3090143600314 62.872500006082177
658.7534314518515 62.876500382732289
668.3352207535618 62.885000249798281
678.0563803899662 62.896000578510545
687.9189375492632 62.910999905022706
697.9249489057827 62.928999908085558
708.0765010488715 62.950001070201466
718.3757109180171 62.971999382543338
728.8247262443015 62.994999397417828
739.425725998274 63.017499418447429
750.1809208443404 63.040999827042491
761.0925536017613 63.065998977276763
772.1628997123541 63.091999764455394
783.3942677149998 63.119500693075253
794.7889997270506 63.148999999293373
806.34947193274 63.181001347919405
818.0780950786972 63.214500279666730
829.9773149766683 63.249500900082424
842.0496130135506 63.283998894141270
854.2975066688449 63.343505748797547
866.7235500396347 63.484494894631723
879.3303343732008 63.541500653583270
892.1204886073838 63.566503143925132
905.0966799188055 63.649997940450049
918.2616142790653 63.742497289845311
931.6180370190256 63.819000083320809
945.1687334013056 63.849499399951284
958.9165292011028 63.835500479428610
972.8642912954606 63.850001677660948
987.0149282611097 63.931499586833475
1001.3713909810035 64.051503489463855
1015.9366732596762 64.181497083877375
1030.7138124475518 64.303998445207100
1045.7058900743334 64.404499263105009
1060.916032491606 64.470000067379388
1076.3474115247852 64.502000683421329
1092.0032451345498 64.528000810221840
1107.8867980878947 64.580499332637515
1124.0013826389438 64.671502843637626
1140.350359219667 64.793002999452824
1156.9371371406426 64.931501197983977
1173.765175302013 65.078501555570483
1190.837982914782 65.229999848391572
1208.1591202326028 65.383001067335471
1225.73219929421 65.539001760549553
1243.5608846766518 65.696498981242513
1261.648894259477 65.853499082194702
1280.0000000000375 66.015000000000327
1298.6180287200684 66.180000257718859
1317.5068629037087 66.349498769769639
1336.6704415071292 66.522003962505465
1356.112760779938 66.696497853011323
1375.8378750985323 66.872998882377232
1395.8498978115715 67.051999085961995
1416.153002097749 67.231000018535312
1436.7514218360407 67.413003724219990
1457.6494524886093 67.597503980243630
1478.8514519965543 67.784003981839390
1500.3618416886875 67.973498605364995
1522.1851072035295 68.165500944161877
1544.3257994247153 68.360498233495292
1566.788535430007 68.558495905050137
1589.5779994541087 68.758999995197200
1612.6989438654878 68.963999502289042
1636.156190157402 69.172501693910220
1659.9546299533442 69.384496703647585
1684.099226027109 69.600002029962610
1708.5950133376978 69.820000120217458
1733.4471000792773 70.044000897038018
1758.6606687464096 70.269997030883189
1784.2409772147755 70.498499796465055
1810.193359837619 70.728503150116637
1836.5232285581387 70.959001980728829
1863.2360740380593 71.190500626955014
1890.3374668026197 71.419995484879394
1917.833058402214 71.648500471053126
1945.7285825909298 71.873496633315142
1974.0298565222283 72.093498884664513
2002.7427819620161 72.307498374947642
2031.8733465193618 72.512002286289146
2061.4276248951132 72.706997525107340
2091.411780148677 72.889998658191303
2121.832064983222 73.059000320041804
2152.694823049581 73.210999128520768
2184.0064902691106 73.346497794183193
2215.7735961758003 73.463498512688290
2248.002765277899 73.561999282629728
2280.7007184393456 73.641499315429940
2313.874274281297 73.701500334131595
2347.530350604038 73.742500251560912
2381.6759658295764 73.766999975482477
2416.318240465218 73.773999952106749
2451.4643985884327 73.766999776438141
2487.1217693533167 73.747000129366029
2523.2977885189675 73.714000192914483
2560.0000000000887 73.676499999999891
2597.236057440151 73.631499924736943
2635.0137258074315 73.582000359270793
2673.340883014273 73.530500157193757
2712.225521559891 73.482000596742836
2751.6757501970797 73.436000291278447
2791.699795623158 73.395500206807469
2832.3060041955137 73.363499997606752
2873.502843672097 73.340000089174112
2915.2989049772345 73.328000027281874
2957.7029039931244 73.328999997735906
3000.723683377391 73.344499885924307
3044.370214407075 73.374500232409105
3088.6515988494466 73.422499565168096
3133.57707086003 73.488500134478443
3179.1559989082334 73.574999997928046
3225.3978877309914 73.680999742647060
3272.3123803148205 73.807501126633809
3319.9092599067053 73.948500834259136
3368.198452054235 74.103501545539771
3417.190026675413 74.271000092578248
3466.8942001585724 74.443500664853360
3517.3213374928373 74.611000999397291
3568.4819544295697 74.762499865055020
3620.386719675257 74.882999349212383
3673.0464571162966 74.958000089838677
3726.472148076138 74.968499797840821
3780.6749336052594 74.894500090644627
3835.6661168044484 74.723499427398394
3891.45716518188 74.449998905655093
3948.059713044477 74.075001901106333
4005.4855639240527 73.613003508290461
4063.746693038744 73.082502795059241
4122.855249790247 72.507997554955466
4182.823560297375 71.921004303981078
4243.664129966465 71.345498845112175
4305.389646099183 70.797003144778500
4368.012980538242 70.288000158185241
4431.5471923516225 69.823498703391664
4496.00553055582 69.388996389728135
4561.401436878714 68.943996585856183
4627.748548562617 68.425503527917698
4695.060701208099 67.773002896388689
4763.351931659176 66.971000802585124
4832.63648093046 66.074506716400990
4902.928797176889 65.167502617091017
4974.243538706657 64.320005481961829
5046.595577037959 63.570504381496704
5120.000000000202 62.924999999998505
5194.472114880326 62.373499288412503
5270.027451614888 61.905497666955895
5346.6817660285715 61.509501208697223
5424.451043119808 61.177499849984315
5503.351500394186 60.903001738150294
5583.399591246343 60.682998744166646
5664.612008391055 60.510499987320848
5747.005687344222 60.386000472432997
5830.597809954497 60.308500176195409
5915.405807986278 60.276000073583219
6001.447366754812 60.295000291998896
6088.740428814181 60.364500588292209
6177.303197698925 60.486000380651461
6267.154141720092 60.659000356795467
6358.3119978165005 60.888499994502808
6450.795775462017 61.175499303204866
6544.624760629676 61.518999123685568
6639.818519813445 61.915502376268506
6736.396904108505 62.356999561642851
6834.380053350861 62.831500261900025
6933.788400317181 63.319497056149686
7034.642674985712 63.794998467643381
7136.963908859177 64.201999637471147
7240.773439350552 64.460500279495704
7346.092914232631 64.527499945438535
7452.944296152315 64.413999314297826
7561.349867210557 64.163000307456684
7671.332233608935 63.818499145815714
7782.914330363799 63.410502448505326
7896.119426088994 62.970002233185795
8010.971127848146 62.535999570994093
8127.49338607753 62.144998961472410
8245.710499580537 61.827001346101177
8365.647120594791 61.602999886522106
8487.328259932974 61.488500012633331
8610.77929219841 61.494500306786513
8736.025961076528 61.625999959133253
8863.094384703289 61.880998765232576
8992.011061111683 62.261000237125963
9122.802873757471 62.768499510152893
9255.497097125279 63.402000543256293
9390.121402416245 64.155002482268557
9526.7038633184 64.997499156891791
9665.272961860968 65.875999758206106
9805.857594353829 66.705502852381656
9948.487077413367 67.390000261336453
10093.19115407597 67.878500284414372
10240.000000000457 68.149500000000302
10388.944229760706 68.244500012924050
10540.05490322983 68.252999994556660
10693.363532057198 68.232999856329258
10848.902086239672 68.190999980325671
11006.703000788428 68.155000000150210
11166.799182492743 68.185500129208350
11329.224016782166 68.300500010540532
11494.0113746885 68.403999607254534
11661.195619909053 68.450499619905187
11830.811615972614 68.346500235464902
12002.894733509682 68.011500518786036
12177.48085762842 67.421496174889910
12354.606395397908 66.631498069249460
12534.308283440243 65.754003499002152
12716.62399563306 64.904500020347839
12901.591550924093 64.180501757768667
13089.249521259411 63.643501369958628
13279.637039626952 63.341499994973724
13472.793808217073 63.317000024325715
13668.760106701786 63.568500221650254
13867.576800634426 63.981499585860455
14069.285349971487 64.185499215038320
14273.927817718419 63.726500408844899
14481.54687870117 62.441000751037457
14692.18582846533 60.372001684898009
14905.888592304698 57.867504777999756
15122.699734421185 55.760002581545002
15342.664467217943 54.478999805295331
15565.828660727671 54.386000141385644
15792.238852178061 55.135999510328816
16021.942255696367 55.740500031270258
16254.986772155136 55.768998657751951
16491.42099916115 55.358001739772149
16731.294241189662 54.502002707856441
16974.65651986603 53.435497638628320
17221.558584396902 52.314001887781338
17472.051922153143 51.429503805901717
17726.188769406665 51.108500291263184
17984.022122223458 51.355503086732284
18245.605747515034 52.075003347620353
18510.99419425065 53.263501269762983
18780.242804832582 55.023507054946890
19053.40772663689 57.417997603772207
19330.545923722028 59.572491632931886
19611.71518870775 60.221499600767274
19896.974154826825 59.618001788060056
20186.382308152035 59.617999999999995
