20 98.694000000000003
20.290906698750476 98.747817918661909
20.586044732869844 98.800511318990715
20.885475648548283 98.846297140029819
21.189261887185914 98.882729209219633
21.49746679841394 98.911162864774326
21.810154653305165 98.937388615221124
22.12739065777668 98.967694495710987
22.449240966187475 99.003319236263280
22.77577269513385 99.045476639781427
23.107053937445478 99.087846515315178
23.44315377638505 99.126031201416424
23.784142300054445 99.158842629129836
24.130090616010463 99.189057739220019
24.481070866093134 99.220022725167368
24.837156241469714 99.251886827216794
25.1984209978975 99.277905259873847
25.56494047120865 99.290618528313360
25.936791093020236 99.285173397330823
26.3140504066728 99.266727261723872
26.69679708340074 99.253794040103244
27.08511093873791 99.260872550490859
27.47907294916184 99.298744513578441
27.878765268980047 99.350481767898543
28.284271247461966 99.391731598529191
28.695675446220072 99.409717298215128
29.11306365684382 99.402733753500968
29.536522918790062 99.382123449949034
29.966141537533712 99.371812603099187
30.402009102982383 99.383633939752357
30.844216508158908 99.413955650480645
31.29285596815558 99.442383868367983
31.74802103936409 99.456224273511737
32.20980663898519 99.455303867220294
32.67830906482211 99.443972418990512
33.153626015361866 99.430466601646685
33.63585661014871 99.420462150847769
34.125101410453844 99.412623073201374
34.62146244024586 99.402341976553600
35.12504320746613 99.389123833398415
35.635948725613716 99.375329384408417
36.15428553564419 99.361797147144529
36.68016172818701 99.348995956795321
37.21368696608603 99.336512573712184
37.754972507267915 99.327221786732565
38.30413122794313 99.320875218632352
38.86127764614443 99.316383241373401
39.4265279456077 99.308964321919291
40.000000000000206 99.298000000000002
40.58181339750116 99.283454616577856
41.1720894657399 99.259162974779287
41.77095129709678 99.225170248484432
42.37852377437204 99.190028257299531
42.9949335968281 99.154541223319796
43.62030930661056 99.109043256532416
44.25478131555359 99.059013909246943
44.89848193237519 99.030883946867320
45.55154539026795 99.027380004334432
46.21410787489121 99.005436482821153
46.88630755277036 98.930266286219677
47.56828460010916 98.854573521318855
48.260181232021196 98.827018558143834
48.962141732186545 98.816946491057493
49.674312482939705 98.797313472418480
50.39684199579528 98.780055256392657
51.129880942417586 98.763574815109763
51.873582186040764 98.750865247700844
52.628100813345895 98.779769712546369
53.393594166801776 98.812895913205423
54.17022187747612 98.767404426663106
54.95814589832399 98.653914446439060
55.75753053796041 98.611530872064080
56.56854249492426 98.607078643762691
57.39135089244048 98.573909226819879
58.226127313687975 98.502291777885958
59.073045837580466 98.419964957866142
59.932283075067765 98.325448861742544
60.804018205965114 98.279856457134883
61.68843301631817 98.241002138784737
62.58571193631152 98.174794852525793
63.49604207872855 98.134083116346687
64.41961327797075 98.137557044812027
65.35661812964459 98.168411780148631
66.3072520307241 98.183315837431607
67.27171322029778 98.164386452543297
68.25020282090806 98.131987019461889
69.2429248804921 98.059707511950791
70.25008641493265 97.973746456987755
71.27189745122783 97.936882307347361
72.30857107128878 97.894117173404808
73.36032345637442 97.790319891409581
74.42737393217246 97.658646693308867
75.50994501453623 97.550891461156610
76.60826245588666 97.491520660099297
77.72255529228926 97.470603256229367
78.85305589121582 97.456192610821361
80.00000000000082 97.395499999999956
81.16362679500274 97.339257897636273
82.34417893148023 97.311095862513866
83.541902594194 97.268228377461043
84.75704754874454 97.219819352786629
85.98986719365665 97.200926194706966
87.24061861322157 97.235021434254364
88.50956263110764 97.208117050394407
89.79696386475084 97.089247003154668
91.10309078053635 97.019022301547380
92.42821574978288 96.983794602114045
93.77261510554118 96.957037222843866
95.13656920021877 96.927930960243145
96.52036246404286 96.931016249311199
97.92428346437356 96.969665814840369
99.34862496587989 97.021659002924878
100.79368399159105 97.074101746358338
102.25976188483567 97.125578650122804
103.74716437208203 97.169179082617646
105.25620162669229 97.208510393730336
106.78718833360406 97.247654916117696
108.34044375495276 97.276486064651010
109.9162917966485 97.294376587875774
111.51506107592134 97.311784656559567
113.13708498984903 97.325080553964739
114.78270178488147 97.323767576090461
116.45225462737648 97.293454867845469
118.14609167516147 97.264971488292588
119.86456615013608 97.235228637961981
121.60803641193078 97.196939062498814
123.3768660326369 97.145366154123749
125.17142387262359 97.090685859948664
126.99208415745765 97.033917335013840
128.83922655594208 96.973825965621941
130.71323625928977 96.910912782723841
132.61450406144883 96.843570601757108
134.5434264405962 96.773844217968986
136.50040564181674 96.706612120872322
138.48584976098482 96.643209882767991
140.50017282986593 96.578661366550776
142.5437949024563 96.515990289658006
144.61714214257822 96.455911448936519
146.7206469127495 96.394068851382627
148.8547478643456 96.331983261506849
151.01989002907314 96.274114683290620
153.216524911774 96.220373487170363
155.4451105845792 96.164749080567120
157.70611178243232 96.104934981874322
160.00000000000236 96.042999999999921
162.3272535900062 95.974113293735826
164.6883578629612 95.900723234675610
167.08380518838874 95.826818800197628
169.51409509748981 95.755994061192297
171.97973438731407 95.690922852807290
174.4812372264439 95.626384079557752
177.01912526221608 95.555253017500618
179.5939277295025 95.484963951303428
182.20618156107355 95.421934115158663
184.85643149956664 95.360330789210053
187.54523021108326 95.296905428891790
190.27313840043846 95.231053933749649
193.04072492808663 95.166063326654012
195.84856692874806 95.101992100796039
198.69724993176072 95.036505451624095
201.58736798318304 94.965551239089905
204.5195237696723 94.892265159719798
207.49432874416505 94.816647452651708
210.5124032533856 94.735908910531890
213.57437666720915 94.652098235818556
216.68088750990657 94.570461813803689
219.83258359329807 94.486520242980959
223.03012215184378 94.398671640824290
226.2741699796992 94.308702268898372
229.5654035697641 94.218378969093123
232.90450925475412 94.129530504749027
236.2921833503241 94.041939755810375
239.72913230027333 93.953008701730425
243.21607282386276 93.862463133888525
246.75373206527502 93.771810615827320
250.34284774524843 93.680014518305100
253.9841683149166 93.589891834205815
257.67845311188546 93.500297512036781
261.42647251858085 93.409836350489243
265.22900812289896 93.316975179035069
269.08685288119375 93.223973432772141
273.0008112836349 93.133231543297313
276.97169952197106 93.042893835875162
281.00034565973334 92.951892360919885
285.0875898049141 92.861564265311401
289.23428428515797 92.769922317298011
293.44129382550057 92.677291535838989
297.7094957286928 92.585287740978842
302.0397800581479 92.494174563793422
306.4330498235497 92.403622478617223
310.89022116916016 92.312736743678357
315.41222356486645 92.220590639276722
320.00000000000654 92.126999999999867
324.6545071800142 92.032513504245713
329.3767157259242 91.937528013908917
334.16761037677935 91.844148358690475
339.02819019498156 91.748644653158863
343.95946877463007 91.652290358894717
348.9624744528898 91.556712985395109
354.03825052443415 91.461080890140636
359.187855459007 91.365943459554273
364.4123631221491 91.270253754864683
369.71286299913527 91.176553611215212
375.0904604221685 91.085020325951675
380.54627680087896 90.995778758042775
386.08144985617537 90.908737527229277
391.6971338574982 90.828152984262829
397.3944998635236 90.750371501774197
403.1747359663683 90.680519659047818
409.0390475393468 90.621401826107501
414.9886574883323 90.571837904465426
421.0248065067734 90.529486930528847
427.1487533344206 90.496084049440185
433.3617750198154 90.476866893715311
439.6651671865984 90.470499999999987
446.06024430368984 90.474620488607371
452.54833995940066 90.490145019878213
459.13080713953053 90.515498516822248
465.8090185095106 90.549267020011428
472.58436670065066 90.585404197796251
479.45826460054917 90.624112692660361
486.432145647728 90.666036088451150
493.50746413055253 90.705755871584500
500.6856954904994 90.741628485675392
507.9683366298358 90.774855535873627
515.3569062237735 90.810233544515469
522.8529450371643 90.846604797991347
530.4580162458005 90.883032447090741
538.1737057623901 90.917294083485217
546.0016225672724 90.953365023898186
553.9433990439449 90.992459920100217
562.0006913194694 91.033003283767485
570.1751796098309 91.071867139068672
578.4685685703187 91.112919414423075
586.8825876510039 91.153536420724819
595.4189914573883 91.194511158995454
604.0795601162986 91.236132883059696
612.8660996471021 91.277245026958184
621.780442338323 91.317511990522462
630.8244471297356 91.354591676736504
640.0000000000159 91.389000000000053
649.3090143600314 91.418323395234097
658.7534314518515 91.444571936492594
668.3352207535618 91.469254812921577
678.0563803899662 91.493238131955422
687.9189375492632 91.514629768853453
697.9249489057827 91.534057402920979
708.0765010488715 91.551730051783082
718.3757109180171 91.566725995285225
728.8247262443015 91.574294835746571
739.425725998274 91.569815850700962
750.1809208443404 91.559173382475819
761.0925536017613 91.569630363868356
772.1628997123541 91.629132113725120
783.3942677149998 91.764956886713463
794.7889997270506 91.964016994631990
806.34947193274 92.143222785853936
818.0780950786972 92.234877288764224
829.9773149766683 92.272794676293216
842.0496130135506 92.304329976169612
854.2975066688449 92.348406277786850
866.7235500396347 92.403391050192084
879.3303343732008 92.466883805615282
892.1204886073838 92.537849435441842
905.0966799188055 92.613292441176128
918.2616142790653 92.694737167540225
931.6180370190256 92.781535400165069
945.1687334013056 92.873583739359034
958.9165292011028 92.970901792607904
972.8642912954606 93.074482184715947
987.0149282611097 93.182922525085459
1001.3713909810035 93.295971127848020
1015.9366732596762 93.412711943171331
1030.7138124475518 93.534439939295694
1045.7058900743334 93.659393447502197
1060.916032491606 93.787755741762268
1076.3474115247852 93.918497911678173
1092.0032451345498 94.052090185054126
1107.8867980878947 94.187672555039100
1124.0013826389438 94.325622901948776
1140.350359219667 94.464880121733017
1156.9371371406426 94.605780990110958
1173.765175302013 94.749503990067126
1190.837982914782 94.894831277524020
1208.1591202326028 95.042506744850883
1225.73219929421 95.192996655871937
1243.5608846766518 95.345267519751530
1261.648894259477 95.498239008254927
1280.0000000000375 95.653500000000321
1298.6180287200684 95.812019215959438
1317.5068629037087 95.972808334681517
1336.6704415071292 96.136115513848267
1356.112760779938 96.301861285648982
1375.8378750985323 96.470017885214986
1395.8498978115715 96.639431636507780
1416.153002097749 96.810454434322722
1436.7514218360407 96.983543157876838
1457.6494524886093 97.158143444705232
1478.8514519965543 97.334467051571409
1500.3618416886875 97.512974338681005
1522.1851072035295 97.692361581213021
1544.3257994247153 97.873971555282665
1566.788535430007 98.057830219817447
1589.5779994541087 98.243373355567371
1612.6989438654878 98.430353487555834
1636.156190157402 98.619418892668662
1659.9546299533442 98.810238854428633
1684.099226027109 99.002247854655252
1708.5950133376978 99.195713004300799
1733.4471000792773 99.389718438616768
1758.6606687464096 99.584840722597505
1784.2409772147755 99.779676968199411
1810.193359837619 99.974134729995143
1836.5232285581387 100.168119568474424
1863.2360740380593 100.360476125670232
1890.3374668026197 100.550442019610173
1917.833058402214 100.737694813630924
1945.7285825909298 100.921150358492866
1974.0298565222283 101.099907498959595
2002.7427819620161 101.272179570216196
2031.8733465193618 101.438022403878577
2061.4276248951132 101.595590536979074
2091.411780148677 101.743923599676478
2121.832064983222 101.881694672929541
2152.694823049581 102.005764271724047
2184.0064902691106 102.121821580144797
2215.7735961758003 102.220349089005424
2248.002765277899 102.308673118981773
2280.7007184393456 102.380153019727430
2313.874274281297 102.436848935612574
2347.530350604038 102.478614695624174
2381.6759658295764 102.504234629924866
2416.318240465218 102.517719706744202
2451.4643985884327 102.515707120282315
2487.1217693533167 102.503439115323346
2523.2977885189675 102.480691548036717
2560.0000000000887 102.452249999999921
2597.236057440151 102.420849351175860
2635.0137258074315 102.389989476880970
2673.340883014273 102.363911948116083
2712.225521559891 102.342387239220045
2751.6757501970797 102.327809434308477
2791.699795623158 102.316282556203632
2832.3060041955137 102.305923498951117
2873.502843672097 102.295154232208532
2915.2989049772345 102.283257339457066
2957.7029039931244 102.270420215921860
3000.723683377391 102.258882401451174
3044.370214407075 102.252354326186435
3088.6515988494466 102.253598304870565
3133.57707086003 102.263957261415257
3179.1559989082334 102.287576719323113
3225.3978877309914 102.325389929976382
3272.3123803148205 102.378729218212413
3319.9092599067053 102.447850278846062
3368.198452054235 102.533532935067385
3417.190026675413 102.635005659752920
3466.8942001585724 102.750059732390085
3517.3213374928373 102.876535477481383
3568.4819544295697 103.010107540149761
3620.386719675257 103.145190002368665
3673.0464571162966 103.276311497079121
3726.472148076138 103.397385675402177
3780.6749336052594 103.497237213774241
3835.6661168044484 103.576039472132265
3891.45716518188 103.609536429129548
3948.059713044477 103.610951492826104
4005.4855639240527 103.547891733053802
4063.746693038744 103.425885251579899
4122.855249790247 103.239698300866976
4182.823560297375 102.989120010771231
4243.664129966465 102.679267680956499
4305.389646099183 102.322970570319782
4368.012980538242 101.927617573582154
4431.5471923516225 101.503952679651661
4496.00553055582 101.067129104975066
4561.401436878714 100.626506200095946
4627.748548562617 100.189038431675300
4695.060701208099 99.763199416881790
4763.351931659176 99.347914345091709
4832.63648093046 98.941082045794033
4902.928797176889 98.534424210538774
4974.243538706657 98.163194359126834
5046.595577037959 97.944028287011889
5120.000000000202 97.776285714285223
5194.472114880326 97.570448339432147
5270.027451614888 97.351859777615346
5346.6817660285715 97.156130805682153
5424.451043119808 96.990637973367228
5503.351500394186 96.856018681514982
5583.399591246343 96.749061768606197
5664.612008391055 96.664357171734807
5747.005687344222 96.591660421687905
5830.597809954497 96.526357620633675
5915.405807986278 96.463368614970364
6001.447366754812 96.398450659102764
6088.740428814181 96.336443037614657
6177.303197698925 96.292809040690315
6267.154141720092 96.290314968501264
6358.3119978165005 96.365725037445316
6450.795775462017 96.547330952833178
6544.624760629676 96.871456451557975
6639.818519813445 97.362865748834025
6736.396904108505 98.026717526977734
6834.380053350861 98.838576679624239
6933.788400317181 99.740535876929172
7034.642674985712 100.648021657752906
7136.963908859177 101.467834835634378
7240.773439350552 102.122667743868334
7346.092914232631 102.565239671840231
7452.944296152315 102.776208752460136
7561.349867210557 102.741278919306552
7671.332233608935 102.483678275685094
7782.914330363799 102.023483931625691
7896.119426088994 101.388395373175243
8010.971127848146 100.646370521117859
8127.49338607753 99.896643595779665
8245.710499580537 99.220532642783624
8365.647120594791 98.688042262618268
8487.328259932974 98.319114459191013
8610.77929219841 98.133909535916317
8736.025961076528 98.119268731517764
8863.094384703289 98.198836758261081
8992.011061111683 98.280913708907775
9122.802873757471 98.244069303406462
9255.497097125279 98.028940116968045
9390.121402416245 97.683130040966063
9526.7038633184 97.330923281905797
9665.272961860968 97.101933376958442
9805.857594353829 97.079689933792594
9948.487077413367 97.313073782001084
10093.19115407597 97.851609166393516
10240.000000000457 98.675500000002913
10388.944229760706 99.746864806755184
10540.05490322983 100.898665205675584
10693.363532057198 101.808858883533219
10848.902086239672 102.082373590171215
11006.703000788428 101.492633155031257
11166.799182492743 100.231323121485389
11329.224016782166 98.622106830080583
11494.0113746885 97.032492698771819
11661.195619909053 95.724535823615184
11830.811615972614 94.637414284060753
12002.894733509682 93.868996978443306
12177.48085762842 93.303934450759272
12354.606395397908 93.058972325522518
12534.308283440243 93.022334898875414
12716.62399563306 93.266799990902200
12901.591550924093 93.813195861104390
13089.249521259411 94.501632529420235
13279.637039626952 95.301973030127812
13472.793808217073 96.129945465060160
13668.760106701786 96.801430859818851
13867.576800634426 97.137556316155440
14069.285349971487 97.028657886058156
14273.927817718419 96.611187251854432
14481.54687870117 96.027883114192576
14692.18582846533 95.522363303106474
14905.888592304698 95.277689762571327
15122.699734421185 95.414945360732645
15342.664467217943 95.991153987642008
15565.828660727671 96.906780742738505
15792.238852178061 97.789029316666515
16021.942255696367 97.975717382004333
16254.986772155136 96.931854447313754
16491.42099916115 94.886225515257735
16731.294241189662 92.523112189187103
16974.65651986603 90.314294069046809
17221.558584396902 88.544395369766363
17472.051922153143 87.306852900478987
17726.188769406665 86.610528076483348
17984.022122223458 86.454114841399488
18245.605747515034 86.832609812103584
18510.99419425065 87.680227285086318
18780.242804832582 88.565722714828851
19053.40772663689 88.570535496409889
19330.545923722028 87.120987460643107
19611.71518870775 85.880862329057976
19896.974154826825 86.677927004658670
20186.382308152035 87.231999999999999
