20 68.000499999999988
20.290906698750476 68.032489740068783
20.586044732869844 68.059503366185851
20.885475648548283 68.082026598767499
21.189261887185914 68.099009778255322
21.49746679841394 68.110511930949883
21.810154653305165 68.118501463595948
22.12739065777668 68.121503033057266
22.449240966187475 68.124001473799325
22.77577269513385 68.125998609756167
23.107053937445478 68.127999839471897
23.44315377638505 68.126995039471439
23.784142300054445 68.115990746383744
24.130090616010463 68.093491480546021
24.481070866093134 68.060492634703792
24.837156241469714 68.023487881548050
25.1984209978975 67.995495411467061
25.56494047120865 67.991500648815162
25.936791093020236 68.018984556607677
26.3140504066728 68.066006054065141
26.69679708340074 68.111975628815756
27.08511093873791 68.142003801200417
27.47907294916184 68.155501003050972
27.878765268980047 68.160996772448470
28.284271247461966 68.170016459190649
28.695675446220072 68.194980306202666
29.11306365684382 68.237007206435152
29.536522918790062 68.284945990806420
29.966141537533712 68.323005194037933
30.402009102982383 68.338999876430108
30.844216508158908 68.332995177992004
31.29285596815558 68.323003207836180
31.74802103936409 68.324000660326362
32.20980663898519 68.338493931310140
32.67830906482211 68.356504545070919
33.153626015361866 68.363494500225912
33.63585661014871 68.359001338701930
34.125101410453844 68.356002760163562
34.62146244024586 68.369523397274349
35.12504320746613 68.395001352875653
35.635948725613716 68.410998394539774
36.15428553564419 68.401484257540531
36.68016172818701 68.372490459854134
37.21368696608603 68.341018465483700
37.754972507267915 68.313001422914041
38.30413122794313 68.286496583832715
38.86127764614443 68.272003924327123
39.4265279456077 68.279993327853106
40.000000000000206 68.295999999999992
40.58181339750116 68.280504969654174
41.1720894657399 68.230493129509114
41.77095129709678 68.184503740122778
42.37852377437204 68.164016056949635
42.9949335968281 68.143002263744492
43.62030930661056 68.118000974194047
44.25478131555359 68.119999311230089
44.89848193237519 68.133477156110644
45.55154539026795 68.102521548779350
46.21410787489121 68.039495184156635
46.88630755277036 68.009500225478575
47.56828460010916 68.009993419650655
48.260181232021196 67.993989931554381
48.962141732186545 67.954987757683327
49.674312482939705 67.893471906789642
50.39684199579528 67.828514205080637
51.129880942417586 67.812002680013791
51.873582186040764 67.792510950769099
52.628100813345895 67.674483680346100
53.393594166801776 67.550565696235736
54.17022187747612 67.558518020505673
54.95814589832399 67.622501914915503
55.75753053796041 67.632993838310725
56.56854249492426 67.561040616973429
57.39135089244048 67.408945790269669
58.226127313687975 67.280000751556599
59.073045837580466 67.285002107781651
59.932283075067765 67.324490748119928
60.804018205965114 67.295998908465890
61.68843301631817 67.242979988666804
62.58571193631152 67.201513312520120
63.49604207872855 67.150497130995774
64.41961327797075 67.087526367411073
65.35661812964459 67.008532196113208
66.3072520307241 66.919981065049214
67.27171322029778 66.847521545625298
68.25020282090806 66.761476409048470
69.2429248804921 66.646008737465422
70.25008641493265 66.517990403038311
71.27189745122783 66.404511388733511
72.30857107128878 66.293046119143014
73.36032345637442 66.225991057204268
74.42737393217246 66.196480319359353
75.50994501453623 66.139502893971780
76.60826245588666 66.160479403686026
77.72255529228926 66.073034898587167
78.85305589121582 65.984500755286703
80.00000000000082 66.000000000000014
81.16362679500274 66.023992305051607
82.34417893148023 66.068510156377840
83.541902594194 66.136494471122859
84.75704754874454 66.235002198117144
85.98986719365665 66.291993860534006
87.24061861322157 66.396468141552077
88.50956263110764 66.476472427492993
89.79696386475084 66.512498989223815
91.10309078053635 66.566002603517276
92.42821574978288 66.604001924905134
93.77261510554118 66.615996565997392
95.13656920021877 66.581510896328780
96.52036246404286 66.534500516330553
97.92428346437356 66.536483986749417
99.34862496587989 66.456021186138003
100.79368399159105 66.606966977668009
102.25976188483567 66.628496507860831
103.74716437208203 66.637512145452064
105.25620162669229 66.748997761166720
106.78718833360406 66.731990965322922
108.34044375495276 66.657500985496398
109.9162917966485 66.660985766017149
111.51506107592134 66.582995311990004
113.13708498984903 66.458501419939765
114.78270178488147 66.485995017669651
116.45225462737648 66.422986697448152
118.14609167516147 66.334499733347414
119.86456615013608 66.329501261925145
121.60803641193078 66.276000030875011
123.3768660326369 66.277499886404172
125.17142387262359 66.212486499389257
126.99208415745765 66.154497995166139
128.83922655594208 66.110491416503791
130.71323625928977 66.039490435349464
132.61450406144883 65.962520077428195
134.5434264405962 65.914482458626480
136.50040564181674 65.833987132208222
138.48584976098482 65.771004765890211
140.50017282986593 65.694493869782150
142.5437949024563 65.622007274741634
144.61714214257822 65.546994392664459
146.7206469127495 65.464013928822141
148.8547478643456 65.407506675569110
151.01989002907314 65.340003428654768
153.216524911774 65.271514812718920
155.4451105845792 65.180496282871289
157.70611178243232 65.104496540299607
160.00000000000236 65.033499999999918
162.3272535900062 64.957991246257734
164.6883578629612 64.876488125999401
167.08380518838874 64.797006463907792
169.51409509748981 64.713996799232916
171.97973438731407 64.631008939924143
174.4812372264439 64.555492615882955
177.01912526221608 64.476495986744538
179.5939277295025 64.394002315462544
182.20618156107355 64.311993491206806
184.85643149956664 64.216986921824216
187.54523021108326 64.135493628688863
190.27313840043846 64.059995974987245
193.04072492808663 63.979507999743142
195.84856692874806 63.901512029756994
198.69724993176072 63.830994551660581
201.58736798318304 63.767992534947361
204.5195237696723 63.708509660997102
207.49432874416505 63.648995479495412
210.5124032533856 63.607496641750053
213.57437666720915 63.581995514423326
216.68088750990657 63.545001339598798
219.83258359329807 63.516503765098669
223.03012215184378 63.469998004300948
226.2741699796992 63.416997598281370
229.5654035697641 63.370491421121784
232.90450925475412 63.299510432009725
236.2921833503241 63.219995732317159
239.72913230027333 63.139996983690352
243.21607282386276 63.060498096040902
246.75373206527502 62.968007005076899
250.34284774524843 62.897003012005399
253.9841683149166 62.820996423194110
257.67845311188546 62.742490449349262
261.42647251858085 62.663489003972018
265.22900812289896 62.574999859986320
269.08685288119375 62.508502535873667
273.0008112836349 62.435003543856112
276.97169952197106 62.344006885797185
281.00034565973334 62.268494546219962
285.0875898049141 62.204006472011507
289.23428428515797 62.091993952098491
293.44129382550057 62.002493495781252
297.7094957286928 61.908011162716917
302.0397800581479 61.827004114385687
306.4330498235497 61.773998965968509
310.89022116916016 61.681496258416459
315.41222356486645 61.604995419551557
320.00000000000654 61.510999999999896
324.6545071800142 61.436507887237156
329.3767157259242 61.333006230912083
334.16761037677935 61.246007075186853
339.02819019498156 61.156496837155046
343.95946877463007 61.074491192321560
348.9624744528898 60.980491167100453
354.03825052443415 60.885995086802353
359.187855459007 60.785002834687432
364.4123631221491 60.684494554195268
369.71286299913527 60.605002054625302
375.0904604221685 60.501493333330039
380.54627680087896 60.422495399154315
386.08144985617537 60.330491989740466
391.6971338574982 60.230498508257085
397.3944998635236 60.167005573651494
403.1747359663683 60.087003654444729
409.0390475393468 60.034999660433243
414.9886574883323 59.992502446511914
421.0248065067734 59.975500544961044
427.1487533344206 59.982999697911197
433.3617750198154 60.015998805030407
439.6651671865984 60.041000849658239
446.06024430368984 60.073502485210156
452.54833995940066 60.139502685384905
459.13080713953053 60.191498476569279
465.8090185095106 60.215000057372649
472.58436670065066 60.236001173612784
479.45826460054917 60.258000569115040
486.432145647728 60.273000020586252
493.50746413055253 60.273999676744282
500.6856954904994 60.269000212083512
507.9683366298358 60.273499544417596
515.3569062237735 60.263500126913286
522.8529450371643 60.237000194305651
530.4580162458005 60.237000001052735
538.1737057623901 60.237499980933279
546.0016225672724 60.240999831244949
553.9433990439449 60.259500718061204
562.0006913194694 60.273999444543598
570.1751796098309 60.310500801249546
578.4685685703187 60.347498075367952
586.8825876510039 60.408497010543286
595.4189914573883 60.484499923941129
604.0795601162986 60.597994235446237
612.8660996471021 60.677500497452996
621.780442338323 60.722004206224653
630.8244471297356 60.808007772143945
640.0000000000159 60.967500000000058
649.3090143600314 61.006000165739458
658.7534314518515 61.115004007432141
668.3352207535618 61.204001714524630
678.0563803899662 61.279502044070583
687.9189375492632 61.332499664413561
697.9249489057827 61.396499673193091
708.0765010488715 61.442502310662270
718.3757109180171 61.489998666854930
728.8247262443015 61.537998742437210
739.425725998274 61.581998862741628
750.1809208443404 61.625499679844609
761.0925536017613 61.671998097734779
772.1628997123541 61.720499560618720
783.3942677149998 61.792001668079422
794.7889997270506 61.862999998299308
806.34947193274 61.933502152647421
818.0780950786972 61.987000307633409
829.9773149766683 62.025500860948398
842.0496130135506 62.058498942222087
854.2975066688449 62.080000387330330
866.7235500396347 62.089499656021289
879.3303343732008 62.089499699351691
892.1204886073838 62.078000075303592
905.0966799188055 62.079999950669460
918.2616142790653 62.133498432505121
931.6180370190256 62.245000404310815
945.1687334013056 62.392997088288190
958.9165292011028 62.549994623550560
972.8642912954606 62.698002881871560
987.0149282611097 62.837999290266083
1001.3713909810035 62.975003543147906
1015.9366732596762 63.106997039013947
1030.7138124475518 63.234498381746150
1045.7058900743334 63.356999101794685
1060.916032491606 63.479000243197490
1076.3474115247852 63.594502865112517
1092.0032451345498 63.703501674458494
1107.8867980878947 63.811998620784223
1124.0013826389438 63.917502644700022
1140.350359219667 64.030502717915738
1156.9371371406426 64.156001083890260
1173.765175302013 64.289001437490882
1190.837982914782 64.428999859899818
1208.1591202326028 64.570500971548938
1225.73219929421 64.712501576111038
1243.5608846766518 64.853499087969482
1261.648894259477 64.994499175729004
1280.0000000000375 65.134000000000299
1298.6180287200684 65.280000222748157
1317.5068629037087 65.426498936703553
1336.6704415071292 65.575003372103509
1356.112760779938 65.723498172906488
1375.8378750985323 65.873999047012887
1395.8498978115715 66.022499241705901
1416.153002097749 66.173000015632795
1436.7514218360407 66.326503159026714
1457.6494524886093 66.483003329319075
1478.8514519965543 66.639003351469029
1500.3618416886875 66.798498826151530
1522.1851072035295 66.960000798906208
1544.3257994247153 67.124998505265253
1566.788535430007 67.289496597882561
1589.5779994541087 67.454499996047559
1612.6989438654878 67.621499594547657
1636.156190157402 67.792001382294671
1659.9546299533442 67.964997310052041
1684.099226027109 68.140001642424295
1708.5950133376978 68.318000096603313
1733.4471000792773 68.498000728347250
1758.6606687464096 68.681497589234795
1784.2409772147755 68.865499836103140
1810.193359837619 69.049502535126408
1836.5232285581387 69.235001595705938
1863.2360740380593 69.421500509486307
1890.3374668026197 69.607996330849687
1917.833058402214 69.797000386263562
1945.7285825909298 69.981497239318429
1974.0298565222283 70.161999084917923
2002.7427819620161 70.340498644524075
2031.8733465193618 70.514501999037421
2061.4276248951132 70.684997836055373
2091.411780148677 70.845498823167787
2121.832064983222 70.994000291617027
2152.694823049581 71.132499205921874
2184.0064902691106 71.254498013950922
2215.7735961758003 71.358998671589106
2248.002765277899 71.440499406439812
2280.7007184393456 71.494499535009012
2313.874274281297 71.515499841083752
2347.530350604038 71.495999276120642
2381.6759658295764 71.425500070550427
2416.318240465218 71.299998775300921
2451.4643985884327 71.120997563175777
2487.1217693533167 70.903001410089658
2523.2977885189675 70.681501294865342
2560.0000000000887 70.510999999999825
2597.236057440151 70.438000050175361
2635.0137258074315 70.470999760486137
2673.340883014273 70.581499662720205
2712.225521559891 70.718498314355287
2751.6757501970797 70.851499157825387
2791.699795623158 70.964499422981632
2832.3060041955137 71.047500005448455
2873.502843672097 71.100999796986599
2915.2989049772345 71.129999934068806
2957.7029039931244 71.138499980755157
3000.723683377391 71.132000047838204
3044.370214407075 71.112499866848964
3088.6515988494466 71.085000249122459
3133.57707086003 71.055499954137417
3179.1559989082334 71.026000000706617
3225.3978877309914 70.997500069193961
3272.3123803148205 70.973499840193796
3319.9092599067053 70.953499951559138
3368.198452054235 70.944500004613559
3417.190026675413 70.945000008586973
3466.8942001585724 70.961000107170392
3517.3213374928373 70.988000286955668
3568.4819544295697 71.031499961253417
3620.386719675257 71.093499665154923
3673.0464571162966 71.174000859884472
3726.472148076138 71.274500331923520
3780.6749336052594 71.395999851171325
3835.6661168044484 71.537500348585610
3891.45716518188 71.704000547172456
3948.059713044477 71.891499049446850
4005.4855639240527 72.102998393931969
4063.746693038744 72.332498790827344
4122.855249790247 72.580001074653296
4182.823560297375 72.837998108301349
4243.664129966465 73.108000577970301
4305.389646099183 73.382498426177392
4368.012980538242 73.656499914847245
4431.5471923516225 73.922500760955415
4496.00553055582 74.177501878152668
4561.401436878714 74.409001208284252
4627.748548562617 74.592498751450535
4695.060701208099 74.716499449575167
4763.351931659176 74.762499953966440
4832.63648093046 74.724500284688503
4902.928797176889 74.595000373664050
4974.243538706657 74.376501413343561
5046.595577037959 74.081501724538384
5120.000000000202 73.720999999998867
5194.472114880326 73.304999311219802
5270.027451614888 72.851997169121987
5346.6817660285715 72.371501466613665
5424.451043119808 71.866499704067422
5503.351500394186 71.325003428810135
5583.399591246343 70.718995551801854
5664.612008391055 70.107999974488934
5747.005687344222 69.857500950557949
5830.597809954497 69.927499840855774
5915.405807986278 69.777000340746923
6001.447366754812 69.526998892925064
6088.740428814181 69.263498707209720
6177.303197698925 68.996499427922672
6267.154141720092 68.736499600451253
6358.3119978165005 68.479500006155902
6450.795775462017 68.215500640954403
6544.624760629676 67.935500714317442
6639.818519813445 67.640498382630398
6736.396904108505 67.340000298360863
6834.380053350861 67.067499906617613
6933.788400317181 66.893501049651547
7034.642674985712 66.956499796974839
7136.963908859177 67.407499598278832
7240.773439350552 68.224503925454513
7346.092914232631 69.165499233696409
7452.944296152315 70.037002037983399
7561.349867210557 70.782999086204399
7671.332233608935 71.361000769393939
7782.914330363799 71.728497794544836
7896.119426088994 71.872999267433954
8010.971127848146 71.813999747094982
8127.49338607753 71.583498832472912
8245.710499580537 71.226001513305562
8365.647120594791 70.790499532213403
8487.328259932974 70.318499016705431
8610.77929219841 69.851498988654328
8736.025961076528 69.418000134720387
8863.094384703289 69.053001767412184
8992.011061111683 68.750999897206469
9122.802873757471 68.531000212347521
9255.497097125279 68.426499995310536
9390.121402416245 68.420000329987033
9526.7038633184 68.531999887919156
9665.272961860968 68.778999932016973
9805.857594353829 69.160002075217051
9948.487077413367 69.658000310554371
10093.19115407597 70.238500609759200
10240.000000000457 70.819500000001369
10388.944229760706 71.263000194620986
10540.05490322983 71.390999918029905
10693.363532057198 71.122497817573134
10848.902086239672 70.484499511147675
11006.703000788428 69.589999995161463
11166.799182492743 68.607498934873831
11329.224016782166 67.659499914555454
11494.0113746885 66.820503183704815
11661.195619909053 66.134498167138972
11830.811615972614 65.633001135438860
12002.894733509682 65.341000452195587
12177.48085762842 65.278000893332688
12354.606395397908 65.462500954923911
12534.308283440243 65.896498269439377
12716.62399563306 66.544499984478648
12901.591550924093 67.251498283504901
13089.249521259411 67.687998886430279
13279.637039626952 67.447999778741291
13472.793808217073 66.369501070827809
13668.760106701786 64.681999005257296
13867.576800634426 62.828501858614160
14069.285349971487 61.130497559607157
14273.927817718419 59.703501271071161
14481.54687870117 58.585500653177661
14692.18582846533 57.762500670213171
14905.888592304698 57.116501232416788
15122.699734421185 56.348500940748067
15342.664467217943 54.913493418772653
15565.828660727671 51.770004778986689
15792.238852178061 49.650501383810777
16021.942255696367 54.494504373447604
16254.986772155136 58.480501206716923
16491.42099916115 58.849998435898272
16731.294241189662 57.774003403800847
16974.65651986603 56.998999661006835
17221.558584396902 56.838000271005612
17472.051922153143 56.232502605396817
17726.188769406665 54.867501238549053
17984.022122223458 54.513503959769139
18245.605747515034 55.436499722557336
18510.99419425065 55.337998681899450
18780.242804832582 53.510991019637459
19053.40772663689 50.463003050199347
19330.545923722028 47.253012466135360
19611.71518870775 44.715999128766370
19896.974154826825 43.399003902029975
20186.382308152035 43.399000000000001
