20 71.399499999999989
20.290906698750476 71.378506733079860
20.586044732869844 71.357496783422391
20.885475648548283 71.335964795748893
21.189261887185914 71.313480018347832
21.49746679841394 71.289961970097266
21.810154653305165 71.264487071569121
22.12739065777668 71.237966636370004
22.449240966187475 71.210479735259469
22.77577269513385 71.183019115852659
23.107053937445478 71.156995826269110
23.44315377638505 71.130988049635761
23.784142300054445 71.104488484388654
24.130090616010463 71.076492125959220
24.481070866093134 71.045993231889980
24.837156241469714 71.011984419133213
25.1984209978975 70.975958129636894
25.56494047120865 70.939505920438364
25.936791093020236 70.904519655226579
26.3140504066728 70.869495525256212
26.69679708340074 70.835518013484005
27.08511093873791 70.799989581895176
27.47907294916184 70.762993252202534
27.878765268980047 70.726021712619342
28.284271247461966 70.688976298765454
28.695675446220072 70.653028359068145
29.11306365684382 70.616994445039580
29.536522918790062 70.580041632086719
29.966141537533712 70.539986365650421
30.402009102982383 70.497999145308214
30.844216508158908 70.456480229767223
31.29285596815558 70.415513152128341
31.74802103936409 70.374998155640156
32.20980663898519 70.334516950478573
32.67830906482211 70.291971755630755
33.153626015361866 70.248534177167556
33.63585661014871 70.204013238274655
34.125101410453844 70.158990799454784
34.62146244024586 70.113957334382079
35.12504320746613 70.067495941373039
35.635948725613716 70.019504816380703
36.15428553564419 69.970974214937073
36.68016172818701 69.923485462634872
37.21368696608603 69.875528137879911
37.754972507267915 69.826002515508748
38.30413122794313 69.775988220112822
38.86127764614443 69.725976208766781
39.4265279456077 69.677540449890500
40.000000000000206 69.627499999999984
40.58181339750116 69.576516351765363
41.1720894657399 69.524492308037395
41.77095129709678 69.473004187311375
42.37852377437204 69.421040729823446
42.9949335968281 69.368005713259919
43.62030930661056 69.313974427406208
44.25478131555359 69.261518080210124
44.89848193237519 69.207959102069083
45.55154539026795 69.152538579266263
46.21410787489121 69.095990528841398
46.88630755277036 69.036973844485800
47.56828460010916 68.978977380049130
48.260181232021196 68.923986059075304
48.962141732186545 68.869988553931563
49.674312482939705 68.812473851704226
50.39684199579528 68.752013221651993
51.129880942417586 68.691509826717237
51.873582186040764 68.633032852307281
52.628100813345895 68.574491774367999
53.393594166801776 68.512033113022056
54.17022187747612 68.450484232057534
54.95814589832399 68.394488236947637
55.75753053796041 68.330037850376954
56.56854249492426 68.261538642537218
57.39135089244048 68.209478568246155
58.226127313687975 68.158489703674576
59.073045837580466 68.089995971202171
59.932283075067765 68.014475815260838
60.804018205965114 67.939998733408544
61.68843301631817 67.878472032353613
62.58571193631152 67.820518605449820
63.49604207872855 67.762997791322150
64.41961327797075 67.714520298721226
65.35661812964459 67.653524860289949
66.3072520307241 67.594487855514330
67.27171322029778 67.548013818918292
68.25020282090806 67.485486621581600
69.2429248804921 67.420004955012871
70.25008641493265 67.358994419387912
71.27189745122783 67.293006622523450
72.30857107128878 67.224028540097464
73.36032345637442 67.154480598680436
74.42737393217246 67.090477729801364
75.50994501453623 67.026003274757528
76.60826245588666 66.961984935267495
77.72255529228926 66.898025525823755
78.85305589121582 66.826496564663728
80.00000000000082 66.755999999999943
81.16362679500274 66.682523565779462
82.34417893148023 66.612989395546663
83.541902594194 66.542005772798177
84.75704754874454 66.471497396966541
85.98986719365665 66.404007270420252
87.24061861322157 66.341519054095642
88.50956263110764 66.272023953615459
89.79696386475084 66.209501754819797
91.10309078053635 66.150496266008133
92.42821574978288 66.095990535883118
93.77261510554118 66.037016883846150
95.13656920021877 65.981017686794530
96.52036246404286 65.914478314117090
97.92428346437356 65.830490849571106
99.34862496587989 65.784512106364588
100.79368399159105 65.710516183129585
102.25976188483567 65.631012912793693
103.74716437208203 65.553490850063028
105.25620162669229 65.469488147353161
106.78718833360406 65.379490116427093
108.34044375495276 65.297977333582679
109.9162917966485 65.217485401043220
111.51506107592134 65.137496742868564
113.13708498984903 65.050996333973700
114.78270178488147 64.980012863471089
116.45225462737648 64.889480910462339
118.14609167516147 64.762494720278653
119.86456615013608 64.663524986117807
121.60803641193078 64.576498456249396
123.3768660326369 64.501505679792103
125.17142387262359 64.437987663235006
126.99208415745765 64.384997995166145
128.83922655594208 64.340995829146209
130.71323625928977 64.306496894593977
132.61450406144883 64.281506518645529
134.5434264405962 64.236988995784316
136.50040564181674 64.186490298093503
138.48584976098482 64.139003593329932
140.50017282986593 64.085493193344320
142.5437949024563 64.005008077471757
144.61714214257822 63.939493176615777
146.7206469127495 63.838516949530565
148.8547478643456 63.736012110545722
151.01989002907314 63.657004012795944
153.216524911774 63.587015137085032
155.4451105845792 63.547999168536997
157.70611178243232 63.530999731995038
160.00000000000236 63.525500000000008
162.3272535900062 63.528501987045786
164.6883578629612 63.547003285886959
167.08380518838874 63.568998211245642
169.51409509748981 63.595000713423985
171.97973438731407 63.613498007366303
174.4812372264439 63.608999626120657
177.01912526221608 63.605000681037282
179.5939277295025 63.618999607073022
182.20618156107355 63.658004350614405
184.85643149956664 63.721514843328350
187.54523021108326 63.814009873422563
190.27313840043846 63.931006600020908
193.04072492808663 64.062986882408751
195.84856692874806 64.195479564835864
198.69724993176072 64.306005794265729
201.58736798318304 64.373004265744370
204.5195237696723 64.406994479430239
207.49432874416505 64.408997113412738
210.5124032533856 64.382494073676568
213.57437666720915 64.337493271634997
216.68088750990657 64.282002009398198
219.83258359329807 64.217008587067141
223.03012215184378 64.149997288861670
226.2741699796992 64.077995790536164
229.5654035697641 63.996490091999803
232.90450925475412 63.914512048236574
236.2921833503241 63.824995278875861
239.72913230027333 63.736497059572358
243.21607282386276 63.658998415082692
246.75373206527502 63.582005831253198
250.34284774524843 63.497503584710650
253.9841683149166 63.416996537105128
257.67845311188546 63.340990872479367
261.42647251858085 63.265491178327835
265.22900812289896 63.194499866302728
269.08685288119375 63.131002421473355
273.0008112836349 63.073502772404446
276.97169952197106 63.025003669902901
281.00034565973334 62.984497378803390
285.0875898049141 62.953503110579177
289.23428428515797 62.926498243067719
293.44129382550057 62.900498003996361
297.7094957286928 62.871503425595670
302.0397800581479 62.836501777820970
306.4330498235497 62.795999446653425
310.89022116916016 62.746497358882209
315.41222356486645 62.692497100673592
320.00000000000654 62.632999999999910
324.6545071800142 62.571506510940736
329.3767157259242 62.510503672324994
334.16761037677935 62.449504960763193
339.02819019498156 62.391497801437040
343.95946877463007 62.334494893420484
348.9624744528898 62.279994952628833
354.03825052443415 62.225997275850816
359.187855459007 62.170001571707886
364.4123631221491 62.112996061210417
369.71286299913527 62.055501486049749
375.0904604221685 61.997995358647493
380.54627680087896 61.942997599558772
386.08144985617537 61.894996795896191
391.6971338574982 61.854999377461617
397.3944998635236 61.828502326012043
403.1747359663683 61.818500456805594
409.0390475393468 61.828000243689090
414.9886574883323 61.858498244267921
421.0248065067734 61.908498397173403
427.1487533344206 61.974997321479258
433.3617750198154 62.055497084998407
439.6651671865984 62.145002496688058
446.06024430368984 62.240503878434041
452.54833995940066 62.343505706442926
459.13080713953053 62.453996762709721
465.8090185095106 62.570000329209748
472.58436670065066 62.690506401524303
479.45826460054917 62.810504249392245
486.432145647728 62.922502110090761
493.50746413055253 63.025005915579541
500.6856954904994 63.116496118871808
507.9683366298358 63.196003166297686
515.3569062237735 63.265499117952672
522.8529450371643 63.326999549064247
530.4580162458005 63.383000111589872
538.1737057623901 63.435997978927773
546.0016225672724 63.486997540997812
553.9433990439449 63.537502550355320
562.0006913194694 63.588998027172082
570.1751796098309 63.641001147735835
578.4685685703187 63.693997243094628
586.8825876510039 63.747997353595707
595.4189914573883 63.802499945457782
604.0795601162986 63.855497308181938
612.8660996471021 63.906000547757237
621.780442338323 63.955002347660276
630.8244471297356 64.003002265860147
640.0000000000159 64.049500000000080
649.3090143600314 64.094000068424549
658.7534314518515 64.139002026229733
668.3352207535618 64.184001044611037
678.0563803899662 64.230001812666359
687.9189375492632 64.276999702404481
697.9249489057827 64.324999754894819
708.0765010488715 64.375002529567126
718.3757109180171 64.426998540556980
728.8247262443015 64.479998611441090
739.425725998274 64.534498591350427
750.1809208443404 64.589999591525896
761.0925536017613 64.646997668191005
772.1628997123541 64.705499470024634
783.3942677149998 64.765001456632746
794.7889997270506 64.826999998514879
806.34947193274 64.890502615366032
818.0780950786972 64.955500519381076
829.9773149766683 65.020501695807454
842.0496130135506 65.085497916498042
854.2975066688449 65.150502670540703
866.7235500396347 65.215997628357286
879.3303343732008 65.283001843104827
892.1204886073838 65.353502748581263
905.0966799188055 65.426498199435372
918.2616142790653 65.502997758628823
931.6180370190256 65.583500229473714
945.1687334013056 65.667498347406820
958.9165292011028 65.754497020693620
972.8642912954606 65.845501945263308
987.0149282611097 65.939999520929604
1001.3713909810035 66.037002670781959
1015.9366732596762 66.136497768044606
1030.7138124475518 66.238498705396921
1045.7058900743334 66.340999248440454
1060.916032491606 66.445500221088622
1076.3474115247852 66.550502773113493
1092.0032451345498 66.656001620443703
1107.8867980878947 66.760998665275054
1124.0013826389438 66.867002492571260
1140.350359219667 66.973502317266792
1156.9371371406426 67.080500880151504
1173.765175302013 67.188501114055441
1190.837982914782 67.296999891422359
1208.1591202326028 67.405000745766444
1225.73219929421 67.514001218412091
1243.5608846766518 67.622999294955122
1261.648894259477 67.732999356951709
1280.0000000000375 67.843500000000219
1298.6180287200684 67.954500170292107
1317.5068629037087 68.066499187104426
1336.6704415071292 68.179002543270002
1356.112760779938 68.290998621990070
1375.8378750985323 68.402999290800281
1395.8498978115715 68.513499435747491
1416.153002097749 68.623000010948061
1436.7514218360407 68.730502149753008
1457.6494524886093 68.837002251558744
1478.8514519965543 68.942502195790055
1500.3618416886875 69.046999230926872
1522.1851072035295 69.151500505973942
1544.3257994247153 69.255999053334662
1566.788535430007 69.361497818094904
1589.5779994541087 69.466499997484817
1612.6989438654878 69.571999743860943
1636.156190157402 69.677500846955112
1659.9546299533442 69.783498351823795
1684.099226027109 69.889500982686428
1708.5950133376978 69.996000057693649
1733.4471000792773 70.103500426688441
1758.6606687464096 70.210998587698867
1784.2409772147755 70.319499903354313
1810.193359837619 70.429001503309465
1836.5232285581387 70.539000949723103
1863.2360740380593 70.650000305964966
1890.3374668026197 70.761997796542445
1917.833058402214 70.875000239713700
1945.7285825909298 70.989498286731489
1974.0298565222283 71.104499416983714
2002.7427819620161 71.220499119130494
2031.8733465193618 71.336501371773494
2061.4276248951132 71.453498515064382
2091.411780148677 71.570499142122316
2121.832064983222 71.687000245295195
2152.694823049581 71.803499332057029
2184.0064902691106 71.918998119765035
2215.7735961758003 72.033498544468443
2248.002765277899 72.145499184309926
2280.7007184393456 72.254999057101600
2313.874274281297 72.361500843478552
2347.530350604038 72.465001026779234
2381.6759658295764 72.564999899928466
2416.318240465218 72.661500639717119
2451.4643985884327 72.755001000439307
2487.1217693533167 72.844499421087050
2523.2977885189675 72.930499497253180
2560.0000000000887 73.013000000000176
2597.236057440151 73.090500112514462
2635.0137258074315 73.164499462908310
2673.340883014273 73.234499786338603
2712.225521559891 73.299499200241542
2751.6757501970797 73.359999616905526
2791.699795623158 73.414499721703521
2832.3060041955137 73.464000004379130
2873.502843672097 73.506999836830374
2915.2989049772345 73.544499914744137
2957.7029039931244 73.575999928680858
3000.723683377391 73.601499812327077
3044.370214407075 73.622000070206923
3088.6515988494466 73.636499868644520
3133.57707086003 73.646000004663989
3179.1559989082334 73.648999999928151
3225.3978877309914 73.646000007283575
3272.3123803148205 73.636999876150185
3319.9092599067053 73.621499889662502
3368.198452054235 73.600999760095320
3417.190026675413 73.574999983362744
3466.8942001585724 73.543999865044682
3517.3213374928373 73.509999755922792
3568.4819544295697 73.473000032956861
3620.386719675257 73.432500218729459
3673.0464571162966 73.389999614977100
3726.472148076138 73.344999871601601
3780.6749336052594 73.298000057571585
3835.6661168044484 73.248999891132428
3891.45716518188 73.196999840955215
3948.059713044477 73.142500276294115
4005.4855639240527 73.085000436637870
4063.746693038744 73.023500324026656
4122.855249790247 72.958999714675372
4182.823560297375 72.890500502253332
4243.664129966465 72.816999833662464
4305.389646099183 72.738000452939843
4368.012980538242 72.653500026260616
4431.5471923516225 72.560499697109918
4496.00553055582 72.458999091347309
4561.401436878714 72.346999173625733
4627.748548562617 72.221500853912573
4695.060701208099 72.081500621447390
4763.351931659176 71.925000156614189
4832.63648093046 71.746501337286759
4902.928797176889 71.546000578530041
4974.243538706657 71.328501406875148
5046.595577037959 71.094001370861875
5120.000000000202 70.844499999999300
5194.472114880326 70.588499609995324
5270.027451614888 70.331998538901672
5346.6817660285715 70.084000756961899
5424.451043119808 69.846999877036325
5503.351500394186 69.622001424713346
5583.399591246343 69.410498562161820
5664.612008391055 69.212999981312251
5747.005687344222 69.029500696316916
5830.597809954497 68.862000380809420
5915.405807986278 68.711500340746937
6001.447366754812 68.576999510534222
6088.740428814181 68.460499530334616
6177.303197698925 68.363499834977688
6267.154141720092 68.288499913716123
6358.3119978165005 68.233000001329373
6450.795775462017 68.197500086188938
6544.624760629676 68.178000049747112
6639.818519813445 68.171999999999997
6736.396904108505 68.171999999999997
6834.380053350861 68.173000000000002
6933.788400317181 68.173000000000002
7034.642674985712 68.175499991943440
7136.963908859177 68.191499985748251
7240.773439350552 68.225500200235729
7346.092914232631 68.273499960911181
7452.944296152315 68.318500047807930
7561.349867210557 68.335999978563777
7671.332233608935 68.295999724693047
7782.914330363799 68.164500789162872
7896.119426088994 67.910001290228792
8010.971127848146 67.510999399282028
8127.49338607753 66.963497771084661
8245.710499580537 66.281002889037893
8365.647120594791 65.493499149163569
8487.328259932974 64.634998113421958
8610.77929219841 63.738997893321496
8736.025961076528 62.836000280628639
8863.094384703289 61.952504278105941
8992.011061111683 61.113499644661488
9122.802873757471 60.353000734046752
9255.497097125279 59.724499704563804
9390.121402416245 59.314999725992905
9526.7038633184 59.222000093067138
9665.272961860968 59.489999926237033
9805.857594353829 60.062003127410421
9948.487077413367 60.812500421562177
10093.19115407597 61.600500719431892
10240.000000000457 62.286000000001479
10388.944229760706 62.767500401405769
10540.05490322983 63.031499830936696
10693.363532057198 63.165000345493908
10848.902086239672 63.266000082522865
11006.703000788428 63.417000001322293
11166.799182492743 63.685500480879753
11329.224016782166 64.113500063090470
11494.0113746885 64.732997649219143
11661.195619909053 65.579004053126397
11830.811615972614 66.687997489129202
12002.894733509682 68.087997831938964
12177.48085762842 69.742508037573117
12354.606395397908 71.402502362006501
12534.308283440243 72.475995719454332
12716.62399563306 72.343500003173730
12901.591550924093 71.021503209627340
13089.249521259411 69.165504734903564
13279.637039626952 67.382499699346653
13472.793808217073 65.917001455074782
13668.760106701786 64.783999554821122
13867.576800634426 63.954500831788742
14069.285349971487 63.398999470706670
14273.927817718419 63.089500275680820
14481.54687870117 62.996000054626215
14692.18582846533 63.075499935258875
14905.888592304698 63.251499664233194
15122.699734421185 63.388999831571802
15342.664467217943 63.310499058927405
15565.828660727671 62.861000683363933
15792.238852178061 61.990500568345027
16021.942255696367 60.765998381078290
16254.986772155136 59.290495587890220
16491.42099916115 57.939505718813066
16731.294241189662 56.774003686923692
16974.65651986603 55.521497410176408
17221.558584396902 54.291502070415554
17472.051922153143 53.074005238762396
17726.188769406665 51.808001148720216
17984.022122223458 50.419993270966522
18245.605747515034 48.851495060957262
18510.99419425065 47.097998615886205
18780.242804832582 45.179493999833227
19053.40772663689 43.143002037969481
19330.545923722028 41.009508285513952
19611.71518870775 38.520997933052790
19896.974154826825 35.396509257321675
20186.382308152035 35.396500000000003
