20 104.510500000000008
20.290906698750476 104.464439619163244
20.586044732869844 104.417709576597019
20.885475648548283 104.371727067222594
21.189261887185914 104.325628760014268
21.49746679841394 104.278636276082565
21.810154653305165 104.230951270614611
22.12739065777668 104.182095209722391
22.449240966187475 104.131703539675186
22.77577269513385 104.080381634684926
23.107053937445478 104.029763432032212
23.44315377638505 103.978788264620732
23.784142300054445 103.927378654991827
24.130090616010463 103.874619068888592
24.481070866093134 103.818802307580938
24.837156241469714 103.761097902552962
25.1984209978975 103.702256587841660
25.56494047120865 103.643934163048073
25.936791093020236 103.587836234947162
26.3140504066728 103.534223112820627
26.69679708340074 103.480948408323883
27.08511093873791 103.426276037758669
27.47907294916184 103.369534466207710
27.878765268980047 103.312275949170356
28.284271247461966 103.255486296602783
28.695675446220072 103.199279490206507
29.11306365684382 103.142671088041865
29.536522918790062 103.083386791369378
29.966141537533712 103.023240184745276
30.402009102982383 102.963235468989083
30.844216508158908 102.905973016412673
31.29285596815558 102.850134073940751
31.74802103936409 102.793745391118847
32.20980663898519 102.735854556848892
32.67830906482211 102.676889675962059
33.153626015361866 102.618257626125853
33.63585661014871 102.559697206782147
34.125101410453844 102.500737627924622
34.62146244024586 102.440545969610753
35.12504320746613 102.380994987933931
35.635948725613716 102.322137794005641
36.15428553564419 102.263411448936552
36.68016172818701 102.203641724714871
37.21368696608603 102.143994433730541
37.754972507267915 102.085727924982692
38.30413122794313 102.028170456293907
38.86127764614443 101.969965132957412
39.4265279456077 101.910260495445812
40.000000000000206 101.849499999999978
40.58181339750116 101.789863927969236
41.1720894657399 101.729837658461477
41.77095129709678 101.668953192972481
42.37852377437204 101.608974067991795
42.9949335968281 101.550806043649516
43.62030930661056 101.493305035368849
44.25478131555359 101.435277300753228
44.89848193237519 101.375890452556803
45.55154539026795 101.315397739586444
46.21410787489121 101.256324423173808
46.88630755277036 101.200410379007621
47.56828460010916 101.144244591927105
48.260181232021196 101.085944860510210
48.962141732186545 101.029526716285119
49.674312482939705 100.977798202188225
50.39684199579528 100.925732866226184
51.129880942417586 100.870080741551845
51.873582186040764 100.815916660484902
52.628100813345895 100.768581541809510
53.393594166801776 100.719440367207824
54.17022187747612 100.663733323855979
54.95814589832399 100.604639106712682
55.75753053796041 100.545382145178110
56.56854249492426 100.488839110345140
57.39135089244048 100.437192999130900
58.226127313687975 100.389045424835558
59.073045837580466 100.338872910176690
59.932283075067765 100.290326006258681
60.804018205965114 100.236227268556263
61.68843301631817 100.177559440352908
62.58571193631152 100.126973359440939
63.49604207872855 100.081445917102940
64.41961327797075 100.035519336101459
65.35661812964459 99.987955857258484
66.3072520307241 99.938062016356270
67.27171322029778 99.886463342714080
68.25020282090806 99.834864757544153
69.2429248804921 99.785825455497360
70.25008641493265 99.739496024913095
71.27189745122783 99.693172460871594
72.30857107128878 99.648694300541521
73.36032345637442 99.605767223473208
74.42737393217246 99.564046103611361
75.50994501453623 99.521389670803345
76.60826245588666 99.474971072068826
77.72255529228926 99.423714653032164
78.85305589121582 99.369046297647017
80.00000000000082 99.315999999999974
81.16362679500274 99.265091200446633
82.34417893148023 99.217292759399243
83.541902594194 99.172529839145511
84.75704754874454 99.130300896170141
85.98986719365665 99.089416790084115
87.24061861322157 99.048879994695938
88.50956263110764 99.008197183348258
89.79696386475084 98.967429477616221
91.10309078053635 98.927907193851894
92.42821574978288 98.891932648430497
93.77261510554118 98.853290033593936
95.13656920021877 98.814687433629146
96.52036246404286 98.775758709863283
97.92428346437356 98.735587453298464
99.34862496587989 98.696141451277725
100.79368399159105 98.657864216218641
102.25976188483567 98.618479921186207
103.74716437208203 98.577453009120589
105.25620162669229 98.534884229962884
106.78718833360406 98.491983518881483
108.34044375495276 98.449808018616281
109.9162917966485 98.407374627183344
111.51506107592134 98.364162609135548
113.13708498984903 98.319730214895458
114.78270178488147 98.274066257004364
116.45225462737648 98.226412651687838
118.14609167516147 98.178285813820963
119.86456615013608 98.128714396603300
121.60803641193078 98.077618904047910
123.3768660326369 98.026333107472226
125.17142387262359 97.973914425112156
126.99208415745765 97.920065531381240
128.83922655594208 97.866162429877676
130.71323625928977 97.811816148480588
132.61450406144883 97.757793886279444
134.5434264405962 97.704463342714050
136.50040564181674 97.651363540618661
138.48584976098482 97.594667432050954
140.50017282986593 97.536328609316996
142.5437949024563 97.480469605999531
144.61714214257822 97.432018587327633
146.7206469127495 97.392872484953074
148.8547478643456 97.361388277763510
151.01989002907314 97.341808505866254
153.216524911774 97.341162114241257
155.4451105845792 97.370298428121970
157.70611178243232 97.445171258607843
160.00000000000236 97.569500000000133
162.3272535900062 97.699360750322342
164.6883578629612 97.803099388107341
167.08380518838874 97.919023215268737
169.51409509748981 98.053900601537421
171.97973438731407 98.191177285057194
174.4812372264439 98.310740664971121
177.01912526221608 98.403957909020235
179.5939277295025 98.469079123324462
182.20618156107355 98.506739123981731
184.85643149956664 98.522282157497841
187.54523021108326 98.520255756860138
190.27313840043846 98.504541754396058
193.04072492808663 98.478227590834194
195.84856692874806 98.443789776383269
198.69724993176072 98.402322901064537
201.58736798318304 98.356337550938548
204.5195237696723 98.308174603838793
207.49432874416505 98.258345466139886
210.5124032533856 98.206785010274658
213.57437666720915 98.153054814157031
216.68088750990657 98.098249357637897
219.83258359329807 98.042929787117288
223.03012215184378 97.986972862342725
226.2741699796992 97.930581053685216
229.5654035697641 97.874815706575646
232.90450925475412 97.819575597296563
236.2921833503241 97.765044203907564
239.72913230027333 97.712630732420820
243.21607282386276 97.663745071495754
246.75373206527502 97.618639916167751
250.34284774524843 97.577657234483823
253.9841683149166 97.542154358929565
257.67845311188546 97.513951795021882
261.42647251858085 97.491797783018171
265.22900812289896 97.475341601646676
269.08685288119375 97.464253916836611
273.0008112836349 97.453372870380463
276.97169952197106 97.443070751195066
281.00034565973334 97.432899101284704
285.0875898049141 97.422219712624269
289.23428428515797 97.408950290287493
293.44129382550057 97.393767212845646
297.7094957286928 97.376349168366630
302.0397800581479 97.356811044723798
306.4330498235497 97.335334750882254
310.89022116916016 97.313048894154207
315.41222356486645 97.289938882175676
320.00000000000654 97.266999999999967
324.6545071800142 97.242796562663926
329.3767157259242 97.219554092942971
334.16761037677935 97.193994903965390
339.02819019498156 97.166539315888599
343.95946877463007 97.135659399842382
348.9624744528898 97.101262678829769
354.03825052443415 97.061693995804518
359.187855459007 97.016309300868940
364.4123631221491 96.965317605090718
369.71286299913527 96.910486224808992
375.0904604221685 96.851466166603785
380.54627680087896 96.789113979418531
386.08144985617537 96.724747036682743
391.6971338574982 96.659395818906575
397.3944998635236 96.594181601528533
403.1747359663683 96.531400711022599
409.0390475393468 96.472629048376206
414.9886574883323 96.419843575721259
421.0248065067734 96.375122700098345
427.1487533344206 96.339509672772977
433.3617750198154 96.316989191620422
439.6651671865984 96.309071107254269
446.06024430368984 96.315837358860449
452.54833995940066 96.339232031805125
459.13080713953053 96.379620592323889
465.8090185095106 96.431559239121725
472.58436670065066 96.494861302713517
479.45826460054917 96.564356435891369
486.432145647728 96.635707885606820
493.50746413055253 96.703785728106709
500.6856954904994 96.764728428115063
507.9683366298358 96.820258566802494
515.3569062237735 96.867988477532450
522.8529450371643 96.909051488926536
530.4580162458005 96.944889317013917
538.1737057623901 96.976620377722810
546.0016225672724 97.004076412170903
553.9433990439449 97.027722884930597
562.0006913194694 97.048201451770879
570.1751796098309 97.065297805336712
578.4685685703187 97.079396566569542
586.8825876510039 97.092323881476517
595.4189914573883 97.104044688894604
604.0795601162986 97.114844477638101
612.8660996471021 97.125061256739542
621.780442338323 97.136217711577842
630.8244471297356 97.148901560120549
640.0000000000159 97.164500000000032
649.3090143600314 97.182652578002063
658.7534314518515 97.204132892339260
668.3352207535618 97.227838051883907
678.0563803899662 97.254155046072412
687.9189375492632 97.282464918892856
697.9249489057827 97.312671094162638
708.0765010488715 97.344440978303950
718.3757109180171 97.376883489391759
728.8247262443015 97.410239123981768
739.425725998274 97.445104895794316
750.1809208443404 97.479580454375593
761.0925536017613 97.514588609472327
772.1628997123541 97.550333983686073
783.3942677149998 97.585651372496727
794.7889997270506 97.620649874169771
806.34947193274 97.655283854467683
818.0780950786972 97.689532966573168
829.9773149766683 97.723857639355771
842.0496130135506 97.758642637413956
854.2975066688449 97.794034394450790
866.7235500396347 97.831034000121946
879.3303343732008 97.870357069994242
892.1204886073838 97.912709661265097
905.0966799188055 97.957975464705669
918.2616142790653 98.006601469205719
931.6180370190256 98.057963068305412
945.1687334013056 98.111973630830278
958.9165292011028 98.168652205004605
972.8642912954606 98.227882166684466
987.0149282611097 98.289218726673283
1001.3713909810035 98.352625546381816
1015.9366732596762 98.417777474552523
1030.7138124475518 98.485288635919076
1045.7058900743334 98.554336432528970
1060.916032491606 98.624213749461390
1076.3474115247852 98.695153179296511
1092.0032451345498 98.766639805926388
1107.8867980878947 98.838990591395529
1124.0013826389438 98.911395072357493
1140.350359219667 98.984184889951891
1156.9371371406426 99.056113481678693
1173.765175302013 99.129001995033548
1190.837982914782 99.201144581891100
1208.1591202326028 99.273867815241047
1225.73219929421 99.345701759047998
1243.5608846766518 99.417743538706617
1261.648894259477 99.489707280562584
1280.0000000000375 99.560500000000147
1298.6180287200684 99.631248509136256
1317.5068629037087 99.702524706453346
1336.6704415071292 99.772763872538690
1356.112760779938 99.843005938807778
1375.8378750985323 99.913620403477253
1395.8498978115715 99.983974642340499
1416.153002097749 100.054227857237237
1436.7514218360407 100.124954834242544
1457.6494524886093 100.196008138461281
1478.8514519965543 100.268017907748344
1500.3618416886875 100.340723024907760
1522.1851072035295 100.414485662347928
1544.3257994247153 100.488934686067040
1566.788535430007 100.564745249753429
1589.5779994541087 100.641482078165808
1612.6989438654878 100.719168451388043
1636.156190157402 100.798207922732018
1659.9546299533442 100.879044834440435
1684.099226027109 100.961801337533245
1708.5950133376978 101.046238746148433
1733.4471000792773 101.132564850277475
1758.6606687464096 101.221331980737233
1784.2409772147755 101.312582698428898
1810.193359837619 101.406307697005687
1836.5232285581387 101.503366410236282
1863.2360740380593 101.603532359863863
1890.3374668026197 101.707202621858102
1917.833058402214 101.814048927768624
1945.7285825909298 101.924499758711903
1974.0298565222283 102.038580620349805
2002.7427819620161 102.156973971207776
2031.8733465193618 102.278961722707280
2061.4276248951132 102.404710168293747
2091.411780148677 102.535188302985034
2121.832064983222 102.668652689175332
2152.694823049581 102.806468018434998
2184.0064902691106 102.947029206210999
2215.7735961758003 103.090769862599899
2248.002765277899 103.237412582014443
2280.7007184393456 103.386366614206338
2313.874274281297 103.537396710075214
2347.530350604038 103.689678750228239
2381.6759658295764 103.842728997514484
2416.318240465218 103.996844199395795
2451.4643985884327 104.152479963753819
2487.1217693533167 104.310406510799709
2523.2977885189675 104.472922493048316
2560.0000000000887 104.641750000000400
2597.236057440151 104.818163977148728
2635.0137258074315 105.001567256456411
2673.340883014273 105.189370326769932
2712.225521559891 105.377312078128142
2751.6757501970797 105.559020610274189
2791.699795623158 105.729742894171977
2832.3060041955137 105.882739975355577
2873.502843672097 106.017303445706119
2915.2989049772345 106.129963569049465
2957.7029039931244 106.218400297909824
3000.723683377391 106.281587992744136
3044.370214407075 106.314956738135692
3088.6515988494466 106.320935405158195
3133.57707086003 106.302969617326738
3179.1559989082334 106.259553721233701
3225.3978877309914 106.194347464121165
3272.3123803148205 106.108705867960921
3319.9092599067053 106.005514146620186
3368.198452054235 105.886638071097366
3417.190026675413 105.754524124775344
3466.8942001585724 105.612331051533801
3517.3213374928373 105.462343134021779
3568.4819544295697 105.305890760812630
3620.386719675257 105.145505036203446
3673.0464571162966 104.983247376652969
3726.472148076138 104.820818834290833
3780.6749336052594 104.660385372538911
3835.6661168044484 104.501948195283632
3891.45716518188 104.350174941397569
3948.059713044477 104.201593253258238
4005.4855639240527 104.061383202974682
4063.746693038744 103.927944609966701
4122.855249790247 103.801313294167755
4182.823560297375 103.682296581737688
4243.664129966465 103.570176103347507
4305.389646099183 103.465260762399708
4368.012980538242 103.366612997156750
4431.5471923516225 103.274256571090149
4496.00553055582 103.186859246504270
4561.401436878714 103.103329642736469
4627.748548562617 103.021072599248811
4695.060701208099 102.938996852801466
4763.351931659176 102.854619343545181
4832.63648093046 102.766193480362489
4902.928797176889 102.670634889646479
4974.243538706657 102.568776143230224
5046.595577037959 102.457903188521698
5120.000000000202 102.339214285713950
5194.472114880326 102.212626772849717
5270.027451614888 102.080326616528765
5346.6817660285715 101.945806909449999
5424.451043119808 101.812250734147185
5503.351500394186 101.684399763660650
5583.399591246343 101.565674345247515
5664.612008391055 101.458473569217489
5747.005687344222 101.360353630174473
5830.597809954497 101.269484255746875
5915.405807986278 101.182748250093582
6001.447366754812 101.097561679287409
6088.740428814181 101.010822002820206
6177.303197698925 100.923086847982489
6267.154141720092 100.836498278751662
6358.3119978165005 100.757101041812305
6450.795775462017 100.691006619213539
6544.624760629676 100.645996952795358
6639.818519813445 100.629990925990668
6736.396904108505 100.649378606848828
6834.380053350861 100.705675942947437
6933.788400317181 100.793470994328288
7034.642674985712 100.900626582609064
7136.963908859177 101.015269217010868
7240.773439350552 101.138486135171945
7346.092914232631 101.281065190208480
7452.944296152315 101.436798672382380
7561.349867210557 101.592156687434908
7671.332233608935 101.732057751973002
7782.914330363799 101.834564635820357
7896.119426088994 101.869126851520491
8010.971127848146 101.783603457336412
8127.49338607753 101.547785307688457
8245.710499580537 101.260426785635005
8365.647120594791 101.275353407207319
8487.328259932974 101.606298393878618
8610.77929219841 102.111196188001628
8736.025961076528 102.053162947870746
8863.094384703289 101.570193787351243
8992.011061111683 101.069997082886658
9122.802873757471 100.699185320144494
9255.497097125279 100.451995478524694
9390.121402416245 100.311909266523429
9526.7038633184 100.271505579497756
9665.272961860968 100.310226002247134
9805.857594353829 100.393666783935430
9948.487077413367 100.471821645078137
10093.19115407597 100.463678830695684
10240.000000000457 100.295199999999227
10388.944229760706 99.903707647533679
10540.05490322983 99.255611121351635
10693.363532057198 98.426302725841794
10848.902086239672 97.485466412555638
11006.703000788428 96.522446504597610
11166.799182492743 95.615537327155749
11329.224016782166 94.854286702491123
11494.0113746885 94.235535994297351
11661.195619909053 93.855607038339130
11830.811615972614 93.605764648506735
12002.894733509682 93.515090082727596
12177.48085762842 93.476608510169399
12354.606395397908 93.473895668604314
12534.308283440243 93.442619769458304
12716.62399563306 93.353750242867619
12901.591550924093 93.162722190974677
13089.249521259411 92.910992427910600
13279.637039626952 92.565970383391800
13472.793808217073 92.142528287539108
13668.760106701786 91.690164153518879
13867.576800634426 91.240358342623296
14069.285349971487 90.829325650300888
14273.927817718419 90.464038845372613
14481.54687870117 90.200097612755343
14692.18582846533 90.080369599139615
14905.888592304698 90.121149866537110
15122.699734421185 90.357610979854314
15342.664467217943 90.796035707143488
15565.828660727671 91.381372019501470
15792.238852178061 91.956780666788873
16021.942255696367 92.225386722288263
16254.986772155136 91.728374605045033
16491.42099916115 90.394885564731112
16731.294241189662 88.494295716553182
16974.65651986603 86.074570523273650
17221.558584396902 83.532458526192769
17472.051922153143 81.200563354634141
17726.188769406665 79.236727168518499
17984.022122223458 77.919652485993993
18245.605747515034 77.599832732950176
18510.99419425065 77.404991728258906
18780.242804832582 76.021497075729684
19053.40772663689 74.019033504722685
19330.545923722028 73.149352165150162
19611.71518870775 73.131246228659393
19896.974154826825 72.838348580841711
20186.382308152035 72.700500000000005
