20 94.417000000000002
20.290906698750476 94.406000014445539
20.586044732869844 94.385999936133771
20.885475648548283 94.357499925008952
21.189261887185914 94.320500014430991
21.49746679841394 94.276000030630442
21.810154653305165 94.225499888392449
22.12739065777668 94.169999881034499
22.449240966187475 94.111000192031156
22.77577269513385 94.050499869433125
23.107053937445478 93.988500011665082
23.44315377638505 93.926999860608987
23.784142300054445 93.866499950382348
24.130090616010463 93.809500063039764
24.481070866093134 93.755000020147918
24.837156241469714 93.704999967800461
25.1984209978975 93.658500000260943
25.56494047120865 93.617500057502014
25.936791093020236 93.580999898229578
26.3140504066728 93.547000051713582
26.69679708340074 93.515999913196680
27.08511093873791 93.485000084417777
27.47907294916184 93.452500004243134
27.878765268980047 93.414499972039636
28.284271247461966 93.369499968608451
28.695675446220072 93.314999931331272
29.11306365684382 93.249000055705039
29.536522918790062 93.170000208613857
29.966141537533712 93.080499881179577
30.402009102982383 92.982500205059779
30.844216508158908 92.880500113039915
31.29285596815558 92.780000007001732
31.74802103936409 92.688499814771177
32.20980663898519 92.611000214377441
32.67830906482211 92.552000107400715
33.153626015361866 92.510499938718027
33.63585661014871 92.484000019332584
34.125101410453844 92.464000064745719
34.62146244024586 92.441000078276701
35.12504320746613 92.404999879031379
35.635948725613716 92.348499893222680
36.15428553564419 92.265999898796196
36.68016172818701 92.161499836993499
37.21368696608603 92.041000235571119
37.754972507267915 91.921000326990765
38.30413122794313 91.817499966740769
38.86127764614443 91.744500157380031
39.4265279456077 91.706500055759250
40.000000000000206 91.695999999999998
40.58181339750116 91.697000000000003
41.1720894657399 91.684499972681678
41.77095129709678 91.638999830735031
42.37852377437204 91.548500205020389
42.9949335968281 91.417000091239544
43.62030930661056 91.265499692044784
44.25478131555359 91.123999766171210
44.89848193237519 91.024000142123896
45.55154539026795 90.980499991576323
46.21410787489121 90.985999997177800
46.88630755277036 91.011500013829021
47.56828460010916 91.020999953579661
48.260181232021196 90.988499977110564
48.962141732186545 90.908500163763449
49.674312482939705 90.798000082469684
50.39684199579528 90.694000134328974
51.129880942417586 90.629500145434321
51.873582186040764 90.608499990534398
52.628100813345895 90.598500003450908
53.393594166801776 90.551499853740026
54.17022187747612 90.435500194424066
54.95814589832399 90.258999786838913
55.75753053796041 90.079499912124504
56.56854249492426 89.977499998188961
57.39135089244048 90.007500124462098
58.226127313687975 90.136499883674816
59.073045837580466 90.257499732872560
59.932283075067765 90.270499765877844
60.804018205965114 90.139500336297203
61.68843301631817 89.912500534129734
62.58571193631152 89.702000013508297
63.49604207872855 89.610000027106707
64.41961327797075 89.645499763084601
65.35661812964459 89.719499792445589
66.3072520307241 89.725999921702282
67.27171322029778 89.629999966332605
68.25020282090806 89.478000501778212
69.2429248804921 89.353000341286389
70.25008641493265 89.298999959677118
71.27189745122783 89.284999967685863
72.30857107128878 89.251499995306176
73.36032345637442 89.172499768964457
74.42737393217246 89.073500189229236
75.50994501453623 88.995000256774546
76.60826245588666 88.946999947548662
77.72255529228926 88.905000067189661
78.85305589121582 88.842000130105092
80.00000000000082 88.758499999999941
81.16362679500274 88.670500087705051
82.34417893148023 88.598999912603148
83.541902594194 88.548499940749394
84.75704754874454 88.501000100500022
85.98986719365665 88.431000051485057
87.24061861322157 88.325999754049548
88.50956263110764 88.209499798989242
89.79696386475084 88.122000186845270
91.10309078053635 88.070499907339610
92.42821574978288 88.023499967535912
93.77261510554118 87.962999952818549
95.13656920021877 87.909999909480320
96.52036246404286 87.872000014278882
97.92428346437356 87.809500134969852
99.34862496587989 87.694000003007460
100.79368399159105 87.568000164795308
102.25976188483567 87.481000212557831
103.74716437208203 87.401499831196617
105.25620162669229 87.288000108814060
106.78718833360406 87.179499873341854
108.34044375495276 87.094000125295480
109.9162917966485 86.957999815034526
111.51506107592134 86.820500000665731
113.13708498984903 86.885499999195588
114.78270178488147 87.039499936695989
116.45225462737648 86.875500059821434
118.14609167516147 86.537000578924648
119.86456615013608 86.673000893986398
121.60803641193078 87.167498982906153
123.3768660326369 87.458499638946321
125.17142387262359 87.629499879190007
126.99208415745765 87.940000495796369
128.83922655594208 88.180999329113291
130.71323625928977 88.311999581838947
132.61450406144883 88.556500308901022
134.5434264405962 88.815999933248960
136.50040564181674 88.948999634187174
138.48584976098482 89.125499450493578
140.50017282986593 89.324500104365228
142.5437949024563 89.314999930011254
144.61714214257822 89.287500009387685
146.7206469127495 89.432000062379615
148.8547478643456 89.368500297360171
151.01989002907314 89.133500676891174
153.216524911774 89.151500112770520
155.4451105845792 89.197499990837784
157.70611178243232 89.126000146832737
160.00000000000236 89.052999999999912
162.3272535900062 88.991000028372980
164.6883578629612 88.986999886707764
167.08380518838874 88.889999832225072
169.51409509748981 88.837500012800064
171.97973438731407 88.869499987617530
174.4812372264439 88.792999673443632
177.01912526221608 88.632999775435991
179.5939277295025 88.595499965327093
182.20618156107355 88.593499713279726
184.85643149956664 88.440499999440277
187.54523021108326 88.470999974009629
190.27313840043846 88.403499770219241
193.04072492808663 88.334000015436601
195.84856692874806 88.263500169162057
198.69724993176072 88.190000001265020
201.58736798318304 88.154500054008565
204.5195237696723 88.102500140048932
207.49432874416505 88.049499941628767
210.5124032533856 88.010000024218812
213.57437666720915 87.964999891976717
216.68088750990657 87.898000132069228
219.83258359329807 87.858499975581026
223.03012215184378 87.814999980757051
226.2741699796992 87.770000000224471
229.5654035697641 87.743499971156183
232.90450925475412 87.716000007561064
236.2921833503241 87.673500094497825
239.72913230027333 87.631999936532424
243.21607282386276 87.586000116883810
246.75373206527502 87.516000101964210
250.34284774524843 87.481000023160433
253.9841683149166 87.431499900638741
257.67845311188546 87.380500194782002
261.42647251858085 87.341000097525011
265.22900812289896 87.291499944226189
269.08685288119375 87.238000001687681
273.0008112836349 87.175500210423280
276.97169952197106 87.118000120943918
281.00034565973334 87.069999883775139
285.0875898049141 87.020499896498805
289.23428428515797 86.945999990495835
293.44129382550057 86.893999840585437
297.7094957286928 86.831500095057976
302.0397800581479 86.771000182219893
306.4330498235497 86.694999951482458
310.89022116916016 86.630000142014381
315.41222356486645 86.581500021297870
320.00000000000654 86.509499999999917
324.6545071800142 86.437000051312822
329.3767157259242 86.371999890099744
334.16761037677935 86.323999888809368
339.02819019498156 86.233500172800873
343.95946877463007 86.176000057202302
348.9624744528898 86.143499925270248
354.03825052443415 86.103499779889830
359.187855459007 86.024500122374931
364.4123631221491 85.972499844549219
369.71286299913527 85.898499959699691
375.0904604221685 85.846499964558603
380.54627680087896 85.811499957205967
386.08144985617537 85.793500003294440
391.6971338574982 85.821000016196365
397.3944998635236 85.858499994434837
403.1747359663683 85.882499984766810
409.0390475393468 85.877999968059044
414.9886574883323 85.892500040108985
421.0248065067734 85.923999970331579
427.1487533344206 85.974000115186513
433.3617750198154 86.037499897866510
439.6651671865984 86.107000079613982
446.06024430368984 86.196000014966756
452.54833995940066 86.243499999669552
459.13080713953053 86.297000054940625
465.8090185095106 86.328499991453526
472.58436670065066 86.339999922193186
479.45826460054917 86.347999998186637
486.432145647728 86.332500057231513
493.50746413055253 86.351499994562886
500.6856954904994 86.388499976129694
507.9683366298358 86.427500133300242
515.3569062237735 86.467499970033543
522.8529450371643 86.546499894115726
530.4580162458005 86.697500165176308
538.1737057623901 86.858499994844919
546.0016225672724 87.020499414052267
553.9433990439449 87.198999516224262
562.0006913194694 87.367500439069104
570.1751796098309 87.526500134407684
578.4685685703187 87.679000012549565
586.8825876510039 87.773500187138865
595.4189914573883 87.845999891362339
604.0795601162986 87.918499766208413
612.8660996471021 87.941000052742822
621.780442338323 87.977999950835681
630.8244471297356 87.977000013987748
640.0000000000159 87.989999999999995
649.3090143600314 87.994999992182130
658.7534314518515 87.995000011271827
668.3352207535618 87.974000003252797
678.0563803899662 87.972500008000040
687.9189375492632 87.968500020323901
697.9249489057827 87.957499971846218
708.0765010488715 87.951499953130650
718.3757109180171 87.948999969406287
728.8247262443015 87.944499979959062
739.425725998274 87.946000001679181
750.1809208443404 87.948500018902095
761.0925536017613 87.965500022303615
772.1628997123541 87.979499994673660
783.3942677149998 88.003499948673579
794.7889997270506 88.045499993989182
806.34947193274 88.063999964936585
818.0780950786972 88.101999900863888
829.9773149766683 88.140000066429423
842.0496130135506 88.176999974781850
854.2975066688449 88.215500082256455
866.7235500396347 88.262999915475746
879.3303343732008 88.313000040777908
892.1204886073838 88.356000032527135
905.0966799188055 88.423999999619681
918.2616142790653 88.482000076604109
931.6180370190256 88.550999970644767
945.1687334013056 88.610999850695052
958.9165292011028 88.678000155948993
972.8642912954606 88.748999889167351
987.0149282611097 88.820999891257799
1001.3713909810035 88.902499961041286
1015.9366732596762 88.982500122191908
1030.7138124475518 89.039999819759402
1045.7058900743334 89.128999774621818
1060.916032491606 89.202000089023628
1076.3474115247852 89.281499997667964
1092.0032451345498 89.357999728068449
1107.8867980878947 89.432999795412030
1124.0013826389438 89.512500175199349
1140.350359219667 89.586500085437464
1156.9371371406426 89.669500015359191
1173.765175302013 89.746500191383632
1190.837982914782 89.827999863045676
1208.1591202326028 89.913999752456021
1225.73219929421 89.999000106684377
1243.5608846766518 90.093499841707683
1261.648894259477 90.165499833895410
1280.0000000000375 90.248500000000092
1298.6180287200684 90.324999926085596
1317.5068629037087 90.404500114127231
1336.6704415071292 90.467500165892801
1356.112760779938 90.551999889365817
1375.8378750985323 90.623999938952920
1395.8498978115715 90.691000145100261
1416.153002097749 90.765500175760153
1436.7514218360407 90.837499855931185
1457.6494524886093 90.899000140286603
1478.8514519965543 90.970500043658717
1500.3618416886875 91.038500106324264
1522.1851072035295 91.125500159507340
1544.3257994247153 91.201999976327357
1566.788535430007 91.286499854575155
1589.5779994541087 91.363499987907417
1612.6989438654878 91.452499880585194
1636.156190157402 91.539999743262911
1659.9546299533442 91.627000164412834
1684.099226027109 91.726499929955807
1708.5950133376978 91.813000165846148
1733.4471000792773 91.907999836234296
1758.6606687464096 92.007500087576872
1784.2409772147755 92.114500036737198
1810.193359837619 92.216500003703615
1836.5232285581387 92.328000137602402
1863.2360740380593 92.438999955781398
1890.3374668026197 92.560999747653625
1917.833058402214 92.681000237550222
1945.7285825909298 92.812499738751640
1974.0298565222283 92.942499772523092
2002.7427819620161 93.079499922082618
2031.8733465193618 93.224500282802694
2061.4276248951132 93.372499462956654
2091.411780148677 93.527499548854735
2121.832064983222 93.686500172394460
2152.694823049581 93.851999994630233
2184.0064902691106 94.017999465848845
2215.7735961758003 94.187499558520756
2248.002765277899 94.369000437998395
2280.7007184393456 94.546000200048780
2313.874274281297 94.729000036337666
2347.530350604038 94.910000458473917
2381.6759658295764 95.099999690930787
2416.318240465218 95.299999311311637
2451.4643985884327 95.478000229420502
2487.1217693533167 95.666999697661751
2523.2977885189675 95.849999681778669
2560.0000000000887 96.032500000000425
2597.236057440151 96.204999881310599
2635.0137258074315 96.374500224027585
2673.340883014273 96.535000248839225
2712.225521559891 96.686499752311576
2751.6757501970797 96.828999889524908
2791.699795623158 96.959500243133448
2832.3060041955137 97.066500229659965
2873.502843672097 97.157999822523962
2915.2989049772345 97.225000089273323
2957.7029039931244 97.269500011800773
3000.723683377391 97.285000001158380
3044.370214407075 97.273499940392185
3088.6515988494466 97.237000012576686
3133.57707086003 97.171000128315995
3179.1559989082334 97.083000015658314
3225.3978877309914 96.974500168984520
3272.3123803148205 96.845500317743870
3319.9092599067053 96.703999749228842
3368.198452054235 96.549500110669769
3417.190026675413 96.382499702449280
3466.8942001585724 96.211500295948710
3517.3213374928373 96.035499854453207
3568.4819544295697 95.853499929685711
3620.386719675257 95.672499997850792
3673.0464571162966 95.501499770814036
3726.472148076138 95.332000061311447
3780.6749336052594 95.164000415768669
3835.6661168044484 95.009499724369149
3891.45716518188 94.859500290271583
3948.059713044477 94.723000243471319
4005.4855639240527 94.597000071795250
4063.746693038744 94.480499798267374
4122.855249790247 94.385500306704557
4182.823560297375 94.287500301703346
4243.664129966465 94.209499935904603
4305.389646099183 94.148000001994461
4368.012980538242 94.098500132728475
4431.5471923516225 94.044500139165692
4496.00553055582 94.021999899604467
4561.401436878714 93.995499976744952
4627.748548562617 93.981999995551206
4695.060701208099 93.973499956940884
4763.351931659176 93.956500026118505
4832.63648093046 93.956500010271185
4902.928797176889 93.954499986659471
4974.243538706657 93.959999965175712
5046.595577037959 93.941500019081673
5120.000000000202 93.941500000000005
5194.472114880326 93.943999997867863
5270.027451614888 93.946000014089776
5346.6817660285715 93.972000033883404
5424.451043119808 93.996999952113583
5503.351500394186 94.041499964990308
5583.399591246343 94.102000166469793
5664.612008391055 94.181000173416749
5747.005687344222 94.254499848462217
5830.597809954497 94.327500078341899
5915.405807986278 94.378000042375533
6001.447366754812 94.424000046335493
6088.740428814181 94.460000035323162
6177.303197698925 94.489499987759757
6267.154141720092 94.514499960394716
6358.3119978165005 94.549499997054383
6450.795775462017 94.591499935310623
6544.624760629676 94.599999977122451
6639.818519813445 94.588999926470365
6736.396904108505 94.533500047620805
6834.380053350861 94.411999688707056
6933.788400317181 94.209500389955863
7034.642674985712 93.909499644218812
7136.963908859177 93.501499804533609
7240.773439350552 92.985499992419676
7346.092914232631 92.380499238558173
7452.944296152315 91.784000230010605
7561.349867210557 91.021501741561337
7671.332233608935 90.221498505668350
7782.914330363799 89.411501576179006
7896.119426088994 88.596001418055636
8010.971127848146 87.794500430630876
8127.49338607753 86.935998606724866
8245.710499580537 86.031503953901776
8365.647120594791 84.711004188215782
8487.328259932974 85.820999686268365
8610.77929219841 84.508000090686352
8736.025961076528 86.966490757675373
8863.094384703289 85.863002302961618
8992.011061111683 85.272999135618832
9122.802873757471 84.951999670200934
9255.497097125279 84.757999979980397
9390.121402416245 84.644000011331343
9526.7038633184 84.630500055719466
9665.272961860968 84.779999712406777
9805.857594353829 84.993500365045350
9948.487077413367 85.264999615242260
10093.19115407597 85.631999415407222
10240.000000000457 86.040500000001401
10388.944229760706 86.459999725664289
10540.05490322983 86.905000588953314
10693.363532057198 87.327000636639724
10848.902086239672 87.693999436921899
11006.703000788428 87.973999775688171
11166.799182492743 88.135500212468060
11329.224016782166 88.202000336582614
11494.0113746885 88.306999862594196
11661.195619909053 88.470000380778131
11830.811615972614 88.703500198999023
12002.894733509682 88.994500302675419
12177.48085762842 89.232000105697495
12354.606395397908 89.130500070036746
12534.308283440243 88.356501665143782
12716.62399563306 87.397500129824053
12901.591550924093 86.614501136020152
13089.249521259411 85.644502534324403
13279.637039626952 84.620498230779575
13472.793808217073 83.604500684431429
13668.760106701786 82.613998704952280
13867.576800634426 81.783501580713633
14069.285349971487 81.087999360735211
14273.927817718419 80.562499840551112
14481.54687870117 80.149499994603758
14692.18582846533 79.902999918044827
14905.888592304698 79.830000031213046
15122.699734421185 79.917999813732834
15342.664467217943 80.083501149906638
15565.828660727671 80.590999243434197
15792.238852178061 80.660500150020965
16021.942255696367 80.504999909989124
16254.986772155136 81.379501823135712
16491.42099916115 82.394496076444938
16731.294241189662 82.767500316732011
16974.65651986603 81.088502082037905
17221.558584396902 85.465499734299044
17472.051922153143 85.652505283173127
17726.188769406665 83.537005261199965
17984.022122223458 82.042497299114558
18245.605747515034 80.792998314772959
18510.99419425065 79.166499596269219
18780.242804832582 77.359496732039048
19053.40772663689 75.801002910455537
19330.545923722028 74.685504158881898
19611.71518870775 73.893000796793501
19896.974154826825 74.163000185610514
20186.382308152035 74.408999033774165
