20 79.105999999999995
20.290906698750476 79.099697000517082
20.586044732869844 79.092825621814299
20.885475648548283 79.086314694281441
21.189261887185914 79.077804273848812
21.49746679841394 79.068210487329750
21.810154653305165 79.057619164905233
22.12739065777668 79.045722850333377
22.449240966187475 79.033612435921356
22.77577269513385 79.020969122091714
23.107053937445478 79.007896252052092
23.44315377638505 78.994773828031839
23.784142300054445 78.981134307997820
24.130090616010463 78.966862721181954
24.481070866093134 78.951804484168619
24.837156241469714 78.936099400729404
25.1984209978975 78.919323028847231
25.56494047120865 78.901959131926418
25.936791093020236 78.883660429546836
26.3140504066728 78.864797510658065
26.69679708340074 78.845414149475715
27.08511093873791 78.825435966711979
27.47907294916184 78.804848686040714
27.878765268980047 78.784910193137222
28.284271247461966 78.765070708874362
28.695675446220072 78.744129201350333
29.11306365684382 78.721668435216742
29.536522918790062 78.697845147791384
29.966141537533712 78.672497649285503
30.402009102982383 78.647886151210486
30.844216508158908 78.622707587549826
31.29285596815558 78.596669711870859
31.74802103936409 78.569122695559429
32.20980663898519 78.540282181743933
32.67830906482211 78.511658074240330
33.153626015361866 78.484396943139743
33.63585661014871 78.457120316611366
34.125101410453844 78.428118611141400
34.62146244024586 78.396726403824260
35.12504320746613 78.364997407552039
35.635948725613716 78.334614973914412
36.15428553564419 78.304088582325704
36.68016172818701 78.271109325939662
37.21368696608603 78.236324034170494
37.754972507267915 78.203612286215190
38.30413122794313 78.172564577007250
38.86127764614443 78.138912216717841
39.4265279456077 78.100051210053493
40.000000000000206 78.060499999999990
40.58181339750116 78.028985002585358
41.1720894657399 78.001779272257238
41.77095129709678 77.963863900482622
42.37852377437204 77.914065158601801
42.9949335968281 77.865230072348709
43.62030930661056 77.823613524758201
44.25478131555359 77.783628144267851
44.89848193237519 77.740437091078007
45.55154539026795 77.695649554418935
46.21410787489121 77.652571294307307
46.88630755277036 77.608266654327892
47.56828460010916 77.562915183399554
48.260181232021196 77.516528104686600
48.962141732186545 77.470648119862119
49.674312482939705 77.424898352005869
50.39684199579528 77.376221025570615
51.129880942417586 77.323730148907629
51.873582186040764 77.269548752223130
52.628100813345895 77.214160036582456
53.393594166801776 77.158456380560850
54.17022187747612 77.106228880945949
54.95814589832399 77.055720559150998
55.75753053796041 77.004457447526832
56.56854249492426 76.959151519016473
57.39135089244048 76.914780025469554
58.226127313687975 76.867432361178714
59.073045837580466 76.814864149643228
59.932283075067765 76.742688221694294
60.804018205965114 76.689885165707892
61.68843301631817 76.661655121198592
62.58571193631152 76.611518061435390
63.49604207872855 76.534131939402698
64.41961327797075 76.460952623238711
65.35661812964459 76.422898891509092
66.3072520307241 76.384928422942949
67.27171322029778 76.295213938647208
68.25020282090806 76.232619422425032
69.2429248804921 76.197910356931459
70.25008641493265 76.140495333593634
71.27189745122783 76.083414255475105
72.30857107128878 76.019868593580100
73.36032345637442 75.955380592617530
74.42737393217246 75.892212311934003
75.50994501453623 75.830103043600559
76.60826245588666 75.767446278053583
77.72255529228926 75.702561115286116
78.85305589121582 75.634073658876460
80.00000000000082 75.559999999999945
81.16362679500274 75.482909532104898
82.34417893148023 75.405248208164480
83.541902594194 75.325272833451237
84.75704754874454 75.244595640134776
85.98986719365665 75.163333580168228
87.24061861322157 75.081859751233480
88.50956263110764 74.998862491259501
89.79696386475084 74.913035742349933
91.10309078053635 74.825041186166757
92.42821574978288 74.734414448866133
93.77261510554118 74.645311810375404
95.13656920021877 74.556122979793230
96.52036246404286 74.466299510093734
97.92428346437356 74.377216679741878
99.34862496587989 74.289253855295584
100.79368399159105 74.197468785868693
102.25976188483567 74.104888255216963
103.74716437208203 74.012069137493285
105.25620162669229 73.915311829263118
106.78718833360406 73.814545569982130
108.34044375495276 73.711750564254800
109.9162917966485 73.602427786337074
111.51506107592134 73.490752907289817
113.13708498984903 73.379799321861441
114.78270178488147 73.266939289637634
116.45225462737648 73.153312562338598
118.14609167516147 73.038470236893914
119.86456615013608 72.920490263915866
121.60803641193078 72.799797425172784
123.3768660326369 72.673168855901537
125.17142387262359 72.542214622461984
126.99208415745765 72.411897996768019
128.83922655594208 72.276218781748412
130.71323625928977 72.133794044293978
132.61450406144883 71.988336813283809
134.5434264405962 71.840020307463945
136.50040564181674 71.688218157117390
138.48584976098482 71.532846643523669
140.50017282986593 71.377486864930177
142.5437949024563 71.222171587413328
144.61714214257822 71.071874336805649
146.7206469127495 70.927496009933037
148.8547478643456 70.791047531556302
151.01989002907314 70.665221960424233
153.216524911774 70.552756378970173
155.4451105845792 70.458790593994962
157.70611178243232 70.393150325680267
160.00000000000236 70.367000000000047
162.3272535900062 70.407959663184101
164.6883578629612 70.520417893148064
167.08380518838874 70.706455264410195
169.51409509748981 70.943923604846475
171.97973438731407 71.199684270035590
174.4812372264439 71.441425041621585
177.01912526221608 71.645164995085764
179.5939277295025 71.804704164948845
182.20618156107355 71.918512207691805
184.85643149956664 71.989882073789076
187.54523021108326 72.016882401451184
190.27313840043846 72.007167711514654
193.04072492808663 71.968212196567720
195.84856692874806 71.901230985837799
198.69724993176072 71.810659552470256
201.58736798318304 71.696565983375777
204.5195237696723 71.568621430364743
207.49432874416505 71.432264658605632
210.5124032533856 71.291421181508667
213.57437666720915 71.149578673308383
216.68088750990657 71.011705838625375
219.83258359329807 70.875157051386509
223.03012215184378 70.745280052850319
226.2741699796992 70.617307370791735
229.5654035697641 70.492797366133843
232.90450925475412 70.370001327325667
236.2921833503241 70.247773582738660
239.72913230027333 70.127480369490428
243.21607282386276 70.007126514885684
246.75373206527502 69.886403893272487
250.34284774524843 69.764757464725250
253.9841683149166 69.640042235214111
257.67845311188546 69.512593367639951
261.42647251858085 69.382430079979315
265.22900812289896 69.249513341713907
269.08685288119375 69.115047002039418
273.0008112836349 68.982347720587782
276.97169952197106 68.848826603573727
281.00034565973334 68.713188316701007
285.0875898049141 68.575056982554884
289.23428428515797 68.435728048018689
293.44129382550057 68.291963621785328
297.7094957286928 68.145293346932974
302.0397800581479 67.996382560501161
306.4330498235497 67.845465289391456
310.89022116916016 67.692273647310117
315.41222356486645 67.536525621151029
320.00000000000654 67.380999999999773
324.6545071800142 67.224143108033516
329.3767157259242 67.068506052617096
334.16761037677935 66.912969423792362
339.02819019498156 66.754680999643597
343.95946877463007 66.595505105456908
348.9624744528898 66.437578302179261
354.03825052443415 66.280621883847431
359.187855459007 66.123689194046193
364.4123631221491 65.967952815272170
369.71286299913527 65.813355686725174
375.0904604221685 65.663660951941068
380.54627680087896 65.522589128434419
386.08144985617537 65.392759233250445
391.6971338574982 65.284515881904099
397.3944998635236 65.190674251842438
403.1747359663683 65.125075446988973
409.0390475393468 65.084577540034545
414.9886574883323 65.071998109581386
421.0248065067734 65.084599226027095
427.1487533344206 65.115183147785203
433.3617750198154 65.161968716838402
439.6651671865984 65.219390195526955
446.06024430368984 65.281587381960975
452.54833995940066 65.342680225638674
459.13080713953053 65.395185995893655
465.8090185095106 65.436179928965799
472.58436670065066 65.458960916751636
479.45826460054917 65.463089315171203
486.432145647728 65.448703563056810
493.50746413055253 65.415857135946638
500.6856954904994 65.369185859948630
507.9683366298358 65.312745391118767
515.3569062237735 65.242981924365665
522.8529450371643 65.168810622433881
530.4580162458005 65.091477089572720
538.1737057623901 65.015362202811758
546.0016225672724 64.942629297116369
553.9433990439449 64.878167432050901
562.0006913194694 64.822096059479023
570.1751796098309 64.775790522580181
578.4685685703187 64.742202297290206
586.8825876510039 64.716040495812081
595.4189914573883 64.696703916230959
604.0795601162986 64.683410494869165
612.8660996471021 64.673786321806674
621.780442338323 64.666656826901203
630.8244471297356 64.658969441087834
640.0000000000159 64.647499999999965
649.3090143600314 64.631209224869934
658.7534314518515 64.610304779233331
668.3352207535618 64.584161381890027
678.0563803899662 64.550497030596119
687.9189375492632 64.511428302925481
697.9249489057827 64.470111462041004
708.0765010488715 64.425155745280080
718.3757109180171 64.377134158685323
728.8247262443015 64.328023786651784
739.425725998274 64.278199087808105
750.1809208443404 64.230246163148578
761.0925536017613 64.184781026659337
772.1628997123541 64.141521043425087
783.3942677149998 64.098860067843461
794.7889997270506 64.056041251023558
806.34947193274 64.014276848235411
818.0780950786972 63.973460440112206
829.9773149766683 63.933228008730126
842.0496130135506 63.895188628710478
854.2975066688449 63.860002793882813
866.7235500396347 63.827599499908530
879.3303343732008 63.799622814534942
892.1204886073838 63.776607218228186
905.0966799188055 63.758690958417908
918.2616142790653 63.748610024178888
931.6180370190256 63.744990920229299
945.1687334013056 63.748681761150763
958.9165292011028 63.761531095351245
972.8642912954606 63.782132151658232
987.0149282611097 63.809529856522218
1001.3713909810035 63.842474190485213
1015.9366732596762 63.879591462685106
1030.7138124475518 63.920641437342653
1045.7058900743334 63.965777597417464
1060.916032491606 64.012870235140369
1076.3474115247852 64.061356630596805
1092.0032451345498 64.112386155150006
1107.8867980878947 64.167103793307632
1124.0013826389438 64.224060586825047
1140.350359219667 64.283813847073759
1156.9371371406426 64.347906210770319
1173.765175302013 64.415891671577185
1190.837982914782 64.488895118381265
1208.1591202326028 64.563984706736079
1225.73219929421 64.641931377759519
1243.5608846766518 64.722666252415848
1261.648894259477 64.803643431217012
1280.0000000000375 64.886000000000166
1298.6180287200684 64.970313072918017
1317.5068629037087 65.055780883066689
1336.6704415071292 65.143267269895119
1356.112760779938 65.231813061548721
1375.8378750985323 65.321562331698331
1395.8498978115715 65.412617035042643
1416.153002097749 65.506342243052899
1436.7514218360407 65.602569253721185
1457.6494524886093 65.701911393845791
1478.8514519965543 65.803141027663315
1500.3618416886875 65.907309208443436
1522.1851072035295 66.016425536017650
1544.3257994247153 66.129448093054549
1566.788535430007 66.249829632739235
1589.5779994541087 66.376428356932095
1612.6989438654878 66.509161832174442
1636.156190157402 66.649499007566448
1659.9546299533442 66.798010539102336
1684.099226027109 66.952962984655670
1708.5950133376978 67.113070888562305
1733.4471000792773 67.280284990547017
1758.6606687464096 67.456337174849367
1784.2409772147755 67.641383231389341
1810.193359837619 67.836081136356171
1836.5232285581387 68.040533505609289
1863.2360740380593 68.255271085631335
1890.3374668026197 68.481254969150157
1917.833058402214 68.718860930435341
1945.7285825909298 68.968471814970172
1974.0298565222283 69.231438859917617
2002.7427819620161 69.507516402325862
2031.8733465193618 69.794858354961576
2061.4276248951132 70.092490392685406
2091.411780148677 70.396782509170777
2121.832064983222 70.704274848207632
2152.694823049581 71.006100818971021
2184.0064902691106 71.301057601138353
2215.7735961758003 71.569583109310798
2248.002765277899 71.818818942153612
2280.7007184393456 72.029959059182289
2313.874274281297 72.199584331028333
2347.530350604038 72.323759741852385
2381.6759658295764 72.395868696608716
2416.318240465218 72.427219706744211
2451.4643985884327 72.406425771517434
2487.1217693533167 72.349117470245261
2523.2977885189675 72.249650522660659
2560.0000000000887 72.121749999999651
2597.236057440151 71.969592248699342
2635.0137258074315 71.799435488705086
2673.340883014273 71.616088478418447
2712.225521559891 71.427706220434516
2751.6757501970797 71.240728027196269
2791.699795623158 71.060832156922231
2832.3060041955137 70.896714343469682
2873.502843672097 70.749205587445360
2915.2989049772345 70.622946759457363
2957.7029039931244 70.525101079609286
3000.723683377391 70.467755756860129
3044.370214407075 70.456976454830681
3088.6515988494466 70.496679658446752
3133.57707086003 70.581200829906820
3179.1559989082334 70.717964156331675
3225.3978877309914 70.892639297451680
3272.3123803148205 71.083695768865567
3319.9092599067053 71.262293298484650
3368.198452054235 71.409496130135580
3417.190026675413 71.515644541346887
3466.8942001585724 71.580015360126851
3517.3213374928373 71.612389254747569
3568.4819544295697 71.624608917265775
3620.386719675257 71.627723203180523
3673.0464571162966 71.641253693129315
3726.472148076138 71.683325198441466
3780.6749336052594 71.765905947175554
3835.6661168044484 71.884148432892673
3891.45716518188 72.064073656820682
3948.059713044477 72.280578402395122
4005.4855639240527 72.547982062732075
4063.746693038744 72.857855709392666
4122.855249790247 73.203654961203029
4182.823560297375 73.575998527143753
4243.664129966465 73.985368645917220
4305.389646099183 74.424035969609150
4368.012980538242 74.888229822000937
4431.5471923516225 75.372956775884887
4496.00553055582 75.867809159770545
4561.401436878714 76.358090345526733
4627.748548562617 76.831269562989320
4695.060701208099 77.263491455509367
4763.351931659176 77.639465176227986
4832.63648093046 77.938079481498420
4902.928797176889 78.130239239906743
4974.243538706657 78.229899751449551
5046.595577037959 78.218377764351288
5120.000000000202 78.122928571428190
5194.472114880326 77.945972315932821
5270.027451614888 77.711722081243465
5346.6817660285715 77.446404447485534
5424.451043119808 77.167476244768693
5503.351500394186 76.889150830766027
5583.399591246343 76.623366338668234
5664.612008391055 76.377425395120525
5747.005687344222 76.151930411962070
5830.597809954497 75.951285631946234
5915.405807986278 75.778695271622979
6001.447366754812 75.635199837598705
6088.740428814181 75.530133067142344
6177.303197698925 75.467383698079715
6267.154141720092 75.452357707086009
6358.3119978165005 75.488695638700818
6450.795775462017 75.574454930554424
6544.624760629676 75.713601445330255
6639.818519813445 75.904781688170004
6736.396904108505 76.145047362462719
6834.380053350861 76.433719472590042
6933.788400317181 76.770003429164063
7034.642674985712 77.154688540691552
7136.963908859177 77.583347462170309
7240.773439350552 78.039330203519697
7346.092914232631 78.497664420917516
7452.944296152315 78.929011932782601
7561.349867210557 79.303274579500098
7671.332233608935 79.608643590642373
7782.914330363799 79.842637431328924
7896.119426088994 80.006708976306214
8010.971127848146 80.106894137858674
8127.49338607753 80.161537545764574
8245.710499580537 80.177906069172678
8365.647120594791 80.144250660439241
8487.328259932974 80.031330136817871
8610.77929219841 79.772939235626865
8736.025961076528 79.278132320675581
8863.094384703289 78.496118239778539
8992.011061111683 77.419234269513737
9122.802873757471 76.084971777179049
9255.497097125279 74.565555977177908
9390.121402416245 72.948392372991606
9526.7038633184 71.278598811669482
9665.272961860968 69.578406217203138
9805.857594353829 67.865267619022745
9948.487077413367 66.161993937812497
10093.19115407597 64.501008047400774
10240.000000000457 62.908099999995173
10388.944229760706 61.428576843382999
10540.05490322983 60.146625504605083
10693.363532057198 59.127991514068256
10848.902086239672 58.422683051426851
11006.703000788428 57.982249651309147
11166.799182492743 57.720661062759433
11329.224016782166 57.598170811919836
11494.0113746885 57.562249526054643
11661.195619909053 57.664945384532828
11830.811615972614 57.877174351754348
12002.894733509682 58.260721146418689
12177.48085762842 58.796245980258760
12354.606395397908 59.619187471166590
12534.308283440243 60.686620693996957
12716.62399563306 62.103962522051290
12901.591550924093 63.875763759240371
13089.249521259411 65.810249350582723
13279.637039626952 67.409509720046074
13472.793808217073 68.160628712055029
13668.760106701786 67.832282013173113
13867.576800634426 66.900346372872278
14069.285349971487 66.092300816063869
14273.927817718419 65.633901688310743
14481.54687870117 65.664457970563575
14692.18582846533 65.858382766983652
14905.888592304698 65.812048860632729
15122.699734421185 65.380928399923391
15342.664467217943 64.507119639482639
15565.828660727671 63.222783730086718
15792.238852178061 61.540835363437196
16021.942255696367 59.143280653546810
16254.986772155136 55.497357573096622
16491.42099916115 50.536021753602441
16731.294241189662 45.601052989622929
16974.65651986603 40.658668524958017
17221.558584396902 36.096624663068603
17472.051922153143 32.094337652950102
17726.188769406665 28.531428339416337
17984.022122223458 25.091409907161353
18245.605747515034 21.352592677179146
18510.99419425065 17.185459727049711
18780.242804832582 14.235279966461315
19053.40772663689 13.487231583827423
19330.545923722028 13.382782646600528
19611.71518870775 16.500311839574628
19896.974154826825 19.013500000000001
20186.382308152035 19.013500000000001
