20 69.448499999999996
20.290906698750476 69.499408841977470
20.586044732869844 69.550581095093790
20.885475648548283 69.602006653000785
21.189261887185914 69.655602763060301
21.49746679841394 69.709678566166872
21.810154653305165 69.764701063423303
22.12739065777668 69.816404790277602
22.449240966187475 69.865975780290626
22.77577269513385 69.911224066622395
23.107053937445478 69.952668091491347
23.44315377638505 69.991962744408468
23.784142300054445 70.030946186631198
24.130090616010463 70.070677289125513
24.481070866093134 70.110644144382135
24.837156241469714 70.149858534020993
25.1984209978975 70.187838152284485
25.56494047120865 70.224787912251628
25.936791093020236 70.260653205338343
26.3140504066728 70.295264480815490
26.69679708340074 70.328727752089065
27.08511093873791 70.360500308533446
27.47907294916184 70.389383926087589
27.878765268980047 70.416468199069925
28.284271247461966 70.442693359837563
28.695675446220072 70.469414579450529
29.11306365684382 70.496849137694852
29.536522918790062 70.524191375127415
29.966141537533712 70.549968492252034
30.402009102982383 70.573103803308072
30.844216508158908 70.595530523599052
31.29285596815558 70.617401728447589
31.74802103936409 70.637916883653290
32.20980663898519 70.655843232364475
32.67830906482211 70.671170962879842
33.153626015361866 70.684955154445504
33.63585661014871 70.699211554914598
34.125101410453844 70.714628346544970
34.62146244024586 70.730643873207370
35.12504320746613 70.745001036979176
35.635948725613716 70.756311128335426
36.15428553564419 70.764505711963380
36.68016172818701 70.770981779010057
37.21368696608603 70.776209495728693
37.754972507267915 70.781231844389524
38.30413122794313 70.787353692963265
38.86127764614443 70.793810374387903
39.4265279456077 70.798403038811870
40.000000000000206 70.798500000000004
40.58181339750116 70.797530307771865
41.1720894657399 70.799406962017656
41.77095129709678 70.801878967501125
42.37852377437204 70.800760305825918
42.9949335968281 70.797612877728085
43.62030930661056 70.796132818824887
44.25478131555359 70.797188813263602
44.89848193237519 70.796669197343363
45.55154539026795 70.794205455333525
46.21410787489121 70.790417709622176
46.88630755277036 70.786260213461659
47.56828460010916 70.780219605685033
48.260181232021196 70.771856575591599
48.962141732186545 70.757320977282774
49.674312482939705 70.741056586391593
50.39684199579528 70.727551309507447
51.129880942417586 70.714402370576835
51.873582186040764 70.696859926579009
52.628100813345895 70.678367742159395
53.393594166801776 70.660160133530127
54.17022187747612 70.635455550591217
54.95814589832399 70.603192450438556
55.75753053796041 70.578713287731375
56.56854249492426 70.560276336359124
57.39135089244048 70.540629201350328
58.226127313687975 70.518733753500953
59.073045837580466 70.496626010278646
59.932283075067765 70.468700800060304
60.804018205965114 70.442885165707906
61.68843301631817 70.417347017586152
62.58571193631152 70.389464378900357
63.49604207872855 70.359878632441308
64.41961327797075 70.327764502076093
65.35661812964459 70.291913583879037
66.3072520307241 70.254824422832485
67.27171322029778 70.217631471188099
68.25020282090806 70.178116582932319
69.2429248804921 70.136554230138842
70.25008641493265 70.092996197742963
71.27189745122783 70.048308409597212
72.30857107128878 70.003577158398940
73.36032345637442 69.955844150637660
74.42737393217246 69.906977668780925
75.50994501453623 69.864164536526829
76.60826245588666 69.819628096881800
77.72255529228926 69.769656230942061
78.85305589121582 69.719855773619457
80.00000000000082 69.673499999999976
81.16362679500274 69.630833577517180
82.34417893148023 69.578452000860096
83.541902594194 69.523813029774132
84.75704754874454 69.467736578962018
85.98986719365665 69.404119396717505
87.24061861322157 69.336566419668173
88.50956263110764 69.274509118269805
89.79696386475084 69.208422521609464
91.10309078053635 69.136410610779905
92.42821574978288 69.070533985701488
93.77261510554118 68.992601134750359
95.13656920021877 68.922500810990812
96.52036246404286 68.849024550919268
97.92428346437356 68.769133133451973
99.34862496587989 68.697711798414417
100.79368399159105 68.629990536386813
102.25976188483567 68.556472858218882
103.74716437208203 68.482610807250836
105.25620162669229 68.415808782226549
106.78718833360406 68.353586843323058
108.34044375495276 68.294563137311798
109.9162917966485 68.235711697763207
111.51506107592134 68.175858375899580
113.13708498984903 68.116754522439535
114.78270178488147 68.052873032633244
116.45225462737648 67.978318394332376
118.14609167516147 67.904959666476714
119.86456615013608 67.833907301798064
121.60803641193078 67.758858362673976
123.3768660326369 67.681507922871219
125.17142387262359 67.601643045095059
126.99208415745765 67.519138978605014
128.83922655594208 67.426629832842224
130.71323625928977 67.354346601427395
132.61450406144883 67.252822504282335
134.5434264405962 67.160848603391059
136.50040564181674 67.144504462059984
138.48584976098482 67.171081382540436
140.50017282986593 67.215921304268079
142.5437949024563 67.270758496549249
144.61714214257822 67.343642830346681
146.7206469127495 67.450914933288473
148.8547478643456 67.591083745378626
151.01989002907314 67.753959378279333
153.216524911774 67.923739368383053
155.4451105845792 68.089904050557351
157.70611178243232 68.254917161325949
160.00000000000236 68.426500000000146
162.3272535900062 68.572186074734390
164.6883578629612 68.663969240929575
167.08380518838874 68.697171573959253
169.51409509748981 68.682164687064102
171.97973438731407 68.627214746562231
174.4812372264439 68.544656697074458
177.01912526221608 68.446946464668684
179.5939277295025 68.341311391998602
182.20618156107355 68.230516665498257
184.85643149956664 68.118087304418367
187.54523021108326 68.009308390105474
190.27313840043846 67.907393879183786
193.04072492808663 67.805425757603260
195.84856692874806 67.704291017336573
198.69724993176072 67.603117352415666
201.58736798318304 67.501971243249656
204.5195237696723 67.399563414099859
207.49432874416505 67.297439987070476
210.5124032533856 67.198855163100561
213.57437666720915 67.103087917483322
216.68088750990657 67.011584040335237
219.83258359329807 66.923520242980942
223.03012215184378 66.842110650396961
226.2741699796992 66.764815062136961
229.5654035697641 66.692416255988434
232.90450925475412 66.621521220774369
236.2921833503241 66.550864149643189
239.72913230027333 66.478688221694256
243.21607282386276 66.404462470698888
246.75373206527502 66.330171626629237
250.34284774524843 66.256600189126885
253.9841683149166 66.183318612662305
257.67845311188546 66.112649584235186
261.42647251858085 66.040968713082151
265.22900812289896 65.970234723711002
269.08685288119375 65.898407697178115
273.0008112836349 65.826985396894571
276.97169952197106 65.754902096403299
281.00034565973334 65.679093294201166
285.0875898049141 65.599800757784664
289.23428428515797 65.519354884867937
293.44129382550057 65.435329994107434
297.7094957286928 65.348997236707532
302.0397800581479 65.260429536300705
306.4330498235497 65.170527986921158
310.89022116916016 65.078277910739928
315.41222356486645 64.984549416920231
320.00000000000654 64.890499999999861
324.6545071800142 64.795082602809714
329.3767157259242 64.697839656045957
334.16761037677935 64.598730465200674
339.02819019498156 64.499324920022389
343.95946877463007 64.399122783875015
348.9624744528898 64.298354263496904
354.03825052443415 64.196734989511313
359.187855459007 64.093324105273965
364.4123631221491 63.989635210181447
369.71286299913527 63.885627885216948
375.0904604221685 63.780307097813704
380.54627680087896 63.678205391297837
386.08144985617537 63.581207207459400
391.6971338574982 63.502088692923770
397.3944998635236 63.436188951214639
403.1747359663683 63.400830178795587
409.0390475393468 63.399117142618039
414.9886574883323 63.437139410511236
421.0248065067734 63.518137768222772
427.1487533344206 63.634167887246591
433.3617750198154 63.779544375495377
439.6651671865984 63.936558072410683
446.06024430368984 64.090870557908943
452.54833995940066 64.228663625232684
459.13080713953053 64.332536242300606
465.8090185095106 64.403924402703467
472.58436670065066 64.437390373923620
479.45826460054917 64.446136894942924
486.432145647728 64.446056785435218
493.50746413055253 64.457155652795237
500.6856954904994 64.487957020688242
507.9683366298358 64.535294188093928
515.3569062237735 64.589447356963021
522.8529450371643 64.639904433963693
530.4580162458005 64.683175577167546
538.1737057623901 64.719732045712931
546.0016225672724 64.752434945800005
553.9433990439449 64.783166283974538
562.0006913194694 64.811802177656332
570.1751796098309 64.837586851692933
578.4685685703187 64.865369704710560
586.8825876510039 64.895277315543609
595.4189914573883 64.929530713693907
604.0795601162986 64.968377910552420
612.8660996471021 65.009940184050635
621.780442338323 65.047606086663180
630.8244471297356 65.073736670694601
640.0000000000159 65.087499999999991
649.3090143600314 65.084707295691999
658.7534314518515 65.070056838104449
668.3352207535618 65.046328426040745
678.0563803899662 65.017025220791112
687.9189375492632 64.986451293597284
697.9249489057827 64.958206390509091
708.0765010488715 64.934731697692484
718.3757109180171 64.917936433622970
728.8247262443015 64.908440219004561
739.425725998274 64.904672282200522
750.1809208443404 64.905590460422161
761.0925536017613 64.911046276800874
772.1628997123541 64.920099376679687
783.3942677149998 64.932185693517312
794.7889997270506 64.946551999636057
806.34947193274 64.961701401246444
818.0780950786972 64.977415823955113
829.9773149766683 64.994465972465008
842.0496130135506 65.013080621147026
854.2975066688449 65.033520636670488
866.7235500396347 65.056810450082310
879.3303343732008 65.084176285777019
892.1204886073838 65.115775920758949
905.0966799188055 65.151077678093131
918.2616142790653 65.191970662066169
931.6180370190256 65.238181289107970
945.1687334013056 65.289278841930070
958.9165292011028 65.345523727054641
972.8642912954606 65.406553596114534
987.0149282611097 65.470529289800425
1001.3713909810035 65.538036963676120
1015.9366732596762 65.607433586762468
1030.7138124475518 65.677441595729263
1045.7058900743334 65.749496359723437
1060.916032491606 65.820805352710551
1076.3474115247852 65.893512489036468
1092.0032451345498 65.969265820030927
1107.8867980878947 66.046731833501482
1124.0013826389438 66.125784614159215
1140.350359219667 66.206653864464187
1156.9371371406426 66.289185685703217
1173.765175302013 66.373325876510066
1190.837982914782 66.458898337322267
1208.1591202326028 66.546026935473648
1225.73219929421 66.635979882084513
1243.5608846766518 66.727873508866963
1261.648894259477 66.823627436050543
1280.0000000000375 66.923500000000203
1298.6180287200684 67.026165129799239
1317.5068629037087 67.130287745970406
1336.6704415071292 67.239021516590640
1356.112760779938 67.349842736445652
1375.8378750985323 67.463463728694023
1395.8498978115715 67.582599386869433
1416.153002097749 67.704418012586501
1436.7514218360407 67.828683673199848
1457.6494524886093 67.956467638280060
1478.8514519965543 68.087110089498424
1500.3618416886875 68.221808549973829
1522.1851072035295 68.361040983958517
1544.3257994247153 68.505777244226124
1566.788535430007 68.656490499506845
1589.5779994541087 68.813171316211509
1612.6989438654878 68.976932395831511
1636.156190157402 69.150063921393098
1659.9546299533442 69.333442484032361
1684.099226027109 69.525339761778497
1708.5950133376978 69.725010510969639
1733.4471000792773 69.933807176678613
1758.6606687464096 70.151194244843623
1784.2409772147755 70.376244697211504
1810.193359837619 70.609259574522326
1836.5232285581387 70.849783238163710
1863.2360740380593 71.095271881150140
1890.3374668026197 71.344297945248059
1917.833058402214 71.594210847956020
1945.7285825909298 71.840996955148370
1974.0298565222283 72.081311989047606
2002.7427819620161 72.308385169224607
2031.8733465193618 72.517770860629994
2061.4276248951132 72.701804680713337
2091.411780148677 72.853247116219251
2121.832064983222 72.964080162458060
2152.694823049581 73.022353508337702
2184.0064902691106 73.047896592608708
2215.7735961758003 73.008347147552797
2248.002765277899 72.932090183263455
2280.7007184393456 72.803884968642393
2313.874274281297 72.635110350310669
2347.530350604038 72.432974446174427
2381.6759658295764 72.204435835775925
2416.318240465218 71.958604873929488
2451.4643985884327 71.697785315569107
2487.1217693533167 71.429445278559911
2523.2977885189675 71.158140253177208
2560.0000000000887 70.889249999999365
2597.236057440151 70.626502105098965
2635.0137258074315 70.373161468542065
2673.340883014273 70.133828852575249
2712.225521559891 69.905314527108629
2751.6757501970797 69.694702311465335
2791.699795623158 69.502010960571155
2832.3060041955137 69.334422103301861
2873.502843672097 69.190906156179778
2915.2989049772345 69.075148387149625
2957.7029039931244 68.989178108649213
3000.723683377391 68.932138158311318
3044.370214407075 68.913082695254275
3088.6515988494466 68.929556119194615
3133.57707086003 68.976329045661032
3179.1559989082334 69.055937317849214
3225.3978877309914 69.157700951677072
3272.3123803148205 69.271834703180758
3319.9092599067053 69.385494927389161
3368.198452054235 69.484983322053822
3417.190026675413 69.557705727475678
3466.8942001585724 69.599947100079291
3517.3213374928373 69.619791054123638
3568.4819544295697 69.628217834531540
3620.386719675257 69.637300547115558
3673.0464571162966 69.659749732554431
3726.472148076138 69.706119362883754
3780.6749336052594 69.784147387128939
3835.6661168044484 69.887502052154360
3891.45716518188 70.032139710110414
3948.059713044477 70.202654885546480
4005.4855639240527 70.413402229382925
4063.746693038744 70.658671902166077
4122.855249790247 70.938823505161025
4182.823560297375 71.251473283968011
4243.664129966465 71.595657078095996
4305.389646099183 71.967068939284218
4368.012980538242 72.363865867922328
4431.5471923516225 72.780952978310665
4496.00553055582 73.210803629214723
4561.401436878714 73.647168044564665
4627.748548562617 74.083026139562719
4695.060701208099 74.509300583118204
4763.351931659176 74.923250461742370
4832.63648093046 75.319110632215171
4902.928797176889 75.684203163107952
4974.243538706657 76.022881287002519
5046.595577037959 76.325091085795350
5120.000000000202 76.593928571429245
5194.472114880326 76.817480657957475
5270.027451614888 76.988805589520155
5346.6817660285715 77.111645101025530
5424.451043119808 77.196640953709547
5503.351500394186 77.258108214567272
5583.399591246343 77.309624744528961
5664.612008391055 77.360382505244417
5747.005687344222 77.412113583026866
5830.597809954497 77.464929609321103
5915.405807986278 77.518782688071283
6001.447366754812 77.573395558179541
6088.740428814181 77.627369120557290
6177.303197698925 77.682357032822893
6267.154141720092 77.738971338575055
6358.3119978165005 77.795653438646227
6450.795775462017 77.852231444154512
6544.624760629676 77.902527389889656
6639.818519813445 77.930787296386939
6736.396904108505 77.915345671781409
6834.380053350861 77.831836523708262
6933.788400317181 77.653022173202288
7034.642674985712 77.363691717175641
7136.963908859177 76.962520477880673
7240.773439350552 76.445780341227163
7346.092914232631 75.835676939750243
7452.944296152315 75.179686477932606
7561.349867210557 74.502029583253744
7671.332233608935 73.825019440007750
7782.914330363799 73.171104150890713
7896.119426088994 72.561693919048196
8010.971127848146 72.019021219182321
8127.49338607753 71.552617674532343
8245.710499580537 71.167957374441798
8365.647120594791 70.880894876749224
8487.328259932974 70.694057229595501
8610.77929219841 70.616917710827522
8736.025961076528 70.653501593769676
8863.094384703289 70.776371883706361
8992.011061111683 70.947401341074837
9122.802873757471 71.187445069074059
9255.497097125279 71.566098135150909
9390.121402416245 72.003622994094343
9526.7038633184 72.332762983553081
9665.272961860968 72.375448642475192
9805.857594353829 72.048733424836399
9948.487077413367 71.364062774067136
10093.19115407597 70.404206629142138
10240.000000000457 69.328799999996590
10388.944229760706 68.244684073137819
10540.05490322983 67.256845555821712
10693.363532057198 66.422906575184498
10848.902086239672 65.770639134876433
11006.703000788428 65.314576966803571
11166.799182492743 65.068190878820303
11329.224016782166 65.088856029541120
11494.0113746885 65.328096659302687
11661.195619909053 65.871811899381498
11830.811615972614 66.275685147846772
12002.894733509682 66.078451420823512
12177.48085762842 65.684053598640418
12354.606395397908 65.223808808013473
12534.308283440243 64.429610518583218
12716.62399563306 63.160109473945681
12901.591550924093 61.730035319458551
13089.249521259411 60.285605113506136
13279.637039626952 59.020906077564611
13472.793808217073 58.010032578228220
13668.760106701786 57.273878304969564
13867.576800634426 56.828556303225994
14069.285349971487 56.710534294898750
14273.927817718419 56.839117978799742
14481.54687870117 57.293481844866577
14692.18582846533 58.143258621269730
14905.888592304698 59.365415691227334
15122.699734421185 60.859824645871086
15342.664467217943 62.331729962650840
15565.828660727671 63.308040205906593
15792.238852178061 63.270768707734305
16021.942255696367 61.903513718433530
16254.986772155136 59.189642650081879
16491.42099916115 55.924958843582843
16731.294241189662 52.664599027679628
16974.65651986603 49.322371477921578
17221.558584396902 46.160205978159347
17472.051922153143 43.196995576209474
17726.188769406665 40.478684707371556
17984.022122223458 38.020171387432796
18245.605747515034 35.709151844857765
18510.99419425065 33.617909653268072
18780.242804832582 31.789405653465536
19053.40772663689 29.914166048997732
19330.545923722028 27.246293024678330
19611.71518870775 25.091060329426327
19896.974154826825 25.054000000000002
20186.382308152035 25.054000000000002
