20 70.378999999999991
20.290906698750476 70.406491182871605
20.586044732869844 70.434004039423030
20.885475648548283 70.461039898151256
21.189261887185914 70.486519556510643
21.49746679841394 70.509532810112148
21.810154653305165 70.531510245171631
22.12739065777668 70.552524264458185
22.449240966187475 70.572514737993117
22.77577269513385 70.592486097561704
23.107053937445478 70.610502488185730
23.44315377638505 70.626005186007120
23.784142300054445 70.637503907082419
24.130090616010463 70.647002323487442
24.481070866093134 70.656001990620595
24.837156241469714 70.666004977221334
25.1984209978975 70.677514912732065
25.56494047120865 70.690497891350702
25.936791093020236 70.704492137909369
26.3140504066728 70.716501447711238
26.69679708340074 70.727494172108123
27.08511093873791 70.736501970992805
27.47907294916184 70.743501094237416
27.878765268980047 70.749496479034690
28.284271247461966 70.753501975102878
28.695675446220072 70.756497636744314
29.11306365684382 70.758500150134068
29.536522918790062 70.759498874808472
29.966141537533712 70.758999188431574
30.402009102982383 70.756499927917559
30.844216508158908 70.752997830096405
31.29285596815558 70.748501443526280
31.74802103936409 70.742499726761508
32.20980663898519 70.736502511182010
32.67830906482211 70.729495130281165
33.153626015361866 70.722005892615101
33.63585661014871 70.713002677403864
34.125101410453844 70.703497853206116
34.62146244024586 70.692989448288046
35.12504320746613 70.681498816233812
35.635948725613716 70.667501404777710
36.15428553564419 70.651492128770258
36.68016172818701 70.636996668520482
37.21368696608603 70.626006448264150
37.754972507267915 70.615000559001942
38.30413122794313 70.597493756659787
38.86127764614443 70.570986510125493
39.4265279456077 70.543522935504924
40.000000000000206 70.520999999999987
40.58181339750116 70.499506893391285
41.1720894657399 70.472995369886576
41.77095129709678 70.442002520517534
42.37852377437204 70.411024281240898
42.9949335968281 70.381003233920708
43.62030930661056 70.347982464507112
44.25478131555359 70.312012397858382
44.89848193237519 70.271469050214435
45.55154539026795 70.229529195120406
46.21410787489121 70.188994782836360
46.88630755277036 70.156489853464322
47.56828460010916 70.133991774563327
48.260181232021196 70.113992255041836
48.962141732186545 70.083991241269374
49.674312482939705 70.039981199159229
50.39684199579528 69.996509506477054
51.129880942417586 69.966004953964898
51.873582186040764 69.946011231558060
52.628100813345895 69.912992893053939
53.393594166801776 69.859028609651062
54.17022187747612 69.823497888221993
54.95814589832399 69.815991884405719
55.75753053796041 69.771526113825956
56.56854249492426 69.711533847477853
57.39135089244048 69.725013867605441
58.226127313687975 69.757998722353790
59.073045837580466 69.749499599788294
59.932283075067765 69.741997565294710
60.804018205965114 69.734499526315403
61.68843301631817 69.711492766988016
62.58571193631152 69.696504811754266
63.49604207872855 69.673498770426761
64.41961327797075 69.646511300319034
65.35661812964459 69.617511818826358
66.3072520307241 69.568486680241506
67.27171322029778 69.517515156232975
68.25020282090806 69.456995608610754
69.2429248804921 69.435501626454609
70.25008641493265 69.417988162337991
71.27189745122783 69.278014047777006
72.30857107128878 69.158049634952121
73.36032345637442 69.110974535768094
74.42737393217246 69.026977557164159
75.50994501453623 68.962003300143266
76.60826245588666 68.894981875243701
77.72255529228926 68.818030710756716
78.85305589121582 68.752497734139894
80.00000000000082 68.705999999999946
81.16362679500274 68.643020199239544
82.34417893148023 68.578492756112865
83.541902594194 68.530003943390312
84.75704754874454 68.486998013981889
85.98986719365665 68.435505547061382
87.24061861322157 68.390513718948853
88.50956263110764 68.358511029002813
89.79696386475084 68.334000687889358
91.10309078053635 68.309997807564400
92.42821574978288 68.277996390802883
93.77261510554118 68.255506438754878
95.13656920021877 68.223510106739738
96.52036246404286 68.187995611190360
97.92428346437356 68.170996021552654
99.34862496587989 68.151005263636776
100.79368399159105 68.129004811200701
102.25976188483567 68.062510801267692
103.74716437208203 68.012487636692299
105.25620162669229 67.898984328166961
106.78718833360406 67.779988964354175
108.34044375495276 67.688974236308269
109.9162917966485 67.597480747625752
111.51506107592134 67.491996159220733
113.13708498984903 67.389994346058046
114.78270178488147 67.280519838733582
116.45225462737648 67.189991131632098
118.14609167516147 67.130997546796152
119.86456615013608 67.085011609711302
121.60803641193078 67.062999711833228
123.3768660326369 67.049001060227852
125.17142387262359 67.044995344616979
126.99208415745765 67.024997949601726
128.83922655594208 66.979994136625834
130.71323625928977 66.931494534485410
132.61450406144883 66.887511472816115
134.5434264405962 66.857493789700058
136.50040564181674 66.828998876621341
138.48584976098482 66.823500416069777
140.50017282986593 66.827502790306056
142.5437949024563 66.860496688738280
144.61714214257822 66.921505066869472
146.7206469127495 66.996487413714931
148.8547478643456 67.080990016184259
151.01989002907314 67.166995631639864
153.216524911774 67.238484538548860
155.4451105845792 67.275500635824642
157.70611178243232 67.288499415261924
160.00000000000236 67.276499999999970
162.3272535900062 67.252495703684772
164.6883578629612 67.212492009320357
167.08380518838874 67.159004349925382
169.51409509748981 67.094497474093430
171.97973438731407 67.029007055000378
174.4812372264439 66.951492055063937
177.01912526221608 66.866495378675523
179.5939277295025 66.771502666290189
182.20618156107355 66.681993525463611
184.85643149956664 66.587483872924338
187.54523021108326 66.486991729953758
190.27313840043846 66.388995199984805
193.04072492808663 66.293009540066350
195.84856692874806 66.197514728740941
198.69724993176072 66.097491222119828
201.58736798318304 65.995987955545331
204.5195237696723 65.900015587491126
207.49432874416505 65.801488998290040
210.5124032533856 65.700487291328642
213.57437666720915 65.603988240515193
216.68088750990657 65.507003511921170
219.83258359329807 65.409012946655082
223.03012215184378 65.314996441630939
226.2741699796992 65.220495067438080
229.5654035697641 65.124988702463185
232.90450925475412 65.031513737928293
236.2921833503241 64.941995092164731
239.72913230027333 64.849996585309839
243.21607282386276 64.759998085749231
246.75373206527502 64.667007042942174
250.34284774524843 64.574003945302849
253.9841683149166 64.481995808074629
257.67845311188546 64.389988998617511
261.42647251858085 64.298989003972025
265.22900812289896 64.210499811560538
269.08685288119375 64.121003412942756
273.0008112836349 64.035504122444863
276.97169952197106 63.950506431788583
281.00034565973334 63.862492432351729
285.0875898049141 63.773008980543096
289.23428428515797 63.680493377716786
293.44129382550057 63.582493151642709
297.7094957286928 63.483011753336861
302.0397800581479 63.382005130283389
306.4330498235497 63.277498837413248
310.89022116916016 63.173494815583595
315.41222356486645 63.067494664264842
320.00000000000654 62.957999999999842
324.6545071800142 62.848011645585053
329.3767157259242 62.744006261013105
334.16761037677935 62.639508498356619
339.02819019498156 62.532995950015604
343.95946877463007 62.427989646292900
348.9624744528898 62.317489905257659
354.03825052443415 62.209494430087830
359.187855459007 62.095003213581300
364.4123631221491 61.977491814167735
369.71286299913527 61.858003088399045
375.0904604221685 61.736489578053920
380.54627680087896 61.612993673837181
386.08144985617537 61.486490668047644
391.6971338574982 61.369997427624419
397.3944998635236 61.260509611257312
403.1747359663683 61.160504568055913
409.0390475393468 61.067999352825694
414.9886574883323 60.987004662763880
421.0248065067734 60.932501747080991
427.1487533344206 60.900001309051490
433.3617750198154 60.886500488851198
439.6651671865984 60.891500588224929
446.06024430368984 60.914001619152074
452.54833995940066 60.957002995237005
459.13080713953053 61.014998300788818
465.8090185095106 61.067500158457804
472.58436670065066 61.125503094070083
479.45826460054917 61.183501802197597
486.432145647728 61.231000823450053
493.50746413055253 61.271001842557567
500.6856954904994 61.299498791124009
507.9683366298358 61.315500205012079
515.3569062237735 61.319999942889027
522.8529450371643 61.319000007332292
530.4580162458005 61.317500002105469
538.1737057623901 61.318499961866564
546.0016225672724 61.327499566058435
553.9433990439449 61.345501188515101
562.0006913194694 61.369499080623889
570.1751796098309 61.407500920354209
578.4685685703187 61.449997789273993
586.8825876510039 61.499997549625647
595.4189914573883 61.549999949961276
604.0795601162986 61.597997562127048
612.8660996471021 61.644500447148758
621.780442338323 61.684501736290414
630.8244471297356 61.720001608029783
640.0000000000159 61.753000000000057
649.3090143600314 61.784000044095819
658.7534314518515 61.813001193224174
668.3352207535618 61.839500590432323
678.0563803899662 61.865500867765817
687.9189375492632 61.887999857534055
697.9249489057827 61.904499915745092
708.0765010488715 61.925501678270493
718.3757109180171 61.959999031715689
728.8247262443015 62.006998768636436
739.425725998274 62.061998578427037
750.1809208443404 62.122499554726417
761.0925536017613 62.183497504555305
772.1628997123541 62.246499429257298
783.3942677149998 62.307501433138654
794.7889997270506 62.368499998538837
806.34947193274 62.432502695838821
818.0780950786972 62.499500567323935
829.9773149766683 62.570501904522217
842.0496130135506 62.643497660067027
854.2975066688449 62.719503159800070
866.7235500396347 62.796997193857862
879.3303343732008 62.874002104538135
892.1204886073838 62.954503087447449
905.0966799188055 63.036497977447951
918.2616142790653 63.124997407041192
931.6180370190256 63.216500263621576
945.1687334013056 63.312998101485206
958.9165292011028 63.412996575509908
972.8642912954606 63.515002161403672
987.0149282611097 63.619999467699557
1001.3713909810035 63.729002992886308
1015.9366732596762 63.840497498864053
1030.7138124475518 63.953998559436769
1045.7058900743334 64.068499160453001
1060.916032491606 64.186000246355917
1076.3474115247852 64.303003101681441
1092.0032451345498 64.421001805637275
1107.8867980878947 64.537998512735072
1124.0013826389438 64.657002773424352
1140.350359219667 64.775502587975538
1156.9371371406426 64.895000986095653
1173.765175302013 65.016001221867242
1190.837982914782 65.134999880914847
1208.1591202326028 65.256500841552963
1225.73219929421 65.379501386083462
1243.5608846766518 65.503499197930608
1261.648894259477 65.630499257571515
1280.0000000000375 65.759500000000259
1298.6180287200684 65.889000197660494
1317.5068629037087 66.018999056460473
1336.6704415071292 66.149502974717564
1356.112760779938 66.280498388220536
1375.8378750985323 66.413499157825342
1395.8498978115715 66.549499305535363
1416.153002097749 66.688500014308858
1436.7514218360407 66.829002825966398
1457.6494524886093 66.969003041204928
1478.8514519965543 67.111503004765353
1500.3618416886875 67.254498947584125
1522.1851072035295 67.395500731120222
1544.3257994247153 67.546498632091243
1566.788535430007 67.698496856402130
1589.5779994541087 67.853499996287098
1612.6989438654878 68.010499618826245
1636.156190157402 68.170501314378441
1659.9546299533442 68.334997442217116
1684.099226027109 68.500501614742987
1708.5950133376978 68.675500096066628
1733.4471000792773 68.854500728347247
1758.6606687464096 69.037997589234791
1784.2409772147755 69.227499831204071
1810.193359837619 69.422002712790245
1836.5232285581387 69.620501736880996
1863.2360740380593 69.823500569586571
1890.3374668026197 70.031995898027674
1917.833058402214 70.244000453257797
1945.7285825909298 70.460496760501016
1974.0298565222283 70.681498879594798
2002.7427819620161 70.906498291416909
2031.8733465193618 71.133502708373285
2061.4276248951132 71.364497068204059
2091.411780148677 71.599498276912328
2121.832064983222 71.836500501118067
2152.694823049581 72.074498635446986
2184.0064902691106 72.313496109297304
2215.7735961758003 72.549496999952439
2248.002765277899 72.781998306714797
2280.7007184393456 73.009998036704715
2313.874274281297 73.229501727704871
2347.530350604038 73.441502068960148
2381.6759658295764 73.642999798355874
2416.318240465218 73.830501176805825
2451.4643985884327 74.002501754960576
2487.1217693533167 74.159498984476727
2523.2977885189675 74.300499175729058
2560.0000000000887 74.418500000000222
2597.236057440151 74.515000111754233
2635.0137258074315 74.588499466537300
2673.340883014273 74.639499844332406
2712.225521559891 74.666999661640659
2751.6757501970797 74.671999968339307
2791.699795623158 74.655000086808073
2832.3060041955137 74.616999994246015
2873.502843672097 74.560500214397308
2915.2989049772345 74.488000164827980
2957.7029039931244 74.401500195844605
3000.723683377391 74.303500721252774
3044.370214407075 74.195499455291184
3088.6515988494466 74.083001019137285
3133.57707086003 73.968499821990974
3179.1559989082334 73.854000002742652
3225.3978877309914 73.741500273134022
3272.3123803148205 73.632999176997998
3319.9092599067053 73.529999488679891
3368.198452054235 73.434999201855575
3417.190026675413 73.348499959480250
3466.8942001585724 73.272999755889657
3517.3213374928373 73.211499689955957
3568.4819544295697 73.164500041864116
3620.386719675257 73.131000180924360
3673.0464571162966 73.113500021390152
3726.472148076138 73.116000060101385
3780.6749336052594 73.137999973051592
3835.6661168044484 73.180000124569631
3891.45716518188 73.239500218868983
3948.059713044477 73.314499619778729
4005.4855639240527 73.411999259614021
4063.746693038744 73.535999346677954
4122.855249790247 73.672500706022234
4182.823560297375 73.841998757197970
4243.664129966465 74.020000331622299
4305.389646099183 74.177499096987020
4368.012980538242 74.303499960842146
4431.5471923516225 74.390500122349692
4496.00553055582 74.431499922926776
4561.401436878714 74.421999562120419
4627.748548562617 74.355500452471603
4695.060701208099 74.224500581497196
4763.351931659176 74.025500199145185
4832.63648093046 73.754002034024396
4902.928797176889 73.422500956522242
4974.243538706657 73.048002422412637
5046.595577037959 72.641002379278405
5120.000000000202 72.212499999998812
5194.472114880326 71.771999323383682
5270.027451614888 71.326997378271159
5346.6817660285715 70.882001358258236
5424.451043119808 70.440999765002758
5503.351500394186 70.011002722785520
5583.399591246343 69.596497124323633
5664.612008391055 69.201499962166210
5747.005687344222 68.830001409709695
5830.597809954497 68.486500780943516
5915.405807986278 68.175500704134834
6001.447366754812 67.901499010564891
6088.740428814181 67.665999067932091
6177.303197698925 67.473499685357467
6267.154141720092 67.330499856193541
6358.3119978165005 67.238000002215642
6450.795775462017 67.197500098328220
6544.624760629676 67.207999973213106
6639.818519813445 67.274000651253658
6736.396904108505 67.394999879861345
6834.380053350861 67.567500118606375
6933.788400317181 67.788498666821880
7034.642674985712 68.054499142782632
7136.963908859177 68.363999724317750
7240.773439350552 68.710001533054765
7346.092914232631 69.077499700726278
7452.944296152315 69.447500965719996
7561.349867210557 69.800999566988281
7671.332233608935 70.099500427092153
7782.914330363799 70.303498775747329
7896.119426088994 70.386499579218111
8010.971127848146 70.327999754775391
8127.49338607753 70.104498693675993
8245.710499580537 69.704501693209039
8365.647120594791 69.126499284940621
8487.328259932974 68.404998290288660
8610.77929219841 67.592998011136842
8736.025961076528 66.740500264934568
8863.094384703289 65.885504140102526
8992.011061111683 65.067999645829588
9122.802873757471 64.310000731633707
9255.497097125279 63.622499563519177
9390.121402416245 63.017498475283105
9526.7038633184 62.500000517873588
9665.272961860968 62.073500117387709
9805.857594353829 61.738999012396704
9948.487077413367 61.501999929650474
10093.19115407597 61.370499977435763
10240.000000000457 61.349000000000302
10388.944229760706 61.448000355031240
10540.05490322983 61.681499850468626
10693.363532057198 62.102501999417711
10848.902086239672 62.687000397038808
11006.703000788428 63.413500004222946
11166.799182492743 64.271001016813486
11329.224016782166 65.176000088194257
11494.0113746885 66.041996713839850
11661.195619909053 66.779001814587247
11830.811615972614 67.275498875881553
12002.894733509682 67.547999578002404
12177.48085762842 67.684500012104792
12354.606395397908 67.686999400422195
12534.308283440243 67.414501086584721
12716.62399563306 66.742000016108207
12901.591550924093 65.795002299180851
13089.249521259411 64.843002428678986
13279.637039626952 64.086499902244071
13472.793808217073 63.610000473110290
13668.760106701786 63.455500098213065
13867.576800634426 63.638499816495070
14069.285349971487 64.172001502372183
14273.927817718419 65.050499217494036
14481.54687870117 66.197499329879449
14692.18582846533 67.312999091588338
14905.888592304698 67.850498974575814
15122.699734421185 67.265500716585450
15342.664467217943 65.561995458984541
15565.828660727671 63.393003297478010
15792.238852178061 61.389001308401419
16021.942255696367 59.765998652635815
16254.986772155136 58.537998257690177
16491.42099916115 58.004502258317373
16731.294241189662 57.881500389096189
16974.65651986603 57.958501105412509
17221.558584396902 58.483499116286048
17472.051922153143 59.477495722932389
17726.188769406665 60.795498804096965
17984.022122223458 61.955500825845675
18245.605747515034 62.147996738288292
18510.99419425065 60.989998642580090
18780.242804832582 59.108494989794451
19053.40772663689 57.408001701727024
19330.545923722028 56.253504483536844
19611.71518870775 55.393499323917410
19896.974154826825 54.371503027998962
20186.382308152035 54.371499999999997
