20 70.429000000000002
20.290906698750476 70.408506572768431
20.586044732869844 70.387996783422409
20.885475648548283 70.366464795748897
21.189261887185914 70.343980443489357
21.49746679841394 70.320964207150368
21.810154653305165 70.296988047299749
22.12739065777668 70.272469062815816
22.449240966187475 70.246980103709291
22.77577269513385 70.220018768291709
23.107053937445478 70.192995746005039
23.44315377638505 70.166488726071478
23.784142300054445 70.141490335111911
24.130090616010463 70.117994062198733
24.481070866093134 70.094995023448519
24.837156241469714 70.069987881548059
25.1984209978975 70.041965586002931
25.56494047120865 70.012004866113728
25.936791093020236 69.980017970492895
26.3140504066728 69.946495459451143
26.69679708340074 69.912018278388189
27.08511093873791 69.876489722680361
27.47907294916184 69.839992978643167
27.878765268980047 69.801522592860678
28.284271247461966 69.762973994478756
28.695675446220072 69.723531116199780
29.11306365684382 69.683993994637376
29.536522918790062 69.644045007661305
29.966141537533712 69.602986690277788
30.402009102982383 69.561999176200686
30.844216508158908 69.521980711968041
31.29285596815558 69.482012831344719
31.74802103936409 69.441998132870282
32.20980663898519 69.401017159743731
32.67830906482211 69.358971430982834
33.153626015361866 69.315034570008564
33.63585661014871 69.270513238274646
34.125101410453844 69.225991208367915
34.62146244024586 69.182963298393190
35.12504320746613 69.142996956029776
35.635948725613716 69.107003612285524
36.15428553564419 69.074984800383959
36.68016172818701 69.046991368439450
37.21368696608603 69.018516706866194
37.754972507267915 68.986001651596666
38.30413122794313 68.949990576090244
38.86127764614443 68.909979152012127
39.4265279456077 68.867535445780334
40.000000000000206 68.823999999999984
40.58181339750116 68.779514267716849
41.1720894657399 68.732992905471377
41.77095129709678 68.685503862083308
42.37852377437204 68.636538380025939
42.9949335968281 68.588005228171824
43.62030930661056 68.539476132245795
44.25478131555359 68.490516874862806
44.89848193237519 68.440465734165983
45.55154539026795 68.394032323169029
46.21410787489121 68.350492776234972
46.88630755277036 68.305480383364369
47.56828460010916 68.261985605485805
48.260181232021196 68.226990318802294
48.962141732186545 68.189489549241870
49.674312482939705 68.136976228822022
50.39684199579528 68.082012019683617
51.129880942417586 68.040006821853297
51.873582186040764 67.995025271005602
52.628100813345895 67.935492958858987
53.393594166801776 67.882028344746871
54.17022187747612 67.828981557138718
54.95814589832399 67.763491063727656
55.75753053796041 67.714528754549931
56.56854249492426 67.681018898175139
57.39135089244048 67.625474786171935
58.226127313687975 67.565493837235891
59.073045837580466 67.524497278560403
59.932283075067765 67.473480360044036
60.804018205965114 67.412998795193488
61.68843301631817 67.354468656948029
62.58571193631152 67.289520850935133
63.49604207872855 67.223996948836785
64.41961327797075 67.157028041532413
65.35661812964459 67.086528731974454
66.3072520307241 67.019482370907895
67.27171322029778 66.952020059720112
68.25020282090806 66.884987540709574
69.2429248804921 66.824004614592127
70.25008641493265 66.764995307212558
71.27189745122783 66.709505568940159
72.30857107128878 66.651523990226849
73.36032345637442 66.592981053398859
74.42737393217246 66.530476176066571
75.50994501453623 66.461503503228997
76.60826245588666 66.395483052175933
77.72255529228926 66.323528716551721
78.85305589121582 66.253496735212337
80.00000000000082 66.186499999999938
81.16362679500274 66.114523084845189
82.34417893148023 66.045490067659898
83.541902594194 65.979005406916613
84.75704754874454 65.909997261994434
85.98986719365665 65.839007647405012
87.24061861322157 65.765022560049246
88.50956263110764 65.687026883194321
89.79696386475084 65.602502372516369
91.10309078053635 65.519993936545305
92.42821574978288 65.431485964233445
93.77261510554118 65.344025039602343
95.13656920021877 65.264025266849345
96.52036246404286 65.175977668703908
97.92428346437356 65.089482494831671
99.34862496587989 65.001523160001810
100.79368399159105 64.909520119566523
102.25976188483567 64.816515105532247
103.74716437208203 64.723990087568268
105.25620162669229 64.632988015657077
106.78718833360406 64.541989873885427
108.34044375495276 64.458479586145899
109.9162917966485 64.385990875652027
111.51506107592134 64.335998663258195
113.13708498984903 64.300499819280390
114.78270178488147 64.297000634114767
116.45225462737648 64.307501653424509
118.14609167516147 64.318503066504817
119.86456615013608 64.375985487860859
121.60803641193078 64.397000679250255
123.3768660326369 64.429997500891474
125.17142387262359 64.518027117606067
126.99208415745765 64.634505103213456
128.83922655594208 64.746509067073461
130.71323625928977 64.821503850703465
132.61450406144883 64.852491916879558
134.5434264405962 64.848491610647443
136.50040564181674 64.809987132208235
138.48584976098482 64.747004765890210
140.50017282986593 64.667992263242297
142.5437949024563 64.576509181225660
144.61714214257822 64.475993244174035
146.7206469127495 64.376016781713432
148.8547478643456 64.277011697014899
151.01989002907314 64.185504647732017
153.216524911774 64.116015028963005
155.4451105845792 64.056997603430176
157.70611178243232 64.007998221421630
160.00000000000236 63.971499999999985
162.3272535900062 63.959502255565496
164.6883578629612 63.980506422415417
167.08380518838874 64.023496503798299
169.51409509748981 64.080502159553703
171.97973438731407 64.136493968243954
174.4812372264439 64.181502103071324
177.01912526221608 64.203999732449631
179.5939277295025 64.198500154364183
182.20618156107355 64.169996608576156
184.85643149956664 64.120490532363547
187.54523021108326 64.061494810124046
190.27313840043846 63.999996924990256
193.04072492808663 63.938506111605015
195.84856692874806 63.892007171585902
198.69724993176072 63.864499221665795
201.58736798318304 63.855500439120746
204.5195237696723 63.858999431706053
207.49432874416505 63.862499400896979
210.5124032533856 63.856997102686321
213.57437666720915 63.834995575039216
216.68088750990657 63.798501321496111
219.83258359329807 63.751006275164443
223.03012215184378 63.701497703063353
226.2741699796992 63.640496978483014
229.5654035697641 63.581993958536472
232.90450925475412 63.532007346485713
236.2921833503241 63.486497946177636
239.72913230027333 63.447998937651946
243.21607282386276 63.419999650083184
246.75373206527502 63.403001287419535
250.34284774524843 63.386000721184388
253.9841683149166 63.367498792543238
257.67845311188546 63.340995829146195
261.42647251858085 63.306494470923781
265.22900812289896 63.261999887357419
269.08685288119375 63.208502040138967
273.0008112836349 63.147002965267362
276.97169952197106 63.080005069762763
281.00034565973334 63.012493785227399
285.0875898049141 62.939007375082880
289.23428428515797 62.866495168436224
293.44129382550057 62.794995009990913
297.7094957286928 62.722508563989173
302.0397800581479 62.651503606436840
306.4330498235497 62.580999211900327
310.89022116916016 62.510496576328791
315.41222356486645 62.440496589027759
320.00000000000654 62.370499999999907
324.6545071800142 62.303007146154464
329.3767157259242 62.236004033537284
334.16761037677935 62.171505245397142
339.02819019498156 62.108997435009883
343.95946877463007 62.042493581638581
348.9624744528898 61.973992989762266
354.03825052443415 61.898996132681063
359.187855459007 61.819502231263876
364.4123631221491 61.740994245942176
369.71286299913527 61.657002170924855
375.0904604221685 61.574993417718261
380.54627680087896 61.496996224305988
386.08144985617537 61.421494553023521
391.6971338574982 61.353498696193199
397.3944998635236 61.298004871459185
403.1747359663683 61.261501667340411
409.0390475393468 61.249000139821611
414.9886574883323 61.266498992612739
421.0248065067734 61.316498397173405
427.1487533344206 61.400496616605373
433.3617750198154 61.495996541830408
439.6651671865984 61.592502771193026
446.06024430368984 61.698503727815243
452.54833995940066 61.797504492855509
459.13080713953053 61.884497451183222
465.8090185095106 61.961000187144123
472.58436670065066 62.029503120743101
479.45826460054917 62.088001878079609
486.432145647728 62.137500885208809
493.50746413055253 62.180502262789993
500.6856954904994 62.215498515415447
507.9683366298358 62.245501321188968
515.3569062237735 62.274499631951471
522.8529450371643 62.303499787363627
530.4580162458005 62.337000083166032
538.1737057623901 62.376498493729187
546.0016225672724 62.423497733860735
553.9433990439449 62.471502327508745
562.0006913194694 62.518498199555111
570.1751796098309 62.559500768766455
578.4685685703187 62.594998153393576
586.8825876510039 62.625998480767905
595.4189914573883 62.662499963471731
604.0795601162986 62.710997536732535
612.8660996471021 62.779501235248460
621.780442338323 62.890008583632877
630.8244471297356 63.065509818727307
640.0000000000159 63.267000000000237
649.3090143600314 63.404500083629998
658.7534314518515 63.459500517814263
668.3352207535618 63.470999841037454
678.0563803899662 63.463999190085239
687.9189375492632 63.443000132968209
697.9249489057827 63.412000158297090
708.0765010488715 63.388999756772392
718.3757109180171 63.384000140331054
728.8247262443015 63.387999895203095
739.425725998274 63.393499857842698
750.1809208443404 63.393999996320055
761.0925536017613 63.393000040908930
772.1628997123541 63.407999864108881
783.3942677149998 63.452001491873844
794.7889997270506 63.515499998478958
806.34947193274 63.584002675720626
818.0780950786972 63.650500527371541
829.9773149766683 63.716501774075496
842.0496130135506 63.784497820336405
854.2975066688449 63.854503098642653
866.7235500396347 63.930497248170298
879.3303343732008 64.010502209111451
892.1204886073838 64.095003426313625
905.0966799188055 64.185997755460534
918.2616142790653 64.282497172649443
931.6180370190256 64.384500284110302
945.1687334013056 64.488497953932239
958.9165292011028 64.595496335795616
972.8642912954606 64.703502223158068
987.0149282611097 64.811499452490978
1001.3713909810035 64.919002818413105
1015.9366732596762 65.023997644670203
1030.7138124475518 65.125998705396910
1045.7058900743334 65.224999274103453
1060.916032491606 65.320000192662945
1076.3474115247852 65.411502339403796
1092.0032451345498 65.500501365802549
1107.8867980878947 65.588998875017552
1124.0013826389438 65.676502012780531
1140.350359219667 65.762501851647770
1156.9371371406426 65.848000692711821
1173.765175302013 65.933000872762321
1190.837982914782 66.017999914939168
1208.1591202326028 66.102500578140052
1225.73219929421 66.187000955726901
1243.5608846766518 66.272499446960211
1261.648894259477 66.355999511867878
1280.0000000000375 66.435500000000161
1298.6180287200684 66.511000107192800
1317.5068629037087 66.581499488311266
1336.6704415071292 66.647001317050524
1356.112760779938 66.704999286387718
1375.8378750985323 66.755999677060842
1395.8498978115715 66.799499777873450
1416.153002097749 66.834500002546065
1436.7514218360407 66.859500353245807
1457.6494524886093 66.877000245430580
1478.8514519965543 66.888500126074064
1500.3618416886875 66.894499955842690
1522.1851072035295 66.896999997579087
1544.3257994247153 66.896500004529514
1566.788535430007 66.893500062044694
1589.5779994541087 66.892000000035935
1612.6989438654878 66.894499993930367
1636.156190157402 66.902000095881704
1659.9546299533442 66.913999813414023
1684.099226027109 66.934000272199540
1708.5950133376978 66.963500020394036
1733.4471000792773 67.001500206398134
1758.6606687464096 67.053499316840373
1784.2409772147755 67.117999942547030
1810.193359837619 67.198001311979169
1836.5232285581387 67.294000958279184
1863.2360740380593 67.406000352406096
1890.3374668026197 67.534997462089080
1917.833058402214 67.682000344392179
1945.7285825909298 67.846497538579285
1974.0298565222283 68.029999069708808
2002.7427819620161 68.231498469868910
2031.8733465193618 68.451502802169770
2061.4276248951132 68.690496966670011
2091.411780148677 68.946498122934273
2121.832064983222 69.221000612711592
2152.694823049581 69.511998331575938
2184.0064902691106 69.819494994179593
2215.7735961758003 70.143495881290619
2248.002765277899 70.482997527439466
2280.7007184393456 70.833996977558570
2313.874274281297 71.194002999034865
2347.530350604038 71.562003819618766
2381.6759658295764 71.933999627733925
2416.318240465218 72.306002510975219
2451.4643985884327 72.673003979401045
2487.1217693533167 73.028997697284780
2523.2977885189675 73.366498027011033
2560.0000000000887 73.677500000000663
2597.236057440151 73.953000356549182
2635.0137258074315 74.187498297999966
2673.340883014273 74.371499438375736
2712.225521559891 74.497998443547033
2751.6757501970797 74.565999569414487
2791.699795623158 74.572999964255501
2832.3060041955137 74.524999990274253
2873.502843672097 74.429500362388396
2915.2989049772345 74.291000314878289
2957.7029039931244 74.117500392821256
3000.723683377391 73.919001460904866
3044.370214407075 73.706498939633491
3088.6515988494466 73.487501983920566
3133.57707086003 73.269499674297890
3179.1559989082334 73.060000005018210
3225.3978877309914 72.864000475860166
3272.3123803148205 72.685998753511512
3319.9092599067053 72.529999289534160
3368.198452054235 72.397998957337364
3417.190026675413 72.284999949819905
3466.8942001585724 72.191499797567033
3517.3213374928373 72.140499970314934
3568.4819544295697 72.136000004008267
3620.386719675257 72.170999810974550
3673.0464571162966 72.243500915498885
3726.472148076138 72.350500372901735
3780.6749336052594 72.486999832797409
3835.6661168044484 72.648000369521696
3891.45716518188 72.824500520908174
3948.059713044477 73.002999095073392
4005.4855639240527 73.176498682492650
4063.746693038744 73.332499178078706
4122.855249790247 73.469000520665361
4182.823560297375 73.593999083479332
4243.664129966465 73.729000358994313
4305.389646099183 73.899499022452616
4368.012980538242 74.131999927744459
4431.5471923516225 74.439001107115516
4496.00553055582 74.810003164058514
4561.401436878714 75.200002140012998
4627.748548562617 75.524997788672607
4695.060701208099 75.672999343041340
4763.351931659176 75.540000133097038
4832.63648093046 75.077003468704589
4902.928797176889 74.315002198702715
4974.243538706657 73.344006280808188
5046.595577037959 72.269506281411878
5120.000000000202 71.174499999997124
5194.472114880326 70.114998490157319
5270.027451614888 69.121994632820247
5346.6817660285715 68.211002780614066
5424.451043119808 67.393499609522024
5503.351500394186 66.679004524256399
5583.399591246343 66.077996556468548
5664.612008391055 65.604999966698117
5747.005687344222 65.278001240848113
5830.597809954497 65.118500362621518
5915.405807986278 65.151999924152676
6001.447366754812 65.400501966265935
6088.740428814181 65.868503285236741
6177.303197698925 66.547001865852224
6267.154141720092 67.395001456720493
6358.3119978165005 68.331999977556123
6450.795775462017 69.251997766371005
6544.624760629676 70.045497975675403
6639.818519813445 70.639002037186032
6736.396904108505 71.017499624194386
6834.380053350861 71.226000061986582
6933.788400317181 71.341499303248554
7034.642674985712 71.352999962939862
7136.963908859177 71.303500044091351
7240.773439350552 71.291500100117872
7346.092914232631 71.315499980455598
7452.944296152315 71.348500047807931
7561.349867210557 71.365999978563778
7671.332233608935 71.333499783313528
7782.914330363799 71.230000621128198
7896.119426088994 71.049500915073864
8010.971127848146 70.801499675228257
8127.49338607753 70.505498964738223
8245.710499580537 70.188501341868161
8365.647120594791 69.872499693262810
8487.328259932974 69.562999275688782
8610.77929219841 69.218998879004403
8736.025961076528 68.738500149326754
8863.094384703289 67.971503713986721
8992.011061111683 66.845499371090540
9122.802873757471 65.499501299180707
9255.497097125279 64.228499407684708
9390.121402416245 63.407499322348052
9526.7038633184 63.177500230166032
9665.272961860968 63.286499969999397
9805.857594353829 63.456000339618853
9948.487077413367 63.537499968703827
10093.19115407597 63.478999846248321
10240.000000000457 63.332499999999641
10388.944229760706 63.215999987836192
10540.05490322983 63.208000005123125
10693.363532057198 63.362001250277459
10848.902086239672 63.727500334463528
11006.703000788428 64.339500004114598
11166.799182492743 65.175001051081793
11329.224016782166 66.110500086564798
11494.0113746885 66.960496774554116
11661.195619909053 67.548000972165568
11830.811615972614 67.813999397753264
12002.894733509682 67.849499945024164
12177.48085762842 67.812000118626827
12354.606395397908 67.836500378449102
12534.308283440243 68.008499314155699
12716.62399563306 68.356499991664450
12901.591550924093 68.853498793354930
13089.249521259411 69.416998562436333
13279.637039626952 69.907000060110164
13472.793808217073 70.199999709084338
13668.760106701786 70.205499860193967
13867.576800634426 69.945000261218766
14069.285349971487 69.577499472416818
14273.927817718419 69.269000274790088
14481.54687870117 69.058500122982025
14692.18582846533 68.806000205624329
14905.888592304698 68.281501000623223
15122.699734421185 67.251501261680360
15342.664467217943 65.441994515818351
15565.828660727671 62.822503982362221
15792.238852178061 59.851501939750804
16021.942255696367 56.985497227370274
16254.986772155136 54.458494511805711
16491.42099916115 52.778007113593894
16731.294241189662 51.620003663198311
16974.65651986603 51.409501266486899
17221.558584396902 52.010998987516295
17472.051922153143 52.496497910949373
17726.188769406665 53.361999214678235
17984.022122223458 55.048505632911031
18245.605747515034 56.361502778651641
18510.99419425065 57.348000845546714
18780.242804832582 58.520003618072572
19053.40772663689 59.747998771113913
19330.545923722028 60.330997735901271
19611.71518870775 59.992999410577710
19896.974154826825 59.102002639869937
20186.382308152035 59.102000000000004
