20 70.182999999999993
20.290906698750476 70.172503366539928
20.586044732869844 70.161998877938046
20.885475648548283 70.154495306099847
21.189261887185914 70.151499574858462
21.49746679841394 70.150999999999996
21.810154653305165 70.150999024269368
22.12739065777668 70.148995753719817
22.449240966187475 70.145495210152234
22.77577269513385 70.139004518292438
23.107053937445478 70.132998876303219
23.44315377638505 70.125996166864311
23.784142300054445 70.117494447830239
24.130090616010463 70.103995094859826
24.481070866093134 70.084995720165722
24.837156241469714 70.063490694760105
25.1984209978975 70.041981072301610
25.56494047120865 70.025502676362549
25.936791093020236 70.012007581301674
26.3140504066728 69.997997301992712
26.69679708340074 69.977510861071238
27.08511093873791 69.948491271317579
27.47907294916184 69.917494984745119
27.878765268980047 69.890016137757613
28.284271247461966 69.868988807750355
28.695675446220072 69.852013391782179
29.11306365684382 69.833496697050549
29.536522918790062 69.811524754213721
29.966141537533712 69.789494481334685
30.402009102982383 69.772499649885305
30.844216508158908 69.755487703879623
31.29285596815558 69.730008179982264
31.74802103936409 69.691498155640161
32.20980663898519 69.651016950478578
32.67830906482211 69.622994156337398
33.153626015361866 69.614007071138104
33.63585661014871 69.609501338701932
34.125101410453844 69.589991617281044
34.62146244024586 69.548956416841904
35.12504320746613 69.501496871475055
35.635948725613716 69.464503712626794
36.15428553564419 69.436483171853666
36.68016172818701 69.405487431236409
37.21368696608603 69.364024327541998
37.754972507267915 69.322002134371075
38.30413122794313 69.289493638860932
38.86127764614443 69.262481849987012
39.4265279456077 69.225530858679349
40.000000000000206 69.178499999999985
40.58181339750116 69.133014588339677
41.1720894657399 69.097495295207324
41.77095129709678 69.066002561171047
42.37852377437204 69.029528589202982
42.9949335968281 68.988004473590308
43.62030930661056 68.943978324182410
44.25478131555359 68.899515325130494
44.89848193237519 68.860977156110664
45.55154539026795 68.830021548779342
46.21410787489121 68.790990288049230
46.88630755277036 68.730472040657247
47.56828460010916 68.668485194213972
48.260181232021196 68.632492125959203
48.962141732186545 68.601989847834957
49.674312482939705 68.550978389838178
50.39684199579528 68.501010926985117
51.129880942417586 68.465505766090274
51.873582186040764 68.411530325206726
52.628100813345895 68.352997894238200
53.393594166801776 68.337008476933647
54.17022187747612 68.312480008501524
54.95814589832399 68.241491246100566
55.75753053796041 68.193528167722377
56.56854249492426 68.167514667240411
57.39135089244048 68.103470583867264
58.226127313687975 68.033492033500039
59.073045837580466 67.980496691583255
59.932283075067765 67.918481820867214
60.804018205965114 67.862498867275932
61.68843301631817 67.807468415847623
62.58571193631152 67.742021011326955
63.49604207872855 67.682998132870267
64.41961327797075 67.642017159743716
65.35661812964459 67.601016709375216
66.3072520307241 67.531481456806830
67.27171322029778 67.460521099853736
68.25020282090806 67.409488459837547
69.2429248804921 67.353004274171397
70.25008641493265 67.293995011271008
71.27189745122783 67.235005920134597
72.30857107128878 67.173025644725271
73.36032345637442 67.110981356544499
74.42737393217246 67.049477902438568
75.50994501453623 66.985503249371817
76.60826245588666 66.915984111414929
77.72255529228926 66.848526921767245
78.85305589121582 66.785996930125037
80.00000000000082 66.722999999999956
81.16362679500274 66.653522283288069
82.34417893148023 66.592990441056145
83.541902594194 66.529005203649064
84.75704754874454 66.462497223430972
85.98986719365665 66.390507755114953
87.24061861322157 66.321521035721588
88.50956263110764 66.225033259336570
89.79696386475084 66.170001544241416
91.10309078053635 66.115995067019909
92.42821574978288 66.043987568321057
93.77261510554118 65.966522177933498
95.13656920021877 65.894522740164405
96.52036246404286 65.843478959530273
97.92428346437356 65.761984881900077
99.34862496587989 65.686020001819742
100.79368399159105 65.578523509276096
102.25976188483567 65.516510070354826
103.74716437208203 65.442991721485598
105.25620162669229 65.366989200921779
106.78718833360406 65.284989631343763
108.34044375495276 65.199479163790301
109.9162917966485 65.125484853582350
111.51506107592134 65.042496818177966
113.13708498984903 64.957994939851034
114.78270178488147 64.860017755213619
116.45225462737648 64.771488726650972
118.14609167516147 64.696496346859476
119.86456615013608 64.628017288374451
121.60803641193078 64.562998775291192
123.3768660326369 64.503504505968408
125.17142387262359 64.447988361542457
126.99208415745765 64.397997812908514
128.83922655594208 64.349993834390062
130.71323625928977 64.298993478647375
132.61450406144883 64.246513689155591
134.5434264405962 64.195490847979030
136.50040564181674 64.153492646976133
138.48584976098482 64.117502723365831
140.50017282986593 64.086997421080767
142.5437949024563 64.056503060408545
144.61714214257822 64.019497736798300
146.7206469127495 63.986005621874000
148.8547478643456 63.936505848507451
151.01989002907314 63.870003377859874
153.216524911774 63.799015353329104
155.4451105845792 63.722995891594579
157.70611178243232 63.638995760648811
160.00000000000236 63.551999999999914
162.3272535900062 63.465490816626200
164.6883578629612 63.379985661584193
167.08380518838874 63.284007805473578
169.51409509748981 63.185496066527186
171.97973438731407 63.083510986412804
174.4812372264439 62.986991260570335
177.01912526221608 62.893495427321042
179.5939277295025 62.799502638223984
182.20618156107355 62.720996437292143
184.85643149956664 62.668994062668659
187.54523021108326 62.631999789029436
190.27313840043846 62.629501575004994
193.04072492808663 62.660996869665723
195.84856692874806 62.712492057275831
198.69724993176072 62.766006313155202
201.58736798318304 62.839007841441848
204.5195237696723 62.901489851893800
207.49432874416505 62.945004520504590
210.5124032533856 62.986505333691092
213.57437666720915 63.027004728040282
216.68088750990657 63.065998587990457
219.83258359329807 63.094996168846961
223.03012215184378 63.102999811726505
226.2741699796992 63.097999070302464
229.5654035697641 63.079995952219434
232.90450925475412 63.046504922145431
236.2921833503241 63.000497732793491
239.72913230027333 62.957998065008908
243.21607282386276 62.906998775291171
246.75373206527502 62.847504505968388
250.34284774524843 62.790002439300139
253.9841683149166 62.736497539522063
257.67845311188546 62.682494378414439
261.42647251858085 62.635994905794945
265.22900812289896 62.594999909464832
269.08685288119375 62.552001639737867
273.0008112836349 62.517001687550533
276.97169952197106 62.487502232208982
281.00034565973334 62.461497970686494
285.0875898049141 62.437502408190326
289.23428428515797 62.410998310642043
293.44129382550057 62.385998348134919
297.7094957286928 62.362002834975726
302.0397800581479 62.333501447654228
306.4330498235497 62.307999731710751
310.89022116916016 62.283998875079462
315.41222356486645 62.260998781795621
320.00000000000654 62.235999999999976
324.6545071800142 62.216502064444626
329.3767157259242 62.195501264243028
334.16761037677935 62.175501626479736
339.02819019498156 62.157499170717486
343.95946877463007 62.135997516984276
348.9624744528898 62.109497429579498
354.03825052443415 62.081998589279884
359.187855459007 62.053000813920157
364.4123631221491 62.022998013480034
369.71286299913527 61.994000749485963
375.0904604221685 61.960997383964951
380.54627680087896 61.929998449715043
386.08144985617537 61.898997797178623
391.6971338574982 61.871499389207628
397.3944998635236 61.845502282125025
403.1747359663683 61.820001164854261
409.0390475393468 61.795999840203876
414.9886574883323 61.776001151299724
421.0248065067734 61.762500432763176
427.1487533344206 61.754500322228054
433.3617750198154 61.745000344006399
439.6651671865984 61.742500013071663
446.06024430368984 61.743000263582900
452.54833995940066 61.750000619704210
459.13080713953053 61.761999648439065
465.8090185095106 61.781500087424995
472.58436670065066 61.813502240533509
479.45826460054917 61.855502257489633
486.432145647728 61.915001595434475
493.50746413055253 61.992505883253969
500.6856954904994 62.083496140080157
507.9683366298358 62.187005011406406
515.3569062237735 62.296998603953867
522.8529450371643 62.408999178783674
530.4580162458005 62.520000225285209
538.1737057623901 62.626995919722106
546.0016225672724 62.729995033779900
553.9433990439449 62.828504605496008
562.0006913194694 62.921496437417559
570.1751796098309 63.010501786569932
578.4685685703187 63.092995708590699
586.8825876510039 63.171996128408523
595.4189914573883 63.244999926943457
604.0795601162986 63.318996241612524
612.8660996471021 63.396000877529445
621.780442338323 63.474503692673970
630.8244471297356 63.550003508428617
640.0000000000159 63.622000000000121
649.3090143600314 63.693500113280635
658.7534314518515 63.768003354535892
668.3352207535618 63.842501714524637
678.0563803899662 63.918003162524315
687.9189375492632 63.999999480790791
697.9249489057827 64.091499532768253
708.0765010488715 64.189004791583869
718.3757109180171 64.287497235478128
728.8247262443015 64.387997366977913
739.425725998274 64.488497402398508
750.1809208443404 64.586499278730386
761.0925536017613 64.681496113651704
772.1628997123541 64.776499139356247
783.3942677149998 64.868502102719830
794.7889997270506 64.957999997856163
806.34947193274 65.044503339621230
818.0780950786972 65.127500667204913
829.9773149766683 65.211002165415678
842.0496130135506 65.293997339528261
854.2975066688449 65.377503424815558
866.7235500396347 65.461496958504014
879.3303343732008 65.549502365971449
892.1204886073838 65.640003463965428
905.0966799188055 65.731997730795257
918.2616142790653 65.826497231247373
931.6180370190256 65.925500264987491
945.1687334013056 66.022498091648345
958.9165292011028 66.120996626877258
972.8642912954606 66.220502099649281
987.0149282611097 66.322499482908142
1001.3713909810035 66.426002858676156
1015.9366732596762 66.532497611022620
1030.7138124475518 66.637498667320358
1045.7058900743334 66.743499222777444
1060.916032491606 66.850500228458245
1076.3474115247852 66.959002891397944
1092.0032451345498 67.069001728473282
1107.8867980878947 67.180998576293391
1124.0013826389438 67.292002597891170
1140.350359219667 67.403002371408547
1156.9371371406426 67.512500892375826
1173.765175302013 67.622001139724915
1190.837982914782 67.732999888920574
1208.1591202326028 67.842000732082653
1225.73219929421 67.949001218412064
1243.5608846766518 68.057999294955138
1261.648894259477 68.167499359874654
1280.0000000000375 68.277000000000214
1298.6180287200684 68.387000169531888
1317.5068629037087 68.498499190733412
1336.6704415071292 68.612502565977763
1356.112760779938 68.725498609686426
1375.8378750985323 68.838499284468142
1395.8498978115715 68.951999420428407
1416.153002097749 69.064500011355420
1436.7514218360407 69.176002260773117
1457.6494524886093 69.288002358267676
1478.8514519965543 69.398502258827094
1500.3618416886875 69.505999208848209
1522.1851072035295 69.611500489027435
1544.3257994247153 69.712499085041145
1566.788535430007 69.812497931843509
1589.5779994541087 69.908999997688426
1612.6989438654878 70.002999771781319
1636.156190157402 70.093000707127615
1659.9546299533442 70.181498623928348
1684.099226027109 70.268000733554672
1708.5950133376978 70.347500041324764
1733.4471000792773 70.424500287766620
1758.6606687464096 70.496999047517846
1784.2409772147755 70.565499938984061
1810.193359837619 70.629000785820864
1836.5232285581387 70.686500436359267
1863.2360740380593 70.737500120200522
1890.3374668026197 70.781499134355954
1917.833058402214 70.823000077462069
1945.7285825909298 70.859999446367368
1974.0298565222283 70.889499850443656
2002.7427819620161 70.918499779782621
2031.8733465193618 70.944500269664871
2061.4276248951132 70.967499708089576
2091.411780148677 70.989999835023525
2121.832064983222 71.014000046321854
2152.694823049581 71.035999873864839
2184.0064902691106 71.061499584883194
2215.7735961758003 71.092999599569922
2248.002765277899 71.126999752379788
2280.7007184393456 71.167999646951287
2313.874274281297 71.215500456374869
2347.530350604038 71.271500652004818
2381.6759658295764 71.334999936454579
2416.318240465218 71.405500543930600
2451.4643985884327 71.485000950137888
2487.1217693533167 71.569999450194402
2523.2977885189675 71.658999479715504
2560.0000000000887 71.750500000000230
2597.236057440151 71.845000139122604
2635.0137258074315 71.936499335893373
2673.340883014273 72.020499743606308
2712.225521559891 72.097999046441856
2751.6757501970797 72.167499559916280
2791.699795623158 72.223999711490819
2832.3060041955137 72.267500003106136
2873.502843672097 72.297999884263390
2915.2989049772345 72.313499964760922
2957.7029039931244 72.318499988679491
3000.723683377391 72.310000062557634
3044.370214407075 72.290999864428031
3088.6515988494466 72.263000253651953
3133.57707086003 72.230499941700103
3179.1559989082334 72.193000000898252
3225.3978877309914 72.153000097114315
3272.3123803148205 72.113999712348800
3319.9092599067053 72.077999830457017
3368.198452054235 72.046499764708869
3417.190026675413 72.020999989802988
3466.8942001585724 72.001999938476260
3517.3213374928373 71.986499947226548
3568.4819544295697 71.978500007125817
3620.386719675257 71.976500010801459
3673.0464571162966 71.975000021390173
3726.472148076138 71.977500013659409
3780.6749336052594 71.982499993875365
3835.6661168044484 71.992500041872148
3891.45716518188 72.012500094843233
3948.059713044477 72.044999835237462
4005.4855639240527 72.088499669673951
4063.746693038744 72.136999744466777
4122.855249790247 72.171499977090718
4182.823560297375 72.166000040326907
4243.664129966465 72.099499674694314
4305.389646099183 71.945000885812732
4368.012980538242 71.687000080180340
4431.5471923516225 71.323998639232684
4496.00553055582 70.867995647391325
4561.401436878714 70.331496045914463
4627.748548562617 69.731004085852604
4695.060701208099 69.081002885291412
4763.351931659176 68.399000682497572
4832.63648093046 67.701005229278181
4902.928797176889 67.006002005378448
4974.243538706657 66.332504356461698
5046.595577037959 65.697503712141980
5120.000000000202 65.120999999998674
5194.472114880326 64.626999416133344
5270.027451614888 64.242998556576254
5346.6817660285715 63.998000747805108
5424.451043119808 63.931000075417714
5503.351500394186 64.068999126175811
5583.399591246343 64.431504138789933
5664.612008391055 65.000000071492110
5747.005687344222 65.701997336160929
5830.597809954497 66.409998390369708
5915.405807986278 66.976498717387813
6001.447366754812 67.287000113438410
6088.740428814181 67.313999034038716
6177.303197698925 67.114499286003479
6267.154141720092 66.789999444984829
6358.3119978165005 66.433000008551190
6450.795775462017 66.117000767203010
6544.624760629676 65.875500616098790
6639.818519813445 65.723999765871611
6736.396904108505 65.680500043190335
6834.380053350861 65.709000039982698
6933.788400317181 65.783499550580217
7034.642674985712 65.919499561723455
7136.963908859177 66.122999818735565
7240.773439350552 66.384001263988011
7346.092914232631 66.686999753251868
7452.944296152315 67.010500853712870
7561.349867210557 67.322999617210286
7671.332233608935 67.585500368471656
7782.914330363799 67.761498943782016
7896.119426088994 67.827499665402343
8010.971127848146 67.772999812927083
8127.49338607753 67.602499145990677
8245.710499580537 67.341001106935408
8365.647120594791 67.015999648168986
8487.328259932974 66.660999251474891
8610.77929219841 66.305499133298937
8736.025961076528 65.934000115452434
8863.094384703289 65.502502089420176
8992.011061111683 65.001499743950689
9122.802873757471 64.453500528938363
9255.497097125279 63.860499548368608
9390.121402416245 63.234498417830011
9526.7038633184 62.697500537387668
9665.272961860968 62.327500101836925
9805.857594353829 62.051998835294853
9948.487077413367 61.772499837901854
10093.19115407597 61.469499720308391
10240.000000000457 61.202999999999548
10388.944229760706 61.054000063860002
10540.05490322983 61.095999973103567
10693.363532057198 61.388001751414663
10848.902086239672 61.900000343207680
11006.703000788428 62.528000003208454
11166.799182492743 63.179500672445172
11329.224016782166 63.778000051073235
11494.0113746885 64.279498096986941
11661.195619909053 64.632500604862429
11830.811615972614 64.797999625293869
12002.894733509682 64.822999961284623
12177.48085762842 64.771499469810692
12354.606395397908 64.661999575344907
12534.308283440243 64.469000769581100
12716.62399563306 64.129500008131942
12901.591550924093 63.569501359600082
13089.249521259411 62.755502076622577
13279.637039626952 61.733999770535135
13472.793808217073 60.615501110543256
13668.760106701786 59.522999477002017
13867.576800634426 58.548500977188823
14069.285349971487 57.749999011529738
14273.927817718419 57.172000514841720
14481.54687870117 56.845000191045706
14692.18582846533 56.803000034202853
14905.888592304698 57.052999523058517
15122.699734421185 57.583499350173369
15342.664467217943 58.300501346183928
15565.828660727671 58.943499022462717
15792.238852178061 59.025499946462617
16021.942255696367 58.011497489601574
16254.986772155136 55.723491028818970
16491.42099916115 52.976511628112121
16731.294241189662 50.539507709166060
16974.65651986603 48.095995674152370
17221.558584396902 46.041503458267286
17472.051922153143 44.403007050276955
17726.188769406665 43.157001130572979
17984.022122223458 42.262997142788464
18245.605747515034 41.596998283235507
18510.99419425065 40.987499417784818
18780.242804832582 40.180496156534467
19053.40772663689 38.876001305441285
19330.545923722028 36.788008108813287
19611.71518870775 34.622999921939581
19896.974154826825 34.505000349612402
20186.382308152035 34.505000000000003
