20 104.456999999999994
20.290906698750476 104.431788002068302
20.586044732869844 104.405255969855148
20.885475648548283 104.377831398883075
21.189261887185914 104.351430720008153
21.49746679841394 104.325824470436089
21.810154653305165 104.301212940804149
22.12739065777668 104.276308747377868
22.449240966187475 104.250068327815370
22.77577269513385 104.220175378388319
23.107053937445478 104.187437722923050
23.44315377638505 104.152230208084902
23.784142300054445 104.116625414244425
24.130090616010463 104.082141350283507
24.481070866093134 104.049703613533552
24.837156241469714 104.018113172783202
25.1984209978975 103.986390136436597
25.56494047120865 103.953449144375071
25.936791093020236 103.919346794661649
26.3140504066728 103.884355353228386
26.69679708340074 103.848304277076934
27.08511093873791 103.810797485032481
27.47907294916184 103.770546212889997
27.878765268980047 103.728032733584641
28.284271247461966 103.684582976521568
28.695675446220072 103.642519481716647
29.11306365684382 103.602711207227202
29.536522918790062 103.564030322714942
29.966141537533712 103.523216553934304
30.402009102982383 103.477268953927179
30.844216508158908 103.426234905263783
31.29285596815558 103.374562633622304
31.74802103936409 103.325205811906130
32.20980663898519 103.277599722823510
32.67830906482211 103.228386002869570
33.153626015361866 103.175333008233395
33.63585661014871 103.120691629493791
34.125101410453844 103.069365568827791
34.62146244024586 103.023082530616890
35.12504320746613 102.973495160763804
35.635948725613716 102.913962614395828
36.15428553564419 102.848948592329634
36.68016172818701 102.794447385201408
37.21368696608603 102.757533529899177
37.754972507267915 102.719827367843138
38.30413122794313 102.667525898315915
38.86127764614443 102.587502088600232
39.4265279456077 102.499888182666041
40.000000000000206 102.425499999999971
40.58181339750116 102.365379081855139
41.1720894657399 102.308198101487974
41.77095129709678 102.253162714975190
42.37852377437204 102.201325464427725
42.9949335968281 102.146043381766049
43.62030930661056 102.082301176555518
44.25478131555359 102.012181710293021
44.89848193237519 101.939505419348876
45.55154539026795 101.865219560920579
46.21410787489121 101.791077552040306
46.88630755277036 101.724232241347465
47.56828460010916 101.662854394769610
48.260181232021196 101.600042157029904
48.962141732186545 101.529911478004678
49.674312482939705 101.457840267437803
50.39684199579528 101.384571671142936
51.129880942417586 101.309098075150629
51.873582186040764 101.232341302652543
52.628100813345895 101.155654839717272
53.393594166801776 101.075934570841270
54.17022187747612 100.990717763516614
54.95814589832399 100.904740256192298
55.75753053796041 100.824640802099864
56.56854249492426 100.744998564249954
57.39135089244048 100.661799507186188
58.226127313687975 100.576678714229104
59.073045837580466 100.494804984998325
59.932283075067765 100.410170117105821
60.804018205965114 100.319592338263050
61.68843301631817 100.229887535648402
62.58571193631152 100.138223509972264
63.49604207872855 100.045895792127141
64.41961327797075 99.955426931953795
65.35661812964459 99.866121277683774
66.3072520307241 99.774889300989031
67.27171322029778 99.678877681699177
68.25020282090806 99.578855022140559
69.2429248804921 99.482043598793496
70.25008641493265 99.385866488129125
71.27189745122783 99.284538357425987
72.30857107128878 99.180914320549334
73.36032345637442 99.078728786459862
74.42737393217246 98.975117354647097
75.50994501453623 98.869492714403890
76.60826245588666 98.763243796755972
77.72255529228926 98.657213275941444
78.85305589121582 98.554158911573836
80.00000000000082 98.449499999999915
81.16362679500274 98.339924869532751
82.34417893148023 98.226922829432482
83.541902594194 98.112218020283677
84.75704754874454 97.999770697041825
85.98986719365665 97.886349501374553
87.24061861322157 97.770942841988372
88.50956263110764 97.655623425481792
89.79696386475084 97.537611645731175
91.10309078053635 97.418342714632843
92.42821574978288 97.298960567610550
93.77261510554118 97.178943837250543
95.13656920021877 97.057436357154899
96.52036246404286 96.935899346791672
97.92428346437356 96.815435988752895
99.34862496587989 96.695967167718607
100.79368399159105 96.581386332647483
102.25976188483567 96.467991826944427
103.74716437208203 96.352061155810503
105.25620162669229 96.235447134140287
106.78718833360406 96.121822439980505
108.34044375495276 96.013069676744891
109.9162917966485 95.905577543325251
111.51506107592134 95.797233330613409
113.13708498984903 95.691537168089411
114.78270178488147 95.590037925501917
116.45225462737648 95.494485420015536
118.14609167516147 95.398993046259847
119.86456615013608 95.304807353546266
121.60803641193078 95.212298085384887
123.3768660326369 95.124795760593457
125.17142387262359 95.038828795404939
126.99208415745765 94.952372044599485
128.83922655594208 94.866035909902692
130.71323625928977 94.779028316532987
132.61450406144883 94.693576325357697
134.5434264405962 94.610904376274661
136.50040564181674 94.528358267275053
138.48584976098482 94.447066009560615
140.50017282986593 94.366826535358598
142.5437949024563 94.286444067170038
144.61714214257822 94.204622885368167
146.7206469127495 94.124459546698063
148.8547478643456 94.044603379446343
151.01989002907314 93.968343629040589
153.216524911774 93.899150692505629
155.4451105845792 93.838173434437763
157.70611178243232 93.786996099698655
160.00000000000236 93.747999999999976
162.3272535900062 93.727054717689938
164.6883578629612 93.717184240120744
167.08380518838874 93.721834654527498
169.51409509748981 93.743140950974890
171.97973438731407 93.778487909564632
174.4812372264439 93.817803548177807
177.01912526221608 93.855075403775913
179.5939277295025 93.890477417121247
182.20618156107355 93.925562832918388
184.85643149956664 93.963903899893666
187.54523021108326 94.002615130870737
190.27313840043846 94.039878565286230
193.04072492808663 94.079394583950062
195.84856692874806 94.119710223616721
198.69724993176072 94.157585349140192
201.58736798318304 94.190138241162359
204.5195237696723 94.215389920349310
207.49432874416505 94.231977314976660
210.5124032533856 94.238756201626686
213.57437666720915 94.236744840832387
216.68088750990657 94.227287115592802
219.83258359329807 94.214753373830149
223.03012215184378 94.201121980854666
226.2741699796992 94.186387206761395
229.5654035697641 94.170600549412796
232.90450925475412 94.156397878105196
236.2921833503241 94.148098247893302
239.72913230027333 94.143372443087117
243.21607282386276 94.140445981794045
246.75373206527502 94.139561566983673
250.34284774524843 94.140128567904469
253.9841683149166 94.141494063118103
257.67845311188546 94.142879419916966
261.42647251858085 94.144284927194462
265.22900812289896 94.143885495938548
269.08685288119375 94.141898671638614
273.0008112836349 94.136748580253652
276.97169952197106 94.129070751195059
281.00034565973334 94.118398928454837
285.0875898049141 94.105640881799843
289.23428428515797 94.088639434430860
293.44129382550057 94.068981789637604
297.7094957286928 94.047681571783670
302.0397800581479 94.024271264665657
306.4330498235497 93.998401701058711
310.89022116916016 93.972144950631190
315.41222356486645 93.946067880967291
320.00000000000654 93.918999999999954
324.6545071800142 93.891072956919913
329.3767157259242 93.863177377217042
334.16761037677935 93.834911098776999
339.02819019498156 93.804219582752125
343.95946877463007 93.773055346719829
348.9624744528898 93.741536410946793
354.03825052443415 93.710770496853399
359.187855459007 93.679872867245962
364.4123631221491 93.646319639706036
369.71286299913527 93.612808963105451
375.0904604221685 93.580476621843175
380.54627680087896 93.548910827080633
386.08144985617537 93.518460170776649
391.6971338574982 93.490307901578603
397.3944998635236 93.465619250477673
403.1747359663683 93.448827721414602
409.0390475393468 93.437947936614194
414.9886574883323 93.434249054790683
421.0248065067734 93.439253267367789
427.1487533344206 93.452662511114738
433.3617750198154 93.478292948024006
439.6651671865984 93.516846539390940
446.06024430368984 93.566213885758515
452.54833995940066 93.629012403569646
459.13080713953053 93.705749916285654
465.8090185095106 93.793374004505779
472.58436670065066 93.891610590981088
479.45826460054917 93.998513786137323
486.432145647728 94.111687188622739
493.50746413055253 94.227443520421190
500.6856954904994 94.343256848007201
507.9683366298358 94.457503280880545
515.3569062237735 94.568022180434525
522.8529450371643 94.672748212677618
530.4580162458005 94.772410316903517
538.1737057623901 94.863336318059552
546.0016225672724 94.944872325450902
553.9433990439449 95.016911579672296
562.0006913194694 95.080104700972385
570.1751796098309 95.135463487854054
578.4685685703187 95.181077127136746
586.8825876510039 95.219439256281873
595.4189914573883 95.251966470100854
604.0795601162986 95.279473762827081
612.8660996471021 95.302317670571526
621.780442338323 95.322029519296393
630.8244471297356 95.338195448338112
640.0000000000159 95.351500000000016
649.3090143600314 95.364532620104043
658.7534314518515 95.373815759879250
668.3352207535618 95.382918459715881
678.0563803899662 95.393764837448458
687.9189375492632 95.406294618814044
697.9249489057827 95.420094928468103
708.0765010488715 95.435922401678198
718.3757109180171 95.455332636290137
728.8247262443015 95.477914397737464
739.425725998274 95.505006887595513
750.1809208443404 95.535057839270053
761.0925536017613 95.568702040272086
772.1628997123541 95.607070148993245
783.3942677149998 95.648962788607122
794.7889997270506 95.694221748885468
806.34947193274 95.743278939705732
818.0780950786972 95.795117654966504
829.9773149766683 95.848780787777827
842.0496130135506 95.904904395689925
854.2975066688449 95.964487533344226
866.7235500396347 96.027344450204268
879.3303343732008 96.092301222021973
892.1204886073838 96.159238589619122
905.0966799188055 96.228394654563573
918.2616142790653 96.299938878534860
931.6180370190256 96.373653743489996
945.1687334013056 96.449622822607409
958.9165292011028 96.527526998806252
972.8642912954606 96.607260746270143
987.0149282611097 96.689279006439534
1001.3713909810035 96.772591206787922
1015.9366732596762 96.858557594674082
1030.7138124475518 96.946257381383617
1045.7058900743334 97.035682031381185
1060.916032491606 97.126496194949652
1076.3474115247852 97.219084469148726
1092.0032451345498 97.313144673628216
1107.8867980878947 97.409388174173358
1124.0013826389438 97.506841744386918
1140.350359219667 97.606298018586301
1156.9371371406426 97.707253471674818
1173.765175302013 97.809811698724829
1190.837982914782 97.914695279475580
1208.1591202326028 98.021263167143132
1225.73219929421 98.129348562314306
1243.5608846766518 98.239434393543604
1261.648894259477 98.352111440884073
1280.0000000000375 98.467000000000240
1298.6180287200684 98.584825524614146
1317.5068629037087 98.704293236293353
1336.6704415071292 98.827524347720981
1356.112760779938 98.954941402128100
1375.8378750985323 99.085821869405237
1395.8498978115715 99.220486810228110
1416.153002097749 99.359417281071217
1436.7514218360407 99.501928738398192
1457.6494524886093 99.649464101718905
1478.8514519965543 99.800730454375184
1500.3618416886875 99.955648681161193
1522.1851072035295 100.115394984729832
1544.3257994247153 100.279783947719878
1566.788535430007 100.448249786433664
1589.5779994541087 100.620792795851230
1612.6989438654878 100.797781867764257
1636.156190157402 100.979072035621442
1659.9546299533442 101.163947021037018
1684.099226027109 101.352337932052535
1708.5950133376978 101.543869203767287
1733.4471000792773 101.737218438616779
1758.6606687464096 101.932513935972423
1784.2409772147755 102.128231426832286
1810.193359837619 102.324042464388640
1836.5232285581387 102.518850033045567
1863.2360740380593 102.711740847150992
1890.3374668026197 102.901635270274127
1917.833058402214 103.087624830126785
1945.7285825909298 103.269406643537394
1974.0298565222283 103.444543319046488
2002.7427819620161 103.612676726856478
2031.8733465193618 103.773147734574707
2061.4276248951132 103.924757424503525
2091.411780148677 104.066164773315876
2121.832064983222 104.198282458308313
2152.694823049581 104.316201362978489
2184.0064902691106 104.427220606604422
2215.7735961758003 104.521574559435649
2248.002765277899 104.606772980717864
2280.7007184393456 104.677331365034760
2313.874274281297 104.734811411421944
2347.530350604038 104.778575558174509
2381.6759658295764 104.807673176080698
2416.318240465218 104.824851530790724
2451.4643985884327 104.826085255158802
2487.1217693533167 104.815724478145896
2523.2977885189675 104.789988102115359
2560.0000000000887 104.752749999999892
2597.236057440151 104.703645913839765
2635.0137258074315 104.643476208600447
2673.340883014273 104.573152322272875
2712.225521559891 104.495196830083557
2751.6757501970797 104.410501190198815
2791.699795623158 104.321571707293174
2832.3060041955137 104.230311490560098
2873.502843672097 104.138558715484663
2915.2989049772345 104.047872299547805
2957.7029039931244 103.959902308173469
3000.723683377391 103.875697369920687
3044.370214407075 103.797716309321544
3088.6515988494466 103.726789456740221
3133.57707086003 103.662376240953208
3179.1559989082334 103.606470601255523
3225.3978877309914 103.559641901042113
3272.3123803148205 103.522327581385923
3319.9092599067053 103.494939018240117
3368.198452054235 103.478360309589149
3417.190026675413 103.472343800533508
3466.8942001585724 103.476209898030135
3517.3213374928373 103.488735681497417
3568.4819544295697 103.509371338126186
3620.386719675257 103.536528164608399
3673.0464571162966 103.568980197125597
3726.472148076138 103.604501060691774
3780.6749336052594 103.640219600174817
3835.6661168044484 103.674273025410486
3891.45716518188 103.703155724331850
3948.059713044477 103.728626870870016
4005.4855639240527 103.744777121555899
4063.746693038744 103.752312665348057
4122.855249790247 103.748905156293688
4182.823560297375 103.735991585608076
4243.664129966465 103.714262810726268
4305.389646099183 103.684305176950403
4368.012980538242 103.645258445659124
4431.5471923516225 103.597839605736283
4496.00553055582 103.542495160763650
4561.401436878714 103.475481153415245
4627.748548562617 103.394893747060252
4695.060701208099 103.293751349323031
4763.351931659176 103.169579459754033
4832.63648093046 103.017408797673852
4902.928797176889 102.828976899575252
4974.243538706657 102.609852410735698
5046.595577037959 102.356008588524418
5120.000000000202 102.077642857142067
5194.472114880326 101.779570276771238
5270.027451614888 101.474014164104887
5346.6817660285715 101.173275200790002
5424.451043119808 100.888468826728115
5503.351500394186 100.633491430923698
5583.399591246343 100.420331042321834
5664.612008391055 100.263313685105885
5747.005687344222 100.160075108883973
5830.597809954497 100.117100813846122
5915.405807986278 100.138251749906402
6001.447366754812 100.224478615567619
6088.740428814181 100.378416238294363
6177.303197698925 100.583928131291543
6267.154141720092 100.819226755872748
6358.3119978165005 101.052696874563082
6450.795775462017 101.247932395831640
6544.624760629676 101.369076075259670
6639.818519813445 101.395165332867151
6736.396904108505 101.338376987535298
6834.380053350861 101.250183558386325
6933.788400317181 101.200013652009517
7034.642674985712 101.236296248235845
7136.963908859177 101.360696712807567
7240.773439350552 101.532630315682951
7346.092914232631 101.700873796494989
7452.944296152315 101.830385410229269
7561.349867210557 101.906152435818441
7671.332233608935 101.937461475015908
7782.914330363799 101.934784166035627
7896.119426088994 101.907656708042737
8010.971127848146 101.865245844599144
8127.49338607753 101.814455051971009
8245.710499580537 101.758529263659966
8365.647120594791 101.689335710731484
8487.328259932974 101.592901386638346
8610.77929219841 101.449564849361906
8736.025961076528 101.245718403134390
8863.094384703289 100.983680645171006
8992.011061111683 100.670413121498612
9122.802873757471 100.331122179010521
9255.497097125279 100.008386374011963
9390.121402416245 99.756318214711257
9526.7038633184 99.621377574907314
9665.272961860968 99.616855368365208
9805.857594353829 99.728529113224596
9948.487077413367 99.926793961038840
10093.19115407597 100.164939864487110
10240.000000000457 100.377600000000598
10388.944229760706 100.499201483026638
10540.05490322983 100.466781102215435
10693.363532057198 100.271914724861617
10848.902086239672 99.881090477488968
11006.703000788428 99.287682887360404
11166.799182492743 98.537581195357404
11329.224016782166 97.683805243828459
11494.0113746885 96.817765614647129
11661.195619909053 96.043901087373527
11830.811615972614 95.359165816457079
12002.894733509682 94.807176124049704
12177.48085762842 94.334493600844240
12354.606395397908 93.982302965022114
12534.308283440243 93.705489610105332
12716.62399563306 93.541246402474599
12901.591550924093 93.542038290508401
13089.249521259411 93.630773702195512
13279.637039626952 93.888473171852979
13472.793808217073 94.343513796158192
13668.760106701786 94.968130588928005
13867.576800634426 95.712076826493302
14069.285349971487 96.471765408568203
14273.927817718419 97.178464063854264
14481.54687870117 97.675165008290620
14692.18582846533 97.910607686749984
14905.888592304698 98.023872784491260
15122.699734421185 98.154178189661579
15342.664467217943 98.388251503859408
15565.828660727671 98.620819551429861
15792.238852178061 98.444708146207063
16021.942255696367 97.274754398231281
16254.986772155136 94.966916114774364
16491.42099916115 92.355263643265943
16731.294241189662 89.800917039189130
16974.65651986603 87.359927931737033
17221.558584396902 85.130254310010841
17472.051922153143 83.120957503457248
17726.188769406665 81.280488411048282
17984.022122223458 79.449379020702338
18245.605747515034 77.489044778686946
18510.99419425065 76.066420245373280
18780.242804832582 77.957728132172534
19053.40772663689 82.375775727169440
19330.545923722028 85.831293387677192
19611.71518870775 87.267293757961980
19896.974154826825 87.028066020575977
20186.382308152035 86.733000000000004
