20 65.965000000000003
20.290906698750476 65.955787923832645
20.586044732869844 65.946441915319411
20.885475648548283 65.936484145048396
21.189261887185914 65.926357969233919
21.49746679841394 65.916332321132359
21.810154653305165 65.906144553911560
22.12739065777668 65.894722850333380
22.449240966187475 65.882448299914529
22.77577269513385 65.869095408671228
23.107053937445478 65.856217828228267
23.44315377638505 65.842773828031852
23.784142300054445 65.830055019498104
24.130090616010463 65.817946813262353
24.481070866093134 65.805209838972317
24.837156241469714 65.791513772053790
25.1984209978975 65.777063160084097
25.56494047120865 65.762196188553119
25.936791093020236 65.747199332898802
26.3140504066728 65.732438008526458
26.69679708340074 65.717374113018224
27.08511093873791 65.701478552726172
27.47907294916184 65.683941730892045
27.878765268980047 65.665258649723441
28.284271247461966 65.646139251369277
28.695675446220072 65.627781631258756
29.11306365684382 65.610703581039928
29.536522918790062 65.594575606167183
29.966141537533712 65.577820480036195
30.402009102982383 65.558399545185736
30.844216508158908 65.535928666893327
31.29285596815558 65.512857201592226
31.74802103936409 65.491091032189246
32.20980663898519 65.471107734440594
32.67830906482211 65.451654401147835
33.153626015361866 65.430125951262625
33.63585661014871 65.406299599662120
34.125101410453844 65.380744929477316
34.62146244024586 65.356291265308442
35.12504320746613 65.333123142078961
35.635948725613716 65.311018256072998
36.15428553564419 65.287748579824722
36.68016172818701 65.263032398775209
37.21368696608603 65.238170399560047
37.754972507267915 65.213708376523300
38.30413122794313 65.189418269970503
38.86127764614443 65.164339349732330
39.4265279456077 65.137489926946046
40.000000000000206 65.110999999999990
40.58181339750116 65.085788002068284
41.1720894657399 65.060686234274897
41.77095129709678 65.035234531488499
42.37852377437204 65.010032579300912
42.9949335968281 64.983552805980139
43.62030930661056 64.956019698859535
44.25478131555359 64.927138650376634
44.89848193237519 64.898483729599207
45.55154539026795 64.870217278834872
46.21410787489121 64.840818165440822
46.88630755277036 64.808246227404567
47.56828460010916 64.774829648095434
48.260181232021196 64.742731709327018
48.962141732186545 64.710703683903489
49.674312482939705 64.678884579952097
50.39684199579528 64.646146034752007
51.129880942417586 64.611477185686596
51.873582186040764 64.575354605457164
52.628100813345895 64.538630108012029
53.393594166801776 64.501558257045488
54.17022187747612 64.465339994313581
54.95814589832399 64.433155930054980
55.75753053796041 64.404486441779426
56.56854249492426 64.368141417748717
57.39135089244048 64.327628130824195
58.226127313687975 64.288454907452476
59.073045837580466 64.254395551902832
59.932283075067765 64.217877969309626
60.804018205965114 64.181330619419157
61.68843301631817 64.144058905656721
62.58571193631152 64.107071543261981
63.49604207872855 64.069170190614670
64.41961327797075 64.029666435686238
65.35661812964459 63.991448511073500
66.3072520307241 63.952405528540609
67.27171322029778 63.908495614577944
68.25020282090806 63.870743306910043
69.2429248804921 63.835797155019335
70.25008641493265 63.792370981705631
71.27189745122783 63.746488153225272
72.30857107128878 63.705120013755376
73.36032345637442 63.663366414832275
74.42737393217246 63.617268173052238
75.50994501453623 63.572377014147428
76.60826245588666 63.531111568328342
77.72255529228926 63.488255416884712
78.85305589121582 63.441245246486446
80.00000000000082 63.392499999999970
81.16362679500274 63.345469966126885
82.34417893148023 63.302193448980262
83.541902594194 63.258831300829982
84.75704754874454 63.211616891904427
85.98986719365665 63.161580321876500
87.24061861322157 63.111375231528299
88.50956263110764 63.064149370192723
89.79696386475084 63.016944658292466
91.10309078053635 62.969053236930094
92.42821574978288 62.924402005906487
93.77261510554118 62.883821634937682
95.13656920021877 62.840768609167142
96.52036246404286 62.814817746330732
97.92428346437356 62.791687979152286
99.34862496587989 62.763899091594837
100.79368399159105 62.737684565490298
102.25976188483567 62.714369841535522
103.74716437208203 62.695694146765966
105.25620162669229 62.671411111496724
106.78718833360406 62.637582687771101
108.34044375495276 62.600389645717769
109.9162917966485 62.563810725715911
111.51506107592134 62.526103879106344
113.13708498984903 62.480703363573880
114.78270178488147 62.433566257004372
116.45225462737648 62.385912651687832
118.14609167516147 62.336038664991705
119.86456615013608 62.289441532807103
121.60803641193078 62.236378785209723
123.3768660326369 62.185144409704549
125.17142387262359 62.132071577366915
126.99208415745765 62.075237475276268
128.83922655594208 62.021741435449599
130.71323625928977 61.969804595099689
132.61450406144883 61.917447512294792
134.5434264405962 61.864191629493760
136.50040564181674 61.811364351902313
138.48584976098482 61.759610831094889
140.50017282986593 61.709746111328016
142.5437949024563 61.663764614694728
144.61714214257822 61.621561442684083
146.7206469127495 61.578898802979907
148.8547478643456 61.534550294848742
151.01989002907314 61.489286287395281
153.216524911774 61.441733317064489
155.4451105845792 61.388071036333272
157.70611178243232 61.327393759517847
160.00000000000236 61.264999999999937
162.3272535900062 61.202164153069830
164.6883578629612 61.143228724998565
167.08380518838874 61.091323330006162
169.51409509748981 61.050274478440159
171.97973438731407 61.031017540553577
174.4812372264439 61.041868660585109
177.01912526221608 61.090324580821196
179.5939277295025 61.179731682629296
182.20618156107355 61.307956495926959
184.85643149956664 61.463914603674084
187.54523021108326 61.637349503298246
190.27313840043846 61.808279048666137
193.04072492808663 61.968685116318035
195.84856692874806 62.100566689749428
198.69724993176072 62.190255098389557
201.58736798318304 62.242164906442440
204.5195237696723 62.267837856963524
207.49432874416505 62.271013232930279
210.5124032533856 62.257417311644090
213.57437666720915 62.232937015828313
216.68088750990657 62.197834682697334
219.83258359329807 62.160050850982103
223.03012215184378 62.122774829984820
226.2741699796992 62.086863158553257
229.5654035697641 62.050780560732591
232.90450925475412 62.015502652825077
236.2921833503241 61.982333826928290
239.72913230027333 61.950971667760001
243.21607282386276 61.921568517541907
246.75373206527502 61.898131525067555
250.34284774524843 61.878828617241915
253.9841683149166 61.861077179464786
257.67845311188546 61.849045027386367
261.42647251858085 61.845858454675884
265.22900812289896 61.846543894291884
269.08685288119375 61.855977690846565
273.0008112836349 61.878880577574989
276.97169952197106 61.907516521056259
281.00034565973334 61.940002592447996
285.0875898049141 61.970604369653913
289.23428428515797 61.999216561567593
293.44129382550057 62.023082986657698
297.7094957286928 62.039628487186079
302.0397800581479 62.049559670087220
306.4330498235497 62.054122033215705
310.89022116916016 62.053527444707711
315.41222356486645 62.047928218731343
320.00000000000654 62.035999999999980
324.6545071800142 62.023432830613963
329.3767157259242 62.008494509677043
334.16761037677935 61.991496602643593
339.02819019498156 61.973595696278565
343.95946877463007 61.956141859288792
348.9624744528898 61.937838844524308
354.03825052443415 61.921077598321816
359.187855459007 61.907111575806582
364.4123631221491 61.895734037443489
369.71286299913527 61.888844564401040
375.0904604221685 61.892187382303064
380.54627680087896 61.903488716230392
386.08144985617537 61.924866524352794
391.6971338574982 61.965696358261702
397.3944998635236 62.018318398471465
403.1747359663683 62.091417180868092
409.0390475393468 62.181910554207285
414.9886574883323 62.290776930603869
421.0248065067734 62.415681512718507
427.1487533344206 62.551063201135932
433.3617750198154 62.692139937945853
439.6651671865984 62.833395154444190
446.06024430368984 62.974123565504023
452.54833995940066 63.112779641135234
459.13080713953053 63.249386488707557
465.8090185095106 63.381958442726329
472.58436670065066 63.508328419669041
479.45826460054917 63.626698260851995
486.432145647728 63.735482184715920
493.50746413055253 63.829526671430116
500.6856954904994 63.914285514586552
507.9683366298358 63.991663576692005
515.3569062237735 64.064416102427543
522.8529450371643 64.136369523177166
530.4580162458005 64.211194666519447
538.1737057623901 64.290435578495206
546.0016225672724 64.378090203992713
553.9433990439449 64.471306638288326
562.0006913194694 64.570708710625325
570.1751796098309 64.673707263083855
578.4685685703187 64.778203963986016
586.8825876510039 64.883532345637548
595.4189914573883 64.988069796634392
604.0795601162986 65.089395051308358
612.8660996471021 65.184594046294563
621.780442338323 65.272382836833827
630.8244471297356 65.352513132324901
640.0000000000159 65.425000000000111
649.3090143600314 65.488301297648206
658.7534314518515 65.543769902420735
668.3352207535618 65.593509625843154
678.0563803899662 65.637850892735344
687.9189375492632 65.677779803319595
697.9249489057827 65.714529816060818
708.0765010488715 65.749460103566165
718.3757109180171 65.784058631575363
728.8247262443015 65.819504069230618
739.425725998274 65.855076182094223
750.1809208443404 65.892216145008845
761.0925536017613 65.935408024673649
772.1628997123541 65.982778644914760
783.3942677149998 66.032774204717498
794.7889997270506 66.085464873714869
806.34947193274 66.140689114341569
818.0780950786972 66.197689156730561
829.9773149766683 66.256386574883351
842.0496130135506 66.316241863441050
854.2975066688449 66.375771282232748
866.7235500396347 66.435346025187499
879.3303343732008 66.494419538116716
892.1204886073838 66.552067499492736
905.0966799188055 66.608448527991641
918.2616142790653 66.663268951071530
931.6180370190256 66.717472148076098
945.1687334013056 66.770778841930053
958.9165292011028 66.823308506554184
972.8642912954606 66.876785735751781
987.0149282611097 66.933983938295285
1001.3713909810035 66.992076989989414
1015.9366732596762 67.051309137922686
1030.7138124475518 67.111406236393606
1045.7058900743334 67.172430178426978
1060.916032491606 67.234103061133652
1076.3474115247852 67.294620163794178
1092.0032451345498 67.354012169254560
1107.8867980878947 67.413508107183617
1124.0013826389438 67.473060586825042
1140.350359219667 67.532422120537149
1156.9371371406426 67.592225953238710
1173.765175302013 67.653619407382536
1190.837982914782 67.718059281427145
1208.1591202326028 67.783596700872266
1225.73219929421 67.849154545014358
1243.5608846766518 67.915032181851984
1261.648894259477 67.983265798186011
1280.0000000000375 68.052500000000123
1298.6180287200684 68.118726987875675
1317.5068629037087 68.185774020162981
1336.6704415071292 68.250345979048888
1356.112760779938 68.313060834495801
1375.8378750985323 68.374597412805443
1395.8498978115715 68.435445940880001
1416.153002097749 68.495382139486736
1436.7514218360407 68.555072766686806
1457.6494524886093 68.613918466968101
1478.8514519965543 68.673515152710138
1500.3618416886875 68.735078288232287
1522.1851072035295 68.800111619466520
1544.3257994247153 68.868409978216619
1566.788535430007 68.938380230541611
1589.5779994541087 69.010358038264059
1612.6989438654878 69.085406514756102
1636.156190157402 69.165046665550918
1659.9546299533442 69.249336667832040
1684.099226027109 69.337349120820846
1708.5950133376978 69.429504851216763
1733.4471000792773 69.525950516313941
1758.6606687464096 69.627008741860280
1784.2409772147755 69.732442465213467
1810.193359837619 69.841831447301757
1836.5232285581387 69.956893599369295
1863.2360740380593 70.076827054652028
1890.3374668026197 70.200245597955984
1917.833058402214 70.327958713322360
1945.7285825909298 70.460997196436466
1974.0298565222283 70.597804505567581
2002.7427819620161 70.737893918581165
2031.8733465193618 70.880179397944872
2061.4276248951132 71.024757424503534
2091.411780148677 71.166635366698785
2121.832064983222 71.309381697298235
2152.694823049581 71.448991962570631
2184.0064902691106 71.587527583643720
2215.7735961758003 71.719383064511987
2248.002765277899 71.846443334421735
2280.7007184393456 71.961847406771810
2313.874274281297 72.067891584939190
2347.530350604038 72.161578911570501
2381.6759658295764 72.241416175252198
2416.318240465218 72.308425096767621
2451.4643985884327 72.353805923500204
2487.1217693533167 72.384058424434542
2523.2977885189675 72.395203445921368
2560.0000000000887 72.388749999999959
2597.236057440151 72.362117590405845
2635.0137258074315 72.317731012633047
2673.340883014273 72.255278171611991
2712.225521559891 72.178085554005577
2751.6757501970797 72.083498465139684
2791.699795623158 71.976618056926895
2832.3060041955137 71.861927888042786
2873.502843672097 71.741226497420428
2915.2989049772345 71.616715241267386
2957.7029039931244 71.491353462260207
3000.723683377391 71.364946548416668
3044.370214407075 71.241554747287324
3088.6515988494466 71.121840118063346
3133.57707086003 71.006941463007166
3179.1559989082334 70.902648362390977
3225.3978877309914 70.810013907697666
3272.3123803148205 70.729915810512026
3319.9092599067053 70.663507073310086
3368.198452054235 70.612531315753898
3417.190026675413 70.578280188796327
3466.8942001585724 70.563993173995243
3517.3213374928373 70.568542827997703
3568.4819544295697 70.591382909467811
3620.386719675257 70.630440313314224
3673.0464571162966 70.681390173685600
3726.472148076138 70.742001856210607
3780.6749336052594 70.801113146942470
3835.6661168044484 70.848519736066137
3891.45716518188 70.852662130020406
3948.059713044477 70.820115664999435
4005.4855639240527 70.701946195443028
4063.746693038744 70.512513227845034
4122.855249790247 70.276507288307556
4182.823560297375 70.047928477668677
4243.664129966465 69.863233891173223
4305.389646099183 69.705525884752035
4368.012980538242 69.529629888474972
4431.5471923516225 69.272096134160861
4496.00553055582 68.914068061040140
4561.401436878714 68.442566922447583
4627.748548562617 67.901379052265668
4695.060701208099 67.327268886856757
4763.351931659176 66.747534515943755
4832.63648093046 66.168122667514410
4902.928797176889 65.592776742867187
4974.243538706657 65.022832132685068
5046.595577037959 64.469077060432880
5120.000000000202 63.934642857141426
5194.472114880326 63.434384227168174
5270.027451614888 62.985406883658101
5346.6817660285715 62.599596832117854
5424.451043119808 62.289286334178954
5503.351500394186 62.073742891927992
5583.399591246343 61.971496656198951
5664.612008391055 62.011535507342174
5747.005687344222 62.191978085754627
5830.597809954497 62.533530615292676
5915.405807986278 63.049169434850292
6001.447366754812 63.739349490635107
6088.740428814181 64.581338574957996
6177.303197698925 65.496698050502459
6267.154141720092 66.382722499097611
6358.3119978165005 67.117302904093208
6450.795775462017 67.632310425921986
6544.624760629676 67.891442207968197
6639.818519813445 67.927145184149254
6736.396904108505 67.820037015344226
6834.380053350861 67.665601820240454
6933.788400317181 67.539793511739916
7034.642674985712 67.489830334373210
7136.963908859177 67.539399577922268
7240.773439350552 67.690731409914093
7346.092914232631 67.928993899860657
7452.944296152315 68.226420952168567
7561.349867210557 68.539335872656665
7671.332233608935 68.819918072278284
7782.914330363799 69.016780469784720
7896.119426088994 69.062082060287281
8010.971127848146 68.900877954809999
8127.49338607753 68.580820742326608
8245.710499580537 68.175699787975930
8365.647120594791 67.707752246591951
8487.328259932974 67.193566090952658
8610.77929219841 66.656686918168603
8736.025961076528 66.092151906673379
8863.094384703289 65.452362365615869
8992.011061111683 64.663392305996496
9122.802873757471 63.637352164551018
9255.497097125279 62.507735138042037
9390.121402416245 61.722841540187645
9526.7038633184 61.516128004590442
9665.272961860968 61.586186157445738
9805.857594353829 61.608997018316281
9948.487077413367 61.444084269607828
10093.19115407597 61.073154183935131
10240.000000000457 60.580699999998359
10388.944229760706 60.054783485654681
10540.05490322983 59.633428844949883
10693.363532057198 59.407207362430810
10848.902086239672 59.441248078820529
11006.703000788428 59.768763633354112
11166.799182492743 60.354216607344881
11329.224016782166 61.146376062760801
11494.0113746885 61.998734385352876
11661.195619909053 62.760509241133299
11830.811615972614 63.312044561753908
12002.894733509682 63.504976210838734
12177.48085762842 63.492637442541529
12354.606395397908 63.294680988313914
12534.308283440243 63.103997509309416
12716.62399563306 63.006229760771490
12901.591550924093 63.045924045137909
13089.249521259411 63.146455100674686
13279.637039626952 63.230413796911407
13472.793808217073 63.191483742878660
13668.760106701786 62.910882347650272
13867.576800634426 62.373610891869916
14069.285349971487 61.697817882261802
14273.927817718419 61.014994181546207
14481.54687870117 60.507718975806789
14692.18582846533 60.262436136797540
14905.888592304698 60.182169814554214
15122.699734421185 60.093689966252342
15342.664467217943 59.763805938511553
15565.828660727671 59.002483886360139
15792.238852178061 57.772001773397704
16021.942255696367 56.182685628434186
16254.986772155136 54.405846615928169
16491.42099916115 52.857675297492790
16731.294241189662 50.590789642709211
16974.65651986603 47.984361646327699
17221.558584396902 45.487824281330276
17472.051922153143 43.368795226859341
17726.188769406665 41.739701027528000
17984.022122223458 40.640498006794971
18245.605747515034 40.164355978659835
18510.99419425065 40.386935848727909
18780.242804832582 40.707681025632034
19053.40772663689 40.736937411096989
19330.545923722028 41.639057955034261
19611.71518870775 42.919339008037511
19896.974154826825 43.467500000000001
20186.382308152035 43.467500000000001
