20 103.190500000000000
20.290906698750476 103.180318231604502
20.586044732869844 103.165221019731661
20.885475648548283 103.146419875591931
21.189261887185914 103.122841227699681
21.49746679841394 103.097093467620468
21.810154653305165 103.070187551797829
22.12739065777668 103.046241892277848
22.449240966187475 103.024955891893995
22.77577269513385 103.009221695250744
23.107053937445478 102.997966794995037
23.44315377638505 102.988205371023881
23.784142300054445 102.976134307997825
24.130090616010463 102.960561810685476
24.481070866093134 102.939956726252930
24.837156241469714 102.916627693925221
25.1984209978975 102.891114477652422
25.56494047120865 102.863717081524044
25.936791093020236 102.832846794661663
26.3140504066728 102.796144606425798
26.69679708340074 102.752876342700404
27.08511093873791 102.708329347409773
27.47907294916184 102.669336939358431
27.878765268980047 102.638834887757625
28.284271247461966 102.614580810142130
28.695675446220072 102.589194069657026
29.11306365684382 102.557985079913522
29.536522918790062 102.518238139364627
29.966141537533712 102.473987421634035
30.402009102982383 102.433835923803358
30.844216508158908 102.399224619355238
31.29285596815558 102.366776872348524
31.74802103936409 102.330170190614680
32.20980663898519 102.287938949379452
32.67830906482211 102.241669093517785
33.153626015361866 102.195520032602076
33.63585661014871 102.153403184408404
34.125101410453844 102.116368002678684
34.62146244024586 102.081633241862050
35.12504320746613 102.043746456987776
35.635948725613716 102.001172460871601
36.15428553564419 101.956848586077172
36.68016172818701 101.914807708657776
37.21368696608603 101.874046103611377
37.754972507267915 101.828324015290818
38.30413122794313 101.776899367889513
38.86127764614443 101.724892265971903
39.4265279456077 101.677199212338365
40.000000000000206 101.631499999999988
40.58181339750116 101.577197235224006
41.1720894657399 101.515430696443829
41.77095129709678 101.457783747474053
42.37852377437204 101.404999001644995
42.9949335968281 101.348718489688366
43.62030930661056 101.290437854193755
44.25478131555359 101.239013909246950
44.89848193237519 101.183882860526708
45.55154539026795 101.107004564171405
46.21410787489121 101.017659842418141
46.88630755277036 100.957376334135404
47.56828460010916 100.919524986242067
48.260181232021196 100.867481976797876
48.962141732186545 100.796911478004688
49.674312482939705 100.727811974242002
50.39684199579528 100.657327591470732
51.129880942417586 100.577799260439036
51.873582186040764 100.498408678802122
52.628100813345895 100.426668280484193
53.393594166801776 100.352648540796991
54.17022187747612 100.272097764328947
54.95814589832399 100.188567502795038
55.75753053796041 100.110383084083850
56.56854249492426 100.043722227890839
57.39135089244048 99.976061121465250
58.226127313687975 99.897852122808018
59.073045837580466 99.805501480784926
59.932283075067765 99.711415003280081
60.804018205965114 99.625155497123700
61.68843301631817 99.550425380229711
62.58571193631152 99.476955599068219
63.49604207872855 99.397108191875063
64.41961327797075 99.314364224899577
65.35661812964459 99.229834513943047
66.3072520307241 99.139735674973679
67.27171322029778 99.044328677970213
68.25020282090806 98.945979312267383
69.2429248804921 98.845207511950775
70.25008641493265 98.744991531336609
71.27189745122783 98.644989998505281
72.30857107128878 98.544068606084991
73.36032345637442 98.442949433372618
74.42737393217246 98.342113163409707
75.50994501453623 98.241679878712660
76.60826245588666 98.141628094511702
77.72255529228926 98.038514904056143
78.85305589121582 97.929548384440807
80.00000000000082 97.822499999999934
81.16362679500274 97.713894560952809
82.34417893148023 97.604883450055411
83.541902594194 97.497931175443895
84.75704754874454 97.387270697041828
85.98986719365665 97.273024609984262
87.24061861322157 97.162245699888956
88.50956263110764 97.044521424083314
89.79696386475084 96.912777364507150
91.10309078053635 96.775255933866404
92.42821574978288 96.681859230339541
93.77261510554118 96.588896080625432
95.13656920021877 96.446684469689842
96.52036246404286 96.315029695186198
97.92428346437356 96.197841999176745
99.34862496587989 96.092724808035726
100.79368399159105 95.985444577969616
102.25976188483567 95.875017858637321
103.74716437208203 95.765864348483618
105.25620162669229 95.664149642852081
106.78718833360406 95.566382342760534
108.34044375495276 95.466371155928073
109.9162917966485 95.371099497378538
111.51506107592134 95.282978833820167
113.13708498984903 95.194144573375723
114.78270178488147 95.103860890560782
116.45225462737648 95.027308569292188
118.14609167516147 94.957600139349353
119.86456615013608 94.888200155244618
121.60803641193078 94.817458494716391
123.3768660326369 94.739868795080824
125.17142387262359 94.661243056058936
126.99208415745765 94.582856212914407
128.83922655594208 94.497816572854731
130.71323625928977 94.409202685453579
132.61450406144883 94.318350179035093
134.5434264405962 94.225415530851393
136.50040564181674 94.131480529192800
138.48584976098482 94.035936286592232
140.50017282986593 93.937241272091768
142.5437949024563 93.834038357425953
144.61714214257822 93.729334321799797
146.7206469127495 93.632570888926267
148.8547478643456 93.546019581154866
151.01989002907314 93.471087387104546
153.216524911774 93.410166366888035
155.4451105845792 93.367904982621866
157.70611178243232 93.349577112990815
160.00000000000236 93.356000000000037
162.3272535900062 93.390443353132099
164.6883578629612 93.456900049598460
167.08380518838874 93.548935446497865
169.51409509748981 93.665399116835488
171.97973438731407 93.802344860076900
174.4812372264439 93.940175552563844
177.01912526221608 94.071071563320572
179.5939277295025 94.196846102107926
182.20618156107355 94.311365807126165
184.85643149956664 94.405532529885008
187.54523021108326 94.478467926517183
190.27313840043846 94.535752608167627
193.04072492808663 94.581204989108272
195.84856692874806 94.611779395272734
198.69724993176072 94.629028449713388
201.58736798318304 94.636616490644244
204.5195237696723 94.636220714345484
207.49432874416505 94.629766068558197
210.5124032533856 94.618946252568662
213.57437666720915 94.604234522497151
216.68088750990657 94.585579564001819
219.83258359329807 94.567420790236866
223.03012215184378 94.552106919778737
226.2741699796992 94.536887206761406
229.5654035697641 94.520245414889558
232.90450925475412 94.500088859595678
236.2921833503241 94.477783422816842
239.72913230027333 94.457591347735885
243.21607282386276 94.441716736013490
246.75373206527502 94.428892721263367
250.34284774524843 94.418014312732396
253.9841683149166 94.407545516094615
257.67845311188546 94.400602900415208
261.42647251858085 94.396573527481422
265.22900812289896 94.392971373984636
269.08685288119375 94.392514475480198
273.0008112836349 94.393125101410448
276.97169952197106 94.392892687798764
281.00034565973334 94.389999654340272
285.0875898049141 94.385894892234106
289.23428428515797 94.380918858857797
293.44129382550057 94.372429153583909
297.7094957286928 94.359787714522440
302.0397800581479 94.343585907260135
306.4330498235497 94.322523734274398
310.89022116916016 94.297131228277323
315.41222356486645 94.268031990332958
320.00000000000654 94.234999999999957
324.6545071800142 94.200556646867895
329.3767157259242 94.166049975200764
334.16761037677935 94.128575878023440
339.02819019498156 94.088968840401151
343.95946877463007 94.044572887273404
348.9624744528898 93.998148987588124
354.03825052443415 93.952963395384984
359.187855459007 93.907646871960736
364.4123631221491 93.860788731900669
369.71286299913527 93.794704067311159
375.0904604221685 93.724647087448119
380.54627680087896 93.673206533020277
386.08144985617537 93.633378720920476
391.6971338574982 93.609885748034372
397.3944998635236 93.583133000818862
403.1747359663683 93.552420004159757
409.0390475393468 93.529882857381949
414.9886574883323 93.517513232930270
421.0248065067734 93.518321152152538
427.1487533344206 93.531162511114729
433.3617750198154 93.554627987589171
439.6651671865984 93.588133217628126
446.06024430368984 93.632138580378907
452.54833995940066 93.685170557646785
459.13080713953053 93.748103129048133
465.8090185095106 93.817629530768116
472.58436670065066 93.889790759885500
479.45826460054917 93.963267120720161
486.432145647728 94.040140031254566
493.50746413055253 94.119011743169011
500.6856954904994 94.195399810873155
507.9683366298358 94.268681387337722
515.3569062237735 94.339788635919064
522.8529450371643 94.408516578140009
530.4580162458005 94.475164129966402
538.1737057623901 94.536777978109015
546.0016225672724 94.593582091156364
553.9433990439449 94.643688694741698
562.0006913194694 94.685102799843847
570.1751796098309 94.717946708005059
578.4685685703187 94.739094849854311
586.8825876510039 94.753668010859059
595.4189914573883 94.761209495728693
604.0795601162986 94.762480109970923
612.8660996471021 94.758719371630221
621.780442338323 94.751203874971566
630.8244471297356 94.741969441087832
640.0000000000159 94.730499999999978
649.3090143600314 94.717932830613961
658.7534314518515 94.704745195967405
668.3352207535618 94.692580974058046
678.0563803899662 94.682443619610041
687.9189375492632 94.676540531225371
697.9249489057827 94.674311257664129
708.0765010488715 94.676422950314659
718.3757109180171 94.682862997642616
728.8247262443015 94.693707198868736
739.425725998274 94.708667302697506
750.1809208443404 94.725824149846105
761.0925536017613 94.745374158536492
772.1628997123541 94.766544037908375
783.3942677149998 94.790079961232308
794.7889997270506 94.816123874351746
806.34947193274 94.844902802492911
818.0780950786972 94.877032966573168
829.9773149766683 94.913080556078455
842.0496130135506 94.953173645547423
854.2975066688449 94.997294712786044
866.7235500396347 95.045939225163110
879.3303343732008 95.100352571554055
892.1204886073838 95.164738589619134
905.0966799188055 95.237929526165971
918.2616142790653 95.325535456545595
931.6180370190256 95.428726075349630
945.1687334013056 95.545719903386697
958.9165292011028 95.672592461260336
972.8642912954606 95.804710767306887
987.0149282611097 95.934058579600844
1001.3713909810035 96.056742562684519
1015.9366732596762 96.170150380143696
1030.7138124475518 96.274818234020969
1045.7058900743334 96.375428358288701
1060.916032491606 96.472709935864344
1076.3474115247852 96.568853951453661
1092.0032451345498 96.665895079270030
1107.8867980878947 96.764225102403344
1124.0013826389438 96.864619791011137
1140.350359219667 96.967385608391226
1156.9371371406426 97.072487755959997
1173.765175302013 97.179363316006715
1190.837982914782 97.289321620701003
1208.1591202326028 97.401034281511926
1225.73219929421 97.515532257283525
1243.5608846766518 97.632288021769156
1261.648894259477 97.751382702112551
1280.0000000000375 97.873500000000263
1298.6180287200684 97.999038707941025
1317.5068629037087 98.126546667745231
1336.6704415071292 98.258109285361513
1356.112760779938 98.393386506440066
1375.8378750985323 98.530969178812256
1395.8498978115715 98.672138027016871
1416.153002097749 98.816455531595651
1436.7514218360407 98.962935095035888
1457.6494524886093 99.111923068868208
1478.8514519965543 99.264230454375195
1500.3618416886875 99.419119733826093
1522.1851072035295 99.577120176153556
1544.3257994247153 99.738578335800412
1566.788535430007 99.903563620764857
1589.5779994541087 100.072168755949491
1612.6989438654878 100.244742078991152
1636.156190157402 100.421340797589963
1659.9546299533442 100.602252465442618
1684.099226027109 100.787564040408739
1708.5950133376978 100.976697303500544
1733.4471000792773 101.169887380618363
1758.6606687464096 101.366899642971845
1784.2409772147755 101.567449261363834
1810.193359837619 101.770915941126930
1836.5232285581387 101.976881182753473
1863.2360740380593 102.184447213054568
1890.3374668026197 102.393291745044110
1917.833058402214 102.602317921520736
1945.7285825909298 102.810306082824695
1974.0298565222283 103.016456758351381
2002.7427819620161 103.217605204309010
2031.8733465193618 103.414551862607908
2061.4276248951132 103.604184718111924
2091.411780148677 103.786000087509180
2121.832064983222 103.957801547660239
2152.694823049581 104.117045947654816
2184.0064902691106 104.268028394927356
2215.7735961758003 104.400108534942206
2248.002765277899 104.522309263680967
2280.7007184393456 104.626853738166773
2313.874274281297 104.716029496179800
2347.530350604038 104.789476356187947
2381.6759658295764 104.845701100025764
2416.318240465218 104.889090211139631
2451.4643985884327 104.916146944135420
2487.1217693533167 104.930924353870665
2523.2977885189675 104.930587776435132
2560.0000000000887 104.919499999999957
2597.236057440151 104.898219309073895
2635.0137258074315 104.867736960482944
2673.340883014273 104.827825028684302
2712.225521559891 104.782088523409470
2751.6757501970797 104.729341790356472
2791.699795623158 104.672035296346422
2832.3060041955137 104.610894873622811
2873.502843672097 104.546630478561369
2915.2989049772345 104.480327730135969
2957.7029039931244 104.413406440730796
3000.723683377391 104.345941613060575
3044.370214407075 104.282454536736878
3088.6515988494466 104.223918646423812
3133.57707086003 104.171859935439727
3179.1559989082334 104.128342720960745
3225.3978877309914 104.093745351852164
3272.3123803148205 104.069298171677218
3319.9092599067053 104.055115425815856
3368.198452054235 104.050181984520549
3417.190026675413 104.052906603734556
3466.8942001585724 104.060878840031705
3517.3213374928373 104.070444627373789
3568.4819544295697 104.077108917265775
3620.386719675257 104.076553593638977
3673.0464571162966 104.064472810866974
3726.472148076138 104.036498939308231
3780.6749336052594 103.986538466365602
3835.6661168044484 103.917620890776789
3891.45716518188 103.814257807470312
3948.059713044477 103.688317138476037
4005.4855639240527 103.522849082658226
4063.746693038744 103.322638117612982
4122.855249790247 103.086770344685135
4182.823560297375 102.818265395982053
4243.664129966465 102.522319482091689
4305.389646099183 102.209012804894172
4368.012980538242 101.886733150228054
4431.5471923516225 101.568324415439378
4496.00553055582 101.260440442614481
4561.401436878714 100.971765475788175
4627.748548562617 100.698909803081847
4695.060701208099 100.440167829092843
4763.351931659176 100.188433046026972
4832.63648093046 99.940019587124780
4902.928797176889 99.695601266822095
4974.243538706657 99.455781685090585
5046.595577037959 99.227718600608284
5120.000000000202 99.013857142856580
5194.472114880326 98.822178634470077
5270.027451614888 98.659632425197628
5346.6817660285715 98.529185589919464
5424.451043119808 98.435818986683614
5503.351500394186 98.385848578385605
5583.399591246343 98.383943711679336
5664.612008391055 98.435574306503071
5747.005687344222 98.534448644763216
5830.597809954497 98.683233116198522
5915.405807986278 98.882291697960540
6001.447366754812 99.130393908839693
6088.740428814181 99.428714176418794
6177.303197698925 99.767407813636410
6267.154141720092 100.135663255067143
6358.3119978165005 100.518785070796554
6450.795775462017 100.899460953989234
6544.624760629676 101.259541633479429
6639.818519813445 101.580849207633804
6736.396904108505 101.848668755613900
6834.380053350861 102.054570888562424
6933.788400317181 102.197457342318756
7034.642674985712 102.278030283369219
7136.963908859177 102.299325052759713
7240.773439350552 102.265832069192925
7346.092914232631 102.185059408623189
7452.944296152315 102.063672415001989
7561.349867210557 101.902550841336137
7671.332233608935 101.706507281127131
7782.914330363799 101.478569350259775
7896.119426088994 101.220604420429737
8010.971127848146 100.933603676613814
8127.49338607753 100.613472248169444
8245.710499580537 100.250181964750595
8365.647120594791 99.837127840712640
8487.328259932974 99.385019025251353
8610.77929219841 98.911461305420289
8736.025961076528 98.439563884873678
8863.094384703289 97.988617841510347
8992.011061111683 97.571357532201858
9122.802873757471 97.202945587520986
9255.497097125279 96.895520654449498
9390.121402416245 96.656721729449487
9526.7038633184 96.498750965191320
9665.272961860968 96.425927943155571
9805.857594353829 96.443643634078285
9948.487077413367 96.556335785154715
10093.19115407597 96.772356873469903
10240.000000000457 97.076800000001057
10388.944229760706 97.459914289805369
10540.05490322983 97.912546229448026
10693.363532057198 98.425338726879616
10848.902086239672 98.989267392707589
11006.703000788428 99.572967656039708
11166.799182492743 100.143034287421074
11329.224016782166 100.649543695163871
11494.0113746885 101.070926730517982
11661.195619909053 101.285761817523095
11830.811615972614 101.343880749010054
12002.894733509682 101.184042007143887
12177.48085762842 100.900234029658463
12354.606395397908 100.469484011505216
12534.308283440243 100.009673427461010
12716.62399563306 99.599748168340852
12901.591550924093 99.389849355324984
13089.249521259411 99.296288452972092
13279.637039626952 99.427340133624568
13472.793808217073 99.797532303830280
13668.760106701786 100.318201007567893
13867.576800634426 100.850912989449654
14069.285349971487 101.171398715409310
14273.927817718419 101.224264686243927
14481.54687870117 100.829781398070423
14692.18582846533 100.075990576393622
14905.888592304698 99.245740060396443
15122.699734421185 98.530440743620687
15342.664467217943 98.103389675979940
15565.828660727671 97.998903906610281
15792.238852178061 97.939275111502951
16021.942255696367 97.332231818080245
16254.986772155136 96.245127912006254
16491.42099916115 94.852530314940822
16731.294241189662 93.419323026168200
16974.65651986603 92.090310975365853
17221.558584396902 91.213437445283148
17472.051922153143 90.320001287937288
17726.188769406665 88.794963130276841
17984.022122223458 86.482635590655235
18245.605747515034 83.965395747974952
18510.99419425065 81.787296881264709
18780.242804832582 79.785985151086521
19053.40772663689 77.642563216918859
19330.545923722028 75.929377388909785
19611.71518870775 76.477065598892054
19896.974154826825 78.510393994370673
20186.382308152035 79.212000000000003
