20 70.061499999999995
20.290906698750476 70.089621074616133
20.586044732869844 70.116244030144856
20.885475648548283 70.146999150349984
21.189261887185914 70.185139716911152
21.49746679841394 70.230241890114826
21.810154653305165 70.277421784353805
22.12739065777668 70.319446117255424
22.449240966187475 70.356849604181207
22.77577269513385 70.384177749759971
23.107053937445478 70.406101681481417
23.44315377638505 70.428497981941632
23.784142300054445 70.458414230005445
24.130090616010463 70.496695018038054
24.481070866093134 70.543170918400591
24.837156241469714 70.590144462331921
25.1984209978975 70.629846047295004
25.56494047120865 70.660014981327009
25.936791093020236 70.681326602669174
26.3140504066728 70.699012406363863
26.69679708340074 70.720053821358292
27.08511093873791 70.746074756924926
27.47907294916184 70.775779289321804
27.878765268980047 70.803119742483702
28.284271247461966 70.824076477383244
28.695675446220072 70.841827017848800
29.11306365684382 70.859766246499021
29.536522918790062 70.881727898046194
29.966141537533712 70.907934633789552
30.402009102982383 70.933090409332834
30.844216508158908 70.951006745896819
31.29285596815558 70.964544609084470
31.74802103936409 70.979676778456465
32.20980663898519 70.998651105393321
32.67830906482211 71.019132362592885
33.153626015361866 71.035687024368684
33.63585661014871 71.046309562372528
34.125101410453844 71.055627535261351
34.62146244024586 71.069372647848851
35.12504320746613 71.087876685091175
35.635948725613716 71.106442513042794
36.15428553564419 71.119777139641599
36.68016172818701 71.127801617281875
37.21368696608603 71.133350556626951
37.754972507267915 71.140870951023231
38.30413122794313 71.150999125470634
38.86127764614443 71.164027931044316
39.4265279456077 71.176392796801167
40.000000000000206 71.183500000000009
40.58181339750116 71.183015153885933
41.1720894657399 71.179186075964680
41.77095129709678 71.176145238998657
42.37852377437204 71.178892619739543
42.9949335968281 71.185274244543820
43.62030930661056 71.194304630575999
44.25478131555359 71.199066439790784
44.89848193237519 71.197507592030092
45.55154539026795 71.192426363833391
46.21410787489121 71.191582290377838
46.88630755277036 71.195369893269174
47.56828460010916 71.197951225355311
48.260181232021196 71.197439819767965
48.962141732186545 71.196812756887368
49.674312482939705 71.194442664520167
50.39684199579528 71.188279601638925
51.129880942417586 71.183557481510974
51.873582186040764 71.181165779813028
52.628100813345895 71.173310932055131
53.393594166801776 71.157660133530129
54.17022187747612 71.141946664771197
54.95814589832399 71.141908699041039
55.75753053796041 71.149726845951932
56.56854249492426 71.131532470182719
57.39135089244048 71.111108113844494
58.226127313687975 71.105874336793732
59.073045837580466 71.112356468654440
59.932283075067765 71.093023630810961
60.804018205965114 71.076956937140466
61.68843301631817 71.066404319154316
62.58571193631152 71.047151866356074
63.49604207872855 71.019626653480685
64.41961327797075 70.994478314523633
65.35661812964459 70.971658074240310
66.3072520307241 70.943167935016831
67.27171322029778 70.912712746780926
68.25020282090806 70.882993915372765
69.2429248804921 70.854912727748683
70.25008641493265 70.830872710004286
71.27189745122783 70.804338512444929
72.30857107128878 70.779711436431654
73.36032345637442 70.758554662969829
74.42737393217246 70.743298886746118
75.50994501453623 70.730625671382484
76.60826245588666 70.716033057106912
77.72255529228926 70.699490482335861
78.85305589121582 70.681593677509255
80.00000000000082 70.661999999999978
81.16362679500274 70.643091017308748
82.34417893148023 70.622696896885387
83.541902594194 70.597559072834883
84.75704754874454 70.573257830731663
85.98986719365665 70.551177280804211
87.24061861322157 70.527488092080915
88.50956263110764 70.499757746678611
89.79696386475084 70.467143582092973
91.10309078053635 70.432124550005184
92.42821574978288 70.395015476220379
93.77261510554118 70.354821634937679
95.13656920021877 70.312004585920931
96.52036246404286 70.266649755046870
97.92428346437356 70.220966040872156
99.34862496587989 70.172112404017867
100.79368399159105 70.119133692311138
102.25976188483567 70.065142064222698
103.74716437208203 70.008913999923948
105.25620162669229 69.946843907662128
106.78718833360406 69.875902979431004
108.34044375495276 69.795116037232546
109.9162917966485 69.709962912822334
111.51506107592134 69.619730332751246
113.13708498984903 69.528328716960530
114.78270178488147 69.437860890560785
116.45225462737648 69.356357694493113
118.14609167516147 69.279105841690836
119.86456615013608 69.215654427652225
121.60803641193078 69.153578719188516
123.3768660326369 69.096399200775267
125.17142387262359 69.031757327676814
126.99208415745765 68.961784970331536
128.83922655594208 68.909674584945094
130.71323625928977 68.874336116253389
132.61450406144883 68.858421756092184
134.5434264405962 68.867564543727752
136.50040564181674 68.899885850918594
138.48584976098482 68.953117943546587
140.50017282986593 69.008171563512860
142.5437949024563 69.066074188902917
144.61714214257822 69.124279979992195
146.7206469127495 69.178360302201298
148.8547478643456 69.226991604296998
151.01989002907314 69.265982438412834
153.216524911774 69.292588894311848
155.4451105845792 69.306054889415421
157.70611178243232 69.301773992749730
160.00000000000236 69.276999999999958
162.3272535900062 69.229524026763869
164.6883578629612 69.166476666127451
167.08380518838874 69.095485844348332
169.51409509748981 69.018951775899836
171.97973438731407 68.944899862135500
174.4812372264439 68.880365316784179
177.01912526221608 68.833578695594781
179.5939277295025 68.795347440695167
182.20618156107355 68.760819639706057
184.85643149956664 68.746160415101997
187.54523021108326 68.737601974142478
190.27313840043846 68.712121434713779
193.04072492808663 68.670766951294439
195.84856692874806 68.619716655125288
198.69724993176072 68.566731151269252
201.58736798318304 68.511017201666874
204.5195237696723 68.449063969143978
207.49432874416505 68.380136110140043
210.5124032533856 68.308962657963235
213.57437666720915 68.236321365820174
216.68088750990657 68.157302257558655
219.83258359329807 68.075852826574248
223.03012215184378 67.995368180934918
226.2741699796992 67.915282835497365
229.5654035697641 67.836357881587290
232.90450925475412 67.758712202264860
236.2921833503241 67.683827626724408
239.72913230027333 67.611222080156722
243.21607282386276 67.540786579934675
246.75373206527502 67.471802224727142
250.34284774524843 67.400471621222408
253.9841683149166 67.325824549544208
257.67845311188546 67.246873064733450
261.42647251858085 67.163760986461568
265.22900812289896 67.078232813173315
269.08685288119375 66.989444481811745
273.0008112836349 66.895980123550942
276.97169952197106 66.798450436831217
281.00034565973334 66.698791462204582
285.0875898049141 66.597827772838130
289.23428428515797 66.494989749728092
293.44129382550057 66.389623524979925
297.7094957286928 66.281678808491193
302.0397800581479 66.171230636009966
306.4330498235497 66.059362737803411
310.89022116916016 65.946771915478706
315.41222356486645 65.832529521452400
320.00000000000654 65.715999999999838
324.6545071800142 65.601033672653642
329.3767157259242 65.487458822577821
334.16761037677935 65.372060589919613
339.02819019498156 65.256934711398429
343.95946877463007 65.141744377551120
348.9624744528898 65.025174345247677
354.03825052443415 64.905697287623354
359.187855459007 64.782072683437946
364.4123631221491 64.652632158258484
369.71286299913527 64.515936848322411
375.0904604221685 64.377167413399803
380.54627680087896 64.236485291063047
386.08144985617537 64.096147463624391
391.6971338574982 63.964085208679258
397.3944998635236 63.842483402565755
403.1747359663683 63.754609484411986
409.0390475393468 63.716454444537433
414.9886574883323 63.748116725487904
421.0248065067734 63.840323150805816
427.1487533344206 63.956005376131863
433.3617750198154 64.068469287826957
439.6651671865984 64.162385697086762
446.06024430368984 64.233466893353594
452.54833995940066 64.273938525841658
459.13080713953053 64.286155518875404
465.8090185095106 64.279747126562739
472.58436670065066 64.256989987961731
479.45826460054917 64.226164019411655
486.432145647728 64.192725700890904
493.50746413055253 64.161181230278999
500.6856954904994 64.130928641910629
507.9683366298358 64.103618737638115
515.3569062237735 64.086117600474523
522.8529450371643 64.079106618129643
530.4580162458005 64.080830154445508
538.1737057623901 64.094996302178259
546.0016225672724 64.118148767923643
553.9433990439449 64.148259445936759
562.0006913194694 64.183003110937605
570.1751796098309 64.219718236400311
578.4685685703187 64.253721131138306
586.8825876510039 64.284089056778498
595.4189914573883 64.308276529070596
604.0795601162986 64.325364367667177
612.8660996471021 64.334475785462217
621.780442338323 64.340843173098804
630.8244471297356 64.342035890634321
640.0000000000159 64.348000000000013
649.3090143600314 64.357309014360027
658.7534314518515 64.372880833468145
668.3352207535618 64.388753114243372
678.0563803899662 64.404390208623937
687.9189375492632 64.420962193833759
697.9249489057827 64.439161155475688
708.0765010488715 64.457537701887972
718.3757109180171 64.473982351922928
728.8247262443015 64.490178325678670
739.425725998274 64.506609875297329
750.1809208443404 64.523301534740568
761.0925536017613 64.541487589336271
772.1628997123541 64.560589634117548
783.3942677149998 64.579705683825381
794.7889997270506 64.599663624510953
806.34947193274 64.619847014551766
818.0780950786972 64.640954871494472
829.9773149766683 64.664337500336160
842.0496130135506 64.689942895404926
854.2975066688449 64.717706578338507
866.7235500396347 64.748172225102138
879.3303343732008 64.781624936244953
892.1204886073838 64.819573514682887
905.0966799188055 64.861201294725959
918.2616142790653 64.907619806568860
931.6180370190256 64.958463068305406
945.1687334013056 65.013071025280382
958.9165292011028 65.070895249104694
972.8642912954606 65.129964309326951
987.0149282611097 65.194453515051293
1001.3713909810035 65.264719815806913
1015.9366732596762 65.335902364320475
1030.7138124475518 65.405237649315680
1045.7058900743334 65.472856650945573
1060.916032491606 65.538255733215578
1076.3474115247852 65.601165077511666
1092.0032451345498 65.660511357970933
1107.8867980878947 65.715497322493675
1124.0013826389438 65.765670699363582
1140.350359219667 65.812669692951630
1156.9371371406426 65.854396869605154
1173.765175302013 65.893861320973159
1190.837982914782 65.928759120332842
1208.1591202326028 65.962586906154570
1225.73219929421 65.995645512974960
1243.5608846766518 66.028979497982377
1261.648894259477 66.065186084994266
1280.0000000000375 66.105500000000092
1298.6180287200684 66.155236733866474
1317.5068629037087 66.206771275001500
1336.6704415071292 66.269929218011214
1356.112760779938 66.342228490963763
1375.8378750985323 66.424706916046233
1395.8498978115715 66.516202024823798
1416.153002097749 66.618418744101774
1436.7514218360407 66.726970391190022
1457.6494524886093 66.845478780633016
1478.8514519965543 66.971224944298783
1500.3618416886875 67.103823023641382
1522.1851072035295 67.243928388246658
1544.3257994247153 67.389936792191605
1566.788535430007 67.541326270215450
1589.5779994541087 67.697296636244261
1612.6989438654878 67.857892607058417
1636.156190157402 68.022093331101814
1659.9546299533442 68.189279687470616
1684.099226027109 68.359922520271937
1708.5950133376978 68.533180794164139
1733.4471000792773 68.710157004573972
1758.6606687464096 68.892703241724007
1784.2409772147755 69.078089494579274
1810.193359837619 69.267319261208129
1836.5232285581387 69.460580497616746
1863.2360740380593 69.656917504920116
1890.3374668026197 69.856997254339390
1917.833058402214 70.060107971008335
1945.7285825909298 70.265562367869251
1974.0298565222283 70.470495564090498
2002.7427819620161 70.672788056439799
2031.8733465193618 70.871832864585798
2061.4276248951132 71.065922655594449
2091.411780148677 71.252923621553776
2121.832064983222 71.433942770404371
2152.694823049581 71.606528100332099
2184.0064902691106 71.776034073912825
2215.7735961758003 71.941628360209762
2248.002765277899 72.107947482338574
2280.7007184393456 72.273825246889402
2313.874274281297 72.435671564931482
2347.530350604038 72.588841370147705
2381.6759658295764 72.728307216308224
2416.318240465218 72.854938076232898
2451.4643985884327 72.964319975835878
2487.1217693533167 73.062089786205860
2523.2977885189675 73.144299022959288
2560.0000000000887 73.215250000000168
2597.236057440151 73.275923184724235
2635.0137258074315 73.328517386022753
2673.340883014273 73.372591449240332
2712.225521559891 73.411243820122564
2751.6757501970797 73.444236547035132
2791.699795623158 73.473586104381496
2832.3060041955137 73.499852782643174
2873.502843672097 73.525571763076698
2915.2989049772345 73.551332332036111
2957.7029039931244 73.577815003755262
3000.723683377391 73.607560854617475
3044.370214407075 73.642006029873158
3088.6515988494466 73.684617888820696
3133.57707086003 73.733908344874777
3179.1559989082334 73.790902798580703
3225.3978877309914 73.856096831596489
3272.3123803148205 73.931154170338345
3319.9092599067053 74.014933945629267
3368.198452054235 74.103121182738704
3417.190026675413 74.190566845881705
3466.8942001585724 74.275213314264818
3517.3213374928373 74.356482006239247
3568.4819544295697 74.424906052151044
3620.386719675257 74.471659102182429
3673.0464571162966 74.490347677144186
3726.472148076138 74.465439788212251
3780.6749336052594 74.381397279440620
3835.6661168044484 74.248018508705087
3891.45716518188 74.032285430927544
3948.059713044477 73.766607221897488
4005.4855639240527 73.422243878349150
4063.746693038744 73.023899802209428
4122.855249790247 72.579419732908804
4182.823560297375 72.105173705362901
4243.664129966465 71.624098629479448
4305.389646099183 71.152115528877886
4368.012980538242 70.708008487205404
4431.5471923516225 70.311967784617423
4496.00553055582 69.966404390091213
4561.401436878714 69.686246481603291
4627.748548562617 69.466290910877859
4695.060701208099 69.325534734987485
4763.351931659176 69.262193531629720
4832.63648093046 69.289949262158473
4902.928797176889 69.438111866260016
4974.243538706657 69.694742295954399
5046.595577037959 70.096810132922371
5120.000000000202 70.623500000001627
5194.472114880326 71.279949590057910
5270.027451614888 72.021463217157049
5346.6817660285715 72.754014574726597
5424.451043119808 73.361409526156990
5503.351500394186 73.695078829765251
5583.399591246343 73.653174345247521
5664.612008391055 73.243266309905408
5747.005687344222 72.637387254745249
5830.597809954497 71.931806659187686
5915.405807986278 71.226651078981405
6001.447366754812 70.592842937597780
6088.740428814181 70.081982416207737
6177.303197698925 69.698743785213054
6267.154141720092 69.439366620500778
6358.3119978165005 69.303813322216257
6450.795775462017 69.276738732638606
6544.624760629676 69.357321521928782
6639.818519813445 69.539143577330805
6736.396904108505 69.811883675201869
6834.380053350861 70.168568124340368
6933.788400317181 70.607529031530404
7034.642674985712 71.104370495926844
7136.963908859177 71.629733769713354
7240.773439350552 72.149489305702133
7346.092914232631 72.609918648937963
7452.944296152315 72.948242968534686
7561.349867210557 73.096719929178960
7671.332233608935 73.044288972883891
7782.914330363799 72.805357212546298
7896.119426088994 72.409350646440473
8010.971127848146 71.909118551244518
8127.49338607753 71.363425189014009
8245.710499580537 70.810078161578787
8365.647120594791 70.275815109970864
8487.328259932974 69.772848536440904
8610.77929219841 69.313424520786697
8736.025961076528 68.906878163465763
8863.094384703289 68.556688450825519
8992.011061111683 68.263188150869070
9122.802873757471 68.025075976739544
9255.497097125279 67.841481760193460
9390.121402416245 67.710595848590515
9526.7038633184 67.644163411959624
9665.272961860968 67.657417593495779
9805.857594353829 67.757224658578323
9948.487077413367 67.947791500796725
10093.19115407597 68.232171618443587
10240.000000000457 68.587900000001184
10388.944229760706 69.001438266306053
10540.05490322983 69.475303778642129
10693.363532057198 70.009720833141145
10848.902086239672 70.606822587888303
11006.703000788428 71.266489115880375
11166.799182492743 71.975977746869106
11329.224016782166 72.692649851432833
11494.0113746885 73.357294076917952
11661.195619909053 73.824154308431503
11830.811615972614 74.122165559375134
12002.894733509682 74.181732792368734
12177.48085762842 74.128494038473775
12354.606395397908 73.979403459259444
12534.308283440243 73.845574580169483
12716.62399563306 73.777618080713268
12901.591550924093 73.691869998843899
13089.249521259411 73.558632839905812
13279.637039626952 73.128283972319650
13472.793808217073 72.241351224944850
13668.760106701786 70.829895360224015
13867.576800634426 69.005665441725526
14069.285349971487 67.051877196431732
14273.927817718419 65.149384387944437
14481.54687870117 63.415592391469886
14692.18582846533 61.788397209043197
14905.888592304698 60.249226750467187
15122.699734421185 58.849838397722152
15342.664467217943 57.637727925878387
15565.828660727671 56.649073058167332
15792.238852178061 55.919451550391798
16021.942255696367 55.500864095017661
16254.986772155136 55.430386427980451
16491.42099916115 55.851712220505163
16731.294241189662 56.384636511782460
16974.65651986603 56.107937054829975
17221.558584396902 54.441771936007598
17472.051922153143 51.904063544302140
17726.188769406665 49.370374050257581
17984.022122223458 47.485580126813517
18245.605747515034 46.921576636067371
18510.99419425065 48.162448691609455
18780.242804832582 50.642854991277559
19053.40772663689 53.068325193125801
19330.545923722028 54.587466107590203
19611.71518870775 55.134707822276582
19896.974154826825 55.195000000000000
20186.382308152035 55.195000000000000
