20 69.353000000000009
20.290906698750476 69.325008977439822
20.586044732869844 69.300497531463705
20.885475648548283 69.283985918299550
21.189261887185914 69.274992772593890
21.49746679841394 69.266472409678414
21.810154653305165 69.247981948983295
22.12739065777668 69.210938732243108
22.449240966187475 69.160462418117561
22.77577269513385 69.109535451217653
23.107053937445478 69.075498796039170
23.44315377638505 69.068005636964259
23.784142300054445 69.080504318354258
24.130090616010463 69.090996256603546
24.481070866093134 69.076490644083208
24.837156241469714 69.029472517082198
25.1984209978975 68.965943216904833
25.56494047120865 68.916508029087666
25.936791093020236 68.904506738934828
26.3140504066728 68.924002566397178
26.69679708340074 68.943489668737115
27.08511093873791 68.926481697923947
27.47907294916184 68.861483312879230
27.878765268980047 68.770053694720815
28.284271247461966 68.692474323662580
28.695675446220072 68.653530722323836
29.11306365684382 68.646999924932970
29.536522918790062 68.646500562595776
29.966141537533712 68.630491397374669
30.402009102982383 68.603999485125428
30.844216508158908 68.578990114883609
31.29285596815558 68.558506576064161
31.74802103936409 68.529497905171553
32.20980663898519 68.483519252395411
32.67830906482211 68.430473378870374
33.153626015361866 68.389532212962536
33.63585661014871 68.366506842254310
34.125101410453844 68.348994990814276
34.62146244024586 68.324473850105150
35.12504320746613 68.295997759299695
35.635948725613716 68.269502659043525
36.15428553564419 68.238976114889084
36.68016172818701 68.194984099756894
37.21368696608603 68.142530775806136
37.754972507267915 68.103501981915997
38.30413122794313 68.087996819430458
38.86127764614443 68.074483566880147
39.4265279456077 68.041027939615091
40.000000000000206 67.984499999999969
40.58181339750116 67.920520519862407
41.1720894657399 67.861992681433634
41.77095129709678 67.813003984043831
42.37852377437204 67.770533288798006
42.9949335968281 67.728004581387665
43.62030930661056 67.683979054827944
44.25478131555359 67.641014808553052
44.89848193237519 67.596463155017176
45.55154539026795 67.546534756095724
46.21410787489121 67.500493659139579
46.88630755277036 67.460977677621514
47.56828460010916 67.411477585685049
48.260181232021196 67.356992642289740
48.962141732186545 67.328497710786309
49.674312482939705 67.316980118651145
50.39684199579528 67.271010052826298
51.129880942417586 67.181514537044507
51.873582186040764 67.104543241498476
52.628100813345895 67.064995064620788
53.393594166801776 67.027519867813226
54.17022187747612 66.963482120279522
54.95814589832399 66.899992522710903
55.75753053796041 66.859024059929538
56.56854249492426 66.804031026854702
57.39135089244048 66.714474786171934
58.226127313687975 66.654494438481152
59.073045837580466 66.617496638221695
59.932283075067765 66.554492533570453
60.804018205965114 66.531499526315372
61.68843301631817 66.508457084128821
62.58571193631152 66.419528549741955
63.49604207872855 66.360494557999928
64.41961327797075 66.241050014374991
65.35661812964459 66.130045237576795
66.3072520307241 66.159477669816681
67.27171322029778 66.074025408978798
68.25020282090806 66.016501021253305
69.2429248804921 66.021499621754742
70.25008641493265 65.946999027620620
71.27189745122783 65.935501153924548
72.30857107128878 65.924504549870619
73.36032345637442 65.844461045788080
74.42737393217246 65.715984290014916
75.50994501453623 65.670502310100275
76.60826245588666 65.617484229108157
77.72255529228926 65.550526722346746
78.85305589121582 65.467996783940492
80.00000000000082 65.401999999999958
81.16362679500274 65.346517794568172
82.34417893148023 65.261988723433433
83.541902594194 65.186506138679761
84.75704754874454 65.109497358403075
85.98986719365665 65.041007378130189
87.24061861322157 64.995513871381632
88.50956263110764 64.927523436630949
89.79696386475084 64.850502161937982
91.10309078053635 64.759494279113369
92.42821574978288 64.675995508554706
93.77261510554118 64.648008012672747
95.13656920021877 64.599015475945237
96.52036246404286 64.526473925307457
97.92428346437356 64.425481102375102
99.34862496587989 64.330525002274669
100.79368399159105 64.325501093454704
102.25976188483567 64.217017623120967
103.74716437208203 64.094491558093864
105.25620162669229 64.016992098235448
106.78718833360406 63.956993815187502
108.34044375495276 63.905981275568294
109.9162917966485 63.839489598243304
111.51506107592134 63.782498305538560
113.13708498984903 63.737497418291341
114.78270178488147 63.687509058782460
116.45225462737648 63.574983165132139
118.14609167516147 63.462995146922808
119.86456615013608 63.372022967037587
121.60803641193078 63.265997324165632
123.3768660326369 63.136009844972975
125.17142387262359 63.055479167161010
126.99208415745765 62.965994828439932
128.83922655594208 62.852490268007827
130.71323625928977 62.771984535078033
132.61450406144883 62.647532462854691
134.5434264405962 62.533484201868561
136.50040564181674 62.460974366541791
138.48584976098482 62.335509493955897
140.50017282986593 62.272494461665254
142.5437949024563 62.207006572352796
144.61714214257822 62.142995642492252
146.7206469127495 62.078510824205154
148.8547478643456 62.079499881848335
151.01989002907314 62.222992710933951
153.216524911774 62.383965184704422
155.4451105845792 62.612513376772398
157.70611178243232 62.886012498776765
160.00000000000236 63.142500000000261
162.3272535900062 63.398522501950993
164.6883578629612 63.608020387434976
167.08380518838874 63.744488901592263
169.51409509748981 63.879003181485359
171.97973438731407 63.961491113930819
174.4812372264439 63.999999859795238
177.01912526221608 63.998497567723959
179.5939277295025 63.948501403310630
182.20618156107355 63.927000856420158
184.85643149956664 63.939501684918355
187.54523021108326 63.949995738394541
190.27313840043846 63.899497624992478
193.04072492808663 63.852004720345334
195.84856692874806 63.820504858171091
198.69724993176072 63.771994638142161
201.58736798318304 63.709990590269783
204.5195237696723 63.635012177727432
207.49432874416505 63.575992157196858
210.5124032533856 63.503991176362888
213.57437666720915 63.436990665151235
216.68088750990657 63.360002787813713
219.83258359329807 63.283010172371846
223.03012215184378 63.213996931142020
226.2741699796992 63.132496307034792
229.5654035697641 63.060993535634019
232.90450925475412 63.007507860739715
236.2921833503241 62.955496985948990
239.72913230027333 62.898998311625419
243.21607282386276 62.854498682666133
246.75373206527502 62.790504846755908
250.34284774524843 62.719003033216701
253.9841683149166 62.662499362098309
257.67845311188546 62.648493109024152
261.42647251858085 62.591491613198997
265.22900812289896 62.523999908412101
269.08685288119375 62.480501658804585
273.0008112836349 62.446501639334798
276.97169952197106 62.374005485937317
281.00034565973334 62.326996533256100
285.0875898049141 62.286004113991815
289.23428428515797 62.240996824007027
293.44129382550057 62.193997900754795
297.7094957286928 62.163503602781653
302.0397800581479 62.126501879410746
306.4330498235497 62.087999742889465
310.89022116916016 62.064999168536993
315.41222356486645 62.047998952344244
320.00000000000654 62.026499999999963
324.6545071800142 62.003002487920440
329.3767157259242 61.984001143838938
334.16761037677935 61.968001301183790
339.02819019498156 61.930998746433396
343.95946877463007 61.898497235888144
348.9624744528898 61.868997149169985
354.03825052443415 61.838497932565346
359.187855459007 61.796001192814018
364.4123631221491 61.748496540715237
369.71286299913527 61.698001305139343
375.0904604221685 61.659495780588628
380.54627680087896 61.609497999632310
386.08144985617537 61.569498117589013
391.6971338574982 61.545999718095828
397.3944998635236 61.534001053288470
403.1747359663683 61.514000913611184
409.0390475393468 61.506000211729869
414.9886574883323 61.532498474527870
421.0248065067734 61.577998541427796
427.1487533344206 61.625998066631645
433.3617750198154 61.725996378880012
439.6651671865984 61.841003633922938
446.06024430368984 61.980005422276719
452.54833995940066 62.124006403610160
459.13080713953053 62.247996367203676
465.8090185095106 62.384500372922247
472.58436670065066 62.521006134794128
479.45826460054917 62.636004325274243
486.432145647728 62.750002408591399
493.50746413055253 62.867004525579986
500.6856954904994 62.936997030830895
507.9683366298358 63.009504441928406
515.3569062237735 63.106998762595467
522.8529450371643 63.150999677379303
530.4580162458005 63.214000177912148
538.1737057623901 63.298496777724459
546.0016225672724 63.379496094525940
553.9433990439449 63.479004754060398
562.0006913194694 63.574996322495537
570.1751796098309 63.676502501197909
578.4685685703187 63.791993992026988
586.8825876510039 63.905494437650219
595.4189914573883 64.022499882909372
604.0795601162986 64.137494159262701
612.8660996471021 64.250501218480380
621.780442338323 64.359504964323293
630.8244471297356 64.461005287007012
640.0000000000159 64.569500000000176
649.3090143600314 64.666000130766903
658.7534314518515 64.752003827322824
668.3352207535618 64.837002032449732
678.0563803899662 64.926503220375366
687.9189375492632 65.009999471293071
697.9249489057827 65.077499655320850
708.0765010488715 65.160004815906632
718.3757109180171 65.258997221445014
728.8247262443015 65.341497838563967
739.425725998274 65.421997919334117
750.1809208443404 65.500499422248325
761.0925536017613 65.582496645467785
772.1628997123541 65.661999279777064
783.3942677149998 65.732001644585353
794.7889997270506 65.801999998323254
806.34947193274 65.865502555011432
818.0780950786972 65.929000567323939
829.9773149766683 66.000001865388199
842.0496130135506 66.071497708147831
854.2975066688449 66.141003037485234
866.7235500396347 66.215497302482731
879.3303343732008 66.294002104538123
892.1204886073838 66.374502993317947
905.0966799188055 66.453998039111127
918.2616142790653 66.532497700030888
931.6180370190256 66.616500241766929
945.1687334013056 66.704998258875037
958.9165292011028 66.793496969326270
972.8642912954606 66.878501986432894
987.0149282611097 66.974999510790553
1001.3713909810035 67.074502214467444
1015.9366732596762 67.156998149383725
1030.7138124475518 67.246498864049258
1045.7058900743334 67.331499376755488
1060.916032491606 67.407500140022790
1076.3474115247852 67.474001945122268
1092.0032451345498 67.548001010848211
1107.8867980878947 67.613499167385868
1124.0013826389438 67.682501825545145
1140.350359219667 67.760501375200391
1156.9371371406426 67.824000497122597
1173.765175302013 67.885000508255700
1190.837982914782 67.934499950464584
1208.1591202326028 67.987000393408891
1225.73219929421 68.044500614795083
1243.5608846766518 68.099499644243409
1261.648894259477 68.155999669707015
1280.0000000000375 68.199500000000114
1298.6180287200684 68.249500070701629
1317.5068629037087 68.295999662503164
1336.6704415071292 68.345501033203448
1356.112760779938 68.390999440183464
1375.8378750985323 68.439499692891189
1395.8498978115715 68.492999726809870
1416.153002097749 68.541500004226464
1436.7514218360407 68.583000797326235
1457.6494524886093 68.622500928367828
1478.8514519965543 68.666000998086389
1500.3618416886875 68.713499650421312
1522.1851072035295 68.756500210620715
1544.3257994247153 68.799999605933564
1566.788535430007 68.839999172737407
1589.5779994541087 68.885499998910092
1612.6989438654878 68.938499871323515
1636.156190157402 68.987500455438123
1659.9546299533442 69.044499113716569
1684.099226027109 69.105500562853265
1708.5950133376978 69.166500035689552
1733.4471000792773 69.233000261966851
1758.6606687464096 69.298999132912797
1784.2409772147755 69.372499934530339
1810.193359837619 69.450001086482757
1836.5232285581387 69.529500722987422
1863.2360740380593 69.614000243132878
1890.3374668026197 69.702998249038188
1917.833058402214 69.792000194701956
1945.7285825909298 69.884998608436916
1974.0298565222283 69.983999498099024
2002.7427819620161 70.083999240629737
2031.8733465193618 70.188001266252456
2061.4276248951132 70.295998629290210
2091.411780148677 70.405499197114466
2121.832064983222 70.512500230556427
2152.694823049581 70.621999372190942
2184.0064902691106 70.728498266276830
2215.7735961758003 70.834998646164976
2248.002765277899 70.941999220724668
2280.7007184393456 71.042499134600092
2313.874274281297 71.138000733459620
2347.530350604038 71.228000867628452
2381.6759658295764 71.312499915439560
2416.318240465218 71.393000461827867
2451.4643985884327 71.460500665096518
2487.1217693533167 71.519999615136072
2523.2977885189675 71.573499687244706
2560.0000000000887 71.606000000000080
2597.236057440151 71.634500055497000
2635.0137258074315 71.670999735083143
2673.340883014273 71.689499943532340
2712.225521559891 71.698999883112236
2751.6757501970797 71.688000069653540
2791.699795623158 71.674000071489004
2832.3060041955137 71.663499997199381
2873.502843672097 71.636000104352675
2915.2989049772345 71.593000097760054
2957.7029039931244 71.538000124525468
3000.723683377391 71.506000235511110
3044.370214407075 71.454499745802536
3088.6515988494466 71.402000475597404
3133.57707086003 71.357999922266799
3179.1559989082334 71.308000001197655
3225.3978877309914 71.266500100756105
3272.3123803148205 71.237999744310059
3319.9092599067053 71.205999865442067
3368.198452054235 71.180999884661219
3417.190026675413 71.168499999731665
3466.8942001585724 71.168000035723466
3517.3213374928373 71.177000118740267
3568.4819544295697 71.194999983966937
3620.386719675257 71.223499846079264
3673.0464571162966 71.262500389300925
3726.472148076138 71.308000118836816
3780.6749336052594 71.351499946715649
3835.6661168044484 71.401000072229451
3891.45716518188 71.435500055446823
3948.059713044477 71.454499903677288
4005.4855639240527 71.444500075937015
4063.746693038744 71.396500252898846
4122.855249790247 71.295499306473744
4182.823560297375 71.129001220805520
4243.664129966465 70.896999436768454
4305.389646099183 70.629501533688710
4368.012980538242 70.375500078937250
4431.5471923516225 70.193999725459236
4496.00553055582 70.101999853966532
4561.401436878714 70.084000046092598
4627.748548562617 70.090999952371419
4695.060701208099 70.111499909002347
4763.351931659176 70.107000004503277
4832.63648093046 70.065000314655720
4902.928797176889 69.964000291429102
4974.243538706657 69.789001131968519
5046.595577037959 69.561501329940626
5120.000000000202 69.300499999999303
5194.472114880326 69.043999656370147
5270.027451614888 68.817998818749146
5346.6817660285715 68.617500611979281
5424.451043119808 68.464999939064654
5503.351500394186 68.353500706024619
5583.399591246343 68.297499916277786
5664.612008391055 68.286000003920861
5747.005687344222 68.324499853906261
5830.597809954497 68.397499834035301
5915.405807986278 68.491999786042626
6001.447366754812 68.591000298301026
6088.740428814181 68.662000004841914
6177.303197698925 68.662999746965795
6267.154141720092 68.547999590345938
6358.3119978165005 68.284500006311589
6450.795775462017 67.863001023341980
6544.624760629676 67.305501422257038
6639.818519813445 66.651996288930604
6736.396904108505 65.962500684591731
6834.380053350861 65.296999669673212
6933.788400317181 64.681503712991528
7034.642674985712 64.191001580695939
7136.963908859177 63.838500313983836
7240.773439350552 63.641999895710562
7346.092914232631 63.617000020358752
7452.944296152315 63.772500941133075
7561.349867210557 64.116999578012624
7671.332233608935 64.639501399564210
7782.914330363799 65.307995988172024
7896.119426088994 66.061496180010238
8010.971127848146 66.833500794922685
8127.49338607753 67.558001993777026
8245.710499580537 68.168497415739722
8365.647120594791 68.614000262634420
8487.328259932974 68.879000244244480
8610.77929219841 68.995000040827108
8736.025961076528 69.012499994561466
8863.094384703289 69.011500004842219
8992.011061111683 68.988999961686048
9122.802873757471 68.907000079147707
9255.497097125279 68.656499569651558
9390.121402416245 68.059997164173893
9526.7038633184 67.097500963194818
9665.272961860968 65.878500335511404
9805.857594353829 64.620995495362209
9948.487077413367 63.539999611606405
10093.19115407597 62.813999588596211
10240.000000000457 62.421999999999599
10388.944229760706 62.291500132281442
10540.05490322983 62.378499944285963
10693.363532057198 62.654001236594539
10848.902086239672 63.015500200295563
11006.703000788428 63.382000001558680
11166.799182492743 63.698500176397488
11329.224016782166 63.855500001120248
11494.0113746885 63.866499958258942
11661.195619909053 63.766999508435077
11830.811615972614 63.632500304519496
12002.894733509682 63.552000124663508
12177.48085762842 63.577500714181951
12354.606395397908 63.725000541270241
12534.308283440243 63.970999019083152
12716.62399563306 64.241499993520790
12901.591550924093 64.430499541134964
13089.249521259411 64.398500081636271
13279.637039626952 64.090999874753408
13472.793808217073 63.480500606157051
13668.760106701786 62.688999569848249
13867.576800634426 61.887500803711490
14069.285349971487 61.216499221023867
14273.927817718419 60.761000405727337
14481.54687870117 60.521500139924910
14692.18582846533 60.397500100979869
14905.888592304698 60.208500360567754
15122.699734421185 59.769000538357787
15342.664467217943 58.960997480354031
15565.828660727671 57.757501829651815
15792.238852178061 56.426000869329584
16021.942255696367 55.341498714627733
16254.986772155136 54.169993492872877
16491.42099916115 52.177508434296840
16731.294241189662 49.064009849195124
16974.65651986603 45.696493942339437
17221.558584396902 42.819504842752480
17472.051922153143 40.525509870818020
17726.188769406665 39.157501241271135
17984.022122223458 39.088999922778065
18245.605747515034 39.070999623973648
18510.99419425065 38.937500212829590
18780.242804832582 39.232501409810851
19053.40772663689 39.710999521154733
19330.545923722028 41.131994481502076
19611.71518870775 43.471001500347661
19896.974154826825 45.738993280331073
20186.382308152035 45.739000000000004
