20 102.244000000000000
20.290906698750476 102.259999921764347
20.586044732869844 102.277185945464254
20.885475648548283 102.293701160670153
21.189261887185914 102.309445147687455
21.49746679841394 102.322411346472862
21.810154653305165 102.333253890063176
22.12739065777668 102.340866289799976
22.449240966187475 102.347902748037612
22.77577269513385 102.353636579215618
23.107053937445478 102.358605814414403
23.44315377638505 102.363170133490712
23.784142300054445 102.366611245125469
24.130090616010463 102.369150455248231
24.481070866093134 102.370226338700917
24.837156241469714 102.370042814337808
25.1984209978975 102.368259868763147
25.56494047120865 102.365350591164400
25.936791093020236 102.361461096648043
26.3140504066728 102.356789253197419
26.69679708340074 102.351048043748989
27.08511093873791 102.344914827971621
27.47907294916184 102.338116228680235
27.878765268980047 102.329727781447957
28.284271247461966 102.318187591328694
28.695675446220072 102.303672982151198
29.11306365684382 102.286977453726251
29.536522918790062 102.270221697842345
29.966141537533712 102.255185046186313
30.402009102982383 102.242443075605252
30.844216508158908 102.229312984267295
31.29285596815558 102.213526831233963
31.74802103936409 102.195579158425431
32.20980663898519 102.177946960996536
32.67830906482211 102.162685655249803
33.153626015361866 102.150620227662031
33.63585661014871 102.140011154576726
34.125101410453844 102.128622261917741
34.62146244024586 102.113884427270648
35.12504320746613 102.093622969249083
35.635948725613716 102.069474461170529
36.15428553564419 102.044748579824727
36.68016172818701 102.020392722231577
37.21368696608603 101.995743025627860
37.754972507267915 101.968158655093106
38.30413122794313 101.937648056095469
38.86127764614443 101.904428177314600
39.4265279456077 101.872632808225575
40.000000000000206 101.841999999999985
40.58181339750116 101.805151695330579
41.1720894657399 101.762523576115967
41.77095129709678 101.722912313482169
42.37852377437204 101.694553190952718
42.9949335968281 101.669202590135512
43.62030930661056 101.637683792983978
44.25478131555359 101.600213228619310
44.89848193237519 101.565329716316029
45.55154539026795 101.534385916085100
46.21410787489121 101.500688851989935
46.88630755277036 101.461636547597067
47.56828460010916 101.418866408754866
48.260181232021196 101.371847563990542
48.962141732186545 101.324460876749484
49.674312482939705 101.279084130499157
50.39684199579528 101.234941423931701
51.129880942417586 101.189057704374704
51.873582186040764 101.138048752223128
52.628100813345895 101.082124911146849
53.393594166801776 101.028908340501815
54.17022187747612 100.982108881758307
54.95814589832399 100.932411572740051
55.75753053796041 100.873139863194126
56.56854249492426 100.816976195335002
57.39135089244048 100.761496788421610
58.226127313687975 100.700844496620746
59.073045837580466 100.631338947587523
59.932283075067765 100.564748061682252
60.804018205965114 100.499695689125943
61.68843301631817 100.433405923242873
62.58571193631152 100.369982339981505
63.49604207872855 100.307521117607095
64.41961327797075 100.242158424069146
65.35661812964459 100.172931949341489
66.3072520307241 100.104106861910765
67.27171322029778 100.037980074579153
68.25020282090806 99.969235599715518
69.2429248804921 99.899724033007033
70.25008641493265 99.831994123784582
71.27189745122783 99.762375024590881
72.30857107128878 99.691054310545439
73.36032345637442 99.616696387684669
74.42737393217246 99.536451146324453
75.50994501453623 99.451766684950769
76.60826245588666 99.368793384786457
77.72255529228926 99.288907577540058
78.85305589121582 99.207131550344386
80.00000000000082 99.123499999999950
81.16362679500274 99.037682309324310
82.34417893148023 98.958868070248258
83.541902594194 98.877169910082301
84.75704754874454 98.790512866310166
85.98986719365665 98.705771351692533
87.24061861322157 98.625460703867006
88.50956263110764 98.535779615123232
89.79696386475084 98.438795388855453
91.10309078053635 98.341227606937352
92.42821574978288 98.244718150762353
93.77261510554118 98.144054087344216
95.13656920021877 98.036903724741535
96.52036246404286 97.925240473626289
97.92428346437356 97.815852442462983
99.34862496587989 97.705152946890408
100.79368399159105 97.589269842003247
102.25976188483567 97.472472303174754
103.74716437208203 97.352125871399153
105.25620162669229 97.227595879784403
106.78718833360406 97.101712952755662
108.34044375495276 96.974303464175549
109.9162917966485 96.845551198461308
111.51506107592134 96.715487827406648
113.13708498984903 96.584085783177571
114.78270178488147 96.453521736071963
116.45225462737648 96.324280171221147
118.14609167516147 96.196689291148630
119.86456615013608 96.075404557022750
121.60803641193078 95.956537544010956
123.3768660326369 95.843298401550527
125.17142387262359 95.736643099914446
126.99208415745765 95.646348297071853
128.83922655594208 95.575144750209859
130.71323625928977 95.515176439702714
132.61450406144883 95.471665073216528
134.5434264405962 95.454543426440594
136.50040564181674 95.459377738082253
138.48584976098482 95.473751185408616
140.50017282986593 95.489917674840882
142.5437949024563 95.501838803597664
144.61714214257822 95.502882857857429
146.7206469127495 95.490111342228204
148.8547478643456 95.467159227336381
151.01989002907314 95.435773803523205
153.216524911774 95.399175771517477
155.4451105845792 95.361111164295977
157.70611178243232 95.324238102115402
160.00000000000236 95.293499999999980
162.3272535900062 95.271158365535939
164.6883578629612 95.256369852822232
167.08380518838874 95.243664213020367
169.51409509748981 95.229012610395557
171.97973438731407 95.209370231146565
174.4812372264439 95.184395132844998
177.01912526221608 95.156385797063180
179.5939277295025 95.125454081700070
182.20618156107355 95.093584584954897
184.85643149956664 95.055596100106328
187.54523021108326 95.010167764116062
190.27313840043846 94.959537231991234
193.04072492808663 94.903969211467029
195.84856692874806 94.847028661425043
198.69724993176072 94.789815551378439
201.58736798318304 94.728313343039446
204.5195237696723 94.661291191412687
207.49432874416505 94.591134219721425
210.5124032533856 94.520462657963236
213.57437666720915 94.449789336654192
216.68088750990657 94.379680031027107
219.83258359329807 94.309683160947444
223.03012215184378 94.240473608466374
226.2741699796992 94.172121458756266
229.5654035697641 94.103126525034952
232.90450925475412 94.034457560277531
236.2921833503241 93.966875470506267
239.72913230027333 93.900714203219735
243.21607282386276 93.835664707376438
246.75373206527502 93.772871255841366
250.34284774524843 93.712557292044181
253.9841683149166 93.654751328000700
257.67845311188546 93.601162429877661
261.42647251858085 93.552384166323264
265.22900812289896 93.507566788694191
269.08685288119375 93.466761750509846
273.0008112836349 93.435619828066820
276.97169952197106 93.411277115069396
281.00034565973334 93.389798202569381
285.0875898049141 93.368640881799848
289.23428428515797 93.351639434430851
293.44129382550057 93.337487859758397
297.7094957286928 93.322474865803841
302.0397800581479 93.305330934752874
306.4330498235497 93.284834750882254
310.89022116916016 93.260117505923489
315.41222356486645 93.233944213897828
320.00000000000654 93.205499999999944
324.6545071800142 93.174314801893900
329.3767157259242 93.138736960482987
334.16761037677935 93.101075878023437
339.02819019498156 93.061066021381663
343.95946877463007 93.019344515415639
348.9624744528898 92.978007709486292
354.03825052443415 92.934771045489867
359.187855459007 92.888390515323039
364.4123631221491 92.842171204525087
369.71286299913527 92.795526805607608
375.0904604221685 92.747705240576664
380.54627680087896 92.699771996677995
386.08144985617537 92.653123966193746
391.6971338574982 92.612032921265325
397.3944998635236 92.573175200873450
403.1747359663683 92.539303513515506
409.0390475393468 92.512603571727453
414.9886574883323 92.497764178139590
421.0248065067734 92.499617497798283
427.1487533344206 92.517743766672112
433.3617750198154 92.556484643913478
439.6651671865984 92.617339791730643
446.06024430368984 92.697716916454112
452.54833995940066 92.798312111317927
459.13080713953053 92.916510047386964
465.8090185095106 93.046180370190214
472.58436670065066 93.182342243541683
479.45826460054917 93.318573054653640
486.432145647728 93.452267552742057
493.50746413055253 93.578275078884076
500.6856954904994 93.696656864453018
507.9683366298358 93.804530986329439
515.3569062237735 93.903435834495468
522.8529450371643 93.995862176992205
530.4580162458005 94.083423674642361
538.1737057623901 94.166261872732804
546.0016225672724 94.245230047796355
553.9433990439449 94.320990591395514
562.0006913194694 94.392105737951596
570.1751796098309 94.459796329112748
578.4685685703187 94.521167407420364
586.8825876510039 94.577580949114079
595.4189914573883 94.629159200879982
604.0795601162986 94.676407745596023
612.8660996471021 94.720830498235500
621.780442338323 94.762496307832336
630.8244471297356 94.802003900301372
640.0000000000159 94.841000000000065
649.3090143600314 94.880097860312134
658.7534314518515 94.918889068952581
668.3352207535618 94.959007927164947
678.0563803899662 94.999433978618356
687.9189375492632 95.041155484584365
697.9249489057827 95.084077280294878
708.0765010488715 95.128536604615036
718.3757109180171 95.175109484676980
728.8247262443015 95.223976213348209
739.425725998274 95.276157343691452
750.1809208443404 95.331487526275353
761.0925536017613 95.391046855076283
772.1628997123541 95.455022994483286
783.3942677149998 95.522834175641719
794.7889997270506 95.594562748248578
806.34947193274 95.670594374215455
818.0780950786972 95.750579119775608
829.9773149766683 95.834298380793740
842.0496130135506 95.921528428223809
854.2975066688449 96.011373174460601
866.7235500396347 96.104289975300304
879.3303343732008 96.200343574673639
892.1204886073838 96.298827762276858
905.0966799188055 96.399211631034035
918.2616142790653 96.502611251595681
931.6180370190256 96.608944296152202
945.1687334013056 96.718245958885603
958.9165292011028 96.830689843859048
972.8642912954606 96.946257189223815
987.0149282611097 97.064278439717725
1001.3713909810035 97.185065397273135
1015.9366732596762 97.307930500265257
1030.7138124475518 97.432965432597399
1045.7058900743334 97.558180211242899
1060.916032491606 97.684511466431161
1076.3474115247852 97.811003860785746
1092.0032451345498 97.938588562486842
1107.8867980878947 98.065959613411167
1124.0013826389438 98.193233014487305
1140.350359219667 98.320519420684121
1156.9371371406426 98.446213204139326
1173.765175302013 98.571518167852346
1190.837982914782 98.694824839641996
1208.1591202326028 98.817959618754458
1225.73219929421 98.938487623832543
1243.5608846766518 99.057645750398237
1261.648894259477 99.174441219735968
1280.0000000000375 99.289500000000231
1298.6180287200684 99.401208172320409
1317.5068629037087 99.514039804841502
1336.6704415071292 99.623521516590642
1356.112760779938 99.731523003309150
1375.8378750985323 99.838524525532080
1395.8498978115715 99.943815716065458
1416.153002097749 100.047341877295253
1436.7514218360407 100.150075610358897
1457.6494524886093 100.249799437646686
1478.8514519965543 100.348177475904635
1500.3618416886875 100.444048682427592
1522.1851072035295 100.537452258831109
1544.3257994247153 100.628349261652829
1566.788535430007 100.717646829594230
1589.5779994541087 100.805104837936540
1612.6989438654878 100.890216197915748
1636.156190157402 100.973546665550913
1659.9546299533442 101.055646649242306
1684.099226027109 101.136527445889456
1708.5950133376978 101.216504042680640
1733.4471000792773 101.295017068244164
1758.6606687464096 101.372328432989093
1784.2409772147755 101.448983653467138
1810.193359837619 101.524560743529094
1836.5232285581387 101.599534575391630
1863.2360740380593 101.673796285825802
1890.3374668026197 101.747297661694972
1917.833058402214 101.819722613013795
1945.7285825909298 101.891979743084590
1974.0298565222283 101.963555238436015
2002.7427819620161 102.033582676708846
2031.8733465193618 102.103339919436507
2061.4276248951132 102.171712156013996
2091.411780148677 102.239082386657941
2121.832064983222 102.305438939713937
2152.694823049581 102.370524387251635
2184.0064902691106 102.434512980538216
2215.7735961758003 102.496667002686223
2248.002765277899 102.557671736342812
2280.7007184393456 102.616726257268851
2313.874274281297 102.673855028373509
2347.530350604038 102.729340733476533
2381.6759658295764 102.782284898317243
2416.318240465218 102.833117507325738
2451.4643985884327 102.880940328129668
2487.1217693533167 102.926616848869088
2523.2977885189675 102.968418789727338
2560.0000000000887 103.007250000000084
2597.236057440151 103.043012451696143
2635.0137258074315 103.075260751882496
2673.340883014273 103.104213901223019
2712.225521559891 103.130576163654609
2751.6757501970797 103.152921662608392
2791.699795623158 103.172557402921001
2832.3060041955137 103.189422401678200
2873.502843672097 103.204490966848510
2915.2989049772345 103.217630704343861
2957.7029039931244 103.229079784078152
3000.723683377391 103.240680920844355
3044.370214407075 103.251738227415345
3088.6515988494466 103.264129189683601
3133.57707086003 103.277367834643769
3179.1559989082334 103.292413039628798
3225.3978877309914 103.310167112847012
3272.3123803148205 103.330986818747959
3319.9092599067053 103.354751000349623
3368.198452054235 103.381919071232545
3417.190026675413 103.412173517339014
3466.8942001585724 103.445325940110990
3517.3213374928373 103.480798149619915
3568.4819544295697 103.517307007189288
3620.386719675257 103.554474570969433
3673.0464571162966 103.590941126267921
3726.472148076138 103.624618567364919
3780.6749336052594 103.652961040128190
3835.6661168044484 103.676199835041331
3891.45716518188 103.688243394671019
3948.059713044477 103.692842351684874
4005.4855639240527 103.680985783201479
4063.746693038744 103.653096312894974
4122.855249790247 103.606359225230733
4182.823560297375 103.539385669280961
4243.664129966465 103.450732267763158
4305.389646099183 103.342260217405624
4368.012980538242 103.215556831401102
4431.5471923516225 103.072139571603827
4496.00553055582 102.916719875647502
4561.401436878714 102.747878998097178
4627.748548562617 102.568158351644456
4695.060701208099 102.369843638320077
4763.351931659176 102.148028416967378
4832.63648093046 101.893954076278163
4902.928797176889 101.600083703809929
4974.243538706657 101.277411456546375
5046.595577037959 100.934214897287262
5120.000000000202 100.587357142856192
5194.472114880326 100.251322694526564
5270.027451614888 99.941391566121183
5346.6817660285715 99.667491366917318
5424.451043119808 99.437752213379952
5503.351500394186 99.262034834920286
5583.399591246343 99.146080531379752
5664.612008391055 99.097039896433799
5747.005687344222 99.105737872108833
5830.597809954497 99.174571988687433
5915.405807986278 99.303507632370156
6001.447366754812 99.491543580871252
6088.740428814181 99.739281530377312
6177.303197698925 100.033841283309073
6267.154141720092 100.356317903892588
6358.3119978165005 100.678634192412346
6450.795775462017 100.965728171293648
6544.624760629676 101.175568988416927
6639.818519813445 101.269977314976686
6736.396904108505 101.234915622193057
6834.380053350861 101.102741510370549
6933.788400317181 100.951953919619385
7034.642674985712 100.870941079625652
7136.963908859177 100.904039811137693
7240.773439350552 101.019320939942730
7346.092914232631 101.144745237088443
7452.944296152315 101.215353845884167
7561.349867210557 101.181198228465121
7671.332233608935 101.043496842839374
7782.914330363799 100.826543853006612
7896.119426088994 100.565761141372164
8010.971127848146 100.308063431023129
8127.49338607753 100.089768645932608
8245.710499580537 99.928356817880427
8365.647120594791 99.843770998671999
8487.328259932974 99.844285624910242
8610.77929219841 99.932277112222081
8736.025961076528 100.095242540060411
8863.094384703289 100.308855555548121
8992.011061111683 100.548640573667740
9122.802873757471 100.770212524537413
9255.497097125279 100.916655423118783
9390.121402416245 100.919354317100499
9526.7038633184 100.718626285857951
9665.272961860968 100.302828462953329
9805.857594353829 99.703446156679860
9948.487077413367 98.976594135838496
10093.19115407597 98.202737962873812
10240.000000000457 97.455599999997759
10388.944229760706 96.778810443882691
10540.05490322983 96.208557152405220
10693.363532057198 95.750586640048425
10848.902086239672 95.408300279074240
11006.703000788428 95.179289164666557
11166.799182492743 95.060718983101879
11329.224016782166 95.071998536969460
11494.0113746885 95.179909668485237
11661.195619909053 95.425328015137126
11830.811615972614 95.739714932552971
12002.894733509682 96.131865883094179
12177.48085762842 96.547730228731979
12354.606395397908 96.939689186153529
12534.308283440243 97.249082194618666
12716.62399563306 97.406148318122206
12901.591550924093 97.452014024305385
13089.249521259411 97.470511738524152
13279.637039626952 97.610532688519697
13472.793808217073 97.917639059173680
13668.760106701786 98.340788744080342
13867.576800634426 98.788655309386229
14069.285349971487 99.235393220018551
14273.927817718419 99.700272692583667
14481.54687870117 100.219267470310712
14692.18582846533 100.759148835842041
14905.888592304698 101.253572674916427
15122.699734421185 101.613420673338055
15342.664467217943 101.701798952127604
15565.828660727671 101.396413457104302
15792.238852178061 100.690962196574105
16021.942255696367 99.738369140211972
16254.986772155136 98.767987778975652
16491.42099916115 97.913987351029931
16731.294241189662 96.964761862477047
16974.65651986603 95.669267158008267
17221.558584396902 93.899942584501218
17472.051922153143 91.641848966215093
17726.188769406665 88.989113309522239
17984.022122223458 86.085061310963781
18245.605747515034 83.088866921982685
18510.99419425065 80.705176923275445
18780.242804832582 80.655165678794873
19053.40772663689 82.127992987490686
19330.545923722028 84.146774147298572
19611.71518870775 86.518748167409584
19896.974154826825 88.613522193292411
20186.382308152035 89.266499999999994
