20 100.819000000000003
20.290906698750476 100.819000000000003
20.586044732869844 100.819476741298985
20.885475648548283 100.817596829009688
21.189261887185914 100.812196883078656
21.49746679841394 100.803210487329750
21.810154653305165 100.792669942917868
22.12739065777668 100.784429901811123
22.449240966187475 100.780000000000001
22.77577269513385 100.780126286579502
23.107053937445478 100.779072609409411
23.44315377638505 100.771251009029186
23.784142300054445 100.752840216871249
24.130090616010463 100.727375897612134
24.481070866093134 100.701051371449239
24.837156241469714 100.679827993560508
25.1984209978975 100.668035527547318
25.56494047120865 100.658139421284275
25.936791093020236 100.641608558410894
26.3140504066728 100.613855353228388
26.69679708340074 100.577312284368418
27.08511093873791 100.542382657060870
27.47907294916184 100.517999845232168
27.878765268980047 100.501046302413243
28.284271247461966 100.482286437626897
28.695675446220072 100.456824341533490
29.11306365684382 100.426311671334616
29.536522918790062 100.398648652004766
29.966141537533712 100.382752763111256
30.402009102982383 100.372419636148578
30.844216508158908 100.350044349519351
31.29285596815558 100.311491193303851
31.74802103936409 100.265693938142320
32.20980663898519 100.228831214938850
32.67830906482211 100.206650728055337
33.153626015361866 100.189318699231904
33.63585661014871 100.159365335256169
34.125101410453844 100.112614554723251
34.62146244024586 100.065254704302305
35.12504320746613 100.032873228493884
35.635948725613716 100.010158768816865
36.15428553564419 99.975225731971221
36.68016172818701 99.917578975335687
37.21368696608603 99.849716503171422
37.754972507267915 99.790459769372205
38.30413122794313 99.740586102676318
38.86127764614443 99.701226581254929
39.4265279456077 99.668724648408357
40.000000000000206 99.638999999999982
40.58181339750116 99.591969926935079
41.1720894657399 99.515651740806987
41.77095129709678 99.436824626964352
42.37852377437204 99.395809174777270
42.9949335968281 99.378926187145439
43.62030930661056 99.357054832972437
44.25478131555359 99.312391535774140
44.89848193237519 99.258713663183329
45.55154539026795 99.197477287503744
46.21410787489121 99.126624575113354
46.88630755277036 99.061670592469284
47.56828460010916 98.996635268220359
48.260181232021196 98.900250802412558
48.962141732186545 98.800539046878242
49.674312482939705 98.745227843742853
50.39684199579528 98.719382220653841
51.129880942417586 98.677758889663124
51.873582186040764 98.626517724709259
52.628100813345895 98.548474015674159
53.393594166801776 98.418305088270500
54.17022187747612 98.311171102807137
54.95814589832399 98.299317398082096
55.75753053796041 98.233763351450449
56.56854249492426 98.077067837374273
57.39135089244048 97.970346499565437
58.226127313687975 97.957409482616924
59.073045837580466 97.971185174923562
59.932283075067765 97.955718904648776
60.804018205965114 97.905052146260815
61.68843301631817 97.803676716970173
62.58571193631152 97.687652167418747
63.49604207872855 97.562558066899271
64.41961327797075 97.443454279672352
65.35661812964459 97.337593696674276
66.3072520307241 97.233009528651081
67.27171322029778 97.138208361358863
68.25020282090806 97.067609687021445
69.2429248804921 96.987314824152023
70.25008641493265 96.892742827560596
71.27189745122783 96.806437075566336
72.30857107128878 96.710371465192907
73.36032345637442 96.607971697567251
74.42737393217246 96.521870137781832
75.50994501453623 96.457277551253412
76.60826245588666 96.403929749500122
77.72255529228926 96.345903507253354
78.85305589121582 96.279427345702118
80.00000000000082 96.212999999999965
81.16362679500274 96.165969966126880
82.34417893148023 96.102890345865660
83.541902594194 96.034390373664877
84.75704754874454 95.938549779543138
85.98986719365665 95.846646894741156
87.24061861322157 95.739845461730567
88.50956263110764 95.648563306512756
89.79696386475084 95.589771983509706
91.10309078053635 95.512475898473340
92.42821574978288 95.405880773081392
93.77261510554118 95.302106756250467
95.13656920021877 95.207090347379861
96.52036246404286 95.128126374542958
97.92428346437356 95.048074380743103
99.34862496587989 94.957296669181048
100.79368399159105 94.859942120588627
102.25976188483567 94.756810160138286
103.74716437208203 94.646594843885296
105.25620162669229 94.529912008704713
106.78718833360406 94.404014614976447
108.34044375495276 94.269721837074059
109.9162917966485 94.153440958769039
111.51506107592134 94.057691179398432
113.13708498984903 93.953431034691846
114.78270178488147 93.842577125040350
116.45225462737648 93.729972678978470
118.14609167516147 93.612745480297690
119.86456615013608 93.492121698401363
121.60803641193078 93.371377464785525
123.3768660326369 93.237956693623772
125.17142387262359 93.102800306988598
126.99208415745765 92.987787174972425
128.83922655594208 92.881924307295321
130.71323625928977 92.774570322860683
132.61450406144883 92.672392162789293
134.5434264405962 92.573100391190479
136.50040564181674 92.481734382790052
138.48584976098482 92.415983478943758
140.50017282986593 92.401336905150558
142.5437949024563 92.443571761317429
144.61714214257822 92.550028528554691
146.7206469127495 92.741623397449445
148.8547478643456 92.985446836033105
151.01989002907314 93.263257307884174
153.216524911774 93.553861628565897
155.4451105845792 93.837701093214179
157.70611178243232 94.100951620539448
160.00000000000236 94.323000000000164
162.3272535900062 94.482184145556431
164.6883578629612 94.586786373389543
167.08380518838874 94.648344280370623
169.51409509748981 94.684988874306370
171.97973438731407 94.699814884426729
174.4812372264439 94.696452535765957
177.01912526221608 94.677635522744936
179.5939277295025 94.649629223883665
182.20618156107355 94.616319639706035
184.85643149956664 94.575268382306845
187.54523021108326 94.529694902242710
190.27313840043846 94.480864998071752
193.04072492808663 94.428401791409499
195.84856692874806 94.373877228353791
198.69724993176072 94.319991701282902
201.58736798318304 94.261900711022633
204.5195237696723 94.198823731028824
207.49432874416505 94.136364370326007
210.5124032533856 94.078020539812371
213.57437666720915 94.022554814157033
216.68088750990657 93.968084468576635
219.83258359329807 93.913387933015599
223.03012215184378 93.860881749763564
226.2741699796992 93.808992308654751
229.5654035697641 93.759446513715176
232.90450925475412 93.712820955309240
236.2921833503241 93.670566845633687
239.72913230027333 93.630182695471802
243.21607282386276 93.593663380997171
246.75373206527502 93.563593277445165
250.34284774524843 93.539285761273760
253.9841683149166 93.521079158425408
257.67845311188546 93.512723480498266
261.42647251858085 93.513713236259292
265.22900812289896 93.521830154445510
269.08685288119375 93.535890837965368
273.0008112836349 93.554004056418165
276.97169952197106 93.573494110289118
281.00034565973334 93.590801140677115
285.0875898049141 93.604122625726887
289.23428428515797 93.609927997999222
293.44129382550057 93.608935223704691
297.7094957286928 93.602851958115480
302.0397800581479 93.593400549854636
306.4330498235497 93.581606358833284
310.89022116916016 93.568329336492525
315.41222356486645 93.550644993958102
320.00000000000654 93.529999999999973
324.6545071800142 93.509054717689935
329.3767157259242 93.486491764515563
334.16761037677935 93.462245187078423
339.02819019498156 93.434233677849619
343.95946877463007 93.406326974862068
348.9624744528898 93.376725153282649
354.03825052443415 93.343443721486295
359.187855459007 93.308103797332848
364.4123631221491 93.275143348642672
369.71286299913527 93.245579253504758
375.0904604221685 93.212489544760615
380.54627680087896 93.181703152337889
386.08144985617537 93.154317185675978
391.6971338574982 93.132679318900472
397.3944998635236 93.115471550286600
403.1747359663683 93.106560702703092
409.0390475393468 93.106539047539343
414.9886574883323 93.118216917674303
421.0248065067734 93.142556147749133
427.1487533344206 93.180369089453237
433.3617750198154 93.236298637708060
439.6651671865984 93.309527911595296
446.06024430368984 93.398605473732502
452.54833995940066 93.503831447301692
459.13080713953053 93.621534759122852
465.8090185095106 93.745101678844208
472.58436670065066 93.870155874433379
479.45826460054917 93.992838077981077
486.432145647728 94.111073617752282
493.50746413055253 94.219971237424161
500.6856954904994 94.316971210077057
507.9683366298358 94.401631913321836
515.3569062237735 94.472804263186788
522.8529450371643 94.531450396843553
530.4580162458005 94.589307260043228
538.1737057623901 94.653513721643691
546.0016225672724 94.721442247352726
553.9433990439449 94.787061342590562
562.0006913194694 94.848905150330054
570.1751796098309 94.909699980327346
578.4685685703187 94.966509694706673
586.8825876510039 95.020360302201325
595.4189914573883 95.071430150452841
604.0795601162986 95.119927635625118
612.8660996471021 95.167068390966620
621.780442338323 95.215792432860781
630.8244471297356 95.271271129908143
640.0000000000159 95.335500000000138
649.3090143600314 95.412764819188268
658.7534314518515 95.496843211494081
668.3352207535618 95.584684030932777
678.0563803899662 95.673715880568182
687.9189375492632 95.763166384820835
697.9249489057827 95.852928292706764
708.0765010488715 95.942977034282507
718.3757109180171 96.032868684986752
728.8247262443015 96.123775118325426
739.425725998274 96.214118670985329
750.1809208443404 96.305537827176892
761.0925536017613 96.398286705614964
772.1628997123541 96.491602886038663
783.3942677149998 96.586528419126921
794.7889997270506 96.682357872714050
806.34947193274 96.779441388767225
818.0780950786972 96.877261170843070
829.9773149766683 96.975275695770392
842.0496130135506 97.073903105735099
854.2975066688449 97.173417241684362
866.7235500396347 97.274151750320129
879.3303343732008 97.375859191704265
892.1204886073838 97.479650656960303
905.0966799188055 97.585410524340290
918.2616142790653 97.692074576869373
931.6180370190256 97.800462455693591
945.1687334013056 97.911343353335724
958.9165292011028 98.024561365909108
972.8642912954606 98.140257189223831
987.0149282611097 98.258740552343141
1001.3713909810035 98.378928258175023
1015.9366732596762 98.500336832939297
1030.7138124475518 98.623965432597402
1045.7058900743334 98.749126902178062
1060.916032491606 98.874950397598397
1076.3474115247852 99.000369119633262
1092.0032451345498 99.126338156845037
1107.8867980878947 99.251622685181189
1124.0013826389438 99.375621519309817
1140.350359219667 99.498235967610896
1156.9371371406426 99.618505933230949
1173.765175302013 99.738135580201345
1190.837982914782 99.853531116429693
1208.1591202326028 99.968880058638163
1225.73219929421 100.080348562314299
1243.5608846766518 100.189865308059922
1261.648894259477 100.296063586704975
1280.0000000000375 100.399500000000188
1298.6180287200684 100.497377636699781
1317.5068629037087 100.596285000808919
1336.6704415071292 100.689434880271904
1356.112760779938 100.780021518607214
1375.8378750985323 100.867686650433541
1395.8498978115715 100.952569570808606
1416.153002097749 101.034612008391008
1436.7514218360407 101.115655402976955
1457.6494524886093 101.193996996108311
1478.8514519965543 101.270826023908086
1500.3618416886875 101.345194077572671
1522.1851072035295 101.417210853771650
1544.3257994247153 101.486796494205109
1566.788535430007 101.554194064872831
1589.5779994541087 101.620193078438746
1612.6989438654878 101.684541127314134
1636.156190157402 101.747452342015549
1659.9546299533442 101.809682945279633
1684.099226027109 101.871612034108864
1708.5950133376978 101.933487533344248
1733.4471000792773 101.995279866195034
1758.6606687464096 102.057651671866026
1784.2409772147755 102.121787262581236
1810.193359837619 102.187391133987546
1836.5232285581387 102.254729929679996
1863.2360740380593 102.324707956941239
1890.3374668026197 102.398024659039180
1917.833058402214 102.474789224694248
1945.7285825909298 102.555942032817342
1974.0298565222283 102.640589569566686
2002.7427819620161 102.730776902278450
2031.8733465193618 102.824182043513900
2061.4276248951132 102.921806337146876
2091.411780148677 103.022870641512924
2121.832064983222 103.127866425816705
2152.694823049581 103.234797139521049
2184.0064902691106 103.342722229171699
2215.7735961758003 103.449947207284538
2248.002765277899 103.556108848889266
2280.7007184393456 103.658958845932688
2313.874274281297 103.757041681701693
2347.530350604038 103.848871084080571
2381.6759658295764 103.930541872689417
2416.318240465218 104.003276627558336
2451.4643985884327 104.061696597882644
2487.1217693533167 104.108333946288639
2523.2977885189675 104.137643562537335
2560.0000000000887 104.151750000000021
2597.236057440151 104.148967379895950
2635.0137258074315 104.129989934407888
2673.340883014273 104.092741506608945
2712.225521559891 104.041032143019493
2751.6757501970797 103.972483649645255
2791.699795623158 103.890930429191371
2832.3060041955137 103.795642529888823
2873.502843672097 103.690952492705662
2915.2989049772345 103.578010077013971
2957.7029039931244 103.458161578419947
3000.723683377391 103.333392272163337
3044.370214407075 103.206326378219487
3088.6515988494466 103.079076088264699
3133.57707086003 102.953073628363427
3179.1559989082334 102.831111282860434
3225.3978877309914 102.713767217304451
3272.3123803148205 102.602797144291657
3319.9092599067053 102.499686017191266
3368.198452054235 102.404514848220202
3417.190026675413 102.317120755185300
3466.8942001585724 102.236320815758972
3517.3213374928373 102.161403700760161
3568.4819544295697 102.090234181064375
3620.386719675257 102.021701131618926
3673.0464571162966 101.954230999462311
3726.472148076138 101.885056764539499
3780.6749336052594 101.808425812929329
3835.6661168044484 101.721174345079817
3891.45716518188 101.613074060400436
3948.059713044477 101.494562475813126
4005.4855639240527 101.382843176661396
4063.746693038744 101.257196153215290
4122.855249790247 101.101505631874005
4182.823560297375 100.923573862879522
4243.664129966465 100.752785692308422
4305.389646099183 100.629298092027398
4368.012980538242 100.585208770172585
4431.5471923516225 100.623566052226039
4496.00553055582 100.700873764213299
4561.401436878714 100.773655250475713
4627.748548562617 100.811902288953632
4695.060701208099 100.789224145917501
4763.351931659176 100.708035958907146
4832.63648093046 100.567271514390114
4902.928797176889 100.366068671810439
4974.243538706657 100.121228181140253
5046.595577037959 99.832419577648949
5120.000000000202 99.516285714284820
5194.472114880326 99.180334219331087
5270.027451614888 98.838251124587813
5346.6817660285715 98.500809600888743
5424.451043119808 98.177743305168207
5503.351500394186 97.880648105706882
5583.399591246343 97.619498792683430
5664.612008391055 97.406439159148221
5747.005687344222 97.240470559008600
5830.597809954497 97.128327730135950
5915.405807986278 97.075040580798628
6001.447366754812 97.084766445910461
6088.740428814181 97.166860369758808
6177.303197698925 97.316861600964216
6267.154141720092 97.524948348000493
6358.3119978165005 97.777896353656928
6450.795775462017 98.050117431999496
6544.624760629676 98.314086244259187
6639.818519813445 98.536053372843668
6736.396904108505 98.684121182738735
6834.380053350861 98.739077695465170
6933.788400317181 98.703597265719296
7034.642674985712 98.591130640397225
7136.963908859177 98.412984708661497
7240.773439350552 98.196468042970338
7346.092914232631 97.997520872656622
7452.944296152315 97.865997348270525
7561.349867210557 97.830601240040792
7671.332233608935 97.894032068650290
7782.914330363799 98.057291307535323
7896.119426088994 98.321298578122168
8010.971127848146 98.678861764514934
8127.49338607753 99.104425950712141
8245.710499580537 99.568655461814345
8365.647120594791 100.025403854877879
8487.328259932974 100.431052850197432
8610.77929219841 100.739755042428669
8736.025961076528 100.914618764185278
8863.094384703289 100.955968777381983
8992.011061111683 100.876899882518174
9122.802873757471 100.708983061136991
9255.497097125279 100.495183501918305
9390.121402416245 100.281456554147454
9526.7038633184 100.099069419863952
9665.272961860968 99.954624968207071
9805.857594353829 99.835313924516925
9948.487077413367 99.712078727747524
10093.19115407597 99.537260030456679
10240.000000000457 99.275799999999066
10388.944229760706 98.907768052231205
10540.05490322983 98.446198966519361
10693.363532057198 97.940920955834869
10848.902086239672 97.415721927647510
11006.703000788428 96.890380097398179
11166.799182492743 96.376556872540817
11329.224016782166 95.905724241386039
11494.0113746885 95.509274786107156
11661.195619909053 95.221234738791395
11830.811615972614 94.969329629200928
12002.894733509682 94.770110327744561
12177.48085762842 94.616308931270225
12354.606395397908 94.549068866263070
12534.308283440243 94.559755194947343
12716.62399563306 94.703170874745126
12901.591550924093 95.058494792819474
13089.249521259411 95.529516298361131
13279.637039626952 96.188803695862106
13472.793808217073 97.016575796428768
13668.760106701786 97.868977623606099
13867.576800634426 98.542892511435383
14069.285349971487 98.800928790017110
14273.927817718419 98.678143309368949
14481.54687870117 98.179585302654885
14692.18582846533 97.594685910238667
14905.888592304698 97.213073530481154
15122.699734421185 97.069202423370939
15342.664467217943 96.921783233189629
15565.828660727671 96.268933256699995
15792.238852178061 94.585843926628797
16021.942255696367 91.790907791050785
16254.986772155136 88.425860136540635
16491.42099916115 85.384843108789298
16731.294241189662 82.742290647455576
16974.65651986603 80.369564583292828
17221.558584396902 78.368926660070159
17472.051922153143 76.743240578902288
17726.188769406665 75.464103560373104
17984.022122223458 74.565430023284762
18245.605747515034 74.102329613144931
18510.99419425065 74.004145355723125
18780.242804832582 73.771158564045024
19053.40772663689 72.860678380816722
19330.545923722028 72.260896524490363
19611.71518870775 73.828811304813001
19896.974154826825 76.436940244494338
20186.382308152035 77.296999999999997
