20 70.018000000000001
20.290906698750476 70.030605998965854
20.586044732869844 70.041011567278559
20.885475648548283 70.047209512970966
21.189261887185914 70.050874710768142
21.49746679841394 70.054571174644224
21.810154653305165 70.061355446088442
22.12739065777668 70.074369532888824
22.449240966187475 70.090626176109410
22.77577269513385 70.107536024226334
23.107053937445478 70.121211628828803
23.44315377638505 70.128192952493364
23.784142300054445 70.127428399124398
24.130090616010463 70.121964542174908
24.481070866093134 70.113925903383375
24.837156241469714 70.106485478857991
25.1984209978975 70.100771711278909
25.56494047120865 70.097175295582190
25.936791093020236 70.096341978522645
26.3140504066728 70.097380165956139
26.69679708340074 70.096770018228739
27.08511093873791 70.092723345174448
27.47907294916184 70.085069706254586
27.878765268980047 70.080060803896430
28.284271247461966 70.084116882454310
28.695675446220072 70.093674587940384
29.11306365684382 70.100804045147328
29.536522918790062 70.091822506065256
29.966141537533712 70.054445686234573
30.402009102982383 70.004815832840507
30.844216508158908 69.972091904923815
31.29285596815558 69.965874979442731
31.74802103936409 69.976692610141555
32.20980663898519 69.981482320332177
32.67830906482211 69.968549619564428
33.153626015361866 69.943511447201189
33.63585661014871 69.921424301695538
34.125101410453844 69.907372464738643
34.62146244024586 69.893384427270661
35.12504320746613 69.872747839626697
35.635948725613716 69.848154204798618
36.15428553564419 69.826945720716793
36.68016172818701 69.807473692600695
37.21368696608603 69.784956712593953
37.754972507267915 69.758933515808195
38.30413122794313 69.732314139742556
38.86127764614443 69.707242541851684
39.4265279456077 69.681806246580464
40.000000000000206 69.653499999999994
40.58181339750116 69.626833463726086
41.1720894657399 69.607407120327849
41.77095129709678 69.587468259990970
42.37852377437204 69.556747339821811
42.9949335968281 69.519978993125576
43.62030930661056 69.488785336509324
44.25478131555359 69.468356614309670
44.89848193237519 69.444060736240772
45.55154539026795 69.404928645919085
46.21410787489121 69.359259386599490
46.88630755277036 69.325664151603036
47.56828460010916 69.302768619897606
48.260181232021196 69.274009546542771
48.962141732186545 69.232397092312695
49.674312482939705 69.191327244472262
50.39684199579528 69.155898008194612
51.129880942417586 69.119092148708546
51.873582186040764 69.076318256821452
52.628100813345895 69.029476165502743
53.393594166801776 68.980908340501813
54.17022187747612 68.931728880945968
54.95814589832399 68.885802011589305
55.75753053796041 68.846714226637118
56.56854249492426 68.801671721551998
57.39135089244048 68.752323271007356
58.226127313687975 68.706454907452482
59.073045837580466 68.670861589313645
59.932283075067765 68.616300024733192
60.804018205965114 68.569353586277572
61.68843301631817 68.535251336740458
62.58571193631152 68.488839454166012
63.49604207872855 68.433001328000728
64.41961327797075 68.376033009960750
65.35661812964459 68.325808802295654
66.3072520307241 68.281215642371620
67.27171322029778 68.229419916273471
68.25020282090806 68.175489047670965
69.2429248804921 68.120303044730235
70.25008641493265 68.058744555859249
71.27189745122783 67.994098563121426
72.30857107128878 67.928985735722677
73.36032345637442 67.864979783976594
74.42737393217246 67.796152259578349
75.50994501453623 67.723291103085955
76.60826245588666 67.653446278053593
77.72255529228926 67.587448341392616
78.85305589121582 67.514015767408523
80.00000000000082 67.449499999999944
81.16362679500274 67.397136663316530
82.34417893148023 67.361174621267992
83.541902594194 67.335661996203811
84.75704754874454 67.312156600290564
85.98986719365665 67.291827063584776
87.24061861322157 67.276893093406926
88.50956263110764 67.267321497552658
89.79696386475084 67.243290007857979
91.10309078053635 67.216518884619376
92.42821574978288 67.197966324215244
93.77261510554118 67.157842702500204
95.13656920021877 67.119447681945246
96.52036246404286 67.070569325001301
97.92428346437356 67.011875958304586
99.34862496587989 66.950126170643472
100.79368399159105 66.877405625784604
102.25976188483567 66.793154525025017
103.74716437208203 66.708240238428147
105.25620162669229 66.621592832747808
106.78718833360406 66.528481511650142
108.34044375495276 66.433452783029566
109.9162917966485 66.333154617224665
111.51506107592134 66.233923101653119
113.13708498984903 66.135195732241385
114.78270178488147 66.032671713547160
116.45225462737648 65.928564020337035
118.14609167516147 65.822032128384450
119.86456615013608 65.710661677702092
121.60803641193078 65.600357702461864
123.3768660326369 65.487814924876275
125.17142387262359 65.377900263133085
126.99208415745765 65.276927455497287
128.83922655594208 65.184135357442642
130.71323625928977 65.098466342432459
132.61450406144883 65.034709918771028
134.5434264405962 65.007679283050749
136.50040564181674 65.018006895910887
138.48584976098482 65.058804267471032
140.50017282986593 65.132258900738094
142.5437949024563 65.237505437476500
144.61714214257822 65.365305668196299
146.7206469127495 65.504250955006569
148.8547478643456 65.642432913745239
151.01989002907314 65.741813162750077
153.216524911774 65.765669501764521
155.4451105845792 65.694836263818246
157.70611178243232 65.529820546828375
160.00000000000236 65.500000000000142
162.3272535900062 65.645686074734385
164.6883578629612 65.929607061297560
167.08380518838874 66.135204415071101
169.51409509748981 66.138691392557149
171.97973438731407 66.028157864982205
174.4812372264439 65.991093813867778
177.01912526221608 66.111666640995182
179.5939277295025 66.257841167306239
182.20618156107355 66.297266979864162
184.85643149956664 66.259440664507366
187.54523021108326 66.237800987071239
190.27313840043846 66.222247391832369
193.04072492808663 66.169549296855365
195.84856692874806 66.101180094496286
198.69724993176072 66.038723801583160
201.58736798318304 65.963524573809821
204.5195237696723 65.879180556717898
207.49432874416505 65.794158795163384
210.5124032533856 65.708392372860715
213.57437666720915 65.619449482484129
216.68088750990657 65.534616037232524
219.83258359329807 65.451810972472572
223.03012215184378 65.370231885127978
226.2741699796992 65.291677977147117
229.5654035697641 65.218061121465183
232.90450925475412 65.148473475401744
236.2921833503241 65.077229378831106
239.72913230027333 65.009349637069590
243.21607282386276 64.943529661861518
246.75373206527502 64.878525173300574
250.34284774524843 64.815585876394465
253.9841683149166 64.752773096567694
257.67845311188546 64.686747650625051
261.42647251858085 64.623178276248950
265.22900812289896 64.568007626125791
269.08685288119375 64.509211682262290
273.0008112836349 64.451238033566383
276.97169952197106 64.392910356931424
281.00034565973334 64.334695057065815
285.0875898049141 64.276264983750707
289.23428428515797 64.217796591579273
293.44129382550057 64.162607309651037
297.7094957286928 64.104567059798313
302.0397800581479 64.043688106678658
306.4330498235497 63.981126285862459
310.89022116916016 63.911729016585724
315.41222356486645 63.843981535952949
320.00000000000654 63.776999999999902
324.6545071800142 63.706716941581782
329.3767157259242 63.634098577820765
334.16761037677935 63.561985844348314
339.02819019498156 63.487868690016782
343.95946877463007 63.415983649645327
348.9624744528898 63.343147872987814
354.03825052443415 63.271464492657927
359.187855459007 63.200207594665706
364.4123631221491 63.128991861538779
369.71286299913527 63.069158507009512
375.0904604221685 63.001433859310154
380.54627680087896 62.937133166275359
386.08144985617537 62.881634371351950
391.6971338574982 62.845697909453293
397.3944998635236 62.814766950668734
403.1747359663683 62.794592282745143
409.0390475393468 62.791039047539343
414.9886574883323 62.804709355999861
421.0248065067734 62.831704320572001
427.1487533344206 62.868936587230287
433.3617750198154 62.921905008538090
439.6651671865984 62.990910898984907
446.06024430368984 63.069298237023887
452.54833995940066 63.159215431399133
459.13080713953053 63.256576934134486
465.8090185095106 63.352326259133150
472.58436670065066 63.442269312344123
479.45826460054917 63.520948673248704
486.432145647728 63.586116452570465
493.50746413055253 63.637481886646796
500.6856954904994 63.678428477452499
507.9683366298358 63.714841683149174
515.3569062237735 63.749386504325656
522.8529450371643 63.788977961445113
530.4580162458005 63.829362601536253
538.1737057623901 63.877740755445643
546.0016225672724 63.934584525007267
553.9433990439449 63.999397429433287
562.0006913194694 64.068106083611326
570.1751796098309 64.140015303625034
578.4685685703187 64.211753118133259
586.8825876510039 64.282469606885883
595.4189914573883 64.351310032513368
604.0795601162986 64.418351673379505
612.8660996471021 64.484843325899504
621.780442338323 64.552337634847305
630.8244471297356 64.619224575829492
640.0000000000159 64.688500000000118
649.3090143600314 64.755524903392228
658.7534314518515 64.820023333872598
668.3352207535618 64.883095695935822
678.0563803899662 64.943143920378787
687.9189375492632 64.997762262766031
697.9249489057827 65.049417239419483
708.0765010488715 65.098363379982146
718.3757109180171 65.145609484676982
728.8247262443015 65.192711268099359
739.425725998274 65.241358339592054
750.1809208443404 65.292434757695759
761.0925536017613 65.348811526942427
772.1628997123541 65.408223306143441
783.3942677149998 65.472574180487698
794.7889997270506 65.542214123282690
806.34947193274 65.618388058207060
818.0780950786972 65.700247984213803
829.9773149766683 65.786446991942185
842.0496130135506 65.876709565352755
854.2975066688449 65.967619735015518
866.7235500396347 66.055019825272865
879.3303343732008 66.140580206863120
892.1204886073838 66.222384378986021
905.0966799188055 66.302504802839408
918.2616142790653 66.379661372490148
931.6180370190256 66.451862884521859
945.1687334013056 66.522934547581912
958.9165292011028 66.591596557805332
972.8642912954606 66.654135738757020
987.0149282611097 66.713870276171576
1001.3713909810035 66.770982720564305
1015.9366732596762 66.823622244198930
1030.7138124475518 66.872896370359641
1045.7058900743334 66.922617670222991
1060.916032491606 66.968278631891224
1076.3474115247852 67.016254904946663
1092.0032451345498 67.076511357970929
1107.8867980878947 67.130082223927744
1124.0013826389438 67.167391615760138
1140.350359219667 67.199406923536884
1156.9371371406426 67.228694016749671
1173.765175302013 67.255537439496635
1190.837982914782 67.279298015133648
1208.1591202326028 67.302698900290750
1225.73219929421 67.322822756487483
1243.5608846766518 67.339134070563887
1261.648894259477 67.353819115407589
1280.0000000000375 67.368000000000023
1298.6180287200684 67.378638873554323
1317.5068629037087 67.389002745161491
1336.6704415071292 67.398335220753566
1356.112760779938 67.406847923331469
1375.8378750985323 67.412459468774628
1395.8498978115715 67.412707505109424
1416.153002097749 67.414653733613036
1436.7514218360407 67.417850284367205
1457.6494524886093 67.423406791945666
1478.8514519965543 67.430616232319466
1500.3618416886875 67.434231578680766
1522.1851072035295 67.448198468610258
1544.3257994247153 67.465460639539771
1566.788535430007 67.488467388973007
1589.5779994541087 67.507704599617881
1612.6989438654878 67.526175070601624
1636.156190157402 67.546148075929068
1659.9546299533442 67.567852815151468
1684.099226027109 67.594965024794163
1708.5950133376978 67.623079312537442
1733.4471000792773 67.649988056107816
1758.6606687464096 67.686183856619323
1784.2409772147755 67.727155202632233
1810.193359837619 67.776036993233021
1836.5232285581387 67.835312031970233
1863.2360740380593 67.893031033999165
1890.3374668026197 67.958297661694971
1917.833058402214 68.033932563526207
1945.7285825909298 68.113283746210058
1974.0298565222283 68.200953749479794
2002.7427819620161 68.301142606540054
2031.8733465193618 68.398525490375775
2061.4276248951132 68.501806005860175
2091.411780148677 68.613435353572399
2121.832064983222 68.730645053434557
2152.694823049581 68.853390089215168
2184.0064902691106 68.983029206211000
2215.7735961758003 69.115925515229037
2248.002765277899 69.242578096481978
2280.7007184393456 69.378978053367220
2313.874274281297 69.520659379409580
2347.530350604038 69.664796162577233
2381.6759658295764 69.812019501785784
2416.318240465218 69.966563906140010
2451.4643985884327 70.122870133859692
2487.1217693533167 70.272272440235824
2523.2977885189675 70.420103377640743
2560.0000000000887 70.570750000000359
2597.236057440151 70.719505173298586
2635.0137258074315 70.864051243014416
2673.340883014273 71.004902461964420
2712.225521559891 71.144400601537626
2751.6757501970797 71.282865125689781
2791.699795623158 71.407099386869476
2832.3060041955137 71.527625772418716
2873.502843672097 71.643457677914654
2915.2989049772345 71.752635306244002
2957.7029039931244 71.854253127425494
3000.723683377391 71.944820722163740
3044.370214407075 72.023346669237753
3088.6515988494466 72.087280788533036
3133.57707086003 72.138666497631533
3179.1559989082334 72.155500000000004
3225.3978877309914 72.145594823784919
3272.3123803148205 72.116811352929261
3319.9092599067053 72.070502536305426
3368.198452054235 72.015389795617082
3417.190026675413 71.958043868256254
3466.8942001585724 71.900585321827151
3517.3213374928373 71.846659022382369
3568.4819544295697 71.791930571950303
3620.386719675257 71.733370741160456
3673.0464571162966 71.670539605748814
3726.472148076138 71.596585942328076
3780.6749336052594 71.530886853057524
3835.6661168044484 71.483166941597773
3891.45716518188 71.470693754883541
3948.059713044477 71.483075562228478
4005.4855639240527 71.549685476213085
4063.746693038744 71.643930500265327
4122.855249790247 71.769091199552520
4182.823560297375 71.896102576823111
4243.664129966465 72.006050177725115
4305.389646099183 72.087660218392301
4368.012980538242 72.137976618412665
4431.5471923516225 72.150050947260283
4496.00553055582 72.125364085740614
4561.401436878714 72.072155398075836
4627.748548562617 71.987440040015429
4695.060701208099 71.861898269407376
4763.351931659176 71.700019220413878
4832.63648093046 71.502458733162086
4902.928797176889 71.280305380704505
4974.243538706657 71.042928056865037
5046.595577037959 70.805146819339612
5120.000000000202 70.572142857142239
5194.472114880326 70.346989603139605
5270.027451614888 70.142366640519072
5346.6817660285715 69.979222254922504
5424.451043119808 69.877359046290451
5503.351500394186 69.854762164291344
5583.399591246343 69.882341073724973
5664.612008391055 69.993848393551559
5747.005687344222 70.178620441139572
5830.597809954497 70.434640973483241
5915.405807986278 70.756631497059772
6001.447366754812 71.134838807916481
6088.740428814181 71.547142447061034
6177.303197698925 71.956609184078800
6267.154141720092 72.327838159008110
6358.3119978165005 72.616315793940799
6450.795775462017 72.809971515334198
6544.624760629676 72.905358018480200
6639.818519813445 72.913674406876481
6736.396904108505 72.862430260000792
6834.380053350861 72.767867925308792
6933.788400317181 72.613829343416384
7034.642674985712 72.459262672138493
7136.963908859177 72.358503076153568
7240.773439350552 72.228393434613139
7346.092914232631 72.071239455503161
7452.944296152315 71.881934484753288
7561.349867210557 71.599762267282145
7671.332233608935 71.204389373807487
7782.914330363799 70.674236226094862
7896.119426088994 70.017246129263071
8010.971127848146 69.318181982267646
8127.49338607753 68.547132759604338
8245.710499580537 67.720977008700629
8365.647120594791 66.872574223483014
8487.328259932974 66.032671011877753
8610.77929219841 65.219895636100418
8736.025961076528 64.458435442879903
8863.094384703289 63.752373357248395
8992.011061111683 63.101344141386008
9122.802873757471 62.533564685395255
9255.497097125279 62.042874428186636
9390.121402416245 61.628979561288233
9526.7038633184 61.290866951420000
9665.272961860968 61.024237387798834
9805.857594353829 60.830564362829847
9948.487077413367 60.718756461293310
10093.19115407597 60.706357398750889
10240.000000000457 60.794900000000411
10388.944229760706 61.005423033934960
10540.05490322983 61.371901670172406
10693.363532057198 61.901928986796591
10848.902086239672 62.609268590678383
11006.703000788428 63.470040892003894
11166.799182492743 64.422160756688129
11329.224016782166 65.529503939883853
11494.0113746885 66.803291566242422
11661.195619909053 68.189789998926756
11830.811615972614 69.542021394325729
12002.894733509682 70.782012627809195
12177.48085762842 71.849714504753024
12354.606395397908 72.514045610636046
12534.308283440243 72.839898946772792
12716.62399563306 72.722127527365586
12901.591550924093 72.256697298616970
13089.249521259411 71.656727959173480
13279.637039626952 70.949775433916443
13472.793808217073 70.134383739187513
13668.760106701786 69.220699466491084
13867.576800634426 68.191476060497962
14069.285349971487 67.078391294907249
14273.927817718419 65.949788085282918
14481.54687870117 64.924136036709058
14692.18582846533 63.996569787891161
14905.888592304698 63.449870560544127
15122.699734421185 63.546111206696935
15342.664467217943 63.932060256070862
15565.828660727671 63.993644535334596
15792.238852178061 63.552981946769791
16021.942255696367 62.786762948247173
16254.986772155136 61.457610505165277
16491.42099916115 59.661183248373582
16731.294241189662 57.521753245011112
16974.65651986603 55.138886714120964
17221.558584396902 54.430816847467206
17472.051922153143 54.611816075925397
17726.188769406665 55.184853046575995
17984.022122223458 55.250892840644489
18245.605747515034 54.725903700317829
18510.99419425065 53.943254499939655
18780.242804832582 53.223777069572662
19053.40772663689 52.898066763125300
19330.545923722028 52.746325651154962
19611.71518870775 52.763977201718006
19896.974154826825 52.860500000000002
20186.382308152035 52.860500000000002
