20 104.748999999999995
20.290906698750476 104.733969770463801
20.586044732869844 104.717767537133696
20.885475648548283 104.700823046582258
21.189261887185914 104.683608547697645
21.49746679841394 104.667504814093320
21.810154653305165 104.651441441861010
22.12739065777668 104.634311990466728
22.449240966187475 104.617291755887166
22.77577269513385 104.599079969717081
23.107053937445478 104.580112013813874
23.44315377638505 104.562342285039804
23.784142300054445 104.546213596497552
24.130090616010463 104.530645902765869
24.481070866093134 104.513720113262167
24.837156241469714 104.493356286756310
25.1984209978975 104.465634215178710
25.56494047120865 104.432830616061722
25.936791093020236 104.397846794661660
26.3140504066728 104.363805768118709
26.69679708340074 104.333732211453452
27.08511093873791 104.306350794683595
27.47907294916184 104.278267233103861
27.878765268980047 104.247198778481604
28.284271247461966 104.212768401470811
28.695675446220072 104.177758937963731
29.11306365684382 104.144020225736710
29.536522918790062 104.112333826928321
29.966141537533712 104.080971667760039
30.402009102982383 104.047335923803359
30.844216508158908 104.010921920996495
31.29285596815558 103.973830452587350
31.74802103936409 103.937902379968961
32.20980663898519 103.902554695437118
32.67830906482211 103.866770202008695
33.153626015361866 103.829709918771044
33.63585661014871 103.791267327798252
34.125101410453844 103.752867191395069
34.62146244024586 103.714647392101071
35.12504320746613 103.674996370572842
35.635948725613716 103.631536512145999
36.15428553564419 103.586385729470251
36.68016172818701 103.544388679026909
37.21368696608603 103.509392469000929
37.754972507267915 103.476655302540777
38.30413122794313 103.440669581764553
38.86127764614443 103.393477103404976
39.4265279456077 103.339071694074875
40.000000000000206 103.284999999999997
40.58181339750116 103.236030542478801
41.1720894657399 103.185872468549775
41.77095129709678 103.129259540974275
42.37852377437204 103.068647605209065
42.9949335968281 103.009893597610670
43.62030930661056 102.954039397719072
44.25478131555359 102.901825095983355
44.89848193237519 102.850536873809887
45.55154539026795 102.797118648086297
46.21410787489121 102.740871446246857
46.88630755277036 102.687526867789558
47.56828460010916 102.635988465150518
48.260181232021196 102.579764319814160
48.962141732186545 102.518843583370199
49.674312482939705 102.458140716890739
50.39684199579528 102.397268388192884
51.129880942417586 102.334724445329300
51.873582186040764 102.271779247624806
52.628100813345895 102.206238531355382
53.393594166801776 102.135116514090981
54.17022187747612 102.060828876884230
54.95814589832399 101.986303448438818
55.75753053796041 101.911231540480642
56.56854249492426 101.836762632961893
57.39135089244048 101.762865446019021
58.226127313687975 101.690231432963913
59.073045837580466 101.619937195480816
59.932283075067765 101.548620504769374
60.804018205965114 101.478198559983241
61.68843301631817 101.411867543965371
62.58571193631152 101.343848434706587
63.49604207872855 101.271820591622983
64.41961327797075 101.195123064733494
65.35661812964459 101.113939295526450
66.3072520307241 101.030115447311644
67.27171322029778 100.947627085766030
68.25020282090806 100.867857861633269
69.2429248804921 100.782150910994716
70.25008641493265 100.689116920203787
71.27189745122783 100.595480870468791
72.30857107128878 100.506734315547391
73.36032345637442 100.416751050654483
74.42737393217246 100.319967911274063
75.50994501453623 100.219617490609735
76.60826245588666 100.118285119324668
77.72255529228926 100.017997245818577
78.85305589121582 99.921689441812319
80.00000000000082 99.828499999999934
81.16362679500274 99.737349006513966
82.34417893148023 99.651326966918631
83.541902594194 99.573478680189112
84.75704754874454 99.490804253222478
85.98986719365665 99.397697546399499
87.24061861322157 99.287444032780272
88.50956263110764 99.201900741783930
89.79696386475084 99.121223597808950
91.10309078053635 99.044612499241850
92.42821574978288 99.007822211377345
93.77261510554118 98.959011243000219
95.13656920021877 98.854696605470991
96.52036246404286 98.725920740369787
97.92428346437356 98.602241473322920
99.34862496587989 98.489124656634857
100.79368399159105 98.385500365910758
102.25976188483567 98.291414286909855
103.74716437208203 98.204838642091602
105.25620162669229 98.114487456441054
106.78718833360406 98.019456719427751
108.34044375495276 97.933477812252363
109.9162917966485 97.862702916141899
111.51506107592134 97.796263490379729
113.13708498984903 97.728621537720386
114.78270178488147 97.659235197230529
116.45225462737648 97.572436294814608
118.14609167516147 97.474565925300453
119.86456615013608 97.369474520799002
121.60803641193078 97.260777662849137
123.3768660326369 97.150109703782846
125.17142387262359 97.039600285060843
126.99208415745765 96.929638978605027
128.83922655594208 96.823222649915181
130.71323625928977 96.719884400559152
132.61450406144883 96.626383577388424
134.5434264405962 96.549702784070462
136.50040564181674 96.489865163185939
138.48584976098482 96.445726403824239
140.50017282986593 96.420249567925339
142.5437949024563 96.415140512743861
144.61714214257822 96.426532851604975
146.7206469127495 96.447394727892600
148.8547478643456 96.467150831633376
151.01989002907314 96.479855692081401
153.216524911774 96.480560680423480
155.4451105845792 96.466569650868138
157.70611178243232 96.437954877342165
160.00000000000236 96.398499999999956
162.3272535900062 96.349627674609877
164.6883578629612 96.289540367135601
167.08380518838874 96.221486410574414
169.51409509748981 96.149077147075303
171.97973438731407 96.077087702767898
174.4812372264439 96.006129110214289
177.01912526221608 95.933349192448176
179.5939277295025 95.859194881390323
182.20618156107355 95.786609388914371
184.85643149956664 95.717232781011262
187.54523021108326 95.652486843271731
190.27313840043846 95.591600210550538
193.04072492808663 95.532036631524562
195.84856692874806 95.472849807882028
198.69724993176072 95.414315551378422
201.58736798318304 95.355458956344748
204.5195237696723 95.295856270644947
207.49432874416505 95.236860589488771
210.5124032533856 95.179520539812358
213.57437666720915 95.125235596657447
216.68088750990657 95.076111132657701
219.83258359329807 95.029385683795510
223.03012215184378 94.989502238370932
226.2741699796992 94.955516356862915
229.5654035697641 94.928831905965154
232.90450925475412 94.908072944471485
236.2921833503241 94.893586927030242
239.72913230027333 94.882846461561641
243.21607282386276 94.873824772425422
246.75373206527502 94.862769587296015
250.34284774524843 94.847028625464816
253.9841683149166 94.826091032189225
257.67845311188546 94.798411601660860
261.42647251858085 94.766018365462415
265.22900812289896 94.729595414709564
269.08685288119375 94.689059093787080
273.0008112836349 94.646240873059099
276.97169952197106 94.601446917937579
281.00034565973334 94.555796128610979
285.0875898049141 94.510010235204476
289.23428428515797 94.463152587577710
293.44129382550057 94.416989897302045
297.7094957286928 94.371279345275852
302.0397800581479 94.324817391867640
306.4330498235497 94.277547468548804
310.89022116916016 94.231138955369971
315.41222356486645 94.185336541994843
320.00000000000654 94.138999999999925
324.6545071800142 94.091989477481860
329.3767157259242 94.044732842740757
334.16761037677935 93.997657418307568
339.02819019498156 93.950023736089179
343.95946877463007 93.902093152886096
348.9624744528898 93.855941482478698
354.03825052443415 93.810963395384988
359.187855459007 93.767322014144355
364.4123631221491 93.726524803959450
369.71286299913527 93.690423817905796
375.0904604221685 93.659657542687512
380.54627680087896 93.639003380682396
386.08144985617537 93.627377825215731
391.6971338574982 93.634219984250620
397.3944998635236 93.654127549194783
403.1747359663683 93.699924553011030
409.0390475393468 93.769293411589246
414.9886574883323 93.865790163534143
421.0248065067734 93.990854492048157
427.1487533344206 94.139121026140018
433.3617750198154 94.309597846404671
439.6651671865984 94.493693539258913
446.06024430368984 94.682933832908233
452.54833995940066 94.869598684867285
459.13080713953053 95.045400985627793
465.8090185095106 95.209829353182627
472.58436670065066 95.358099155477987
479.45826460054917 95.493388579938966
486.432145647728 95.618176119705694
493.50746413055253 95.733049063821767
500.6856954904994 95.839599736867001
507.9683366298358 95.941556712817700
515.3569062237735 96.044420207227745
522.8529450371643 96.147568067066544
530.4580162458005 96.250339707133961
538.1737057623901 96.348522431376395
546.0016225672724 96.438517036956355
553.9433990439449 96.519476441156485
562.0006913194694 96.591605565121725
570.1751796098309 96.657226257268817
578.4685685703187 96.715279979992232
586.8825876510039 96.767983784671117
595.4189914573883 96.815178755578415
604.0795601162986 96.856848075508807
612.8660996471021 96.893116820042195
621.780442338323 96.924262913564377
630.8244471297356 96.950602340180822
640.0000000000159 96.974000000000032
649.3090143600314 96.994479831592059
658.7534314518515 97.013944534476295
668.3352207535618 97.032753680469455
678.0563803899662 97.052515579799433
687.9189375492632 97.073525715730909
697.9249489057827 97.095038640147436
708.0765010488715 97.117268302307508
718.3757109180171 97.139926564019646
728.8247262443015 97.162914397737467
739.425725998274 97.186707883496126
750.1809208443404 97.210914610268276
761.0925536017613 97.235920435337363
772.1628997123541 97.262234607006377
783.3942677149998 97.290308525738084
794.7889997270506 97.320669749249390
806.34947193274 97.353783854467679
818.0780950786972 97.390136922561950
829.9773149766683 97.430303472801171
842.0496130135506 97.474692250427509
854.2975066688449 97.523406277786847
866.7235500396347 97.576392625175302
879.3303343732008 97.633136054835376
892.1204886073838 97.693915694935697
905.0966799188055 97.758332846247157
918.2616142790653 97.827475553261166
931.6180370190256 97.900408283375327
945.1687334013056 97.978116308732666
958.9165292011028 98.060370697256658
972.8642912954606 98.147528606632903
987.0149282611097 98.240021258948062
1001.3713909810035 98.336599736867015
1015.9366732596762 98.438650380143699
1030.7138124475518 98.543649646943052
1045.7058900743334 98.652027630233391
1060.916032491606 98.763748106021495
1076.3474115247852 98.877470845283412
1092.0032451345498 98.993399135688207
1107.8867980878947 99.111381443075231
1124.0013826389438 99.230065771721087
1140.350359219667 99.350735967610888
1156.9371371406426 99.472424893100623
1173.765175302013 99.595797520939598
1190.837982914782 99.719158530635440
1208.1591202326028 99.843845175938867
1225.73219929421 99.968398356930635
1243.5608846766518 100.093783921365642
1261.648894259477 100.218877370390402
1280.0000000000375 100.343500000000247
1298.6180287200684 100.466910933230167
1317.5068629037087 100.591794608874110
1336.6704415071292 100.715107586683303
1356.112760779938 100.837204754874620
1375.8378750985323 100.957715091223577
1395.8498978115715 101.076910644533569
1416.153002097749 101.194110545360417
1436.7514218360407 101.310970391190025
1457.6494524886093 101.425501065338949
1478.8514519965543 101.538527550382085
1500.3618416886875 101.650323682110979
1522.1851072035295 101.760312940305781
1544.3257994247153 101.870355965146587
1566.788535430007 101.979756511481241
1589.5779994541087 102.088891277401558
1612.6989438654878 102.198185036167786
1636.156190157402 102.307318474724042
1659.9546299533442 102.416194019988183
1684.099226027109 102.525264532601454
1708.5950133376978 102.634318058685864
1733.4471000792773 102.743329356345640
1758.6606687464096 102.852567662234634
1784.2409772147755 102.961496923846354
1810.193359837619 103.070404376924500
1836.5232285581387 103.179706166230687
1863.2360740380593 103.289238460594532
1890.3374668026197 103.398043117874437
1917.833058402214 103.506405588936673
1945.7285825909298 103.614512328800998
1974.0298565222283 103.721832857654022
2002.7427819620161 103.827828302030554
2031.8733465193618 103.931931823049808
2061.4276248951132 104.033258749650372
2091.411780148677 104.132947107468340
2121.832064983222 104.228541996574251
2152.694823049581 104.319838930979415
2184.0064902691106 104.408817523726597
2215.7735961758003 104.491433990439504
2248.002765277899 104.570139601296574
2280.7007184393456 104.642114818107984
2313.874274281297 104.707667407420402
2347.530350604038 104.766132905986595
2381.6759658295764 104.816575402588541
2416.318240465218 104.860494005860573
2451.4643985884327 104.895049653747236
2487.1217693533167 104.922914512902224
2523.2977885189675 104.940819115407578
2560.0000000000887 104.950500000000005
2597.236057440151 104.951776394255972
2635.0137258074315 104.944495424730860
2673.340883014273 104.926370753304468
2712.225521559891 104.899590008111417
2751.6757501970797 104.862616143557830
2791.699795623158 104.816063997806907
2832.3060041955137 104.760125474042368
2873.502843672097 104.695750251067594
2915.2989049772345 104.623197025792109
2957.7029039931244 104.543825279133543
3000.723683377391 104.459007403034121
3044.370214407075 104.368822549745147
3088.6515988494466 104.275598497430536
3133.57707086003 104.180398724422446
3179.1559989082334 104.084563962281791
3225.3978877309914 103.989442287906087
3272.3123803148205 103.895990858386099
3319.9092599067053 103.806163332167927
3368.198452054235 103.721790569589970
3417.190026675413 103.644074461320656
3466.8942001585724 103.576226959809716
3517.3213374928373 103.520564369506587
3568.4819544295697 103.479595646886551
3620.386719675257 103.456107187277937
3673.0464571162966 103.451765574853951
3726.472148076138 103.467441909595777
3780.6749336052594 103.505011906901700
3835.6661168044484 103.557799340165332
3891.45716518188 103.628503602125079
3948.059713044477 103.706332105436161
4005.4855639240527 103.780168416054863
4063.746693038744 103.838591903613292
4122.855249790247 103.870071381244742
4182.823560297375 103.870088219851311
4243.664129966465 103.839667935016763
4305.389646099183 103.786649318510740
4368.012980538242 103.715785072381024
4431.5471923516225 103.629971667522796
4496.00553055582 103.529824576619959
4561.401436878714 103.408812666050153
4627.748548562617 103.264870343641377
4695.060701208099 103.087748202124502
4763.351931659176 102.878912690477961
4832.63648093046 102.639124114985208
4902.928797176889 102.378987421974898
4974.243538706657 102.118935437591375
5046.595577037959 101.889751825381538
5120.000000000202 101.712714285713901
5194.472114880326 101.614928070497996
5270.027451614888 101.596564730443703
5346.6817660285715 101.624091449240353
5424.451043119808 101.655652820386791
5503.351500394186 101.643302646279352
5583.399591246343 101.554976778825036
5664.612008391055 101.383923200574714
5747.005687344222 101.160042824220454
5830.597809954497 100.902239997195380
5915.405807986278 100.634744750280760
6001.447366754812 100.379809214775236
6088.740428814181 100.161269962758993
6177.303197698925 99.990204929363131
6267.154141720092 99.873282864579650
6358.3119978165005 99.814217400927987
6450.795775462017 99.805897218460473
6544.624760629676 99.842667351590393
6639.818519813445 99.910049371445155
6736.396904108505 99.986023786437585
6834.380053350861 100.038719811203663
6933.788400317181 100.039998291882640
7034.642674985712 99.975834137141362
7136.963908859177 99.814134814180932
7240.773439350552 99.521865891895800
7346.092914232631 99.103007704812683
7452.944296152315 98.580042445200348
7561.349867210557 97.991741363641268
7671.332233608935 97.381988125144488
7782.914330363799 96.779383727987977
7896.119426088994 96.212641689483803
8010.971127848146 95.717143922204485
8127.49338607753 95.311718941208198
8245.710499580537 95.007537214540847
8365.647120594791 94.815022979989720
8487.328259932974 94.728103044040211
8610.77929219841 94.757426430732806
8736.025961076528 94.915350032667519
8863.094384703289 95.193763281548996
8992.011061111683 95.585240255575812
9122.802873757471 96.074621145809829
9255.497097125279 96.624516955532400
9390.121402416245 97.170093598497118
9526.7038633184 97.632494744360287
9665.272961860968 98.018321602484349
9805.857594353829 98.421170117425447
9948.487077413367 98.919248433928686
10093.19115407597 99.484605058600081
10240.000000000457 100.019200000001575
10388.944229760706 100.451854811999510
10540.05490322983 100.709070001618031
10693.363532057198 100.780831823397136
10848.902086239672 100.664262600824372
11006.703000788428 100.405098426644230
11166.799182492743 100.078051737202927
11329.224016782166 99.747257188424811
11494.0113746885 99.449755520845940
11661.195619909053 99.251560561333321
11830.811615972614 99.123875021423487
12002.894733509682 99.072911944306753
12177.48085762842 99.015720848813118
12354.606395397908 98.901247965082405
12534.308283440243 98.726199758141291
12716.62399563306 98.481006886390290
12901.591550924093 98.225769937502406
13089.249521259411 97.979669913548378
13279.637039626952 97.845169869871796
13472.793808217073 97.892428009450015
13668.760106701786 98.173820145680864
13867.576800634426 98.727047814356894
14069.285349971487 99.579052868685153
14273.927817718419 100.642511559410053
14481.54687870117 101.811455607006408
14692.18582846533 102.850907497998435
14905.888592304698 103.634896598774958
15122.699734421185 104.146844149047169
15342.664467217943 104.403031049838148
15565.828660727671 104.398061843913752
15792.238852178061 104.059933883186829
16021.942255696367 103.303383576287871
16254.986772155136 102.273763678594463
16491.42099916115 101.314313585404065
16731.294241189662 100.299275005838211
16974.65651986603 98.808258429161867
17221.558584396902 96.789237242572398
17472.051922153143 94.556473739064785
17726.188769406665 92.526299139847183
17984.022122223458 91.001329549370709
18245.605747515034 89.939857297315626
18510.99419425065 88.686164950933701
18780.242804832582 86.726925959067756
19053.40772663689 85.395753082954741
19330.545923722028 85.931100072599776
19611.71518870775 86.954954755936058
19896.974154826825 87.545432381431539
20186.382308152035 87.663499999999999
