20 103.106500000000011
20.290906698750476 103.112318153368847
20.586044732869844 103.116790671690808
20.885475648548283 103.120330549233060
21.189261887185914 103.126285218459657
21.49746679841394 103.134424011262439
21.810154653305165 103.143804668075802
22.12739065777668 103.152207051477745
22.449240966187475 103.158410340017099
22.77577269513385 103.160121140261467
23.107053937445478 103.157394185585602
23.44315377638505 103.151398323517242
23.784142300054445 103.144317153998912
24.130090616010463 103.137398179007050
24.481070866093134 103.131057596888013
24.837156241469714 103.125671257351257
25.1984209978975 103.121019737526282
25.56494047120865 103.117262943373291
25.936791093020236 103.114474064432017
26.3140504066728 103.110789253197424
26.69679708340074 103.103326069269229
27.08511093873791 103.092638173146057
27.47907294916184 103.080278979786144
27.878765268980047 103.070576238034164
28.284271247461966 103.063735931288065
28.695675446220072 103.055999464736942
29.11306365684382 103.043912135442028
29.536522918790062 103.024746899898076
29.966141537533712 103.004125206198381
30.402009102982383 102.991983257530961
30.844216508158908 102.988959190492380
31.29285596815558 102.983660740716502
31.74802103936409 102.964366758677528
32.20980663898519 102.931037015769306
32.67830906482211 102.891235274814235
33.153626015361866 102.856896943139731
33.63585661014871 102.830571312882412
34.125101410453844 102.803743306910050
34.62146244024586 102.769768854541311
35.12504320746613 102.732747148307240
35.635948725613716 102.701066614993692
36.15428553564419 102.675094294289082
36.68016172818701 102.648050619765158
37.21368696608603 102.614969286306149
37.754972507267915 102.579473179581470
38.30413122794313 102.547126530426397
38.86127764614443 102.526367280776654
39.4265279456077 102.511882723747206
40.000000000000206 102.497500000000002
40.58181339750116 102.479075847665285
41.1720894657399 102.457046677301364
41.77095129709678 102.435065085990061
42.37852377437204 102.409619347909540
42.9949335968281 102.377278561436327
43.62030930661056 102.338980705933309
44.25478131555359 102.301902041882911
44.89848193237519 102.265252709674442
45.55154539026795 102.222281373585844
46.21410787489121 102.174618317380350
46.88630755277036 102.133129738622614
47.56828460010916 102.093768859465499
48.260181232021196 102.045667023294470
48.962141732186545 101.997522606087401
49.674312482939705 101.953084130499150
50.39684199579528 101.902740759996561
51.129880942417586 101.849143926641176
51.873582186040764 101.808023045831106
52.628100813345895 101.775770609754375
53.393594166801776 101.731702377222589
54.17022187747612 101.677613324668329
54.95814589832399 101.628165778575635
55.75753053796041 101.579154360320430
56.56854249492426 101.526760466582459
57.39135089244048 101.466213551373670
58.226127313687975 101.393726459601737
59.073045837580466 101.313263341420338
59.932283075067765 101.263427581646070
60.804018205965114 101.213661238838313
61.68843301631817 101.139925380229727
62.58571193631152 101.077062663075608
63.49604207872855 101.026217685669934
64.41961327797075 100.973323203321755
65.35661812964459 100.919420930064007
66.3072520307241 100.865335870033661
67.27171322029778 100.802251787799449
68.25020282090806 100.734861106767795
69.2429248804921 100.666130871044814
70.25008641493265 100.595869426236845
71.27189745122783 100.529146922042116
72.30857107128878 100.459017167152354
73.36032345637442 100.386777358053791
74.42737393217246 100.310160642053148
75.50994501453623 100.231803759741865
76.60826245588666 100.153979335160500
77.72255529228926 100.073835567499103
78.85305589121582 99.994507342596648
80.00000000000082 99.918999999999940
81.16362679500274 99.843364069234994
82.34417893148023 99.764428001290170
83.541902594194 99.679864794186670
84.75704754874454 99.601285796605993
85.98986719365665 99.524545591424470
87.24061861322157 99.443459513075084
88.50956263110764 99.360400741783920
89.79696386475084 99.279723597808953
91.10309078053635 99.197137409242885
92.42821574978288 99.112110746969904
93.77261510554118 99.027227540125381
95.13656920021877 98.942135115574388
96.52036246404286 98.857778116515618
97.92428346437356 98.773543050884399
99.34862496587989 98.688768378925502
100.79368399159105 98.604201767157193
102.25976188483567 98.519440318602761
103.74716437208203 98.434038109979412
105.25620162669229 98.347803585361362
106.78718833360406 98.261942245540567
108.34044375495276 98.176275593477598
109.9162917966485 98.090749254366699
111.51506107592134 98.005305641594703
113.13708498984903 97.921382419603674
114.78270178488147 97.839183855619638
116.45225462737648 97.758857694493116
118.14609167516147 97.679425869560703
119.86456615013608 97.602094458701146
121.60803641193078 97.528678521124888
123.3768660326369 97.456286178452018
125.17142387262359 97.383700186385937
126.99208415745765 97.310988577596731
128.83922655594208 97.234632595142443
130.71323625928977 97.155656471929930
132.61450406144883 97.078341593634221
134.5434264405962 97.004485651867498
136.50040564181674 96.930859889842338
138.48584976098482 96.856294784202078
140.50017282986593 96.777326189698869
142.5437949024563 96.692856477365140
144.61714214257822 96.606888601083000
146.7206469127495 96.523206511637682
148.8547478643456 96.440748631581997
151.01989002907314 96.357020310860335
153.216524911774 96.271485443387874
155.4451105845792 96.186797974721316
157.70611178243232 96.105157088823262
160.00000000000236 96.028999999999911
162.3272535900062 95.952666082247802
164.6883578629612 95.882224607256347
167.08380518838874 95.821321631327962
169.51409509748981 95.770315279030712
171.97973438731407 95.731199931067749
174.4812372264439 95.706857607297877
177.01912526221608 95.701288524842681
179.5939277295025 95.723195633932733
182.20618156107355 95.781330830090198
184.85643149956664 95.879929542183191
187.54523021108326 96.018994239973722
190.27313840043846 96.202203890753225
193.04072492808663 96.412635819462679
195.84856692874806 96.628330513356360
198.69724993176072 96.839265295168659
201.58736798318304 97.027535762982581
204.5195237696723 97.184417617174603
207.49432874416505 97.305305286882998
210.5124032533856 97.393297678081254
213.57437666720915 97.453402838341745
216.68088750990657 97.480776878201766
219.83258359329807 97.496039604881560
223.03012215184378 97.490818520965291
226.2741699796992 97.475354980121807
229.5654035697641 97.453469742273285
232.90450925475412 97.431620689844095
236.2921833503241 97.407235579034989
239.72913230027333 97.380599224672892
243.21607282386276 97.356041508438921
246.75373206527502 97.332162308559390
250.34284774524843 97.310957185146378
253.9841683149166 97.294571242582876
257.67845311188546 97.279786187552460
261.42647251858085 97.267363964314612
265.22900812289896 97.259828243907819
269.08685288119375 97.257000000000005
273.0008112836349 97.258000811283637
276.97169952197106 97.262943399043934
281.00034565973334 97.270900656753497
285.0875898049141 97.278675179609820
289.23428428515797 97.286968568570316
293.44129382550057 97.294006070120787
297.7094957286928 97.300022344447299
302.0397800581479 97.303764917521804
306.4330498235497 97.302877966784308
310.89022116916016 97.298609778830837
315.41222356486645 97.293628998791618
320.00000000000654 97.289499999999990
324.6545071800142 97.283449140665994
329.3767157259242 97.276872597983697
334.16761037677935 97.271415628585544
339.02819019498156 97.264054895688034
343.95946877463007 97.255372956205662
348.9624744528898 97.245178803648940
354.03825052443415 97.232904373688910
359.187855459007 97.217936433622981
364.4123631221491 97.200056729072472
369.71286299913527 97.180091120603294
375.0904604221685 97.156560620806616
380.54627680087896 97.130060941252879
386.08144985617537 97.103817185675979
391.6971338574982 97.078362897641256
397.3944998635236 97.052485300627794
403.1747359663683 97.027271933473457
409.0390475393468 97.006129603420348
414.9886574883323 96.990773630232638
421.0248065067734 96.983419711961858
427.1487533344206 96.984685941668033
433.3617750198154 96.997569397984364
439.6651671865984 97.025039157695801
446.06024430368984 97.065981954429517
452.54833995940066 97.123493067585883
459.13080713953053 97.194824051493299
465.8090185095106 97.272390803904997
472.58436670065066 97.369230229095763
479.45826460054917 97.478787576023194
486.432145647728 97.592243974057965
493.50746413055253 97.705154607222369
500.6856954904994 97.810756889121734
507.9683366298358 97.909072544502777
515.3569062237735 98.001078928271710
522.8529450371643 98.085849304760586
530.4580162458005 98.164408406365837
538.1737057623901 98.238600574524881
546.0016225672724 98.310156880760005
553.9433990439449 98.377668654791805
562.0006913194694 98.441505184896016
570.1751796098309 98.502664944405382
578.4685685703187 98.557815980992615
586.8825876510039 98.612736819731538
595.4189914573883 98.678790477814943
604.0795601162986 98.749116590901309
612.8660996471021 98.801745026958187
621.780442338323 98.831357009705087
630.8244471297356 98.857514563745696
640.0000000000159 98.885500000000050
649.3090143600314 98.914357944516098
658.7534314518515 98.942760294355566
668.3352207535618 98.971505662260682
678.0563803899662 99.000266322150395
687.9189375492632 99.029360865770329
697.9249489057827 99.059274846717358
708.0765010488715 99.090537153251503
718.3757109180171 99.123721060483561
728.8247262443015 99.158562832918420
739.425725998274 99.195018754694047
750.1809208443404 99.232140761323706
761.0925536017613 99.270786127339576
772.1628997123541 99.310351910509581
783.3942677149998 99.350848506354225
794.7889997270506 99.392675873987812
806.34947193274 99.435545958417237
818.0780950786972 99.479175970101295
829.9773149766683 99.522994907992569
842.0496130135506 99.565836177796299
854.2975066688449 99.606787833895879
866.7235500396347 99.645488975117388
879.3303343732008 99.681691902807643
892.1204886073838 99.714326522277972
905.0966799188055 99.744967529817302
918.2616142790653 99.773023228558131
931.6180370190256 99.798972454382010
945.1687334013056 99.823545283452290
958.9165292011028 99.846489359951789
972.8642912954606 99.868632151658232
987.0149282611097 99.890022392391671
1001.3713909810035 99.910919947373415
1015.9366732596762 99.931311342563546
1030.7138124475518 99.951994238766233
1045.7058900743334 99.972792289787378
1060.916032491606 99.993312979904630
1076.3474115247852 100.015386376134700
1092.0032451345498 100.037442266291379
1107.8867980878947 100.060830197131850
1124.0013826389438 100.085224372993906
1140.350359219667 100.110721402097809
1156.9371371406426 100.137824665580638
1173.765175302013 100.166478733322151
1190.837982914782 100.196383315597586
1208.1591202326028 100.227509794717690
1225.73219929421 100.260281993910553
1243.5608846766518 100.293979497982377
1261.648894259477 100.329021195568316
1280.0000000000375 100.365500000000083
1298.6180287200684 100.404597860312151
1317.5068629037087 100.444264412097795
1336.6704415071292 100.486591732353361
1356.112760779938 100.530656530774365
1375.8378750985323 100.576719006481554
1395.8498978115715 100.626124744528937
1416.153002097749 100.677959372050893
1436.7514218360407 100.731728838957309
1457.6494524886093 100.788918466968113
1478.8514519965543 100.848746239829936
1500.3618416886875 100.911599998733607
1522.1851072035295 100.977942725898728
1544.3257994247153 101.047183010193606
1566.788535430007 101.119394854793228
1589.5779994541087 101.194398958187648
1612.6989438654878 101.271922430265349
1636.156190157402 101.352546665550904
1659.9546299533442 101.436239390034842
1684.099226027109 101.522803167259212
1708.5950133376978 101.613145349882984
1733.4471000792773 101.706598980301251
1758.6606687464096 101.803103394736070
1784.2409772147755 101.903279089314807
1810.193359837619 102.007385040940733
1836.5232285581387 102.115206166230692
1863.2360740380593 102.226591510959850
1890.3374668026197 102.341951107251276
1917.833058402214 102.461608795801695
1945.7285825909298 102.585034906703726
1974.0298565222283 102.712614951480475
2002.7427819620161 102.844799649156073
2031.8733465193618 102.980929618408965
2061.4276248951132 103.121805012000038
2091.411780148677 103.264776544713641
2121.832064983222 103.410931316793210
2152.694823049581 103.561228577078580
2184.0064902691106 103.713431477805187
2215.7735961758003 103.866910431596040
2248.002765277899 104.021513135070023
2280.7007184393456 104.175936686050278
2313.874274281297 104.329359185884599
2347.530350604038 104.480717887677912
2381.6759658295764 104.627851905202832
2416.318240465218 104.771044932535290
2451.4643985884327 104.907028104671326
2487.1217693533167 105.036926192736615
2523.2977885189675 105.156552923260705
2560.0000000000887 105.265750000000253
2597.236057440151 105.362866537856362
2635.0137258074315 105.448027909141786
2673.340883014273 105.516428934898187
2712.225521559891 105.570911476590538
2751.6757501970797 105.607424387667521
2791.699795623158 105.627576165694563
2832.3060041955137 105.628415519664358
2873.502843672097 105.614073435980345
2915.2989049772345 105.584507073122310
2957.7029039931244 105.539947021529414
3000.723683377391 105.480824014511740
3044.370214407075 105.409060777160477
3088.6515988494466 105.326362527229207
3133.57707086003 105.236077577965446
3179.1559989082334 105.139314602347298
3225.3978877309914 105.038370668114510
3272.3123803148205 104.934243391897951
3319.9092599067053 104.827704165209909
3368.198452054235 104.718689513836893
3417.190026675413 104.606962938646546
3466.8942001585724 104.492643339635279
3517.3213374928373 104.376660923766480
3568.4819544295697 104.256958489824740
3620.386719675257 104.127179060057315
3673.0464571162966 103.981934809791568
3726.472148076138 103.819583290598644
3780.6749336052594 103.638075945718811
3835.6661168044484 103.442565384319408
3891.45716518188 103.257906726832800
3948.059713044477 103.108617506845192
4005.4855639240527 103.108754374678270
4063.746693038744 103.070005732066178
4122.855249790247 102.968050569076865
4182.823560297375 102.876337786005337
4243.664129966465 102.818973820317325
4305.389646099183 102.796844686554408
4368.012980538242 102.810003245134567
4431.5471923516225 102.861496245091331
4496.00553055582 102.945974317268877
4561.401436878714 103.067816110646788
4627.748548562617 103.221743937309185
4695.060701208099 103.412979090991513
4763.351931659176 103.636543808675157
4832.63648093046 103.892540464484625
4902.928797176889 104.178565742448811
4974.243538706657 104.482388667728856
5046.595577037959 104.792322424767804
5120.000000000202 105.089928571429354
5194.472114880326 105.349446083543910
5270.027451614888 105.539997035689794
5346.6817660285715 105.643220695935895
5424.451043119808 105.646686941185820
5503.351500394186 105.541540285038536
5583.399591246343 105.337858629181966
5664.612008391055 105.059719829834165
5747.005687344222 104.743302108439508
5830.597809954497 104.407302782082468
5915.405807986278 104.071767423330982
6001.447366754812 103.752732735751337
6088.740428814181 103.469027346245198
6177.303197698925 103.227887257000475
6267.154141720092 103.032844137031574
6358.3119978165005 102.888237883024146
6450.795775462017 102.788593485243837
6544.624760629676 102.734612571811098
6639.818519813445 102.722579129778552
6736.396904108505 102.741510978355819
6834.380053350861 102.774017317872534
6933.788400317181 102.800054608038067
7034.642674985712 102.801417891752720
7136.963908859177 102.783455413671120
7240.773439350552 102.762379569785097
7346.092914232631 102.677282486935709
7452.944296152315 102.466727588503787
7561.349867210557 102.155714171606490
7671.332233608935 101.775029807289229
7782.914330363799 101.339139593207022
7896.119426088994 100.864596917600110
8010.971127848146 100.383984036228725
8127.49338607753 99.930647818032526
8245.710499580537 99.522798776447161
8365.647120594791 99.173957740128117
8487.328259932974 98.878042583742243
8610.77929219841 98.611670843310065
8736.025961076528 98.289886247504569
8863.094384703289 97.763434050204879
8992.011061111683 96.935788987662988
9122.802873757471 95.936469718164005
9255.497097125279 95.201663489605892
9390.121402416245 95.060761333530550
9526.7038633184 95.464847535385729
9665.272961860968 96.199540617090776
9805.857594353829 97.100820066677457
9948.487077413367 98.036175844155338
10093.19115407597 98.836236602444160
10240.000000000457 99.382100000001316
10388.944229760706 99.615490328978780
10540.05490322983 99.524493356244932
10693.363532057198 99.154282450472778
10848.902086239672 98.449340901204948
11006.703000788428 97.417574566259930
11166.799182492743 96.176740878326370
11329.224016782166 94.862285464064456
11494.0113746885 93.595439642441704
11661.195619909053 92.423962429044693
11830.811615972614 91.273872213712778
12002.894733509682 90.178496984774910
12177.48085762842 89.173051027958991
12354.606395397908 88.381879505601887
12534.308283440243 87.751739966048945
12716.62399563306 87.305866249054134
12901.591550924093 86.952167039355118
13089.249521259411 86.618135852158247
13279.637039626952 86.270277828496660
13472.793808217073 85.914653129729800
13668.760106701786 85.583375540747582
13867.576800634426 85.323470981398884
14069.285349971487 85.203311876831151
14273.927817718419 85.219001132691744
14481.54687870117 85.514652076299143
14692.18582846533 86.192166241928163
14905.888592304698 87.260911448460135
15122.699734421185 88.784085645093498
15342.664467217943 90.698424412177076
15565.828660727671 92.622491322765498
15792.238852178061 93.765110090846932
16021.942255696367 93.352063894945701
16254.986772155136 91.764234366693103
16491.42099916115 90.613745418081848
16731.294241189662 89.750905443776702
16974.65651986603 89.227997951632233
17221.558584396902 88.941647900539294
17472.051922153143 88.367916894569106
17726.188769406665 87.188913142213281
17984.022122223458 85.904697654349377
18245.605747515034 84.796403129407040
18510.99419425065 83.373789986534092
18780.242804832582 82.339626024092780
19053.40772663689 82.624562970598802
19330.545923722028 82.610796451890593
19611.71518870775 82.375978253206512
19896.974154826825 82.645547721216502
20186.382308152035 82.837999999999994
