20 69.931000000000012
20.290906698750476 69.933424230570353
20.586044732869844 69.930639552206131
20.885475648548283 69.924314694281463
21.189261887185914 69.917732680002047
21.49746679841394 69.917096504223423
21.810154653305165 69.920855446088439
22.12739065777668 69.934188009533273
22.449240966187475 69.951454448123087
22.77577269513385 69.970541170544379
23.107053937445478 69.985354781181144
23.44315377638505 69.990977180997348
23.784142300054445 69.987817153998918
24.130090616010463 69.980464542174900
24.481070866093134 69.975368306495383
24.837156241469714 69.976514521142008
25.1984209978975 69.987932892410640
25.56494047120865 70.005571748595855
25.936791093020236 70.025681548975825
26.3140504066728 70.044442157429671
26.69679708340074 70.058649908856268
27.08511093873791 70.067159620419886
27.47907294916184 70.064313910297344
27.878765268980047 70.051697845827022
28.284271247461966 70.035629150101528
28.695675446220072 70.029348105354643
29.11306365684382 70.042158156204351
29.536522918790062 70.076640971015948
29.966141537533712 70.113588172227907
30.402009102982383 70.127936378617619
30.844216508158908 70.107143000339988
31.29285596815558 70.070848312666968
31.74802103936409 70.042587074267971
32.20980663898519 70.031499999999994
32.67830906482211 70.032569854388925
33.153626015361866 70.033270991877117
33.63585661014871 70.028869720678216
34.125101410453844 70.023749391537280
34.62146244024586 70.020528300478034
35.12504320746613 70.014874092643211
35.635948725613716 70.002921538231590
36.15428553564419 69.988760003751480
36.68016172818701 69.981319838271816
37.21368696608603 69.983564243593037
37.754972507267915 69.989003352552317
38.30413122794313 69.990625655897020
38.86127764614443 69.977452118209726
39.4265279456077 69.956255205483728
40.000000000000206 69.941499999999991
40.58181339750116 69.938590923315573
41.1720894657399 69.924197784867587
41.77095129709678 69.886863900482624
42.37852377437204 69.858966422344082
42.9949335968281 69.863811150971088
43.62030930661056 69.876406174101334
44.25478131555359 69.854620005815946
44.89848193237519 69.823160518972657
45.55154539026795 69.819935905249025
46.21410787489121 69.837905953853905
46.88630755277036 69.831287449359422
47.56828460010916 69.810975732461600
48.260181232021196 69.800777837215747
48.962141732186545 69.786325087480492
49.674312482939705 69.757513022965540
50.39684199579528 69.726866433113088
51.129880942417586 69.705402370576834
51.873582186040764 69.685725174279838
52.628100813345895 69.652524731705256
53.393594166801776 69.622914136868374
54.17022187747612 69.604831108493556
54.95814589832399 69.567566065945527
55.75753053796041 69.529547247001872
56.56854249492426 69.524832611206847
57.39135089244048 69.500518411190498
58.226127313687975 69.463896883067491
59.073045837580466 69.487719137512741
59.932283075067765 69.490296849225189
60.804018205965114 69.406425357710134
61.68843301631817 69.397134060123193
62.58571193631152 69.382893036346815
63.49604207872855 69.318060696819813
64.41961327797075 69.278709806639000
65.35661812964459 69.273115800860865
66.3072520307241 69.244833008233371
67.27171322029778 69.193859757967800
68.25020282090806 69.159496349223645
69.2429248804921 69.149158023446404
70.25008641493265 69.169503629427169
71.27189745122783 69.200592153823152
72.30857107128878 69.186385729470231
73.36032345637442 69.140605282734967
74.42737393217246 69.088635494628775
75.50994501453623 69.027190745015304
76.60826245588666 68.960376029923822
77.72255529228926 68.892574703236960
78.85305589121582 68.827214716247965
80.00000000000082 68.766999999999967
81.16362679500274 68.707848823376082
82.34417893148023 68.649671173362890
83.541902594194 68.604732031672228
84.75704754874454 68.545653805137391
85.98986719365665 68.477319831156393
87.24061861322157 68.415870468360652
88.50956263110764 68.357423054589844
89.79696386475084 68.279749846826718
91.10309078053635 68.206829855395142
92.42821574978288 68.133948124650885
93.77261510554118 68.048259141469146
95.13656920021877 67.973285330869231
96.52036246404286 67.901285247708330
97.92428346437356 67.817174906596932
99.34862496587989 67.734168227524634
100.79368399159105 67.659077904369994
102.25976188483567 67.574310160138282
103.74716437208203 67.471566476932352
105.25620162669229 67.420810932055133
106.78718833360406 67.380888505543822
108.34044375495276 67.298452783029560
109.9162917966485 67.225070722396339
111.51506107592134 67.165858375899575
113.13708498984903 67.103595958287571
114.78270178488147 67.005116324578779
116.45225462737648 66.939161193689387
118.14609167516147 66.842336300628546
119.86456615013608 66.787477265574324
121.60803641193078 66.711078058976412
123.3768660326369 66.560025427883858
125.17142387262359 66.428485892840300
126.99208415745765 66.361105110593954
128.83922655594208 66.280941986963143
130.71323625928977 66.179210031638547
132.61450406144883 66.065361626236253
134.5434264405962 65.959849795257341
136.50040564181674 65.894867191395022
138.48584976098482 65.860169802868185
140.50017282986593 65.833163613339039
142.5437949024563 65.797059623389941
144.61714214257822 65.771211436431642
146.7206469127495 65.771473681973148
148.8547478643456 65.784337982914764
151.01989002907314 65.782689165691835
153.216524911774 65.762700850529356
155.4451105845792 65.746391606634305
157.70611178243232 65.715635761934593
160.00000000000236 65.661499999999918
162.3272535900062 65.577253420041771
164.6883578629612 65.492656788505997
167.08380518838874 65.396897509351419
169.51409509748981 65.286143168456974
171.97973438731407 65.171244377551176
174.4812372264439 65.045956901451348
177.01912526221608 64.917736086784316
179.5939277295025 64.783778186974075
182.20618156107355 64.646013613575320
184.85643149956664 64.495712118224787
187.54523021108326 64.335449016094913
190.27313840043846 64.180611695973695
193.04072492808663 64.014232069357945
195.84856692874806 63.843397990574871
198.69724993176072 63.666094354326376
201.58736798318304 63.491961779636441
204.5195237696723 63.322874129282226
207.49432874416505 63.151576097210508
210.5124032533856 62.970978931081191
213.57437666720915 62.775771922464600
216.68088750990657 62.578768975937152
219.83258359329807 62.383712400808818
223.03012215184378 62.192071436158351
226.2741699796992 62.000582027857646
229.5654035697641 61.807496323907174
232.90450925475412 61.611602123721084
236.2921833503241 61.431368190757659
239.72913230027333 61.247491421935379
243.21607282386276 61.056804395218791
246.75373206527502 60.881690262768885
250.34284774524843 60.725514682763261
253.9841683149166 60.571668888694774
257.67845311188546 60.437656074694154
261.42647251858085 60.307358389044140
265.22900812289896 60.159055325468103
269.08685288119375 60.016641688593843
273.0008112836349 59.864092650065061
276.97169952197106 59.704538857158937
281.00034565973334 59.541486692100264
285.0875898049141 59.383786192271643
289.23428428515797 59.207966346309306
293.44129382550057 59.065722726966527
297.7094957286928 58.930379934973310
302.0397800581479 58.788392505515702
306.4330498235497 58.644858930558186
310.89022116916016 58.517101251971226
315.41222356486645 58.401235633234826
320.00000000000654 58.286999999999807
324.6545071800142 58.148761136753578
329.3767157259242 58.008949214512647
334.16761037677935 57.957159116985764
339.02819019498156 57.895716613348249
343.95946877463007 57.858743187352218
348.9624744528898 57.831498885399682
354.03825052443415 57.829230600419550
359.187855459007 57.866434342493363
364.4123631221491 57.933066902149008
369.71286299913527 58.042797840781319
375.0904604221685 58.166222741801853
380.54627680087896 58.300279944250164
386.08144985617537 58.436811811447534
391.6971338574982 58.581919051161051
397.3944998635236 58.722115696915637
403.1747359663683 58.849785945937981
409.0390475393468 58.977605791904018
414.9886574883323 59.108250464743307
421.0248065067734 59.233699784489708
427.1487533344206 59.350893811131044
433.3617750198154 59.460075658656983
439.6651671865984 59.558335293290433
446.06024430368984 59.651373542403505
452.54833995940066 59.743921925435671
459.13080713953053 59.826684512715900
465.8090185095106 59.901129530768117
472.58436670065066 59.968051483656183
479.45826460054917 60.028895249104664
486.432145647728 60.089059667135231
493.50746413055253 60.148383807376760
500.6856954904994 60.203228428115054
507.9683366298358 60.258758566802499
515.3569062237735 60.315559196203772
522.8529450371643 60.380336432528949
530.4580162458005 60.450551536442646
538.1737057623901 60.527423170940750
546.0016225672724 60.614375570585452
553.9433990439449 60.704241776804132
562.0006913194694 60.791706809496773
570.1751796098309 60.872225519156828
578.4685685703187 60.953915400417642
586.8825876510039 61.036793488362392
595.4189914573883 61.123857511156842
604.0795601162986 61.218669913844707
612.8660996471021 61.323783509950118
621.780442338323 61.431849625369757
630.8244471297356 61.537192585496555
640.0000000000159 61.639500000000169
649.3090143600314 61.736313749344326
658.7534314518515 61.832785000808883
668.3352207535618 61.928018685460259
678.0563803899662 62.021438432724182
687.9189375492632 62.108498809801127
697.9249489057827 62.189899591246260
708.0765010488715 62.262631682289651
718.3757109180171 62.330860906513010
728.8247262443015 62.394007121153592
739.425725998274 62.455197924490079
750.1809208443404 62.513995064643872
761.0925536017613 62.574009044809685
772.1628997123541 62.636459471450621
783.3942677149998 62.700605611135956
794.7889997270506 62.765753873441909
806.34947193274 62.832274024943786
818.0780950786972 62.898897068708123
829.9773149766683 62.965066667563086
842.0496130135506 63.030929202196702
854.2975066688449 63.095024721677831
866.7235500396347 63.158117750198173
879.3303343732008 63.219852571554043
892.1204886073838 63.279491597214218
905.0966799188055 63.341058676267458
918.2616142790653 63.406067240076901
931.6180370190256 63.472844724980476
945.1687334013056 63.544428033707185
958.9165292011028 63.620783954706155
972.8642912954606 63.698171459482552
987.0149282611097 63.781165344315802
1001.3713909810035 63.870139763180319
1015.9366732596762 63.962150821071873
1030.7138124475518 64.059445700529466
1045.7058900743334 64.162748212677641
1060.916032491606 64.262923676779053
1076.3474115247852 64.362982743498577
1092.0032451345498 64.467334100426854
1107.8867980878947 64.572966344509311
1124.0013826389438 64.680120482330622
1140.350359219667 64.791452514537667
1156.9371371406426 64.908821257646423
1173.765175302013 65.029907844395979
1190.837982914782 65.155951180867419
1208.1591202326028 65.284770513181400
1225.73219929421 65.416309090028705
1243.5608846766518 65.547495278220254
1261.648894259477 65.677872038668227
1280.0000000000375 65.808000000000249
1298.6180287200684 65.931144961391311
1317.5068629037087 66.055042550002980
1336.6704415071292 66.172189693193502
1356.112760779938 66.287968107621140
1375.8378750985323 66.401671834939094
1395.8498978115715 66.510693200737194
1416.153002097749 66.617264827609915
1436.7514218360407 66.724944964639221
1457.6494524886093 66.833665196741677
1478.8514519965543 66.940447766303947
1500.3618416886875 67.040787497942119
1522.1851072035295 67.148594429585430
1544.3257994247153 67.257582933169601
1566.788535430007 67.372128842818839
1589.5779994541087 67.483016597434300
1612.6989438654878 67.593970846063570
1636.156190157402 67.707326588952384
1659.9546299533442 67.820684945978854
1684.099226027109 67.934402393286334
1708.5950133376978 68.043395754151049
1733.4471000792773 68.146660414344069
1758.6606687464096 68.256780155859133
1784.2409772147755 68.371138856099378
1810.193359837619 68.494986135171871
1836.5232285581387 68.628577071933023
1863.2360740380593 68.761092041305730
1890.3374668026197 68.901322320734153
1917.833058402214 69.053365127052388
1945.7285825909298 69.214140350679216
1974.0298565222283 69.388465707568258
2002.7427819620161 69.576008091524201
2031.8733465193618 69.762270419701821
2061.4276248951132 69.956231643035011
2091.411780148677 70.160741283025871
2121.832064983222 70.370595446759665
2152.694823049581 70.585157187787672
2184.0064902691106 70.807648027991405
2215.7735961758003 71.032866114091050
2248.002765277899 71.253686254051786
2280.7007184393456 71.485296755612026
2313.874274281297 71.716576303017519
2347.530350604038 71.936356863785306
2381.6759658295764 72.143201047113109
2416.318240465218 72.352085208186679
2451.4643985884327 72.561030121777620
2487.1217693533167 72.759460014750033
2523.2977885189675 72.948066055585656
2560.0000000000887 73.128500000000429
2597.236057440151 73.292952384786616
2635.0137258074315 73.440049412906745
2673.340883014273 73.565773215268891
2712.225521559891 73.675156781415041
2751.6757501970797 73.764394756678655
2791.699795623158 73.823313486864819
2832.3060041955137 73.857583383062718
2873.502843672097 73.872145199057059
2915.2989049772345 73.867574459909562
2957.7029039931244 73.845759270246461
3000.723683377391 73.805158718073784
3044.370214407075 73.753891558177585
3088.6515988494466 73.697452356452573
3133.57707086003 73.644859935439712
3179.1559989082334 73.583849121615827
3225.3978877309914 73.521760598090879
3272.3123803148205 73.465171391228523
3319.9092599067053 73.407812517715683
3368.198452054235 73.348297888493832
3417.190026675413 73.288012466655744
3466.8942001585724 73.226389075806537
3517.3213374928373 73.164175114759033
3568.4819544295697 73.098049361520083
3620.386719675257 73.030220467602675
3673.0464571162966 72.961695889179509
3726.472148076138 72.880820955674380
3780.6749336052594 72.790071719539668
3835.6661168044484 72.691854444055025
3891.45716518188 72.575294236599859
3948.059713044477 72.450768631302154
4005.4855639240527 72.362037402231010
4063.746693038744 72.253731344010788
4122.855249790247 72.025414101034784
4182.823560297375 71.724844333749488
4243.664129966465 71.322861998435855
4305.389646099183 70.877578744244289
4368.012980538242 70.491571143230175
4431.5471923516225 70.248258405878914
4496.00553055582 70.128291289374587
4561.401436878714 70.110640143687874
4627.748548562617 70.114950290287481
4695.060701208099 70.092343862596323
4763.351931659176 70.027304505928271
4832.63648093046 69.914100673329784
4902.928797176889 69.756913212751897
4974.243538706657 69.568047365976241
5046.595577037959 69.360955271302899
5120.000000000202 69.150214285713702
5194.472114880326 68.943472315932837
5270.027451614888 68.744866640519064
5346.6817660285715 68.556630805682147
5424.451043119808 68.386375361604394
5503.351500394186 68.245970024349589
5583.399591246343 68.109928199990634
5664.612008391055 68.014626571315262
5747.005687344222 67.959667781935764
5830.597809954497 67.942059780995450
5915.405807986278 67.956625874953204
6001.447366754812 67.999486018601715
6088.740428814181 68.058931005266771
6177.303197698925 68.114931690212288
6267.154141720092 68.147520255115523
6358.3119978165005 68.124469321124508
6450.795775462017 68.025536442420432
6544.624760629676 67.830905641512473
6639.818519813445 67.529596883916383
6736.396904108505 67.132166148224130
6834.380053350861 66.674412940714817
6933.788400317181 66.200580184545714
7034.642674985712 65.763798914679938
7136.963908859177 65.406783220662760
7240.773439350552 65.152496207578736
7346.092914232631 64.991301754918993
7452.944296152315 64.904939788212218
7561.349867210557 64.943816120530286
7671.332233608935 65.122025612316449
7782.914330363799 65.418269381032019
7896.119426088994 65.803164262471128
8010.971127848146 66.216856077795512
8127.49338607753 66.629140389124302
8245.710499580537 67.041536242767478
8365.647120594791 67.355403327075763
8487.328259932974 67.482834618776920
8610.77929219841 67.406261307393748
8736.025961076528 67.150436691078369
8863.094384703289 66.786383632031686
8992.011061111683 66.381585268109319
9122.802873757471 66.024876798868291
9255.497097125279 65.738035503149547
9390.121402416245 65.523023007140779
9526.7038633184 65.367853862041841
9665.272961860968 65.240299094983470
9805.857594353829 65.109927568744808
9948.487077413367 64.949035064765624
10093.19115407597 64.731166507315407
10240.000000000457 64.441499999998996
10388.944229760706 64.066221026121497
10540.05490322983 63.600196221357869
10693.363532057198 63.081962179082097
10848.902086239672 62.533578899365970
11006.703000788428 61.993044606726372
11166.799182492743 61.481778257317217
11329.224016782166 61.045748156785919
11494.0113746885 60.666550212657981
11661.195619909053 60.336237711724451
11830.811615972614 60.040400251787709
12002.894733509682 59.827612858371680
12177.48085762842 59.693224677287432
12354.606395397908 59.710448837218649
12534.308283440243 59.871281525627616
12716.62399563306 60.240945748762400
12901.591550924093 60.893794976843942
13089.249521259411 61.703405077433459
13279.637039626952 62.746527868064717
13472.793808217073 63.990266298341993
13668.760106701786 65.240651610867729
13867.576800634426 66.205542690004791
14069.285349971487 66.615454806836851
14273.927817718419 66.590215569148057
14481.54687870117 66.363243472000804
14692.18582846533 66.226725989548527
14905.888592304698 66.156333846585312
15122.699734421185 65.848364219329795
15342.664467217943 64.957891423001854
15565.828660727671 63.341611517554867
15792.238852178061 61.226150592585491
16021.942255696367 58.998811037087151
16254.986772155136 56.945203626685945
16491.42099916115 55.271722167937384
16731.294241189662 53.774200173729824
16974.65651986603 52.253447437797590
17221.558584396902 50.785145649045511
17472.051922153143 49.471212081689778
17726.188769406665 48.406864086053687
17984.022122223458 47.636484332240890
18245.605747515034 47.193601112015699
18510.99419425065 47.168035268152977
18780.242804832582 47.596816508676277
19053.40772663689 48.061725990461618
19330.545923722028 47.669146544614271
19611.71518870775 46.764115219148479
19896.974154826825 46.294499999999999
20186.382308152035 46.294499999999999
