20	64.82625015138345
20.290906698750476	64.8250848043819
20.586044732869844	64.82389774719601
20.885475648548283	64.82265171500543
21.189261887185914	64.82129159513305
21.49746679841394	64.819747243383
21.810154653305165	64.81793901025047
22.12739065777668	64.81578517950736
22.449240966187475	64.81320954517182
22.77577269513385	64.81014715679605
23.107053937445478	64.80654835501893
23.44315377638505	64.80238122343081
23.784142300054445	64.79763395346568
24.130090616010463	64.79231747444183
24.481070866093134	64.7864671234828
24.837156241469714	64.78014161237398
25.1984209978975	64.77341674524494
25.56494047120865	64.76637416475586
25.936791093020236	64.75908732241761
26.3140504066728	64.75160923965673
26.69679708340074	64.74396564971948
27.08511093873791	64.7361546787014
27.47907294916184	64.72815188449569
27.878765268980047	64.71991769726556
28.284271247461966	64.71140559180932
28.695675446220072	64.70257021034524
29.11306365684382	64.69337400470368
29.536522918790062	64.68379043042091
29.966141537533712	64.67380252337637
30.402009102982383	64.66339786641095
30.844216508158908	64.65256428662951
31.29285596815558	64.64129113090532
31.74802103936409	64.62957520385031
32.20980663898519	64.61742540302917
32.67830906482211	64.60486112290948
33.153626015361866	64.59190556830353
33.63585661014871	64.57857894005068
34.125101410453844	64.56489607289093
34.62146244024586	64.55086789087402
35.12504320746613	64.5365017405757
35.635948725613716	64.52179744792163
36.15428553564419	64.50674206740788
36.68016172818701	64.4913087432975
37.21368696608603	64.47546105408874
37.754972507267915	64.45915822808742
38.30413122794313	64.44235837415516
38.86127764614443	64.42502290262314
39.4265279456077	64.40712402087199
40.000000000000206	64.38865180420719
40.58181339750116	64.36961485967439
41.1720894657399	64.35003390856112
41.77095129709678	64.32993744357486
42.37852377437204	64.30936277586187
42.9949335968281	64.28835586802185
43.62030930661056	64.26696534045477
44.25478131555359	64.24523511400147
44.89848193237519	64.22319859026904
45.55154539026795	64.2008726836104
46.21410787489121	64.17825260951626
46.88630755277036	64.1553124499926
47.56828460010916	64.13201181912639
48.260181232021196	64.10830065965395
48.962141732186545	64.08411882071115
49.674312482939705	64.05939828819491
50.39684199579528	64.03407989471667
51.129880942417586	64.00813370914318
51.873582186040764	63.98155938730133
52.628100813345895	63.954369021992584
53.393594166801776	63.92657950677787
54.17022187747612	63.898224561820186
54.95814589832399	63.8693573760591
55.75753053796041	63.84003374175124
56.56854249492426	63.8103038937351
57.39135089244048	63.78022194210783
58.226127313687975	63.74984578412336
59.073045837580466	63.71922581321282
59.932283075067765	63.68839381513679
60.804018205965114	63.657358926189325
61.68843301631817	63.62610907072562
62.58571193631152	63.594621890741415
63.49604207872855	63.56286191001949
64.41961327797075	63.53076539716671
65.35661812964459	63.49824487018788
66.3072520307241	63.4652071063553
67.27171322029778	63.431571914487165
68.25020282090806	63.397288349032074
69.2429248804921	63.36233304441244
70.25008641493265	63.32669541596353
71.27189745122783	63.29037395258701
72.30857107128878	63.2533780421085
73.36032345637442	63.21572418232601
74.42737393217246	63.177423346200754
75.50994501453623	63.138472735224084
76.60826245588666	63.098861406633674
77.72255529228926	63.05857880817373
78.85305589121582	63.017620147412785
80.00000000000082	62.97599001650632
81.16362679500274	62.93370400650438
82.34417893148023	62.890787510977376
83.541902594194	62.8472766473046
84.75704754874454	62.80321543456344
85.98986719365665	62.75866131906197
87.24061861322157	62.713688953920766
88.50956263110764	62.66838588166825
89.79696386475084	62.62284493334804
91.10309078053635	62.57715336843132
92.42821574978288	62.53138437641256
93.77261510554118	62.4855835925962
95.13656920021877	62.43975471683517
96.52036246404286	62.39385018731215
97.92428346437356	62.34777464985001
99.34862496587989	62.30139213048297
100.79368399159105	62.254539757769585
102.25976188483567	62.20704892635006
103.74716437208203	62.158768858597846
105.25620162669229	62.10958167208439
106.78718833360406	62.059412823043466
108.34044375495276	62.00824118841027
109.9162917966485	61.95610276581432
111.51506107592134	61.903085904068696
113.13708498984903	61.849323278046995
114.78270178488147	61.79498103123701
116.45225462737648	61.74024456631767
118.14609167516147	61.685310286914344
119.86456615013608	61.63038543380928
121.60803641193078	61.57568860091656
123.3768660326369	61.52144606685838
125.17142387262359	61.467882371287345
126.99208415745765	61.41520841268722
128.83922655594208	61.36361585221792
130.71323625928977	61.31328483141847
132.61450406144883	61.26440737454734
134.5434264405962	61.2172149594585
136.50040564181674	61.17199846396532
138.48584976098482	61.12912324639032
140.50017282986593	61.08903789824914
142.5437949024563	61.05226838050569
144.61714214257822	61.01940916865939
146.7206469127495	60.99111172122472
148.8547478643456	60.968051853096924
151.01989002907314	60.950868320169626
153.216524911774	60.940075667827315
155.4451105845792	60.93600574047199
157.70611178243232	60.93879628162678
160.00000000000236	60.94838348418293
162.3272535900062	60.964491845890834
164.6883578629612	60.98662431768342
167.08380518838874	61.01406639587904
169.51409509748981	61.04590444691837
171.97973438731407	61.08105473329195
174.4812372264439	61.11830593756392
177.01912526221608	61.156384947709725
179.5939277295025	61.19404530872085
182.20618156107355	61.23015185498015
184.85643149956664	61.263748050805766
187.54523021108326	61.2940948437812
190.27313840043846	61.32067687189232
193.04072492808663	61.34318621394185
195.84856692874806	61.36149629557507
198.69724993176072	61.37562912482468
201.58736798318304	61.385718403033565
204.5195237696723	61.39196310374064
207.49432874416505	61.394583037398725
210.5124032533856	61.39378621816299
213.57437666720915	61.38975682092895
216.68088750990657	61.382661513291715
219.83258359329807	61.3726645519588
223.03012215184378	61.35995059235793
226.2741699796992	61.34474951955215
229.5654035697641	61.327349473728184
232.90450925475412	61.30809638741915
236.2921833503241	61.28738019638831
239.72913230027333	61.26561945324559
243.21607282386276	61.243250719672645
246.75373206527502	61.22071818390816
250.34284774524843	61.19845882439365
253.9841683149166	61.17688466504098
257.67845311188546	61.1563761330644
261.42647251858085	61.1372707977761
265.22900812289896	61.1198584372564
269.08685288119375	61.104385892396614
273.0008112836349	61.09106498890019
276.97169952197106	61.080075524851715
281.00034565973334	61.07156381365171
285.0875898049141	61.0656378532782
289.23428428515797	61.06236033038957
293.44129382550057	61.06173801547314
297.7094957286928	61.06371682633427
302.0397800581479	61.0681807255603
306.4330498235497	61.074947609309454
310.89022116916016	61.08376540371218
315.41222356486645	61.09431964855738
320.00000000000654	61.10624930752321
324.6545071800142	61.119147302235476
329.3767157259242	61.132566125233424
334.16761037677935	61.14603829527468
339.02819019498156	61.159114148288225
343.95946877463007	61.171403129794754
348.9624744528898	61.182609641034674
354.03825052443415	61.19256495422955
359.187855459007	61.201265547703734
364.4123631221491	61.208904221660326
369.71286299913527	61.215887197904514
375.0904604221685	61.222832971445996
380.54627680087896	61.23054405878534
386.08144985617537	61.239948594485405
391.6971338574982	61.25200287136939
397.3944998635236	61.26755557995604
403.1747359663683	61.287199649868775
409.0390475393468	61.31111563326581
414.9886574883323	61.3389575398845
421.0248065067734	61.36980875835092
427.1487533344206	61.40223028795781
433.3617750198154	61.43439108147502
439.6651671865984	61.464260295749185
446.06024430368984	61.48984054367431
452.54833995940066	61.50938425679454
459.13080713953053	61.52157299762817
465.8090185095106	61.5256473271032
472.58436670065066	61.52147221099052
479.45826460054917	61.509536722544624
486.432145647728	61.490885113088346
493.50746413055253	61.46700045920179
500.6856954904994	61.439660095594654
507.9683366298358	61.41077498929063
515.3569062237735	61.38222827045256
522.8529450371643	61.355728238195006
530.4580162458005	61.33269989786959
538.1737057623901	61.31420948212663
546.0016225672724	61.30091391216932
553.9433990439449	61.29304261454712
562.0006913194694	61.290421625832835
570.1751796098309	61.29252790968234
578.4685685703187	61.298558471807866
586.8825876510039	61.30751001481801
595.4189914573883	61.31827258169629
604.0795601162986	61.329729528257346
612.8660996471021	61.340855140772085
621.780442338323	61.35080325732847
630.8244471297356	61.3589805307296
640.0000000000159	61.365098628742054
649.3090143600314	61.36918610856806
658.7534314518515	61.37155948213157
668.3352207535618	61.37275857571539
678.0563803899662	61.37346449802101
687.9189375492632	61.37441939208196
697.9249489057827	61.37635035682081
708.0765010488715	61.379902715477805
718.3757109180171	61.3855933188224
728.8247262443015	61.39378874248003
739.425725998274	61.40469983440736
750.1809208443404	61.41838729072575
761.0925536017613	61.43479316038046
772.1628997123541	61.45378466289451
783.3942677149998	61.47518799161525
794.7889997270506	61.49882027588266
806.34947193274	61.524514092758
818.0780950786972	61.55213691576782
829.9773149766683	61.58160610399827
842.0496130135506	61.6128959935016
854.2975066688449	61.6460423384632
866.7235500396347	61.68114910246758
879.3303343732008	61.71839085508306
892.1204886073838	61.75800918160613
905.0966799188055	61.80031114791758
918.2616142790653	61.84566805991126
931.6180370190256	61.89450254948274
945.1687334013056	61.94726838166516
958.9165292011028	62.00441841910661
972.8642912954606	62.06636118554144
987.0149282611097	62.133428164673084
1001.3713909810035	62.20585429901348
1015.9366732596762	62.28376895958982
1030.7138124475518	62.3671958471687
1045.7058900743334	62.45606098551769
1060.916032491606	62.55020423865429
1076.3474115247852	62.649359140108366
1092.0032451345498	62.753140854602876
1107.8867980878947	62.8610582623807
1124.0013826389438	62.97252161446921
1140.350359219667	63.08684889370951
1156.9371371406426	63.20327343233179
1173.765175302013	63.32094373590608
1190.837982914782	63.438934496542636
1208.1591202326028	63.55628281367744
1225.73219929421	63.6720425044547
1243.5608846766518	63.785353703823546
1261.648894259477	63.895504753357585
1280.0000000000375	64.00200904851027
1298.6180287200684	64.10466693821333
1317.5068629037087	64.2035929194978
1336.6704415071292	64.29918133903854
1356.112760779938	64.3921107173981
1375.8378750985323	64.48327347032647
1395.8498978115715	64.57366145276595
1416.153002097749	64.66424667860723
1436.7514218360407	64.75590188468986
1457.6494524886093	64.84936365113035
1478.8514519965543	64.94523310640902
1500.3618416886875	65.04398571392737
1522.1851072035295	65.14598803572034
1544.3257994247153	65.25152738174482
1566.788535430007	65.36084019728291
1589.5779994541087	65.47413277908498
1612.6989438654878	65.59159531991418
1636.156190157402	65.7134123959969
1659.9546299533442	65.83976070733488
1684.099226027109	65.97079431886837
1708.5950133376978	66.10663606785091
1733.4471000792773	66.2473970625773
1758.6606687464096	66.39321073590803
1784.2409772147755	66.54423372137796
1810.193359837619	66.70061690554071
1836.5232285581387	66.86248048202373
1863.2360740380593	67.02991781553958
1890.3374668026197	67.20299514471107
1917.833058402214	67.38174035851272
1945.7285825909298	67.56614557861893
1974.0298565222283	67.75619695631755
2002.7427819620161	67.9518839544353
2031.8733465193618	68.15316454414562
2061.4276248951132	68.35990196601524
2091.411780148677	68.57183209460369
2121.832064983222	68.78855509754986
2152.694823049581	69.00956413349742
2184.0064902691106	69.23426704679072
2215.7735961758003	69.46201611801155
2248.002765277899	69.69211986628163
2280.7007184393456	69.9238116103679
2313.874274281297	70.15621957790745
2347.530350604038	70.38835689956771
2381.6759658295764	70.61915225120403
2416.318240465218	70.8474469808615
2451.4643985884327	71.0719358754853
2487.1217693533167	71.29116716817205
2523.2977885189675	71.50356886834888
2560.0000000000887	71.70750860233457
2597.236057440151	71.90132128661415
2635.0137258074315	72.08334766019087
2673.340883014273	72.25200470983282
2712.225521559891	72.40589684409034
2751.6757501970797	72.54385027939111
2791.699795623158	72.66498776679619
2832.3060041955137	72.76876746421009
2873.502843672097	72.85501548215326
2915.2989049772345	72.92386345245733
2957.7029039931244	72.97572173001886
3000.723683377391	73.01128456938972
3044.370214407075	73.0315705008121
3088.6515988494466	73.0380311415211
3133.57707086003	73.03257011271796
3179.1559989082334	73.01740840382593
3225.3978877309914	72.9949021806437
3272.3123803148205	72.96727600052432
3319.9092599067053	72.93623679335876
3368.198452054235	72.90249120282974
3417.190026675413	72.86535601565069
3466.8942001585724	72.82269077663747
3517.3213374928373	72.77122004356663
3568.4819544295697	72.70715045272944
3620.386719675257	72.62691226541808
3673.0464571162966	72.52782219360647
3726.472148076138	72.40849207106822
3780.6749336052594	72.26896181100574
3835.6661168044484	72.11060283086346
3891.45716518188	71.93585545165121
3948.059713044477	71.74771174345608
4005.4855639240527	71.54924932114572
4063.746693038744	71.34303117686426
4122.855249790247	71.13070955052434
4182.823560297375	70.91270556363439
4243.664129966465	70.68797700146666
4305.389646099183	70.45397004176297
4368.012980538242	70.20673536374528
4431.5471923516225	69.94120418504154
4496.00553055582	69.65174484665027
4561.401436878714	69.33325683265907
4627.748548562617	68.98255061945433
4695.060701208099	68.59929799834087
4763.351931659176	68.18587188187134
4832.63648093046	67.74559512593946
4902.928797176889	67.27910626088462
4974.243538706657	66.77962657001846
5046.595577037959	66.22987969685622
5120.000000000202	65.6048251356844
5194.472114880326	64.88309905137896
5270.027451614888	64.06648791009525
5346.6817660285715	63.20023702388134
5424.451043119808	62.38113884694709
5503.351500394186	61.739389766021965
5583.399591246343	61.393684489560385
5664.612008391055	61.40809119128153
5747.005687344222	61.78577897601671
5830.597809954497	62.47931298427184
5915.405807986278	63.376595972260105
6001.447366754812	64.31959004893154
6088.740428814181	65.18147764308108
6177.303197698925	65.90959463998915
6267.154141720092	66.51214778983471
6358.3119978165005	67.0263616030971
6450.795775462017	67.49266141444731
6544.624760629676	67.93975057102547
6639.818519813445	68.37747729241399
6736.396904108505	68.79498586369836
6834.380053350861	69.1630430481266
6933.788400317181	69.44068761490222
7034.642674985712	69.58587891804933
7136.963908859177	69.56670331617964
7240.773439350552	69.36790469072609
7346.092914232631	68.98989652310455
7452.944296152315	68.44050701142349
7561.349867210557	67.72170499278909
7671.332233608935	66.82107342335378
7782.914330363799	65.72441923790753
7896.119426088994	64.45773114343335
8010.971127848146	63.1410929415302
8127.49338607753	61.9995900158718
8245.710499580537	61.26518149097958
8365.647120594791	61.010443063316025
8487.328259932974	61.110839544951716
8610.77929219841	61.387823061568014
8736.025961076528	61.73618561982892
8863.094384703289	62.13824923416781
8992.011061111683	62.61862968709114
9122.802873757471	63.201178112091284
9255.497097125279	63.88161637615049
9390.121402416245	64.60354819774427
9526.7038633184	65.23836714809613
9665.272961860968	65.60392571507799
9805.857594353829	65.5629180684979
9948.487077413367	65.126552063529
10093.19115407597	64.41684930866627
10240.000000000457	63.55862310910111
10388.944229760706	62.65974904122004
10540.05490322983	61.87813986225143
10693.363532057198	61.44392932973902
10848.902086239672	61.54177124909269
11006.703000788428	62.176037930915484
11166.799182492743	63.221060279442334
11329.224016782166	64.54181893732901
11494.0113746885	66.03116818238279
11661.195619909053	67.57235945393064
11830.811615972614	68.97684041838467
12002.894733509682	70.01043199682178
12177.48085762842	70.53909264452302
12354.606395397908	70.6336815812958
12534.308283440243	70.47418893228027
12716.62399563306	70.22162859876208
12901.591550924093	69.96636990610345
13089.249521259411	69.65930852336604
13279.637039626952	69.12688050765072
13472.793808217073	68.26586632712734
13668.760106701786	67.20779200068952
13867.576800634426	66.19023142677112
14069.285349971487	65.24895631573649
14273.927817718419	64.14939901635057
14481.54687870117	62.77614213032192
14692.18582846533	61.4147262978729
14905.888592304698	60.41590680731819
15122.699734421185	59.82946586502561
15342.664467217943	59.38932312381538
15565.828660727671	58.705994455359246
15792.238852178061	57.502685981770284
16021.942255696367	55.7966324818686
16254.986772155136	53.89127450137146
16491.42099916115	52.13422278632035
16731.294241189662	50.67964082027707
16974.65651986603	49.57068022798159
17221.558584396902	48.76545676913757
17472.051922153143	48.20514148740846
17726.188769406665	47.89337692321547
17984.022122223458	47.86011672653226
18245.605747515034	48.074729876959346
18510.99419425065	48.37081333869068
18780.242804832582	48.41147718870433
19053.40772663689	47.852968443783126
19330.545923722028	46.734812690788786
19611.71518870775	45.60796357173558
19896.974154826825	44.989805091371956
20186.382308152035	44.79083315540661