20	104.51215814347401
20.290906698750476	104.46112660863638
20.586044732869844	104.41007581443719
20.885475648548283	104.3589759043425
21.189261887185914	104.30778692074526
21.49746679841394	104.2564624760427
21.810154653305165	104.20495340027294
22.12739065777668	104.1532108771861
22.449240966187475	104.10118904634119
22.77577269513385	104.04884682104783
23.107053937445478	103.99614877309489
23.44315377638505	103.94306563303338
23.784142300054445	103.88957528531796
24.130090616010463	103.83566390710321
24.481070866093134	103.78132694866025
24.837156241469714	103.72656920159262
25.1984209978975	103.67140303221845
25.56494047120865	103.61584529328238
25.936791093020236	103.55991371887166
26.3140504066728	103.50362406549979
26.69679708340074	103.4469892194041
27.08511093873791	103.39002034788463
27.47907294916184	103.33272866703744
27.878765268980047	103.27512643466927
28.284271247461966	103.21722674760925
28.695675446220072	103.15904305454639
29.11306365684382	103.10058916986353
29.536522918790062	103.04187984350195
29.966141537533712	102.98293100419276
30.402009102982383	102.92375847613215
30.844216508158908	102.86437600548916
31.29285596815558	102.80479379144062
31.74802103936409	102.74501896647472
32.20980663898519	102.68505735555397
32.67830906482211	102.62491504251011
33.153626015361866	102.56459895873539
33.63585661014871	102.50411679685908
34.125101410453844	102.44347708293644
34.62146244024586	102.38268938361672
35.12504320746613	102.3217642029108
35.635948725613716	102.26071227273695
36.15428553564419	102.19954421288031
36.68016172818701	102.13827077694604
37.21368696608603	102.0769031765967
37.754972507267915	102.01545286382951
38.30413122794313	101.95393146547654
38.86127764614443	101.89235168782764
39.4265279456077	101.83072876784118
40.000000000000206	101.76908141257151
40.58181339750116	101.70743155143116
41.1720894657399	101.64580334311522
41.77095129709678	101.5842225740276
42.37852377437204	101.52271576000231
42.9949335968281	101.46130867363469
43.62030930661056	101.40002542177311
44.25478131555359	101.33888870931987
44.89848193237519	101.27792051918253
45.55154539026795	101.21714213327843
46.21410787489121	101.15657279265707
46.88630755277036	101.09622738508588
47.56828460010916	101.03611504311716
48.260181232021196	100.97623960940442
48.962141732186545	100.91659977513773
49.674312482939705	100.85718777278655
50.39684199579528	100.79798934512472
51.129880942417586	100.73898666230141
51.873582186040764	100.68016088636897
52.628100813345895	100.6214922784768
53.393594166801776	100.56296151722522
54.17022187747612	100.50455519390283
54.95814589832399	100.4462699088731
55.75753053796041	100.38811087206375
56.56854249492426	100.33008680355118
57.39135089244048	100.27220426467646
58.226127313687975	100.21446426675293
59.073045837580466	100.15686292109646
59.932283075067765	100.09939464848958
60.804018205965114	100.04205456671158
61.68843301631817	99.98484036859223
62.58571193631152	99.9277494704024
63.49604207872855	99.87077301462428
64.41961327797075	99.81389524607096
65.35661812964459	99.75709746866335
66.3072520307241	99.70036200706741
67.27171322029778	99.64367418967382
68.25020282090806	99.58702171333026
69.2429248804921	99.53039198909657
70.25008641493265	99.47376927132022
71.27189745122783	99.41713380048759
72.30857107128878	99.3604630841044
73.36032345637442	99.3037337182136
74.42737393217246	99.24692459758461
75.50994501453623	99.19002161353434
76.60826245588666	99.13302314874049
77.72255529228926	99.07594412608812
78.85305589121582	99.018815755526
80.00000000000082	98.96167974778085
81.16362679500274	98.90457873167342
82.34417893148023	98.84754709748941
83.541902594194	98.79060381345468
84.75704754874454	98.73374807222471
85.98986719365665	98.67695782511404
87.24061861322157	98.62019058603579
88.50956263110764	98.56338528172735
89.79696386475084	98.50646403520308
91.10309078053635	98.44933333559584
92.42821574978288	98.39188489310452
93.77261510554118	98.33399790896804
95.13656920021877	98.27554383045732
96.52036246404286	98.21638951629137
97.92428346437356	98.15639986239937
99.34862496587989	98.09544010442791
100.79368399159105	98.03337750797027
102.25976188483567	97.97008425603283
103.74716437208203	97.90544206148277
105.25620162669229	97.83934663707875
106.78718833360406	97.77171120334012
108.34044375495276	97.70246941398476
109.9162917966485	97.63157921594762
111.51506107592134	97.55902882358457
113.13708498984903	97.4848441429528
114.78270178488147	97.40909689949639
116.45225462737648	97.33191294029078
118.14609167516147	97.25348035957039
119.86456615013608	97.17405694858385
121.60803641193078	97.09397782027395
123.3768660326369	97.01366229802227
125.17142387262359	96.93361965791603
126.99208415745765	96.85445426450877
128.83922655594208	96.77686872037094
130.71323625928977	96.70166398741164
132.61450406144883	96.62973671605708
134.5434264405962	96.56207276505145
136.50040564181674	96.49973637960663
138.48584976098482	96.44385399727155
140.50017282986593	96.39558955408036
142.5437949024563	96.3561056178523
144.61714214257822	96.32651052596596
146.7206469127495	96.30779601635034
148.8547478643456	96.30077078881325
151.01989002907314	96.30599158176639
153.216524911774	96.32369047671308
155.4451105845792	96.35370424449752
157.70611178243232	96.39541855320452
160.00000000000236	96.44774806954801
162.3272535900062	96.50917877978748
164.6883578629612	96.57787258123263
167.08380518838874	96.65177590379376
169.51409509748981	96.72869488392854
171.97973438731407	96.80638080891626
174.4812372264439	96.88264592068207
177.01912526221608	96.95548907957347
179.5939277295025	97.02320124280722
182.20618156107355	97.0844352964333
184.85643149956664	97.1382373116243
187.54523021108326	97.18404257330432
190.27313840043846	97.22164606811415
193.04072492808663	97.25115702699114
195.84856692874806	97.27294530208482
198.69724993176072	97.2875854561828
201.58736798318304	97.29580247859246
204.5195237696723	97.29842105497609
207.49432874416505	97.29632159144253
210.5124032533856	97.29040569569709
213.57437666720915	97.28157076651965
216.68088750990657	97.27069155386638
219.83258359329807	97.25860625906016
223.03012215184378	97.24610673438367
226.2741699796992	97.23393189632684
229.5654035697641	97.22276236644606
232.90450925475412	97.21321500970956
236.2921833503241	97.20583720219207
239.72913230027333	97.2010993621457
243.21607282386276	97.19938492360592
246.75373206527502	97.20097933714268
250.34284774524843	97.20606003259965
253.9841683149166	97.2146876581883
257.67845311188546	97.22679934151131
261.42647251858085	97.24220718095897
265.22900812289896	97.26060557976903
269.08685288119375	97.28158650271378
273.0008112836349	97.3046622966182
276.97169952197106	97.32929410962745
281.00034565973334	97.35491742077738
285.0875898049141	97.38096399558506
289.23428428515797	97.40688061122714
293.44129382550057	97.43214339122362
297.7094957286928	97.4562648518397
302.0397800581479	97.47879497286722
306.4330498235497	97.49931712553862
310.89022116916016	97.51744005514767
315.41222356486645	97.53278796771625
320.00000000000654	97.54499227630777
324.6545071800142	97.5536872429214
329.3767157259242	97.55851209228058
334.16761037677935	97.55911941177362
339.02819019498156	97.55519349004551
343.95946877463007	97.54647371793924
348.9624744528898	97.53278219284186
354.03825052443415	97.51405276108792
359.187855459007	97.4903596400422
364.4123631221491	97.46194083710832
369.71286299913527	97.4292129221676
375.0904604221685	97.3927767756374
380.54627680087896	97.35341648940782
386.08144985617537	97.31208922772579
391.6971338574982	97.26990520357671
397.3944998635236	97.22809811070337
403.1747359663683	97.18798538001671
409.0390475393468	97.15091804597397
414.9886574883323	97.11822264708428
421.0248065067734	97.09113670778163
427.1487533344206	97.07074038402186
433.3617750198154	97.05788731337782
439.6651671865984	97.05313789499377
446.06024430368984	97.05670600625535
452.54833995940066	97.06842559675836
459.13080713953053	97.08774066419096
465.8090185095106	97.1137278729305
472.58436670065066	97.14515494039489
479.45826460054917	97.1805634234492
486.432145647728	97.21837418204882
493.50746413055253	97.25700259906935
500.6856954904994	97.29496824514983
507.9683366298358	97.33098168079127
515.3569062237735	97.36399855589599
522.8529450371643	97.39324769298729
530.4580162458005	97.41823188476897
538.1737057623901	97.43870855744642
546.0016225672724	97.45466066235637
553.9433990439449	97.46626502467898
562.0006913194694	97.47385953269203
570.1751796098309	97.47791090799316
578.4685685703187	97.47898433559442
586.8825876510039	97.4777125881804
595.4189914573883	97.47476473619585
604.0795601162986	97.47081903724197
612.8660996471021	97.46653813759413
621.780442338323	97.46254389773269
630.8244471297356	97.45939107084394
640.0000000000159	97.4575438807911
649.3090143600314	97.4573581397458
658.7534314518515	97.45907299454475
668.3352207535618	97.46281105061648
678.0563803899662	97.46858755269153
687.9189375492632	97.47632379429508
697.9249489057827	97.48586453308344
708.0765010488715	97.49699712862848
718.3757109180171	97.50947175177038
728.8247262443015	97.52302100456122
739.425725998274	97.53737556261882
750.1809208443404	97.55227873326508
761.0925536017613	97.56750303621055
772.1628997123541	97.58286165931905
783.3942677149998	97.59821946149445
794.7889997270506	97.61350577596468
806.34947193274	97.62872299728004
818.0780950786972	97.64394976203343
829.9773149766683	97.65933781431495
842.0496130135506	97.6751015578947
854.2975066688449	97.69150175100239
866.7235500396347	97.70882413639343
879.3303343732008	97.72735309990301
892.1204886073838	97.74734559927242
905.0966799188055	97.76901048210738
918.2616142790653	97.79249683021729
931.6180370190256	97.81789047460268
945.1687334013056	97.84521922682292
958.9165292011028	97.87446170237173
972.8642912954606	97.90555755219539
987.0149282611097	97.9384192457933
1001.3713909810035	97.97294455523094
1015.9366732596762	98.00902710383222
1030.7138124475518	98.04656491183712
1045.7058900743334	98.08546772120526
1060.916032491606	98.12566902401774
1076.3474115247852	98.16713803991074
1092.0032451345498	98.20988662473314
1107.8867980878947	98.25397350535299
1124.0013826389438	98.29950518670074
1140.350359219667	98.34663645384748
1156.9371371406426	98.39556660835764
1173.765175302013	98.44653205158008
1190.837982914782	98.4997897682506
1208.1591202326028	98.55560591874651
1225.73219929421	98.61424124614616
1243.5608846766518	98.67594144438918
1261.648894259477	98.74092393159695
1280.0000000000375	98.80937050204501
1298.6180287200684	98.88142345800797
1317.5068629037087	98.95717450714976
1336.6704415071292	99.0366592661534
1356.112760779938	99.11986314867981
1375.8378750985323	99.2067218955606
1395.8498978115715	99.29712516129965
1416.153002097749	99.39092757731036
1436.7514218360407	99.48795728353915
1457.6494524886093	99.58802060660032
1478.8514519965543	99.6909078479394
1500.3618416886875	99.79639884865722
1522.1851072035295	99.90427316128414
1544.3257994247153	100.01432139737074
1566.788535430007	100.12635811044974
1589.5779994541087	100.24023144416118
1612.6989438654878	100.35583494295523
1636.156190157402	100.4731139152188
1659.9546299533442	100.59206311067369
1684.099226027109	100.71272142533155
1708.5950133376978	100.83517050917064
1733.4471000792773	100.95953632420661
1758.6606687464096	101.08598551426644
1784.2409772147755	101.21471657985435
1810.193359837619	101.34595235073374
1836.5232285581387	101.47993084883863
1863.2360740380593	101.61689221908354
1890.3374668026197	101.75707263975448
1917.833058402214	101.90070062565673
1945.7285825909298	102.04799542703556
1974.0298565222283	102.19915839291681
2002.7427819620161	102.35436013714904
2031.8733465193618	102.51372634292923
2061.4276248951132	102.67733216077423
2091.411780148677	102.84519033599811
2121.832064983222	103.01724007109827
2152.694823049581	103.19335649178187
2184.0064902691106	103.37335501686646
2215.7735961758003	103.55701629939338
2248.002765277899	103.74411030295605
2280.7007184393456	103.93443350780647
2313.874274281297	104.12786546581812
2347.530350604038	104.32443672677452
2381.6759658295764	104.52439916544276
2416.318240465218	104.72826602820555
2451.4643985884327	104.93678798067849
2487.1217693533167	105.1508471914651
2523.2977885189675	105.37125291512572
2560.0000000000887	105.59844220693725
2597.236057440151	105.83215265210174
2635.0137258074315	106.07115025310837
2673.340883014273	106.3131015830756
2712.225521559891	106.5546404830735
2751.6757501970797	106.79162557086471
2791.699795623158	107.01952651260063
2832.3060041955137	107.23382095906693
2873.502843672097	107.4303229325507
2915.2989049772345	107.60534820309414
2957.7029039931244	107.75582682559195
3000.723683377391	107.87938967677862
3044.370214407075	107.97444681595493
3088.6515988494466	108.04024983691204
3133.57707086003	108.07677779151734
3179.1559989082334	108.08455982230494
3225.3978877309914	108.06457730241988
3272.3123803148205	108.01814473803438
3319.9092599067053	107.94682311194057
3368.198452054235	107.85235199387377
3417.190026675413	107.73661099096934
3466.8942001585724	107.60157766844523
3517.3213374928373	107.4492776733856
3568.4819544295697	107.28177124711868
3620.386719675257	107.10116742765203
3673.0464571162966	106.9096063889843
3726.472148076138	106.70922383005622
3780.6749336052594	106.50210742352594
3835.6661168044484	106.29024552860953
3891.45716518188	106.07547373651208
3948.059713044477	105.85937501499849
4005.4855639240527	105.64329248995202
4063.746693038744	105.42822952394387
4122.855249790247	105.21488042963543
4182.823560297375	105.00369284011131
4243.664129966465	104.7949060292381
4305.389646099183	104.58861238367176
4368.012980538242	104.38480961730137
4431.5471923516225	104.18347003863414
4496.00553055582	103.9846026680553
4561.401436878714	103.78835272419929
4627.748548562617	103.59511100984356
4695.060701208099	103.40560180160524
4763.351931659176	103.22084528609615
4832.63648093046	103.04204161085231
4902.928797176889	102.87037790194547
4974.243538706657	102.70679962523647
5046.595577037959	102.5517479292402
5120.000000000202	102.40514607869495
5194.472114880326	102.26653244336286
5270.027451614888	102.13537910494107
5346.6817660285715	102.01138838784547
5424.451043119808	101.89463417631326
5503.351500394186	101.78550179416958
5583.399591246343	101.68437237743258
5664.612008391055	101.59126166149379
5747.005687344222	101.50564824384197
5830.597809954497	101.42660400089814
5915.405807986278	101.35276632322089
6001.447366754812	101.28175935546163
6088.740428814181	101.20865597079202
6177.303197698925	101.12329831355567
6267.154141720092	101.00679481513397
6358.3119978165005	100.8290103169874
6450.795775462017	100.55032625142954
6544.624760629676	100.13164681094253
6639.818519813445	99.55395848062356
6736.396904108505	98.84202908278223
6834.380053350861	98.07718600401427
6933.788400317181	97.37896250611365
7034.642674985712	96.85041797886976
7136.963908859177	96.52692159650154
7240.773439350552	96.39496776798664
7346.092914232631	96.46942968626388
7452.944296152315	96.80708327646414
7561.349867210557	97.40979322534825
7671.332233608935	98.19167236641837
7782.914330363799	99.04903017115814
7896.119426088994	99.89159395142963
8010.971127848146	100.65052544248967
8127.49338607753	101.30901982126005
8245.710499580537	101.92091349770033
8365.647120594791	102.56048180916075
8487.328259932974	103.21879837759667
8610.77929219841	103.76887796954107
8736.025961076528	104.0553037500133
8863.094384703289	104.06020763506413
8992.011061111683	103.90796803476398
9122.802873757471	103.74748844301757
9255.497097125279	103.67275496185455
9390.121402416245	103.71671163591569
9526.7038633184	103.87286275931594
9665.272961860968	104.1114067201339
9805.857594353829	104.38535533947781
9948.487077413367	104.6321774845424
10093.19115407597	104.7789329593314
10240.000000000457	104.75680808061745
10388.944229760706	104.5205583928407
10540.05490322983	104.06760992983065
10693.363532057198	103.4441991001611
10848.902086239672	102.7260774625156
11006.703000788428	101.99511960632873
11166.799182492743	101.31871884434642
11329.224016782166	100.73470624408954
11494.0113746885	100.24290652815009
11661.195619909053	99.80844270354703
11830.811615972614	99.35892440042808
12002.894733509682	98.82002038581096
12177.48085762842	98.14206868747165
12354.606395397908	97.32560476953203
12534.308283440243	96.39910159151255
12716.62399563306	95.381685315901
12901.591550924093	94.25307147184242
13089.249521259411	92.93933749941912
13279.637039626952	91.3265165556517
13472.793808217073	89.40522478349288
13668.760106701786	87.5006252233834
13867.576800634426	86.15935122427815
14069.285349971487	85.37527036638998
14273.927817718419	84.54519724286993
14481.54687870117	83.66745221181253
14692.18582846533	83.33420386398576
14905.888592304698	83.81853407005133
15122.699734421185	85.35174894077548
15342.664467217943	87.6191537224792
15565.828660727671	89.73718952684506
15792.238852178061	91.17838276786668
16021.942255696367	91.78610267150813
16254.986772155136	91.4906181996454
16491.42099916115	90.32942135287988
16731.294241189662	88.46857681192391
16974.65651986603	86.13194521333023
17221.558584396902	83.63137188826249
17472.051922153143	81.29299593895728
17726.188769406665	79.41180523750083
17984.022122223458	78.24229266158649
18245.605747515034	77.72372610744561
18510.99419425065	77.17335937498714
18780.242804832582	75.93527466321424
19053.40772663689	74.37379662763145
19330.545923722028	73.38390052893463
19611.71518870775	73.05396793097722
19896.974154826825	72.8922407338436
20186.382308152035	72.74880957723825